,AGEP,COW,SCHL,MAR,OCCP,POBP,RELP,WKHP,SEX,RAC1P,PINCP
4712,53.0,1.0,20.0,1.0,0,49.0,0.0,50.0,1,1,1
3742,23.0,1.0,21.0,5.0,2,32.0,17.0,8.0,0,1,0
946,25.0,1.0,19.0,5.0,0,49.0,0.0,40.0,1,1,0
12971,46.0,1.0,16.0,1.0,2,49.0,0.0,40.0,1,1,0
11926,54.0,1.0,19.0,1.0,0,49.0,1.0,40.0,0,1,0
3553,35.0,2.0,19.0,1.0,1,49.0,1.0,40.0,1,1,0
978,42.0,1.0,19.0,5.0,0,25.0,5.0,40.0,1,1,1
7569,55.0,1.0,20.0,1.0,1,8.0,0.0,30.0,0,1,0
10388,50.0,1.0,20.0,3.0,1,49.0,13.0,40.0,0,1,1
8734,30.0,1.0,19.0,5.0,1,48.0,2.0,10.0,0,1,0
12665,24.0,4.0,16.0,1.0,4,49.0,0.0,80.0,1,1,1
11967,40.0,1.0,19.0,5.0,2,49.0,11.0,40.0,0,1,0
3791,38.0,4.0,21.0,1.0,0,53.0,1.0,65.0,1,1,1
9325,49.0,1.0,21.0,1.0,2,49.0,0.0,32.0,0,1,1
12014,19.0,1.0,16.0,5.0,1,49.0,2.0,40.0,1,1,0
1723,19.0,1.0,16.0,5.0,1,16.0,2.0,40.0,0,1,0
10039,47.0,1.0,18.0,1.0,4,49.0,0.0,25.0,0,1,0
510,59.0,1.0,20.0,1.0,0,49.0,0.0,40.0,0,1,1
872,46.0,1.0,19.0,3.0,3,370.0,0.0,40.0,0,1,1
6072,43.0,6.0,19.0,1.0,3,1.0,10.0,40.0,1,1,1
5461,39.0,1.0,20.0,1.0,3,4.0,0.0,24.0,1,1,0
12893,70.0,1.0,16.0,2.0,-1,103.0,16.0,26.0,1,1,0
6949,32.0,4.0,19.0,5.0,1,303.0,2.0,27.0,0,1,0
5325,34.0,4.0,19.0,1.0,0,18.0,0.0,2.0,0,1,0
12162,58.0,1.0,20.0,1.0,2,49.0,1.0,40.0,0,1,0
4535,53.0,7.0,21.0,1.0,0,49.0,0.0,45.0,0,1,1
8224,23.0,1.0,23.0,1.0,0,6.0,0.0,50.0,0,0,0
9787,23.0,1.0,13.0,5.0,2,421.0,0.0,40.0,0,0,1
268,25.0,1.0,19.0,1.0,0,16.0,0.0,40.0,1,1,0
1141,24.0,4.0,19.0,5.0,2,49.0,0.0,15.0,0,1,0
7938,19.0,1.0,21.0,5.0,2,16.0,2.0,20.0,0,1,0
11572,65.0,1.0,22.0,1.0,2,49.0,9.0,43.0,1,1,0
2545,36.0,1.0,19.0,1.0,2,372.0,0.0,40.0,1,1,1
4374,48.0,4.0,21.0,1.0,0,49.0,1.0,32.0,0,1,1
6349,31.0,2.0,21.0,1.0,2,49.0,0.0,40.0,1,1,0
754,36.0,1.0,20.0,1.0,0,49.0,1.0,20.0,0,1,0
9437,62.0,3.0,19.0,1.0,0,49.0,0.0,10.0,1,1,0
3299,58.0,3.0,19.0,1.0,1,49.0,1.0,8.0,0,1,0
1838,57.0,1.0,19.0,1.0,0,303.0,7.0,96.0,0,0,0
11279,37.0,1.0,20.0,1.0,0,25.0,0.0,55.0,1,1,1
10303,19.0,1.0,19.0,5.0,2,49.0,0.0,32.0,0,1,0
12999,41.0,5.0,20.0,1.0,0,32.0,0.0,40.0,0,1,1
10275,30.0,3.0,20.0,1.0,0,49.0,0.0,75.0,0,1,1
10513,17.0,1.0,16.0,5.0,2,49.0,0.0,10.0,0,1,0
7180,38.0,1.0,22.0,1.0,0,53.0,1.0,28.0,0,1,1
4835,42.0,1.0,16.0,1.0,3,16.0,0.0,45.0,1,1,1
4499,43.0,1.0,22.0,1.0,0,60.0,1.0,40.0,0,0,1
4279,48.0,6.0,18.0,1.0,1,49.0,1.0,80.0,1,1,1
11697,44.0,7.0,15.0,1.0,-1,49.0,0.0,40.0,1,1,1
9033,51.0,2.0,22.0,1.0,0,49.0,6.0,16.0,0,1,0
7632,64.0,7.0,22.0,1.0,0,49.0,1.0,50.0,1,1,1
10612,31.0,1.0,17.0,1.0,4,12.0,1.0,40.0,0,1,0
1948,39.0,1.0,17.0,3.0,0,17.0,0.0,40.0,1,1,1
11931,34.0,1.0,19.0,1.0,4,49.0,1.0,40.0,1,1,1
4096,19.0,2.0,16.0,5.0,0,8.0,12.0,30.0,0,1,0
6973,18.0,1.0,9.0,5.0,3,10.0,2.0,30.0,1,0,0
8271,18.0,1.0,19.0,5.0,4,49.0,2.0,18.0,1,1,0
11460,32.0,1.0,21.0,1.0,1,49.0,0.0,50.0,1,1,1
10099,60.0,4.0,22.0,1.0,0,26.0,1.0,40.0,0,1,0
7414,44.0,1.0,19.0,1.0,1,16.0,1.0,40.0,1,1,1
11225,54.0,2.0,21.0,1.0,0,49.0,1.0,60.0,0,1,1
8895,34.0,1.0,20.0,1.0,2,303.0,0.0,40.0,0,0,1
8751,32.0,1.0,17.0,1.0,2,29.0,0.0,16.0,0,1,0
3541,47.0,1.0,22.0,1.0,0,51.0,0.0,40.0,1,1,1
3351,59.0,1.0,21.0,1.0,2,49.0,1.0,20.0,0,1,0
927,26.0,6.0,22.0,5.0,4,32.0,2.0,30.0,0,1,1
12467,21.0,1.0,17.0,5.0,3,49.0,17.0,25.0,1,1,0
4848,55.0,3.0,16.0,1.0,2,49.0,1.0,50.0,0,1,1
10996,18.0,1.0,19.0,5.0,1,49.0,2.0,40.0,1,1,0
4639,37.0,1.0,22.0,1.0,0,164.0,1.0,45.0,1,0,1
12507,56.0,7.0,16.0,1.0,4,26.0,1.0,42.0,1,1,1
4528,44.0,1.0,17.0,1.0,0,303.0,0.0,30.0,0,1,0
5228,35.0,1.0,21.0,1.0,0,16.0,1.0,30.0,1,1,0
10633,22.0,5.0,21.0,1.0,2,49.0,17.0,33.0,0,1,0
9281,67.0,1.0,20.0,1.0,4,49.0,0.0,80.0,1,1,1
7987,23.0,1.0,16.0,5.0,2,24.0,17.0,33.0,0,1,0
13023,47.0,1.0,22.0,1.0,0,16.0,1.0,40.0,0,1,1
5774,48.0,1.0,22.0,5.0,0,49.0,11.0,40.0,0,1,1
7527,54.0,1.0,22.0,1.0,0,49.0,0.0,40.0,0,1,1
1703,29.0,1.0,16.0,1.0,0,303.0,0.0,40.0,1,0,1
5251,34.0,1.0,20.0,5.0,0,29.0,4.0,40.0,1,1,0
9842,32.0,1.0,16.0,5.0,4,4.0,0.0,45.0,1,1,1
1167,45.0,1.0,22.0,1.0,0,110.0,1.0,40.0,1,1,1
8933,46.0,1.0,18.0,3.0,2,303.0,0.0,30.0,0,1,0
8568,22.0,4.0,21.0,1.0,0,32.0,1.0,40.0,1,1,0
12334,62.0,1.0,21.0,1.0,0,16.0,0.0,40.0,1,1,1
5888,56.0,4.0,19.0,2.0,2,6.0,0.0,30.0,0,1,0
7294,31.0,1.0,16.0,1.0,3,49.0,1.0,60.0,0,1,1
12496,51.0,3.0,19.0,1.0,0,36.0,1.0,84.0,0,1,0
8769,38.0,1.0,22.0,1.0,0,51.0,0.0,30.0,1,1,1
11988,27.0,1.0,16.0,1.0,4,4.0,1.0,5.0,1,1,0
9684,24.0,2.0,23.0,5.0,0,6.0,4.0,25.0,0,0,0
7805,74.0,1.0,20.0,5.0,0,49.0,0.0,40.0,1,1,1
2205,59.0,1.0,19.0,1.0,2,53.0,0.0,40.0,1,1,1
698,71.0,6.0,19.0,1.0,2,49.0,2.0,22.0,0,1,0
8296,47.0,1.0,18.0,1.0,2,34.0,1.0,45.0,1,1,1
5792,72.0,4.0,21.0,1.0,0,6.0,1.0,45.0,1,1,1
8030,29.0,7.0,20.0,1.0,0,303.0,1.0,40.0,1,1,1
4034,52.0,1.0,19.0,3.0,4,49.0,2.0,35.0,1,1,1
7555,51.0,6.0,18.0,5.0,0,210.0,2.0,40.0,1,0,0
3988,63.0,1.0,21.0,1.0,2,49.0,1.0,38.0,1,1,1
7323,55.0,1.0,13.0,3.0,1,35.0,6.0,22.0,0,1,0
11662,20.0,1.0,14.0,5.0,4,301.0,2.0,26.0,1,1,0
9285,25.0,1.0,19.0,1.0,0,36.0,0.0,96.0,0,1,0
4116,34.0,4.0,22.0,1.0,0,49.0,0.0,60.0,1,1,1
3003,38.0,1.0,20.0,1.0,2,39.0,1.0,40.0,1,1,0
4027,32.0,1.0,21.0,1.0,0,6.0,0.0,80.0,1,1,1
7281,41.0,6.0,20.0,1.0,0,6.0,0.0,8.0,0,1,0
8302,37.0,2.0,21.0,1.0,0,6.0,0.0,20.0,0,1,0
1610,26.0,1.0,19.0,5.0,2,49.0,2.0,30.0,0,1,0
4756,23.0,1.0,19.0,5.0,1,215.0,2.0,32.0,1,1,0
10396,25.0,1.0,21.0,1.0,0,9.0,0.0,50.0,1,1,1
5584,18.0,2.0,19.0,5.0,0,16.0,13.0,40.0,1,1,0
2778,42.0,1.0,16.0,1.0,0,49.0,0.0,40.0,0,1,0
12253,20.0,5.0,13.0,5.0,5,303.0,4.0,40.0,1,1,0
5343,24.0,1.0,14.0,1.0,0,16.0,1.0,50.0,1,1,0
12652,57.0,1.0,22.0,3.0,0,49.0,0.0,40.0,1,1,1
9447,39.0,1.0,19.0,1.0,2,49.0,0.0,35.0,1,1,1
1557,56.0,7.0,18.0,1.0,2,56.0,0.0,40.0,0,1,0
939,36.0,2.0,22.0,1.0,0,49.0,1.0,40.0,0,1,1
7168,28.0,1.0,21.0,5.0,4,34.0,2.0,60.0,1,1,1
3621,29.0,1.0,16.0,1.0,3,49.0,1.0,40.0,1,1,1
491,48.0,1.0,17.0,1.0,4,49.0,1.0,50.0,1,1,1
81,52.0,2.0,22.0,1.0,0,303.0,0.0,40.0,1,1,1
9035,59.0,1.0,21.0,1.0,4,49.0,0.0,40.0,1,1,1
9287,34.0,1.0,21.0,1.0,2,6.0,1.0,40.0,0,1,1
7959,66.0,1.0,14.0,5.0,1,49.0,2.0,30.0,0,1,0
1622,20.0,1.0,16.0,5.0,4,49.0,2.0,40.0,0,1,0
851,24.0,1.0,18.0,1.0,1,49.0,0.0,20.0,0,1,0
299,18.0,1.0,14.0,5.0,0,49.0,0.0,40.0,0,1,0
12072,29.0,1.0,22.0,5.0,0,207.0,17.0,25.0,0,0,0
6976,27.0,1.0,16.0,5.0,3,49.0,5.0,45.0,1,1,1
5154,40.0,1.0,16.0,1.0,1,49.0,1.0,40.0,1,1,0
3365,49.0,6.0,20.0,1.0,0,49.0,0.0,50.0,0,1,1
1785,19.0,1.0,21.0,5.0,0,53.0,17.0,20.0,1,1,0
9813,47.0,2.0,21.0,1.0,2,6.0,1.0,55.0,1,1,1
9834,47.0,1.0,16.0,3.0,4,6.0,0.0,40.0,1,1,0
8885,45.0,4.0,21.0,1.0,0,49.0,1.0,40.0,1,1,1
11140,42.0,1.0,20.0,1.0,0,53.0,1.0,40.0,0,1,1
12519,27.0,1.0,20.0,5.0,3,6.0,0.0,40.0,1,1,1
6327,29.0,1.0,22.0,1.0,0,49.0,0.0,20.0,1,1,0
8280,33.0,1.0,20.0,5.0,0,49.0,0.0,40.0,1,1,1
6505,18.0,1.0,16.0,5.0,3,49.0,2.0,22.0,1,1,0
5298,70.0,1.0,19.0,3.0,4,49.0,0.0,15.0,0,1,0
12366,31.0,5.0,19.0,3.0,2,49.0,0.0,32.0,0,1,0
703,48.0,1.0,16.0,1.0,3,42.0,1.0,40.0,1,1,1
4910,26.0,2.0,19.0,5.0,0,49.0,2.0,42.0,0,1,0
2935,33.0,4.0,18.0,1.0,0,49.0,0.0,40.0,1,1,1
4072,64.0,7.0,14.0,5.0,3,49.0,2.0,50.0,1,1,1
1050,46.0,4.0,19.0,1.0,2,49.0,1.0,32.0,0,1,0
582,27.0,1.0,19.0,5.0,4,236.0,2.0,30.0,1,1,0
10558,21.0,2.0,19.0,5.0,2,38.0,0.0,40.0,1,1,0
10784,30.0,1.0,18.0,1.0,2,49.0,1.0,40.0,0,1,0
9844,55.0,1.0,16.0,1.0,3,49.0,1.0,50.0,1,1,1
9683,29.0,1.0,19.0,5.0,0,6.0,12.0,55.0,1,1,1
3315,35.0,4.0,22.0,1.0,0,49.0,0.0,40.0,0,1,1
594,35.0,1.0,19.0,3.0,2,49.0,0.0,50.0,1,1,1
9054,67.0,1.0,20.0,1.0,2,49.0,1.0,42.0,1,1,1
3585,20.0,1.0,22.0,5.0,2,49.0,12.0,15.0,0,1,0
4687,62.0,7.0,18.0,5.0,2,49.0,0.0,35.0,1,1,1
11510,57.0,1.0,21.0,1.0,1,49.0,1.0,35.0,1,1,0
1035,57.0,1.0,16.0,1.0,2,209.0,1.0,40.0,0,1,1
3448,57.0,1.0,22.0,1.0,0,53.0,0.0,40.0,0,1,1
10948,46.0,1.0,18.0,1.0,1,49.0,1.0,40.0,0,1,0
1764,31.0,1.0,21.0,1.0,4,49.0,1.0,40.0,1,1,1
11870,63.0,2.0,21.0,1.0,0,49.0,0.0,40.0,0,1,1
11896,39.0,1.0,20.0,1.0,3,49.0,1.0,50.0,1,1,1
2695,37.0,2.0,19.0,1.0,1,408.0,0.0,40.0,0,0,0
9445,29.0,1.0,21.0,1.0,1,49.0,0.0,40.0,1,1,0
8099,24.0,1.0,21.0,1.0,2,211.0,0.0,27.0,0,0,0
5442,51.0,1.0,24.0,1.0,0,49.0,1.0,42.0,0,1,1
6240,33.0,2.0,19.0,1.0,0,49.0,1.0,45.0,1,1,1
13022,46.0,1.0,20.0,3.0,1,49.0,0.0,40.0,0,1,1
3618,21.0,1.0,1.0,5.0,1,16.0,17.0,36.0,1,1,0
9644,50.0,6.0,21.0,1.0,2,16.0,0.0,56.0,1,1,1
2101,40.0,1.0,21.0,1.0,0,49.0,1.0,40.0,0,1,1
5125,47.0,1.0,21.0,1.0,-1,16.0,1.0,40.0,1,1,1
11746,69.0,2.0,21.0,1.0,0,327.0,0.0,45.0,0,1,1
3960,30.0,1.0,17.0,1.0,3,4.0,1.0,40.0,1,1,0
7132,64.0,1.0,21.0,3.0,4,49.0,0.0,45.0,1,1,1
6786,17.0,7.0,20.0,5.0,3,49.0,2.0,30.0,1,1,0
2651,23.0,1.0,16.0,5.0,2,49.0,2.0,20.0,0,1,0
9081,35.0,1.0,19.0,2.0,2,49.0,0.0,40.0,1,1,1
1957,59.0,1.0,19.0,1.0,0,49.0,0.0,50.0,1,1,1
875,30.0,7.0,21.0,1.0,3,49.0,0.0,60.0,1,1,1
6812,39.0,1.0,22.0,1.0,2,49.0,0.0,40.0,1,1,1
5516,32.0,1.0,19.0,5.0,0,49.0,0.0,40.0,1,1,1
1686,18.0,1.0,14.0,5.0,1,49.0,13.0,40.0,1,1,0
9457,47.0,5.0,21.0,5.0,0,49.0,2.0,20.0,0,1,0
2919,62.0,1.0,22.0,1.0,0,49.0,0.0,40.0,0,1,1
7707,18.0,1.0,17.0,5.0,4,6.0,13.0,80.0,1,1,0
9324,40.0,1.0,18.0,1.0,4,4.0,0.0,48.0,1,0,1
11753,34.0,1.0,19.0,5.0,2,247.0,2.0,40.0,0,1,0
8577,52.0,1.0,16.0,1.0,0,49.0,1.0,10.0,0,1,0
2866,31.0,1.0,21.0,5.0,1,49.0,2.0,20.0,0,1,0
12860,32.0,1.0,22.0,1.0,0,49.0,2.0,25.0,0,1,0
7307,70.0,1.0,19.0,1.0,2,49.0,2.0,40.0,1,1,0
10284,67.0,1.0,21.0,1.0,2,49.0,1.0,50.0,0,1,1
10774,32.0,1.0,18.0,3.0,4,49.0,13.0,22.0,1,1,1
6204,24.0,4.0,19.0,1.0,0,49.0,1.0,28.0,0,1,0
5648,25.0,1.0,19.0,4.0,3,49.0,2.0,40.0,1,1,0
4260,58.0,1.0,17.0,1.0,4,49.0,1.0,50.0,1,1,0
3754,21.0,1.0,18.0,1.0,1,49.0,1.0,20.0,0,1,0
10825,48.0,1.0,22.0,2.0,4,303.0,0.0,50.0,1,1,1
8611,24.0,1.0,16.0,1.0,4,49.0,1.0,40.0,1,1,0
833,46.0,5.0,21.0,1.0,0,49.0,1.0,25.0,0,1,1
3760,43.0,1.0,18.0,1.0,1,49.0,0.0,40.0,0,1,0
5861,32.0,4.0,19.0,5.0,0,13.0,0.0,40.0,0,1,1
10950,28.0,1.0,24.0,1.0,0,49.0,0.0,40.0,1,1,1
6056,28.0,1.0,16.0,5.0,1,49.0,2.0,38.0,1,0,0
6598,34.0,1.0,21.0,1.0,0,16.0,1.0,15.0,0,1,0
10901,43.0,2.0,24.0,1.0,0,49.0,1.0,20.0,0,1,1
468,47.0,1.0,19.0,1.0,2,53.0,0.0,25.0,0,1,0
12661,22.0,1.0,18.0,5.0,2,49.0,3.0,50.0,1,1,1
5185,52.0,1.0,20.0,1.0,4,49.0,1.0,32.0,0,1,0
7460,59.0,1.0,20.0,1.0,3,27.0,1.0,20.0,1,1,1
5886,53.0,1.0,16.0,1.0,2,49.0,0.0,40.0,1,1,1
12442,27.0,7.0,23.0,1.0,0,49.0,0.0,50.0,1,1,1
13044,25.0,1.0,21.0,5.0,0,16.0,0.0,40.0,1,1,1
9935,36.0,1.0,21.0,1.0,0,49.0,0.0,55.0,1,1,1
1681,25.0,5.0,9.0,5.0,3,18.0,2.0,40.0,1,0,0
12730,31.0,1.0,19.0,1.0,1,6.0,1.0,25.0,0,1,0
161,64.0,4.0,19.0,1.0,0,49.0,0.0,40.0,0,1,1
8104,42.0,1.0,21.0,1.0,2,49.0,1.0,40.0,0,1,0
1724,51.0,1.0,17.0,3.0,3,49.0,0.0,30.0,1,1,1
9183,66.0,1.0,16.0,1.0,3,49.0,1.0,40.0,1,1,1
12954,51.0,1.0,18.0,1.0,2,501.0,0.0,40.0,0,1,1
9742,63.0,1.0,21.0,1.0,0,37.0,0.0,48.0,1,1,1
7775,45.0,2.0,21.0,1.0,2,49.0,0.0,45.0,0,1,1
10242,57.0,1.0,19.0,1.0,3,215.0,1.0,40.0,1,1,1
9330,20.0,2.0,16.0,5.0,3,303.0,0.0,20.0,0,0,0
3409,65.0,1.0,20.0,1.0,0,233.0,1.0,40.0,1,0,1
6523,74.0,1.0,18.0,5.0,0,49.0,0.0,40.0,0,1,1
5357,31.0,1.0,22.0,1.0,0,32.0,0.0,40.0,0,1,0
1377,21.0,2.0,19.0,5.0,1,49.0,17.0,42.0,0,1,0
5977,19.0,1.0,13.0,5.0,4,49.0,2.0,20.0,0,1,0
6500,42.0,1.0,16.0,3.0,2,363.0,0.0,40.0,0,0,1
8914,56.0,1.0,18.0,3.0,2,49.0,0.0,50.0,1,1,1
7747,40.0,4.0,19.0,1.0,0,49.0,0.0,40.0,0,1,0
10405,52.0,5.0,24.0,1.0,0,16.0,1.0,43.0,0,1,1
9549,61.0,1.0,16.0,1.0,2,49.0,2.0,20.0,0,1,0
2129,23.0,1.0,16.0,1.0,1,303.0,0.0,40.0,1,0,0
10207,38.0,1.0,21.0,1.0,1,6.0,1.0,20.0,0,1,0
4752,33.0,1.0,21.0,1.0,4,49.0,1.0,30.0,0,1,0
3038,54.0,1.0,19.0,1.0,1,49.0,6.0,40.0,0,1,0
3504,25.0,1.0,13.0,1.0,2,49.0,0.0,50.0,1,0,0
2799,37.0,1.0,16.0,1.0,4,49.0,1.0,10.0,0,1,0
3423,29.0,3.0,19.0,1.0,1,49.0,1.0,40.0,1,1,1
10095,19.0,5.0,18.0,5.0,1,49.0,17.0,40.0,1,1,0
1499,54.0,1.0,16.0,1.0,1,16.0,2.0,27.0,0,1,0
8615,44.0,1.0,16.0,1.0,0,49.0,0.0,50.0,1,1,1
345,17.0,1.0,16.0,5.0,4,49.0,2.0,40.0,1,1,0
8093,18.0,3.0,16.0,5.0,1,6.0,17.0,24.0,0,1,0
11660,34.0,4.0,21.0,1.0,0,49.0,0.0,50.0,0,1,1
4084,33.0,1.0,20.0,1.0,2,303.0,0.0,50.0,1,1,1
5424,57.0,1.0,17.0,3.0,1,49.0,12.0,48.0,0,1,0
11300,42.0,6.0,16.0,1.0,2,49.0,0.0,40.0,1,1,0
366,45.0,1.0,18.0,1.0,2,49.0,1.0,30.0,1,1,0
3587,17.0,1.0,21.0,5.0,2,136.0,12.0,32.0,0,1,0
4840,58.0,3.0,15.0,1.0,3,16.0,0.0,40.0,1,1,1
2397,59.0,4.0,6.0,3.0,0,205.0,0.0,15.0,0,0,0
7242,31.0,1.0,20.0,1.0,3,242.0,0.0,36.0,1,0,1
3495,55.0,1.0,18.0,1.0,4,49.0,0.0,40.0,1,1,1
10799,22.0,1.0,18.0,5.0,2,36.0,2.0,45.0,1,1,0
5709,49.0,2.0,21.0,5.0,0,205.0,12.0,42.0,0,0,1
8347,39.0,7.0,19.0,1.0,0,32.0,0.0,40.0,0,1,1
5164,29.0,1.0,16.0,5.0,3,39.0,17.0,40.0,1,1,0
1155,26.0,1.0,16.0,5.0,0,49.0,2.0,40.0,1,1,1
9601,26.0,1.0,16.0,3.0,2,49.0,16.0,10.0,0,1,0
6852,43.0,7.0,21.0,1.0,2,49.0,0.0,42.0,0,1,1
82,39.0,1.0,16.0,1.0,3,209.0,9.0,40.0,1,1,0
2240,50.0,3.0,19.0,1.0,0,6.0,1.0,35.0,0,1,0
1902,49.0,6.0,16.0,1.0,3,49.0,0.0,40.0,1,1,1
8283,60.0,1.0,19.0,1.0,2,56.0,0.0,60.0,1,1,1
8090,25.0,1.0,16.0,1.0,4,49.0,0.0,55.0,1,1,1
5631,47.0,1.0,22.0,1.0,0,49.0,0.0,50.0,1,1,1
10277,35.0,1.0,1.0,5.0,1,303.0,17.0,20.0,0,0,0
7364,46.0,1.0,4.0,3.0,-1,49.0,3.0,40.0,1,1,1
5292,55.0,2.0,22.0,1.0,0,49.0,1.0,16.0,1,1,0
310,36.0,1.0,24.0,1.0,0,49.0,0.0,40.0,1,1,1
3764,36.0,1.0,19.0,3.0,0,10.0,0.0,40.0,1,1,1
4613,20.0,1.0,14.0,5.0,4,49.0,15.0,25.0,0,1,0
4306,18.0,1.0,14.0,5.0,1,49.0,2.0,40.0,1,1,0
7763,21.0,1.0,19.0,5.0,1,49.0,2.0,12.0,1,1,0
5752,19.0,1.0,21.0,5.0,4,8.0,3.0,35.0,1,1,0
3072,40.0,4.0,22.0,1.0,0,49.0,0.0,50.0,0,1,1
957,50.0,3.0,20.0,1.0,3,49.0,2.0,40.0,1,1,1
3847,34.0,1.0,18.0,1.0,2,49.0,1.0,36.0,0,1,1
11406,21.0,1.0,19.0,5.0,1,303.0,2.0,20.0,0,0,0
867,25.0,1.0,16.0,1.0,2,32.0,1.0,40.0,0,1,0
1166,26.0,7.0,16.0,1.0,1,49.0,0.0,6.0,1,1,0
1904,21.0,1.0,14.0,5.0,1,49.0,2.0,40.0,1,1,0
10368,38.0,1.0,20.0,1.0,0,6.0,0.0,40.0,1,1,1
4530,55.0,2.0,16.0,1.0,0,408.0,0.0,40.0,0,1,1
1856,17.0,1.0,21.0,5.0,0,8.0,2.0,40.0,0,1,0
3155,57.0,1.0,19.0,1.0,2,49.0,10.0,40.0,0,1,0
9635,20.0,1.0,19.0,5.0,0,49.0,13.0,32.0,0,1,0
3822,52.0,1.0,21.0,1.0,2,21.0,16.0,20.0,0,1,0
263,30.0,1.0,21.0,1.0,0,16.0,0.0,40.0,1,1,0
548,61.0,2.0,20.0,1.0,1,49.0,1.0,50.0,0,1,1
41,58.0,1.0,19.0,1.0,2,37.0,0.0,40.0,0,1,0
10899,49.0,1.0,19.0,5.0,4,49.0,2.0,45.0,1,1,1
281,17.0,1.0,14.0,5.0,2,49.0,17.0,40.0,0,1,0
669,61.0,1.0,16.0,1.0,4,6.0,0.0,40.0,1,0,0
9712,45.0,1.0,22.0,5.0,2,16.0,0.0,40.0,0,1,1
12917,48.0,1.0,20.0,1.0,3,49.0,1.0,45.0,1,1,1
3483,35.0,1.0,14.0,3.0,1,49.0,6.0,40.0,0,0,0
12403,65.0,4.0,23.0,1.0,0,412.0,0.0,50.0,1,1,1
4723,19.0,1.0,15.0,5.0,1,16.0,2.0,6.0,0,1,0
12888,38.0,1.0,20.0,1.0,2,41.0,15.0,40.0,1,1,0
5399,21.0,1.0,16.0,5.0,0,303.0,17.0,35.0,0,1,0
8337,25.0,7.0,20.0,1.0,2,49.0,0.0,45.0,1,1,0
2435,52.0,4.0,20.0,1.0,0,49.0,1.0,40.0,0,1,0
9424,50.0,1.0,21.0,1.0,4,223.0,0.0,40.0,1,1,1
5335,67.0,1.0,16.0,1.0,0,39.0,1.0,40.0,1,1,1
10197,32.0,1.0,19.0,5.0,4,49.0,13.0,60.0,1,1,1
701,20.0,1.0,18.0,5.0,1,41.0,12.0,40.0,0,0,0
3429,53.0,4.0,18.0,2.0,0,49.0,0.0,52.0,0,1,1
6591,22.0,1.0,21.0,1.0,2,49.0,1.0,35.0,0,1,0
8802,19.0,1.0,21.0,5.0,0,32.0,15.0,40.0,1,1,0
12474,27.0,1.0,21.0,1.0,0,49.0,1.0,30.0,1,1,1
6965,66.0,3.0,19.0,5.0,1,49.0,0.0,40.0,0,1,1
5731,78.0,6.0,19.0,4.0,1,49.0,5.0,40.0,1,0,0
4937,36.0,3.0,19.0,1.0,0,49.0,1.0,40.0,0,1,1
9547,52.0,4.0,21.0,1.0,0,49.0,0.0,16.0,0,1,0
12350,34.0,1.0,18.0,1.0,4,49.0,0.0,30.0,1,1,0
8328,42.0,5.0,23.0,1.0,0,6.0,0.0,14.0,0,1,1
9718,46.0,1.0,18.0,1.0,3,4.0,0.0,40.0,1,1,1
5864,54.0,1.0,21.0,1.0,1,49.0,0.0,45.0,1,0,1
3505,34.0,1.0,20.0,1.0,1,38.0,1.0,40.0,1,0,0
3743,30.0,1.0,16.0,1.0,4,49.0,1.0,15.0,0,1,0
12052,48.0,1.0,21.0,1.0,0,49.0,1.0,50.0,1,1,1
7677,17.0,1.0,21.0,5.0,0,6.0,17.0,40.0,0,1,0
5515,28.0,1.0,19.0,1.0,2,32.0,0.0,40.0,1,1,1
3895,33.0,1.0,19.0,1.0,4,49.0,1.0,55.0,1,0,1
320,43.0,7.0,23.0,1.0,0,49.0,1.0,40.0,1,1,1
630,18.0,1.0,19.0,5.0,2,49.0,13.0,22.0,0,1,0
9176,51.0,1.0,16.0,1.0,0,51.0,1.0,40.0,0,1,1
9685,60.0,1.0,21.0,1.0,0,34.0,0.0,40.0,0,1,0
10746,54.0,1.0,19.0,1.0,2,29.0,1.0,40.0,0,1,0
12825,58.0,1.0,20.0,1.0,3,49.0,0.0,36.0,1,1,0
207,57.0,1.0,21.0,1.0,2,49.0,1.0,70.0,1,1,1
2328,48.0,4.0,19.0,1.0,2,49.0,1.0,35.0,0,1,0
2713,27.0,1.0,16.0,5.0,3,215.0,2.0,40.0,1,1,0
5058,58.0,3.0,21.0,1.0,0,49.0,0.0,50.0,1,1,1
5814,41.0,1.0,21.0,1.0,2,49.0,1.0,60.0,1,1,1
3599,48.0,1.0,21.0,1.0,0,30.0,14.0,50.0,1,1,1
5726,53.0,2.0,21.0,1.0,0,18.0,1.0,40.0,0,1,1
3604,65.0,1.0,18.0,1.0,2,49.0,1.0,55.0,1,1,1
3458,53.0,1.0,16.0,1.0,4,49.0,1.0,40.0,1,1,0
12671,69.0,1.0,16.0,1.0,0,49.0,1.0,60.0,1,1,1
1077,25.0,2.0,16.0,1.0,0,49.0,0.0,3.0,0,1,0
5128,29.0,1.0,20.0,1.0,2,42.0,0.0,40.0,0,1,0
6422,40.0,1.0,21.0,1.0,0,39.0,1.0,38.0,0,1,1
810,44.0,7.0,20.0,1.0,3,49.0,1.0,45.0,1,0,1
8762,67.0,1.0,16.0,1.0,1,164.0,1.0,40.0,1,0,1
11758,60.0,7.0,19.0,5.0,0,49.0,0.0,40.0,0,1,1
7493,43.0,7.0,16.0,1.0,1,49.0,0.0,45.0,1,1,1
5517,71.0,1.0,16.0,1.0,2,128.0,1.0,10.0,0,0,0
12792,46.0,7.0,13.0,1.0,1,49.0,0.0,40.0,0,1,0
3802,50.0,1.0,21.0,1.0,0,49.0,1.0,45.0,1,1,1
5925,55.0,1.0,21.0,1.0,2,8.0,0.0,40.0,0,1,1
12241,65.0,1.0,21.0,1.0,0,49.0,1.0,45.0,1,1,1
11861,20.0,1.0,19.0,5.0,2,49.0,2.0,18.0,1,1,0
9704,42.0,1.0,16.0,1.0,3,6.0,1.0,40.0,1,1,1
7125,37.0,1.0,20.0,1.0,0,49.0,0.0,40.0,1,1,1
11188,32.0,4.0,21.0,1.0,0,53.0,1.0,40.0,1,1,1
760,42.0,1.0,19.0,3.0,1,6.0,0.0,20.0,0,1,0
2895,50.0,1.0,21.0,1.0,0,49.0,0.0,40.0,1,1,1
1580,58.0,1.0,21.0,1.0,0,49.0,0.0,38.0,0,1,1
5751,76.0,1.0,16.0,1.0,2,39.0,1.0,50.0,1,1,1
11961,41.0,3.0,17.0,1.0,0,49.0,1.0,50.0,1,1,1
5794,60.0,7.0,18.0,3.0,2,49.0,0.0,40.0,1,1,1
4065,32.0,1.0,19.0,1.0,2,49.0,9.0,40.0,1,1,0
6013,27.0,1.0,16.0,1.0,1,49.0,1.0,24.0,0,1,0
10020,20.0,1.0,21.0,5.0,0,49.0,0.0,30.0,0,1,0
8436,31.0,1.0,21.0,1.0,0,6.0,1.0,35.0,0,1,0
4347,18.0,1.0,17.0,1.0,4,49.0,1.0,8.0,0,1,0
3872,38.0,1.0,19.0,2.0,2,49.0,0.0,40.0,0,1,0
2604,25.0,2.0,21.0,1.0,0,49.0,0.0,40.0,1,1,0
4219,47.0,1.0,9.0,1.0,4,49.0,0.0,40.0,1,0,0
1911,64.0,1.0,21.0,1.0,0,49.0,0.0,30.0,1,1,1
10278,68.0,7.0,17.0,1.0,2,6.0,0.0,45.0,1,1,1
7328,33.0,1.0,21.0,1.0,0,6.0,0.0,30.0,0,1,0
13068,27.0,1.0,21.0,1.0,2,6.0,1.0,30.0,0,1,1
9397,23.0,2.0,21.0,5.0,0,49.0,12.0,35.0,0,1,0
7188,41.0,5.0,21.0,1.0,0,42.0,0.0,30.0,1,1,1
4198,61.0,4.0,17.0,1.0,2,49.0,0.0,8.0,0,1,0
94,55.0,1.0,16.0,3.0,3,49.0,2.0,20.0,1,1,0
6369,75.0,4.0,22.0,1.0,0,49.0,1.0,40.0,1,0,1
1354,68.0,1.0,21.0,1.0,4,49.0,0.0,50.0,1,1,1
4372,29.0,1.0,21.0,1.0,0,49.0,1.0,40.0,1,1,1
3392,47.0,4.0,16.0,3.0,3,49.0,0.0,40.0,0,1,0
8846,54.0,1.0,16.0,1.0,3,372.0,1.0,40.0,1,1,1
12397,49.0,1.0,19.0,5.0,1,207.0,2.0,50.0,1,0,1
4588,62.0,2.0,19.0,1.0,0,6.0,0.0,45.0,0,1,1
7830,45.0,1.0,22.0,1.0,2,49.0,1.0,40.0,0,1,1
4458,36.0,1.0,20.0,1.0,0,49.0,1.0,45.0,0,1,1
10244,32.0,6.0,16.0,1.0,0,49.0,0.0,25.0,0,1,0
9694,21.0,1.0,16.0,5.0,0,16.0,2.0,25.0,0,1,0
2599,43.0,3.0,21.0,1.0,0,49.0,1.0,40.0,1,1,1
3810,58.0,1.0,22.0,1.0,0,49.0,0.0,40.0,1,1,1
11914,29.0,1.0,21.0,1.0,0,49.0,0.0,20.0,1,1,1
2885,22.0,1.0,20.0,5.0,1,49.0,4.0,30.0,1,1,0
34,39.0,1.0,20.0,1.0,2,49.0,0.0,40.0,1,1,1
6829,32.0,6.0,21.0,1.0,0,49.0,1.0,20.0,0,1,0
8086,56.0,1.0,18.0,1.0,0,49.0,0.0,20.0,0,1,0
52,23.0,1.0,17.0,1.0,2,49.0,1.0,17.0,0,1,0
9279,46.0,1.0,16.0,5.0,2,49.0,2.0,32.0,0,1,1
8585,21.0,1.0,16.0,5.0,0,32.0,0.0,20.0,0,1,0
3093,25.0,3.0,19.0,1.0,0,49.0,1.0,40.0,1,1,1
1424,65.0,1.0,22.0,1.0,0,49.0,0.0,50.0,0,1,1
3248,31.0,1.0,19.0,5.0,2,303.0,2.0,40.0,0,0,0
10822,56.0,7.0,21.0,1.0,0,32.0,0.0,40.0,1,1,1
5922,48.0,6.0,18.0,1.0,2,31.0,1.0,50.0,0,1,0
12607,49.0,1.0,19.0,1.0,2,49.0,0.0,45.0,0,1,1
700,26.0,1.0,21.0,5.0,0,53.0,12.0,50.0,1,1,0
6436,50.0,1.0,22.0,1.0,0,4.0,0.0,45.0,1,1,1
11672,56.0,2.0,18.0,1.0,0,508.0,0.0,40.0,0,1,1
6664,21.0,1.0,16.0,1.0,1,49.0,1.0,20.0,0,1,0
6671,34.0,1.0,23.0,1.0,0,26.0,0.0,42.0,1,1,1
4231,87.0,1.0,19.0,5.0,0,49.0,0.0,40.0,1,1,1
2905,18.0,1.0,19.0,5.0,0,231.0,2.0,8.0,0,1,0
5966,20.0,1.0,16.0,5.0,2,49.0,2.0,35.0,0,1,0
685,52.0,1.0,16.0,1.0,4,49.0,0.0,40.0,1,1,1
2908,37.0,1.0,21.0,1.0,0,49.0,0.0,45.0,1,1,1
6471,50.0,1.0,21.0,1.0,0,49.0,1.0,25.0,1,1,1
10824,62.0,2.0,19.0,1.0,0,49.0,1.0,40.0,0,1,1
8985,32.0,2.0,12.0,1.0,1,49.0,0.0,20.0,0,1,0
5779,26.0,1.0,18.0,5.0,0,49.0,0.0,40.0,0,1,1
10264,25.0,4.0,21.0,1.0,0,6.0,0.0,40.0,1,1,1
12283,44.0,2.0,21.0,1.0,-1,49.0,0.0,50.0,0,1,1
4329,50.0,2.0,17.0,3.0,1,49.0,0.0,15.0,0,1,0
2373,36.0,1.0,24.0,1.0,0,49.0,0.0,60.0,1,1,1
10864,18.0,1.0,16.0,5.0,4,17.0,0.0,4.0,1,1,0
10475,50.0,7.0,19.0,1.0,0,49.0,1.0,1.0,0,1,0
12109,19.0,1.0,13.0,5.0,4,147.0,2.0,20.0,1,0,0
11954,66.0,6.0,4.0,4.0,3,49.0,0.0,65.0,1,1,1
9307,32.0,2.0,21.0,1.0,1,1.0,0.0,50.0,1,0,1
6258,84.0,1.0,16.0,3.0,3,55.0,0.0,20.0,0,1,0
10742,18.0,1.0,15.0,5.0,1,6.0,12.0,10.0,0,1,0
11061,36.0,1.0,14.0,5.0,4,49.0,0.0,40.0,1,0,1
1704,17.0,1.0,16.0,5.0,2,49.0,17.0,10.0,0,1,0
5837,47.0,1.0,21.0,1.0,0,6.0,1.0,40.0,1,1,1
950,17.0,1.0,16.0,5.0,2,49.0,17.0,40.0,0,1,0
1443,27.0,1.0,21.0,1.0,2,49.0,1.0,65.0,1,1,1
170,30.0,6.0,18.0,1.0,2,49.0,0.0,50.0,0,1,1
8324,28.0,1.0,21.0,1.0,2,301.0,0.0,40.0,1,1,1
4408,32.0,1.0,14.0,1.0,3,49.0,1.0,40.0,1,1,0
3836,60.0,3.0,16.0,3.0,1,49.0,0.0,40.0,1,1,0
12877,45.0,4.0,21.0,1.0,2,408.0,1.0,40.0,0,1,1
11432,62.0,1.0,1.0,1.0,-1,303.0,15.0,20.0,1,0,1
8837,23.0,1.0,20.0,5.0,0,49.0,2.0,40.0,0,1,0
3989,55.0,6.0,20.0,1.0,3,49.0,1.0,40.0,1,1,1
654,73.0,1.0,19.0,1.0,2,49.0,1.0,20.0,0,1,0
344,34.0,3.0,19.0,1.0,1,49.0,1.0,3.0,0,1,0
12542,42.0,2.0,22.0,3.0,0,49.0,0.0,45.0,0,1,1
6121,60.0,4.0,21.0,1.0,0,49.0,0.0,40.0,1,1,1
2839,31.0,1.0,19.0,1.0,1,49.0,6.0,20.0,0,1,0
6752,27.0,1.0,21.0,5.0,2,49.0,0.0,30.0,0,1,0
2149,52.0,2.0,22.0,1.0,0,31.0,0.0,40.0,1,1,1
7419,69.0,1.0,22.0,1.0,0,48.0,0.0,48.0,1,1,1
4326,21.0,1.0,20.0,5.0,2,49.0,17.0,42.0,1,1,0
7611,50.0,1.0,16.0,1.0,2,6.0,0.0,40.0,0,1,1
8415,39.0,1.0,21.0,1.0,0,49.0,0.0,50.0,1,1,1
920,36.0,1.0,21.0,1.0,2,49.0,0.0,40.0,0,1,0
12453,22.0,3.0,21.0,1.0,0,49.0,1.0,17.0,0,1,0
11394,18.0,1.0,19.0,1.0,1,301.0,0.0,36.0,0,1,0
9743,46.0,2.0,19.0,3.0,0,49.0,0.0,3.0,0,1,1
742,46.0,8.0,19.0,1.0,0,49.0,0.0,38.0,0,1,0
8726,42.0,1.0,20.0,1.0,3,6.0,1.0,40.0,1,1,1
4070,62.0,7.0,15.0,1.0,1,303.0,1.0,60.0,1,1,1
7304,17.0,1.0,16.0,5.0,3,49.0,0.0,40.0,1,1,0
3671,27.0,1.0,19.0,5.0,0,16.0,2.0,10.0,1,1,0
993,56.0,1.0,16.0,3.0,2,53.0,2.0,40.0,0,1,0
11365,17.0,1.0,16.0,5.0,4,49.0,2.0,40.0,1,1,0
11670,51.0,3.0,19.0,1.0,2,49.0,0.0,25.0,0,1,0
12615,37.0,1.0,18.0,1.0,0,49.0,1.0,50.0,1,1,1
6151,53.0,1.0,16.0,3.0,4,49.0,2.0,37.0,0,1,0
4951,37.0,1.0,21.0,1.0,0,49.0,0.0,50.0,1,1,0
5281,25.0,1.0,20.0,3.0,1,49.0,0.0,50.0,1,1,0
7162,25.0,1.0,21.0,5.0,2,49.0,5.0,45.0,1,1,1
9883,63.0,1.0,19.0,1.0,0,49.0,0.0,65.0,0,1,1
5205,22.0,1.0,19.0,5.0,2,49.0,0.0,25.0,0,1,0
5940,41.0,4.0,19.0,2.0,1,370.0,0.0,40.0,0,0,1
6587,23.0,1.0,16.0,1.0,2,49.0,2.0,20.0,1,1,0
5347,46.0,1.0,21.0,1.0,0,6.0,1.0,15.0,1,1,0
929,18.0,1.0,18.0,5.0,0,49.0,2.0,25.0,0,1,0
4359,25.0,2.0,16.0,5.0,0,6.0,2.0,10.0,1,1,0
478,41.0,2.0,20.0,1.0,0,49.0,1.0,46.0,1,1,1
6430,69.0,1.0,21.0,3.0,0,303.0,0.0,40.0,0,1,1
3381,21.0,1.0,21.0,5.0,0,17.0,2.0,8.0,0,1,0
8663,38.0,1.0,21.0,1.0,0,110.0,1.0,35.0,0,1,1
5169,24.0,1.0,21.0,1.0,2,247.0,1.0,40.0,0,0,0
7174,44.0,1.0,16.0,1.0,4,6.0,1.0,40.0,1,1,0
1224,40.0,1.0,22.0,1.0,0,49.0,1.0,55.0,1,1,1
7689,24.0,1.0,16.0,5.0,1,60.0,2.0,40.0,0,0,1
10119,45.0,1.0,18.0,1.0,4,49.0,0.0,55.0,1,1,1
5563,33.0,1.0,18.0,1.0,3,49.0,1.0,40.0,1,0,0
1525,33.0,7.0,21.0,1.0,0,49.0,1.0,40.0,1,1,1
7331,51.0,1.0,24.0,3.0,0,48.0,0.0,40.0,0,1,1
10372,43.0,3.0,16.0,4.0,4,49.0,0.0,40.0,1,1,1
4819,50.0,1.0,21.0,1.0,2,49.0,1.0,36.0,0,1,1
12651,36.0,1.0,19.0,1.0,2,49.0,0.0,25.0,0,1,0
6917,29.0,1.0,18.0,5.0,1,49.0,2.0,20.0,0,1,0
8435,21.0,1.0,16.0,5.0,1,49.0,2.0,18.0,1,1,0
10174,53.0,5.0,21.0,1.0,3,49.0,0.0,50.0,1,1,1
8512,21.0,1.0,16.0,5.0,1,6.0,17.0,40.0,0,1,0
3301,38.0,1.0,18.0,1.0,4,49.0,0.0,24.0,1,1,0
642,17.0,3.0,18.0,5.0,1,32.0,5.0,20.0,1,1,0
6695,55.0,2.0,21.0,1.0,0,49.0,1.0,22.0,1,1,1
8138,27.0,1.0,20.0,1.0,2,24.0,1.0,40.0,1,1,1
1558,38.0,1.0,21.0,1.0,4,49.0,0.0,45.0,0,1,1
7197,48.0,1.0,19.0,1.0,2,49.0,1.0,25.0,0,1,0
1340,61.0,4.0,24.0,4.0,0,36.0,0.0,45.0,0,1,1
9513,21.0,1.0,20.0,5.0,2,49.0,2.0,30.0,0,1,0
9681,51.0,1.0,22.0,1.0,0,49.0,0.0,40.0,1,1,1
10438,25.0,1.0,22.0,1.0,3,49.0,1.0,40.0,1,1,1
11294,62.0,1.0,19.0,1.0,2,49.0,0.0,40.0,0,1,0
1680,25.0,1.0,18.0,5.0,1,12.0,12.0,40.0,0,1,0
12747,23.0,1.0,20.0,1.0,1,6.0,0.0,16.0,1,1,0
202,38.0,1.0,22.0,1.0,0,49.0,0.0,40.0,1,1,1
2966,36.0,1.0,20.0,5.0,0,49.0,12.0,40.0,0,1,0
11362,41.0,6.0,19.0,3.0,4,16.0,13.0,16.0,1,1,0
6021,41.0,1.0,17.0,3.0,2,6.0,0.0,40.0,0,1,1
7130,22.0,1.0,20.0,1.0,0,49.0,0.0,40.0,0,1,1
10743,39.0,3.0,16.0,1.0,0,49.0,0.0,30.0,0,1,0
462,51.0,1.0,16.0,1.0,3,49.0,1.0,35.0,1,1,1
10192,67.0,2.0,19.0,1.0,2,49.0,1.0,20.0,0,1,0
12790,39.0,1.0,21.0,1.0,0,49.0,0.0,50.0,1,1,1
8622,39.0,4.0,22.0,2.0,0,49.0,0.0,50.0,0,1,1
8597,74.0,1.0,22.0,1.0,0,17.0,1.0,16.0,0,1,1
2939,63.0,1.0,21.0,1.0,0,6.0,0.0,40.0,0,1,1
8308,46.0,1.0,16.0,3.0,4,6.0,0.0,42.0,1,0,1
7573,53.0,2.0,23.0,1.0,0,31.0,1.0,45.0,1,1,1
11655,52.0,1.0,19.0,5.0,0,25.0,0.0,36.0,0,1,0
12928,31.0,2.0,22.0,1.0,0,6.0,1.0,40.0,0,1,0
6470,36.0,1.0,20.0,1.0,0,6.0,0.0,32.0,0,1,1
10447,39.0,7.0,22.0,1.0,0,42.0,0.0,40.0,1,1,1
10720,43.0,1.0,16.0,1.0,2,49.0,1.0,50.0,1,1,1
1568,19.0,2.0,19.0,5.0,2,49.0,2.0,32.0,0,1,0
7892,55.0,1.0,22.0,5.0,0,6.0,13.0,40.0,1,0,1
3726,20.0,4.0,21.0,5.0,0,49.0,5.0,36.0,1,1,0
12605,18.0,1.0,19.0,5.0,2,6.0,17.0,20.0,0,1,0
8341,37.0,7.0,15.0,1.0,2,49.0,0.0,50.0,1,1,1
7557,33.0,2.0,19.0,1.0,0,301.0,1.0,40.0,0,1,0
5565,47.0,1.0,21.0,1.0,4,49.0,1.0,45.0,1,1,1
10483,64.0,1.0,21.0,1.0,0,49.0,9.0,40.0,1,1,0
3244,50.0,1.0,20.0,1.0,0,16.0,0.0,25.0,1,1,0
8987,48.0,2.0,20.0,1.0,0,6.0,0.0,10.0,0,1,1
506,32.0,1.0,16.0,1.0,4,49.0,0.0,40.0,1,1,1
4539,39.0,1.0,17.0,1.0,3,247.0,0.0,40.0,1,0,0
903,43.0,1.0,21.0,1.0,2,6.0,0.0,10.0,0,1,0
9378,26.0,1.0,20.0,5.0,0,42.0,0.0,50.0,1,1,1
8984,50.0,1.0,19.0,1.0,0,49.0,0.0,40.0,0,1,1
4293,21.0,3.0,19.0,5.0,1,49.0,12.0,40.0,0,0,0
5974,36.0,1.0,17.0,1.0,4,47.0,0.0,40.0,1,1,0
10501,65.0,1.0,21.0,1.0,0,49.0,0.0,60.0,1,1,1
8464,76.0,7.0,22.0,1.0,0,106.0,1.0,40.0,1,1,1
10008,25.0,1.0,19.0,1.0,1,49.0,0.0,40.0,1,1,0
3750,42.0,1.0,24.0,1.0,0,48.0,0.0,40.0,1,1,1
6851,36.0,1.0,18.0,1.0,4,49.0,1.0,20.0,0,1,0
1308,55.0,1.0,19.0,1.0,0,49.0,0.0,44.0,1,1,1
6005,21.0,1.0,19.0,5.0,1,162.0,0.0,10.0,0,0,0
8303,49.0,6.0,21.0,1.0,0,49.0,1.0,50.0,0,1,1
5129,39.0,1.0,19.0,1.0,2,303.0,0.0,40.0,0,1,0
3991,59.0,1.0,16.0,3.0,4,49.0,0.0,29.0,0,1,0
5757,23.0,1.0,19.0,5.0,1,6.0,12.0,30.0,1,1,0
1757,58.0,1.0,21.0,1.0,0,49.0,0.0,35.0,1,1,1
5350,50.0,4.0,19.0,1.0,1,41.0,1.0,40.0,1,1,1
7666,57.0,4.0,21.0,3.0,0,13.0,0.0,40.0,1,1,1
8958,38.0,1.0,21.0,1.0,4,51.0,14.0,55.0,1,1,1
11551,54.0,1.0,19.0,1.0,2,215.0,0.0,20.0,0,1,0
9778,34.0,1.0,19.0,1.0,2,136.0,0.0,20.0,1,1,0
10311,30.0,4.0,21.0,1.0,0,49.0,0.0,45.0,1,1,1
4248,34.0,5.0,19.0,5.0,2,6.0,2.0,29.0,0,1,0
5303,37.0,1.0,14.0,1.0,1,127.0,1.0,20.0,1,1,0
4240,75.0,1.0,21.0,1.0,2,45.0,2.0,35.0,0,1,0
1639,40.0,1.0,16.0,5.0,0,49.0,2.0,35.0,0,1,1
9227,42.0,1.0,21.0,1.0,0,26.0,0.0,40.0,1,1,1
4833,20.0,6.0,19.0,5.0,1,53.0,2.0,40.0,1,1,0
12663,50.0,1.0,1.0,1.0,4,49.0,17.0,30.0,1,1,0
10632,23.0,1.0,21.0,5.0,0,38.0,17.0,40.0,1,0,0
3588,51.0,6.0,16.0,1.0,3,49.0,1.0,55.0,1,1,1
4469,40.0,1.0,20.0,5.0,2,49.0,0.0,43.0,0,1,0
12807,61.0,4.0,21.0,1.0,0,6.0,1.0,40.0,0,1,1
11833,20.0,1.0,16.0,5.0,3,49.0,7.0,50.0,1,1,0
12681,61.0,1.0,20.0,3.0,2,49.0,0.0,40.0,1,1,1
4267,56.0,1.0,19.0,5.0,4,45.0,0.0,50.0,0,1,1
11060,56.0,3.0,14.0,5.0,2,32.0,11.0,40.0,0,1,0
4446,47.0,1.0,21.0,1.0,2,6.0,0.0,65.0,1,1,1
8678,45.0,1.0,19.0,1.0,0,49.0,0.0,60.0,1,1,1
11217,22.0,1.0,19.0,5.0,2,8.0,0.0,36.0,0,1,0
5083,31.0,1.0,15.0,1.0,3,6.0,1.0,10.0,1,1,0
11316,18.0,1.0,19.0,5.0,0,53.0,12.0,35.0,0,1,0
7692,38.0,1.0,21.0,1.0,2,49.0,0.0,50.0,1,1,1
538,44.0,1.0,16.0,1.0,2,49.0,0.0,25.0,1,1,0
2203,17.0,1.0,16.0,5.0,1,36.0,12.0,40.0,0,1,0
10573,64.0,1.0,16.0,1.0,3,49.0,0.0,50.0,1,1,1
1652,43.0,1.0,21.0,1.0,0,49.0,1.0,60.0,1,1,1
8971,38.0,4.0,21.0,1.0,0,34.0,0.0,48.0,1,1,1
10122,38.0,3.0,23.0,1.0,0,6.0,1.0,48.0,0,1,1
4247,62.0,4.0,23.0,1.0,0,49.0,0.0,40.0,0,1,1
8753,37.0,7.0,16.0,3.0,2,49.0,2.0,29.0,0,1,0
4448,36.0,1.0,21.0,1.0,0,23.0,0.0,50.0,1,1,1
5544,37.0,1.0,19.0,1.0,2,6.0,0.0,40.0,0,1,0
8578,36.0,1.0,19.0,1.0,0,49.0,0.0,50.0,1,1,1
5288,52.0,1.0,20.0,1.0,2,49.0,1.0,12.0,0,1,0
5564,48.0,1.0,19.0,3.0,4,49.0,0.0,42.0,1,1,1
3070,56.0,1.0,18.0,1.0,3,16.0,1.0,40.0,1,1,1
7863,69.0,1.0,19.0,3.0,4,29.0,0.0,45.0,1,1,1
2728,30.0,3.0,22.0,5.0,0,49.0,17.0,30.0,0,1,0
3873,70.0,1.0,19.0,1.0,2,49.0,0.0,40.0,1,1,1
4672,18.0,1.0,21.0,5.0,2,49.0,2.0,10.0,0,1,0
7960,17.0,1.0,21.0,5.0,0,49.0,15.0,40.0,1,1,0
35,34.0,2.0,22.0,5.0,2,32.0,12.0,40.0,1,1,1
11539,18.0,1.0,16.0,5.0,1,49.0,2.0,40.0,0,1,0
5558,71.0,1.0,19.0,1.0,4,49.0,0.0,30.0,0,1,0
5181,66.0,1.0,21.0,1.0,0,24.0,0.0,40.0,0,1,1
1144,59.0,1.0,22.0,1.0,0,49.0,0.0,40.0,1,1,1
5785,59.0,1.0,19.0,1.0,3,120.0,0.0,40.0,1,0,0
5425,21.0,2.0,20.0,1.0,0,49.0,0.0,4.0,1,1,0
5988,24.0,1.0,21.0,1.0,4,56.0,4.0,15.0,1,1,0
2497,59.0,1.0,16.0,1.0,4,53.0,1.0,50.0,1,1,1
12658,39.0,1.0,16.0,5.0,4,6.0,0.0,20.0,0,1,1
3982,54.0,1.0,21.0,1.0,2,49.0,0.0,42.0,0,1,0
4286,41.0,1.0,19.0,1.0,4,53.0,1.0,20.0,1,1,1
10271,37.0,1.0,21.0,1.0,2,49.0,1.0,40.0,1,1,1
8307,26.0,1.0,21.0,1.0,2,49.0,0.0,45.0,0,1,0
150,41.0,1.0,22.0,1.0,0,41.0,0.0,60.0,1,1,1
4127,57.0,6.0,19.0,1.0,1,4.0,0.0,40.0,1,1,0
6701,35.0,1.0,23.0,1.0,3,49.0,0.0,50.0,1,1,1
7872,32.0,3.0,16.0,1.0,0,48.0,0.0,60.0,0,1,1
8161,59.0,1.0,23.0,1.0,0,49.0,1.0,50.0,0,1,1
10079,29.0,1.0,16.0,1.0,0,6.0,0.0,21.0,1,1,1
3825,19.0,1.0,17.0,5.0,4,6.0,2.0,40.0,1,1,0
640,64.0,5.0,19.0,1.0,3,49.0,0.0,40.0,1,1,1
5221,24.0,1.0,21.0,5.0,0,49.0,2.0,40.0,1,1,1
10721,44.0,6.0,18.0,1.0,1,49.0,9.0,20.0,0,1,0
4853,68.0,2.0,19.0,1.0,1,16.0,1.0,40.0,0,1,1
4941,19.0,1.0,21.0,5.0,0,49.0,2.0,40.0,0,1,0
3468,28.0,1.0,14.0,5.0,3,49.0,13.0,45.0,1,0,1
8601,24.0,1.0,19.0,1.0,3,48.0,0.0,40.0,1,1,0
4976,31.0,1.0,19.0,1.0,2,49.0,1.0,35.0,1,1,0
10574,18.0,4.0,19.0,5.0,2,6.0,2.0,40.0,0,1,0
12006,62.0,1.0,16.0,1.0,2,49.0,0.0,10.0,0,1,0
3665,43.0,1.0,21.0,1.0,1,49.0,1.0,3.0,0,1,0
11277,49.0,3.0,21.0,1.0,0,49.0,1.0,6.0,0,1,0
6702,40.0,1.0,19.0,1.0,1,53.0,1.0,50.0,1,1,1
5108,29.0,1.0,19.0,5.0,1,26.0,4.0,40.0,1,1,0
9495,68.0,2.0,22.0,1.0,0,49.0,1.0,40.0,1,1,1
6639,36.0,1.0,20.0,1.0,0,49.0,2.0,30.0,1,1,1
8991,72.0,7.0,23.0,1.0,0,36.0,0.0,36.0,0,1,1
10477,47.0,1.0,20.0,1.0,2,49.0,1.0,40.0,0,1,1
5383,73.0,1.0,19.0,1.0,0,49.0,0.0,45.0,1,1,1
9877,27.0,1.0,17.0,1.0,3,49.0,1.0,40.0,1,1,1
12960,29.0,1.0,16.0,1.0,1,49.0,1.0,40.0,0,1,1
9139,54.0,3.0,22.0,1.0,0,49.0,0.0,40.0,1,1,1
9998,24.0,1.0,18.0,1.0,4,6.0,0.0,30.0,1,0,0
10877,68.0,1.0,19.0,1.0,4,49.0,15.0,18.0,1,1,0
11889,24.0,6.0,16.0,1.0,2,49.0,1.0,30.0,0,1,0
2807,36.0,1.0,19.0,1.0,4,6.0,1.0,45.0,1,1,1
8951,32.0,1.0,21.0,1.0,0,49.0,0.0,60.0,0,0,1
6748,56.0,1.0,19.0,5.0,3,49.0,0.0,50.0,1,1,1
2763,53.0,1.0,16.0,2.0,4,49.0,0.0,40.0,1,1,0
11999,54.0,1.0,23.0,1.0,0,49.0,1.0,50.0,0,1,1
10083,48.0,1.0,16.0,1.0,3,18.0,1.0,45.0,1,1,1
5666,24.0,2.0,18.0,5.0,1,42.0,2.0,16.0,0,1,0
10124,41.0,1.0,16.0,1.0,1,223.0,17.0,40.0,1,0,1
9037,61.0,1.0,18.0,1.0,2,6.0,1.0,40.0,1,1,1
8365,36.0,1.0,19.0,5.0,4,468.0,2.0,40.0,1,1,1
10512,57.0,4.0,19.0,1.0,2,16.0,0.0,40.0,0,1,0
5075,54.0,1.0,18.0,1.0,0,6.0,0.0,40.0,1,1,1
10945,20.0,2.0,16.0,5.0,2,6.0,11.0,10.0,0,1,0
11584,52.0,1.0,23.0,1.0,0,6.0,1.0,60.0,1,1,1
8419,18.0,1.0,14.0,5.0,4,49.0,17.0,26.0,0,1,0
5093,38.0,2.0,21.0,1.0,0,49.0,1.0,20.0,0,1,1
4790,57.0,6.0,16.0,1.0,3,49.0,1.0,30.0,1,1,0
11055,57.0,1.0,18.0,1.0,3,49.0,0.0,45.0,1,1,1
6569,17.0,1.0,21.0,5.0,0,49.0,17.0,20.0,1,1,0
1675,64.0,7.0,21.0,1.0,2,49.0,1.0,40.0,1,1,1
3060,39.0,1.0,19.0,3.0,2,49.0,12.0,36.0,0,1,0
6277,30.0,1.0,19.0,1.0,0,49.0,1.0,40.0,1,1,0
1290,76.0,3.0,21.0,1.0,0,106.0,1.0,40.0,1,1,1
140,22.0,1.0,21.0,5.0,2,10.0,2.0,40.0,1,1,0
5851,62.0,1.0,21.0,1.0,2,49.0,1.0,40.0,0,1,1
656,30.0,1.0,14.0,5.0,2,49.0,17.0,32.0,1,1,0
54,19.0,1.0,19.0,5.0,2,49.0,17.0,40.0,1,1,0
12374,48.0,1.0,21.0,1.0,1,48.0,1.0,40.0,1,1,1
10416,24.0,8.0,16.0,1.0,1,49.0,1.0,40.0,0,1,0
12120,62.0,5.0,21.0,1.0,2,49.0,1.0,40.0,0,1,1
6149,24.0,1.0,18.0,1.0,2,49.0,1.0,15.0,0,1,0
8545,20.0,1.0,21.0,1.0,1,49.0,1.0,22.0,1,1,0
12363,50.0,1.0,18.0,1.0,3,6.0,1.0,50.0,1,1,1
2175,40.0,3.0,21.0,1.0,0,49.0,9.0,40.0,0,1,1
12598,60.0,1.0,19.0,3.0,2,49.0,0.0,10.0,0,1,0
6999,49.0,1.0,19.0,5.0,2,49.0,0.0,40.0,0,1,1
1161,56.0,1.0,21.0,1.0,0,49.0,0.0,30.0,0,1,0
7001,24.0,1.0,16.0,5.0,2,49.0,0.0,30.0,0,1,0
7560,30.0,1.0,21.0,1.0,0,6.0,1.0,40.0,1,1,1
12764,28.0,1.0,23.0,5.0,0,49.0,5.0,60.0,1,1,1
12228,40.0,4.0,19.0,5.0,4,49.0,5.0,40.0,1,1,1
1607,20.0,3.0,19.0,5.0,0,49.0,13.0,50.0,1,1,0
12692,63.0,1.0,19.0,1.0,0,49.0,0.0,40.0,1,1,1
5599,70.0,1.0,21.0,1.0,4,32.0,0.0,40.0,1,1,1
4294,46.0,1.0,18.0,1.0,0,49.0,0.0,30.0,0,1,0
2357,49.0,2.0,19.0,1.0,0,49.0,0.0,10.0,0,1,0
1954,41.0,1.0,19.0,1.0,4,6.0,1.0,30.0,1,1,0
7764,59.0,3.0,19.0,1.0,0,42.0,0.0,25.0,1,1,1
6742,34.0,3.0,16.0,1.0,1,49.0,1.0,12.0,0,1,0
4510,55.0,2.0,21.0,3.0,1,49.0,0.0,40.0,0,1,1
9908,25.0,1.0,18.0,1.0,1,147.0,1.0,40.0,0,0,1
6146,23.0,2.0,18.0,5.0,1,49.0,2.0,20.0,0,1,0
3748,50.0,1.0,22.0,3.0,0,49.0,0.0,54.0,0,1,1
4427,54.0,1.0,19.0,1.0,1,8.0,1.0,40.0,0,1,0
9491,36.0,1.0,18.0,1.0,1,49.0,1.0,4.0,1,1,0
2838,37.0,1.0,21.0,1.0,0,49.0,1.0,4.0,1,1,0
12786,31.0,1.0,1.0,1.0,-1,49.0,7.0,55.0,1,1,0
3719,63.0,1.0,16.0,1.0,4,49.0,1.0,40.0,1,1,0
12562,26.0,1.0,19.0,1.0,2,49.0,0.0,10.0,0,1,0
2234,57.0,1.0,18.0,3.0,4,49.0,2.0,40.0,1,1,0
8351,60.0,7.0,19.0,1.0,2,49.0,0.0,45.0,1,1,1
10469,60.0,1.0,20.0,1.0,0,49.0,0.0,25.0,1,1,0
4598,20.0,1.0,18.0,5.0,1,6.0,2.0,40.0,0,1,0
282,28.0,1.0,22.0,1.0,1,49.0,9.0,29.0,0,1,0
570,52.0,1.0,16.0,3.0,2,49.0,2.0,55.0,1,1,1
489,62.0,1.0,20.0,1.0,1,41.0,0.0,40.0,1,0,1
3102,20.0,1.0,15.0,5.0,1,8.0,2.0,40.0,1,1,0
12165,46.0,2.0,21.0,1.0,1,49.0,0.0,16.0,0,1,0
2438,29.0,1.0,13.0,1.0,4,49.0,1.0,55.0,1,1,1
8752,49.0,2.0,19.0,1.0,0,6.0,0.0,32.0,0,1,1
11674,35.0,1.0,20.0,3.0,0,32.0,0.0,40.0,0,1,1
7770,22.0,6.0,19.0,5.0,1,49.0,2.0,6.0,1,1,0
4799,57.0,1.0,20.0,1.0,2,6.0,0.0,40.0,0,1,1
10744,21.0,1.0,18.0,5.0,2,49.0,0.0,25.0,0,1,0
8571,26.0,2.0,19.0,5.0,0,128.0,2.0,20.0,0,1,0
11492,26.0,3.0,22.0,1.0,0,6.0,1.0,40.0,1,1,1
6231,22.0,1.0,15.0,5.0,1,49.0,2.0,45.0,1,1,0
7850,43.0,2.0,21.0,1.0,0,49.0,1.0,45.0,1,1,1
6150,29.0,1.0,16.0,1.0,1,53.0,2.0,40.0,1,1,0
10111,33.0,1.0,22.0,5.0,0,49.0,0.0,50.0,0,1,1
8018,18.0,1.0,18.0,5.0,2,303.0,0.0,40.0,0,0,0
3269,26.0,1.0,21.0,5.0,0,106.0,2.0,40.0,0,1,0
1497,62.0,2.0,24.0,1.0,0,49.0,1.0,50.0,1,1,1
3394,36.0,7.0,16.0,1.0,2,49.0,0.0,40.0,1,1,0
4800,21.0,1.0,18.0,5.0,0,49.0,4.0,20.0,1,1,0
6795,43.0,1.0,19.0,1.0,0,49.0,1.0,40.0,1,1,1
11084,58.0,7.0,22.0,1.0,0,49.0,0.0,35.0,1,1,1
11122,35.0,1.0,20.0,1.0,2,148.0,1.0,40.0,0,1,1
6078,34.0,4.0,20.0,5.0,2,49.0,0.0,50.0,1,1,1
2716,19.0,1.0,13.0,1.0,1,303.0,1.0,20.0,0,0,0
7127,40.0,7.0,16.0,1.0,0,49.0,0.0,40.0,1,1,1
3153,69.0,1.0,21.0,3.0,0,49.0,13.0,16.0,1,1,0
1530,40.0,1.0,22.0,1.0,0,6.0,0.0,36.0,0,1,1
6364,20.0,3.0,21.0,1.0,0,53.0,6.0,40.0,0,1,0
12274,50.0,1.0,21.0,1.0,3,16.0,1.0,40.0,1,1,1
5488,62.0,1.0,21.0,1.0,0,303.0,0.0,55.0,0,1,1
11102,37.0,1.0,20.0,1.0,4,49.0,1.0,50.0,1,1,1
11412,40.0,1.0,21.0,1.0,1,49.0,0.0,40.0,1,1,1
7865,46.0,2.0,23.0,1.0,0,12.0,0.0,40.0,1,1,1
2061,66.0,1.0,19.0,5.0,0,49.0,2.0,40.0,1,0,0
6295,27.0,1.0,19.0,1.0,4,49.0,0.0,54.0,1,1,1
3126,62.0,1.0,21.0,1.0,0,49.0,0.0,36.0,1,1,1
10859,47.0,1.0,19.0,1.0,2,49.0,1.0,50.0,0,1,1
4559,80.0,1.0,18.0,5.0,4,49.0,0.0,35.0,1,1,1
7585,23.0,1.0,18.0,1.0,2,49.0,1.0,40.0,0,1,0
3068,23.0,1.0,22.0,1.0,0,49.0,0.0,45.0,1,1,1
8881,66.0,1.0,16.0,1.0,2,49.0,0.0,45.0,1,0,1
8117,62.0,1.0,19.0,1.0,-1,49.0,1.0,50.0,0,1,1
9843,41.0,1.0,21.0,1.0,0,1.0,1.0,45.0,1,1,1
9034,31.0,6.0,19.0,1.0,1,303.0,1.0,24.0,0,0,0
11558,50.0,1.0,16.0,1.0,1,231.0,1.0,35.0,0,1,0
9422,44.0,1.0,21.0,3.0,0,6.0,8.0,20.0,0,1,0
7888,28.0,1.0,19.0,5.0,0,49.0,13.0,40.0,1,1,1
7194,24.0,2.0,14.0,5.0,1,49.0,13.0,40.0,1,1,0
3562,31.0,1.0,16.0,2.0,2,48.0,0.0,40.0,0,1,1
7672,34.0,1.0,17.0,5.0,4,49.0,2.0,40.0,0,1,0
2498,25.0,5.0,19.0,3.0,0,49.0,0.0,30.0,1,1,1
5676,41.0,7.0,18.0,1.0,1,49.0,1.0,50.0,1,0,1
3703,28.0,1.0,16.0,5.0,2,49.0,0.0,6.0,0,1,0
6137,40.0,6.0,21.0,4.0,2,49.0,2.0,20.0,0,0,0
7243,20.0,5.0,16.0,1.0,4,468.0,0.0,40.0,1,1,0
2815,25.0,1.0,20.0,5.0,1,49.0,2.0,45.0,1,1,0
5642,68.0,1.0,18.0,1.0,4,49.0,0.0,40.0,1,1,1
5013,42.0,1.0,21.0,5.0,4,417.0,2.0,40.0,1,0,1
3052,34.0,2.0,16.0,5.0,4,120.0,2.0,40.0,0,0,1
10268,17.0,1.0,1.0,5.0,2,242.0,17.0,20.0,0,0,0
12133,18.0,1.0,16.0,5.0,4,39.0,4.0,60.0,1,1,0
745,18.0,1.0,13.0,5.0,4,4.0,2.0,40.0,1,1,0
7718,64.0,2.0,21.0,1.0,0,49.0,1.0,35.0,0,1,0
3792,27.0,1.0,16.0,1.0,4,303.0,2.0,40.0,0,0,0
5570,46.0,1.0,21.0,1.0,1,49.0,1.0,20.0,0,1,0
3518,71.0,1.0,20.0,1.0,0,49.0,0.0,20.0,0,1,0
7464,28.0,1.0,14.0,1.0,2,49.0,10.0,60.0,1,1,1
720,39.0,1.0,18.0,1.0,2,210.0,0.0,20.0,0,0,1
12071,26.0,1.0,22.0,1.0,0,49.0,1.0,40.0,1,1,1
5546,53.0,1.0,16.0,1.0,2,49.0,0.0,28.0,0,1,0
3499,54.0,1.0,16.0,3.0,3,49.0,0.0,25.0,0,1,1
2153,20.0,1.0,19.0,5.0,1,49.0,0.0,22.0,1,0,0
1347,58.0,4.0,22.0,1.0,0,49.0,1.0,40.0,0,1,1
10407,50.0,7.0,18.0,1.0,1,49.0,0.0,45.0,0,1,1
8142,21.0,1.0,21.0,1.0,2,32.0,0.0,50.0,0,1,0
2057,18.0,1.0,21.0,5.0,0,301.0,7.0,80.0,1,1,0
1968,18.0,1.0,18.0,5.0,2,49.0,2.0,33.0,0,1,0
1199,60.0,5.0,21.0,1.0,0,53.0,1.0,45.0,0,1,1
453,61.0,1.0,16.0,1.0,4,16.0,0.0,40.0,1,1,1
10493,43.0,1.0,16.0,1.0,3,49.0,0.0,40.0,1,1,1
2650,56.0,1.0,19.0,1.0,2,49.0,0.0,36.0,0,1,0
1775,25.0,5.0,19.0,1.0,-1,231.0,7.0,20.0,1,1,0
11867,71.0,1.0,16.0,3.0,4,16.0,0.0,40.0,1,1,0
11891,20.0,3.0,19.0,5.0,0,49.0,17.0,20.0,1,1,0
7010,56.0,1.0,21.0,1.0,0,6.0,1.0,33.0,0,1,0
2407,36.0,1.0,19.0,5.0,2,49.0,2.0,4.0,0,1,0
6346,33.0,2.0,23.0,3.0,0,49.0,0.0,40.0,0,1,0
3136,31.0,1.0,18.0,5.0,2,8.0,2.0,33.0,0,1,0
388,70.0,3.0,21.0,1.0,2,49.0,1.0,50.0,1,1,1
9539,35.0,1.0,16.0,1.0,3,49.0,1.0,50.0,1,1,1
3355,58.0,1.0,20.0,1.0,4,49.0,0.0,50.0,1,1,1
11309,46.0,1.0,18.0,3.0,2,56.0,0.0,40.0,1,1,1
12167,62.0,1.0,22.0,3.0,0,120.0,0.0,50.0,1,0,1
3408,48.0,1.0,16.0,1.0,3,49.0,0.0,40.0,1,1,1
11342,70.0,1.0,21.0,1.0,0,49.0,0.0,40.0,0,1,1
5322,62.0,3.0,21.0,1.0,0,35.0,0.0,40.0,1,1,1
1369,40.0,2.0,22.0,1.0,0,39.0,1.0,20.0,0,1,0
12432,68.0,1.0,16.0,1.0,2,49.0,0.0,46.0,1,1,1
9342,53.0,4.0,5.0,2.0,2,49.0,0.0,32.0,1,1,1
4389,33.0,4.0,19.0,3.0,0,6.0,2.0,28.0,0,1,0
4133,30.0,6.0,21.0,1.0,1,440.0,2.0,50.0,1,0,0
2478,33.0,1.0,16.0,1.0,3,408.0,0.0,45.0,1,1,1
2875,47.0,1.0,21.0,5.0,1,49.0,17.0,40.0,0,1,1
65,57.0,1.0,19.0,1.0,2,39.0,0.0,25.0,0,1,0
8962,63.0,1.0,18.0,3.0,3,49.0,0.0,40.0,1,1,0
1936,22.0,1.0,14.0,5.0,1,49.0,2.0,40.0,0,1,0
286,21.0,5.0,16.0,1.0,3,49.0,1.0,40.0,0,1,0
10445,50.0,1.0,23.0,3.0,0,49.0,0.0,50.0,0,1,1
6637,30.0,1.0,17.0,1.0,4,49.0,1.0,40.0,1,0,1
298,56.0,1.0,21.0,1.0,0,31.0,1.0,40.0,1,1,1
6984,55.0,3.0,18.0,1.0,2,49.0,0.0,30.0,0,1,0
3663,34.0,2.0,22.0,1.0,0,49.0,0.0,50.0,1,0,1
3745,46.0,1.0,10.0,3.0,0,421.0,0.0,40.0,1,0,1
11343,69.0,1.0,16.0,3.0,2,49.0,2.0,20.0,0,1,0
7914,49.0,1.0,16.0,1.0,2,370.0,0.0,50.0,1,1,1
6475,39.0,1.0,16.0,1.0,0,10.0,0.0,46.0,0,1,1
3344,23.0,3.0,19.0,1.0,0,49.0,1.0,20.0,0,1,0
8765,17.0,1.0,14.0,5.0,2,49.0,2.0,36.0,0,1,0
8820,45.0,3.0,18.0,5.0,4,49.0,2.0,40.0,0,1,0
7497,21.0,1.0,18.0,1.0,3,49.0,1.0,40.0,1,1,0
519,43.0,7.0,21.0,1.0,0,53.0,1.0,70.0,1,1,1
12124,19.0,1.0,20.0,5.0,0,49.0,17.0,40.0,1,1,0
9876,24.0,1.0,16.0,5.0,4,247.0,5.0,45.0,1,0,1
12553,43.0,3.0,16.0,1.0,2,6.0,1.0,85.0,0,1,0
6370,46.0,1.0,21.0,1.0,0,49.0,2.0,40.0,0,1,1
12320,64.0,7.0,19.0,1.0,3,41.0,0.0,50.0,1,1,1
9603,35.0,4.0,22.0,1.0,0,242.0,0.0,40.0,1,0,1
2096,34.0,1.0,19.0,5.0,0,34.0,0.0,10.0,0,1,1
8785,28.0,2.0,16.0,1.0,0,128.0,0.0,42.0,1,1,1
7293,25.0,1.0,16.0,5.0,2,110.0,2.0,40.0,0,1,0
5493,59.0,4.0,22.0,1.0,0,36.0,1.0,40.0,0,1,1
9550,21.0,3.0,19.0,1.0,0,49.0,0.0,30.0,0,1,0
1006,43.0,1.0,19.0,5.0,4,49.0,2.0,45.0,1,1,0
5847,45.0,1.0,20.0,1.0,3,6.0,1.0,50.0,1,1,1
5422,40.0,7.0,21.0,1.0,-1,53.0,0.0,40.0,1,1,1
9884,43.0,1.0,16.0,1.0,0,508.0,1.0,40.0,0,0,1
1274,24.0,2.0,16.0,5.0,1,49.0,2.0,40.0,1,1,0
5921,28.0,1.0,18.0,1.0,0,49.0,1.0,40.0,0,1,1
5370,57.0,1.0,16.0,1.0,3,49.0,1.0,40.0,1,1,1
2818,49.0,1.0,19.0,1.0,0,49.0,0.0,45.0,0,1,1
6850,25.0,1.0,15.0,3.0,2,49.0,13.0,40.0,1,1,0
8481,44.0,3.0,21.0,1.0,0,49.0,0.0,40.0,0,1,1
3183,54.0,4.0,18.0,1.0,2,49.0,0.0,20.0,0,1,0
7650,27.0,2.0,19.0,5.0,1,49.0,2.0,20.0,0,1,0
4125,43.0,1.0,18.0,1.0,1,31.0,1.0,40.0,0,1,1
6655,57.0,1.0,19.0,1.0,0,49.0,1.0,50.0,1,1,1
3414,65.0,2.0,21.0,1.0,0,56.0,0.0,40.0,0,1,1
8862,46.0,1.0,21.0,1.0,0,49.0,0.0,50.0,1,1,1
9403,36.0,1.0,19.0,1.0,2,49.0,1.0,40.0,0,1,1
3212,22.0,7.0,21.0,1.0,0,49.0,1.0,40.0,1,1,0
1110,19.0,1.0,21.0,1.0,2,49.0,0.0,48.0,1,1,0
3959,21.0,2.0,18.0,5.0,0,49.0,17.0,15.0,0,1,0
8485,35.0,3.0,21.0,5.0,0,48.0,2.0,40.0,1,1,1
2954,48.0,1.0,19.0,1.0,0,303.0,0.0,38.0,0,1,1
4668,39.0,1.0,21.0,1.0,0,49.0,0.0,40.0,0,1,1
5582,40.0,1.0,22.0,1.0,0,49.0,1.0,40.0,0,1,1
8896,21.0,1.0,20.0,1.0,0,49.0,1.0,20.0,0,1,0
9805,40.0,1.0,24.0,1.0,0,247.0,0.0,49.0,1,0,1
5203,57.0,1.0,20.0,1.0,0,49.0,1.0,40.0,0,0,1
11612,42.0,1.0,21.0,1.0,0,49.0,0.0,40.0,1,1,1
8872,19.0,4.0,18.0,5.0,0,49.0,17.0,50.0,1,1,0
2642,34.0,1.0,17.0,5.0,2,33.0,11.0,3.0,0,1,0
11123,28.0,7.0,21.0,1.0,0,49.0,1.0,40.0,0,1,1
3019,24.0,1.0,21.0,1.0,0,49.0,0.0,30.0,1,1,0
220,54.0,1.0,22.0,3.0,2,49.0,2.0,20.0,0,1,0
447,45.0,3.0,21.0,1.0,0,12.0,0.0,84.0,0,1,0
4914,33.0,1.0,21.0,1.0,2,31.0,0.0,45.0,1,0,0
11148,32.0,7.0,21.0,1.0,0,49.0,1.0,45.0,1,1,1
11995,62.0,6.0,21.0,1.0,0,49.0,7.0,4.0,1,1,0
10773,36.0,1.0,19.0,1.0,0,49.0,1.0,40.0,1,1,0
8696,17.0,1.0,13.0,5.0,1,32.0,17.0,40.0,1,1,0
10191,27.0,1.0,14.0,5.0,4,49.0,15.0,16.0,1,1,0
9203,19.0,4.0,21.0,5.0,0,49.0,0.0,10.0,0,1,0
3542,24.0,1.0,19.0,5.0,0,128.0,0.0,4.0,0,1,0
5902,58.0,1.0,19.0,1.0,0,49.0,0.0,40.0,1,1,1
990,58.0,1.0,22.0,1.0,0,6.0,0.0,40.0,1,1,1
9216,46.0,1.0,21.0,1.0,2,49.0,17.0,40.0,1,1,1
11917,32.0,1.0,21.0,1.0,0,49.0,0.0,40.0,1,1,1
2398,47.0,7.0,20.0,1.0,2,49.0,0.0,60.0,1,1,1
10229,39.0,1.0,21.0,1.0,0,370.0,1.0,38.0,1,1,0
5070,28.0,1.0,16.0,5.0,3,49.0,2.0,50.0,1,1,0
4288,71.0,4.0,19.0,1.0,0,440.0,1.0,40.0,0,1,0
5195,49.0,1.0,16.0,1.0,3,49.0,1.0,47.0,1,1,1
2012,78.0,1.0,16.0,3.0,4,49.0,13.0,20.0,1,0,0
7874,60.0,1.0,19.0,1.0,0,49.0,0.0,35.0,0,1,0
1587,53.0,2.0,21.0,1.0,0,49.0,0.0,10.0,0,1,0
2317,62.0,1.0,22.0,1.0,0,49.0,0.0,45.0,1,1,1
10548,44.0,1.0,16.0,3.0,3,49.0,0.0,45.0,1,1,1
2088,52.0,1.0,21.0,1.0,2,49.0,0.0,40.0,0,1,1
11193,18.0,1.0,12.0,1.0,1,508.0,1.0,10.0,0,1,0
11868,25.0,4.0,20.0,1.0,1,6.0,1.0,47.0,1,1,1
9089,32.0,1.0,16.0,5.0,2,223.0,2.0,20.0,1,0,0
7768,48.0,2.0,19.0,5.0,2,49.0,2.0,10.0,0,1,0
6167,43.0,1.0,16.0,1.0,0,6.0,0.0,65.0,1,1,1
9451,68.0,1.0,16.0,5.0,4,49.0,2.0,60.0,1,1,0
7164,43.0,1.0,19.0,5.0,4,49.0,10.0,20.0,0,1,0
520,44.0,2.0,22.0,1.0,2,38.0,0.0,40.0,0,0,1
9722,62.0,4.0,19.0,1.0,0,49.0,0.0,40.0,1,1,1
4637,50.0,1.0,21.0,1.0,0,48.0,1.0,29.0,0,1,0
4343,29.0,1.0,18.0,1.0,2,49.0,1.0,36.0,1,1,0
8451,24.0,1.0,19.0,1.0,2,49.0,0.0,40.0,0,1,0
828,27.0,1.0,15.0,5.0,4,164.0,2.0,20.0,1,0,0
6020,25.0,5.0,17.0,5.0,2,47.0,12.0,40.0,1,0,0
7427,27.0,2.0,18.0,1.0,0,301.0,0.0,20.0,1,1,0
4109,70.0,1.0,20.0,1.0,3,6.0,1.0,45.0,1,1,1
5449,49.0,2.0,19.0,1.0,0,53.0,0.0,40.0,0,1,0
7435,50.0,1.0,18.0,5.0,0,49.0,0.0,42.0,1,1,1
2386,56.0,1.0,20.0,3.0,1,49.0,0.0,40.0,1,1,1
9949,21.0,1.0,21.0,5.0,0,49.0,17.0,50.0,1,1,0
4114,33.0,1.0,21.0,1.0,2,508.0,2.0,70.0,1,1,1
1208,55.0,7.0,20.0,1.0,0,6.0,1.0,40.0,1,1,1
9195,29.0,6.0,21.0,1.0,1,49.0,0.0,40.0,1,1,1
7499,26.0,1.0,19.0,5.0,3,49.0,2.0,40.0,1,1,0
13043,40.0,7.0,21.0,1.0,0,49.0,1.0,40.0,1,1,1
2869,37.0,1.0,18.0,1.0,4,49.0,1.0,40.0,0,1,0
3625,56.0,1.0,16.0,5.0,1,16.0,10.0,50.0,1,1,0
7338,50.0,7.0,19.0,1.0,1,6.0,2.0,25.0,1,1,0
6766,39.0,1.0,21.0,1.0,2,301.0,1.0,20.0,0,1,0
8924,18.0,3.0,19.0,5.0,2,49.0,10.0,30.0,0,1,0
5747,64.0,1.0,20.0,1.0,0,16.0,0.0,50.0,0,1,1
8446,62.0,7.0,21.0,1.0,2,6.0,1.0,50.0,1,1,1
157,36.0,1.0,16.0,1.0,2,49.0,1.0,40.0,0,1,0
183,56.0,1.0,21.0,1.0,0,16.0,0.0,40.0,1,1,0
7977,40.0,3.0,15.0,1.0,3,49.0,1.0,45.0,1,1,1
1747,39.0,1.0,16.0,1.0,2,49.0,1.0,50.0,1,1,1
9177,17.0,1.0,16.0,5.0,2,49.0,0.0,32.0,0,0,0
3267,52.0,1.0,20.0,5.0,0,49.0,0.0,8.0,0,1,0
3687,37.0,1.0,16.0,3.0,4,49.0,0.0,36.0,1,1,0
10387,53.0,6.0,17.0,3.0,0,49.0,0.0,40.0,1,1,1
5776,45.0,5.0,21.0,1.0,0,49.0,1.0,40.0,0,1,1
10349,24.0,1.0,19.0,1.0,2,49.0,0.0,30.0,1,1,0
4959,67.0,2.0,16.0,5.0,0,49.0,0.0,40.0,0,1,1
10624,41.0,1.0,18.0,2.0,1,49.0,16.0,25.0,0,1,0
10984,31.0,1.0,22.0,1.0,1,35.0,1.0,40.0,0,1,1
4804,52.0,6.0,19.0,3.0,4,49.0,0.0,45.0,1,1,1
4746,22.0,1.0,16.0,5.0,4,417.0,2.0,26.0,0,1,0
5671,26.0,1.0,22.0,5.0,3,48.0,2.0,45.0,1,0,1
2195,22.0,1.0,19.0,5.0,2,49.0,2.0,15.0,0,1,0
8221,63.0,1.0,20.0,1.0,2,49.0,1.0,40.0,0,1,1
4682,57.0,1.0,21.0,1.0,2,49.0,1.0,40.0,1,1,1
378,42.0,1.0,17.0,5.0,2,48.0,17.0,35.0,1,1,1
5274,42.0,1.0,14.0,5.0,1,49.0,2.0,35.0,1,1,0
10084,57.0,1.0,20.0,3.0,2,49.0,0.0,40.0,1,1,1
6722,30.0,2.0,19.0,1.0,0,49.0,9.0,20.0,0,1,1
11168,19.0,3.0,16.0,5.0,0,6.0,2.0,38.0,0,1,0
4146,28.0,1.0,21.0,1.0,0,49.0,1.0,40.0,1,1,1
7086,28.0,1.0,21.0,1.0,2,16.0,1.0,55.0,0,1,0
10757,60.0,4.0,16.0,1.0,4,49.0,0.0,50.0,1,1,1
6469,54.0,1.0,20.0,1.0,2,31.0,1.0,35.0,0,1,0
6878,51.0,1.0,16.0,1.0,3,8.0,0.0,50.0,1,1,1
8735,25.0,1.0,18.0,5.0,1,39.0,2.0,27.0,0,1,0
949,20.0,6.0,14.0,5.0,2,49.0,2.0,40.0,1,1,0
9652,33.0,6.0,23.0,1.0,0,9.0,0.0,40.0,1,1,0
2865,46.0,3.0,23.0,1.0,0,51.0,1.0,40.0,0,1,1
1357,29.0,6.0,23.0,5.0,0,49.0,17.0,40.0,1,1,1
5067,38.0,6.0,16.0,1.0,1,49.0,1.0,16.0,0,1,0
384,42.0,4.0,16.0,1.0,1,49.0,1.0,30.0,0,1,0
1399,71.0,1.0,16.0,3.0,0,49.0,0.0,40.0,1,1,1
9775,51.0,7.0,21.0,1.0,0,49.0,0.0,30.0,1,1,1
9879,24.0,1.0,19.0,5.0,0,49.0,0.0,43.0,0,1,0
9791,58.0,2.0,18.0,1.0,0,49.0,1.0,40.0,0,1,0
12779,54.0,1.0,19.0,1.0,2,49.0,0.0,40.0,1,1,1
12775,44.0,7.0,23.0,1.0,0,6.0,9.0,40.0,1,1,1
11103,33.0,3.0,22.0,1.0,0,34.0,1.0,46.0,0,1,1
8255,38.0,1.0,19.0,1.0,0,49.0,1.0,8.0,0,1,0
10971,27.0,3.0,22.0,5.0,0,49.0,2.0,40.0,1,1,0
4977,28.0,2.0,20.0,1.0,0,327.0,0.0,40.0,1,1,1
10991,54.0,1.0,21.0,1.0,0,41.0,1.0,35.0,0,0,1
5948,28.0,1.0,20.0,3.0,1,49.0,13.0,40.0,1,1,0
12203,71.0,1.0,21.0,1.0,0,49.0,0.0,48.0,1,1,1
9191,20.0,3.0,18.0,5.0,2,49.0,2.0,2.0,0,1,0
4622,53.0,1.0,21.0,1.0,0,55.0,1.0,40.0,1,1,1
12852,45.0,4.0,21.0,1.0,0,49.0,1.0,40.0,0,1,1
12749,35.0,1.0,16.0,1.0,4,49.0,1.0,27.0,1,1,0
1848,29.0,2.0,19.0,1.0,0,30.0,0.0,40.0,0,1,0
429,37.0,1.0,19.0,1.0,0,27.0,0.0,45.0,1,1,1
12479,19.0,1.0,19.0,5.0,2,49.0,0.0,12.0,1,1,0
12217,49.0,7.0,22.0,1.0,0,6.0,0.0,40.0,1,1,1
633,42.0,1.0,12.0,1.0,3,6.0,1.0,40.0,1,1,1
5172,50.0,7.0,19.0,3.0,0,48.0,11.0,50.0,0,1,1
2168,26.0,4.0,24.0,5.0,0,6.0,12.0,40.0,0,1,1
9615,79.0,1.0,19.0,3.0,2,49.0,0.0,12.0,0,1,0
4875,17.0,1.0,1.0,5.0,1,6.0,17.0,40.0,1,1,0
8784,45.0,1.0,17.0,1.0,1,16.0,0.0,15.0,0,1,0
5184,70.0,2.0,22.0,1.0,0,49.0,1.0,45.0,1,1,1
12427,39.0,3.0,21.0,1.0,0,48.0,1.0,42.0,1,1,1
6553,19.0,1.0,16.0,2.0,4,303.0,0.0,30.0,0,0,0
12602,59.0,1.0,21.0,1.0,1,6.0,1.0,40.0,0,1,1
9634,65.0,1.0,18.0,3.0,4,49.0,0.0,4.0,0,1,0
1545,34.0,6.0,23.0,1.0,0,49.0,0.0,45.0,0,1,1
5276,46.0,4.0,21.0,1.0,0,49.0,1.0,60.0,0,1,1
9262,18.0,3.0,21.0,5.0,4,49.0,4.0,28.0,1,1,0
8369,36.0,1.0,19.0,5.0,2,6.0,0.0,15.0,0,1,0
9525,18.0,3.0,20.0,5.0,0,49.0,17.0,25.0,0,1,0
6053,31.0,1.0,19.0,1.0,1,49.0,0.0,40.0,0,1,0
5520,62.0,4.0,21.0,1.0,0,49.0,1.0,40.0,1,1,1
1665,27.0,1.0,21.0,1.0,4,49.0,0.0,40.0,1,1,1
7007,42.0,1.0,21.0,1.0,2,49.0,0.0,50.0,0,1,1
5090,35.0,1.0,21.0,1.0,0,6.0,1.0,40.0,1,1,1
11313,20.0,1.0,21.0,5.0,0,16.0,13.0,28.0,1,1,0
2870,21.0,6.0,9.0,5.0,4,6.0,0.0,40.0,1,0,0
12616,36.0,1.0,19.0,1.0,0,49.0,0.0,40.0,0,1,1
2029,24.0,1.0,21.0,5.0,1,49.0,10.0,20.0,0,1,0
8969,26.0,1.0,19.0,1.0,4,303.0,17.0,30.0,1,1,0
8706,44.0,5.0,20.0,1.0,0,49.0,0.0,1.0,1,0,1
5718,58.0,4.0,23.0,1.0,0,49.0,1.0,40.0,0,1,1
9979,48.0,4.0,18.0,1.0,4,231.0,1.0,40.0,1,1,1
9832,50.0,1.0,16.0,1.0,1,16.0,1.0,40.0,0,1,1
9482,34.0,7.0,23.0,1.0,0,49.0,0.0,50.0,1,1,1
6045,22.0,1.0,15.0,1.0,4,49.0,1.0,42.0,0,1,0
4392,26.0,6.0,19.0,5.0,1,49.0,11.0,60.0,0,1,1
5630,33.0,4.0,22.0,1.0,0,49.0,0.0,40.0,0,1,1
277,52.0,4.0,24.0,1.0,0,215.0,0.0,40.0,1,1,1
3207,57.0,1.0,21.0,1.0,0,49.0,0.0,40.0,0,1,0
9702,51.0,1.0,22.0,1.0,0,8.0,1.0,50.0,1,1,1
328,21.0,1.0,16.0,5.0,3,6.0,12.0,40.0,0,0,0
1549,49.0,1.0,21.0,1.0,0,6.0,0.0,40.0,1,0,1
12066,56.0,1.0,16.0,1.0,1,49.0,0.0,55.0,1,1,1
1306,47.0,6.0,15.0,1.0,1,49.0,0.0,40.0,1,1,1
6039,39.0,1.0,21.0,1.0,0,147.0,0.0,40.0,1,0,0
7970,19.0,1.0,14.0,5.0,1,49.0,13.0,20.0,0,1,0
5176,51.0,1.0,16.0,1.0,2,49.0,1.0,40.0,1,1,1
10080,50.0,3.0,22.0,1.0,0,6.0,0.0,40.0,0,1,1
9411,48.0,1.0,23.0,1.0,0,49.0,1.0,50.0,1,1,1
2772,45.0,1.0,19.0,3.0,4,49.0,0.0,40.0,1,1,1
3258,49.0,1.0,21.0,1.0,0,49.0,1.0,40.0,0,1,0
569,71.0,1.0,21.0,3.0,2,6.0,10.0,40.0,1,1,0
3271,24.0,6.0,16.0,1.0,0,370.0,0.0,28.0,0,0,0
6006,29.0,1.0,19.0,5.0,2,49.0,2.0,40.0,1,1,0
12993,58.0,1.0,16.0,1.0,2,51.0,1.0,40.0,0,1,0
4813,26.0,1.0,22.0,1.0,0,223.0,0.0,50.0,1,1,1
6274,53.0,1.0,24.0,1.0,0,49.0,1.0,45.0,1,1,1
10309,20.0,1.0,19.0,5.0,3,49.0,4.0,55.0,1,1,0
1670,22.0,1.0,18.0,5.0,1,6.0,17.0,40.0,0,1,0
353,19.0,1.0,19.0,5.0,0,44.0,0.0,16.0,1,1,0
7566,18.0,1.0,16.0,5.0,4,49.0,2.0,20.0,1,1,0
8675,64.0,1.0,21.0,1.0,2,49.0,1.0,40.0,1,1,1
5557,22.0,2.0,18.0,1.0,4,211.0,1.0,40.0,1,0,0
11439,34.0,1.0,19.0,5.0,5,26.0,17.0,50.0,1,1,1
6806,21.0,1.0,16.0,5.0,0,16.0,0.0,8.0,0,1,0
4950,66.0,1.0,21.0,1.0,2,49.0,1.0,40.0,1,1,1
10564,35.0,3.0,18.0,5.0,1,6.0,0.0,40.0,0,0,1
2833,38.0,1.0,17.0,1.0,3,373.0,1.0,45.0,1,1,1
715,55.0,5.0,21.0,1.0,0,49.0,0.0,20.0,0,1,0
2446,45.0,3.0,18.0,1.0,1,42.0,1.0,8.0,1,1,0
1455,23.0,1.0,18.0,5.0,4,49.0,17.0,32.0,1,1,0
7886,64.0,1.0,18.0,1.0,0,49.0,0.0,40.0,1,1,1
11515,17.0,1.0,14.0,5.0,1,370.0,2.0,20.0,1,0,0
530,46.0,2.0,20.0,1.0,0,6.0,1.0,15.0,0,1,0
3050,52.0,1.0,21.0,1.0,2,16.0,0.0,15.0,0,1,0
677,33.0,1.0,20.0,5.0,1,42.0,2.0,60.0,1,1,0
8203,63.0,7.0,22.0,1.0,0,370.0,0.0,40.0,0,1,1
8550,19.0,2.0,19.0,5.0,0,6.0,17.0,48.0,1,1,0
8651,54.0,1.0,16.0,1.0,1,16.0,0.0,40.0,1,1,1
12500,76.0,7.0,21.0,1.0,-1,49.0,0.0,40.0,1,1,1
1900,37.0,1.0,19.0,1.0,0,49.0,1.0,40.0,0,1,1
12724,57.0,1.0,21.0,1.0,2,49.0,1.0,40.0,0,1,1
11201,56.0,1.0,16.0,1.0,3,29.0,0.0,45.0,1,1,1
9219,19.0,6.0,16.0,1.0,4,16.0,0.0,40.0,0,1,0
9551,25.0,1.0,16.0,1.0,2,370.0,1.0,20.0,0,1,0
1830,18.0,1.0,17.0,5.0,2,30.0,3.0,29.0,0,1,0
7856,48.0,1.0,22.0,1.0,2,209.0,1.0,16.0,0,1,1
131,43.0,1.0,16.0,1.0,4,49.0,1.0,30.0,1,1,0
10152,40.0,1.0,19.0,1.0,3,49.0,0.0,40.0,1,1,1
11516,64.0,1.0,21.0,3.0,0,6.0,0.0,40.0,0,1,1
7459,41.0,5.0,16.0,1.0,2,6.0,0.0,29.0,0,1,0
2898,23.0,1.0,19.0,5.0,3,49.0,0.0,20.0,1,0,0
6164,17.0,1.0,20.0,5.0,2,49.0,2.0,40.0,0,1,0
12092,30.0,1.0,14.0,5.0,0,231.0,12.0,40.0,0,1,1
12074,24.0,1.0,16.0,5.0,3,49.0,15.0,50.0,1,1,0
12269,31.0,1.0,21.0,5.0,1,164.0,2.0,40.0,0,0,0
11164,59.0,8.0,16.0,1.0,3,49.0,0.0,25.0,1,1,0
1329,23.0,1.0,22.0,5.0,0,49.0,0.0,40.0,0,1,1
10294,23.0,1.0,16.0,1.0,4,49.0,0.0,40.0,1,1,0
4400,25.0,1.0,16.0,5.0,4,49.0,2.0,20.0,1,1,0
5166,46.0,1.0,16.0,1.0,0,49.0,0.0,40.0,1,1,1
4051,24.0,3.0,19.0,1.0,1,49.0,1.0,40.0,0,1,0
9590,30.0,2.0,19.0,1.0,0,49.0,0.0,50.0,0,1,0
11161,68.0,1.0,16.0,1.0,3,30.0,1.0,41.0,1,1,1
6372,48.0,1.0,16.0,1.0,4,49.0,1.0,50.0,1,1,1
2362,18.0,6.0,17.0,1.0,3,49.0,0.0,12.0,1,1,0
5889,46.0,1.0,21.0,1.0,1,49.0,1.0,40.0,1,1,0
148,47.0,1.0,18.0,1.0,2,1.0,1.0,40.0,1,1,1
5990,57.0,1.0,18.0,1.0,0,6.0,0.0,40.0,0,0,1
11260,54.0,1.0,20.0,3.0,2,49.0,0.0,60.0,0,1,1
12549,18.0,1.0,19.0,5.0,1,6.0,2.0,20.0,0,1,0
4268,80.0,1.0,4.0,4.0,3,49.0,0.0,40.0,1,1,1
615,64.0,1.0,21.0,3.0,0,49.0,12.0,36.0,0,0,1
4785,61.0,6.0,21.0,1.0,1,247.0,0.0,55.0,0,0,1
9372,30.0,1.0,21.0,1.0,0,49.0,1.0,40.0,1,1,1
2842,27.0,1.0,16.0,1.0,3,49.0,0.0,40.0,1,1,1
23,41.0,2.0,19.0,1.0,0,49.0,0.0,40.0,0,1,1
4081,21.0,4.0,20.0,5.0,1,49.0,2.0,38.0,1,1,0
11054,43.0,2.0,21.0,5.0,0,48.0,2.0,4.0,0,1,0
11271,33.0,3.0,22.0,1.0,0,49.0,0.0,30.0,0,1,1
5512,50.0,1.0,19.0,5.0,1,49.0,13.0,40.0,0,1,1
3010,32.0,6.0,14.0,1.0,4,162.0,1.0,30.0,1,0,0
10436,86.0,1.0,19.0,2.0,-1,49.0,16.0,32.0,0,1,0
1928,51.0,1.0,20.0,1.0,2,247.0,0.0,40.0,0,1,1
9880,66.0,1.0,20.0,5.0,0,49.0,0.0,40.0,1,1,1
85,23.0,1.0,16.0,5.0,4,205.0,0.0,40.0,1,0,0
3484,23.0,1.0,18.0,5.0,4,10.0,17.0,35.0,0,1,0
3016,26.0,1.0,22.0,5.0,0,49.0,13.0,45.0,1,1,1
5654,27.0,1.0,22.0,1.0,0,39.0,1.0,40.0,0,1,0
7318,20.0,1.0,17.0,5.0,3,49.0,2.0,20.0,1,0,0
3304,37.0,1.0,21.0,1.0,0,103.0,1.0,8.0,0,1,0
9708,57.0,1.0,21.0,3.0,0,32.0,0.0,40.0,0,1,1
8062,53.0,4.0,18.0,2.0,4,9.0,0.0,45.0,1,1,1
10009,28.0,2.0,21.0,1.0,0,49.0,1.0,20.0,0,1,0
10317,41.0,1.0,16.0,1.0,2,164.0,1.0,40.0,0,0,0
11754,17.0,2.0,14.0,5.0,1,35.0,0.0,40.0,0,1,0
5056,45.0,5.0,13.0,3.0,5,49.0,0.0,40.0,1,1,1
3998,51.0,7.0,21.0,1.0,0,49.0,0.0,40.0,0,0,0
5498,42.0,7.0,17.0,1.0,3,49.0,0.0,44.0,1,1,1
4695,44.0,6.0,16.0,1.0,1,53.0,0.0,60.0,1,1,0
5528,33.0,2.0,18.0,1.0,0,37.0,0.0,40.0,1,1,1
11997,36.0,1.0,16.0,1.0,2,49.0,1.0,25.0,0,1,0
6698,40.0,1.0,19.0,1.0,2,49.0,0.0,40.0,0,1,0
11583,21.0,1.0,17.0,5.0,2,16.0,0.0,16.0,0,1,0
7568,48.0,3.0,19.0,1.0,0,49.0,0.0,50.0,1,1,1
11509,26.0,1.0,19.0,1.0,3,49.0,1.0,28.0,1,1,0
1071,44.0,1.0,16.0,3.0,3,49.0,0.0,20.0,1,0,0
8038,24.0,1.0,19.0,1.0,4,6.0,1.0,20.0,1,1,0
3457,62.0,2.0,16.0,5.0,2,301.0,17.0,45.0,0,1,0
432,75.0,3.0,14.0,1.0,2,6.0,9.0,40.0,0,0,0
4603,26.0,1.0,16.0,1.0,3,49.0,1.0,30.0,0,0,0
11654,63.0,1.0,17.0,1.0,4,370.0,0.0,40.0,1,0,1
12277,80.0,1.0,20.0,2.0,0,41.0,0.0,40.0,0,1,1
4960,19.0,5.0,1.0,5.0,5,49.0,17.0,40.0,1,1,0
10297,35.0,1.0,21.0,1.0,2,49.0,0.0,40.0,1,1,0
6464,33.0,6.0,16.0,1.0,4,49.0,1.0,40.0,0,1,0
3758,18.0,1.0,15.0,5.0,1,49.0,17.0,5.0,0,1,0
10251,19.0,1.0,19.0,5.0,1,6.0,2.0,40.0,1,1,0
4019,48.0,7.0,20.0,1.0,2,6.0,0.0,38.0,0,1,0
1661,27.0,1.0,19.0,5.0,1,49.0,2.0,40.0,0,1,0
216,56.0,1.0,18.0,1.0,3,49.0,0.0,40.0,1,1,1
7631,34.0,1.0,21.0,5.0,0,6.0,0.0,55.0,1,1,1
4043,62.0,2.0,20.0,3.0,0,49.0,0.0,20.0,0,1,0
11503,29.0,5.0,22.0,1.0,2,49.0,1.0,28.0,0,1,0
11214,30.0,2.0,16.0,5.0,2,49.0,0.0,25.0,0,1,0
783,25.0,2.0,21.0,1.0,2,49.0,0.0,30.0,0,1,0
4308,68.0,5.0,16.0,1.0,1,49.0,0.0,40.0,0,1,0
9990,27.0,6.0,19.0,1.0,0,60.0,0.0,30.0,1,0,0
7342,76.0,1.0,19.0,1.0,0,49.0,0.0,40.0,1,1,1
1307,46.0,8.0,20.0,1.0,0,49.0,0.0,10.0,1,1,0
12644,28.0,1.0,16.0,1.0,4,49.0,1.0,40.0,1,1,1
4220,64.0,1.0,21.0,1.0,0,236.0,0.0,40.0,0,1,1
2082,72.0,1.0,16.0,1.0,2,55.0,0.0,50.0,0,1,1
9401,36.0,1.0,22.0,1.0,2,49.0,0.0,35.0,0,1,0
6413,46.0,5.0,17.0,1.0,1,30.0,1.0,38.0,1,1,0
564,18.0,1.0,18.0,5.0,2,6.0,2.0,40.0,0,1,0
12121,26.0,1.0,19.0,5.0,0,49.0,12.0,25.0,0,1,0
10026,36.0,3.0,23.0,1.0,0,6.0,0.0,40.0,1,1,1
6915,46.0,5.0,20.0,1.0,0,8.0,0.0,36.0,1,1,1
2396,21.0,1.0,19.0,5.0,4,6.0,2.0,25.0,0,1,0
6116,30.0,1.0,19.0,1.0,2,42.0,0.0,20.0,0,1,0
8241,40.0,2.0,19.0,1.0,1,49.0,6.0,25.0,0,1,0
7626,17.0,1.0,18.0,5.0,2,49.0,2.0,40.0,1,1,0
6196,54.0,1.0,16.0,1.0,0,49.0,1.0,40.0,1,1,1
4106,29.0,1.0,20.0,5.0,2,6.0,17.0,20.0,0,1,0
9721,85.0,6.0,19.0,5.0,3,26.0,0.0,40.0,1,1,0
3730,51.0,1.0,16.0,1.0,-1,49.0,0.0,45.0,1,0,1
7988,78.0,1.0,16.0,3.0,0,6.0,2.0,30.0,0,1,0
992,86.0,6.0,18.0,2.0,2,56.0,0.0,20.0,0,0,0
7843,26.0,4.0,21.0,1.0,0,49.0,0.0,40.0,0,1,0
10955,47.0,3.0,23.0,1.0,0,49.0,1.0,40.0,1,1,1
6462,34.0,1.0,17.0,1.0,4,370.0,0.0,55.0,1,1,1
7841,23.0,1.0,14.0,5.0,1,132.0,2.0,90.0,0,0,0
1346,50.0,1.0,1.0,3.0,4,6.0,0.0,50.0,1,1,1
5970,24.0,1.0,19.0,5.0,4,36.0,0.0,20.0,1,1,0
6502,27.0,1.0,16.0,1.0,4,49.0,0.0,50.0,1,1,1
2379,29.0,1.0,19.0,1.0,1,49.0,0.0,40.0,1,1,1
2361,27.0,7.0,19.0,1.0,0,51.0,0.0,40.0,1,1,1
11049,22.0,2.0,19.0,5.0,0,49.0,2.0,25.0,1,1,0
5827,32.0,1.0,22.0,1.0,0,49.0,0.0,40.0,1,1,1
2714,20.0,1.0,18.0,5.0,0,18.0,11.0,30.0,0,0,0
4054,56.0,7.0,19.0,1.0,2,49.0,1.0,50.0,1,1,1
9391,25.0,1.0,21.0,1.0,0,49.0,0.0,40.0,1,1,1
12185,54.0,1.0,19.0,1.0,0,48.0,1.0,40.0,0,1,0
2156,39.0,1.0,20.0,1.0,3,49.0,6.0,37.0,0,1,0
3108,63.0,1.0,21.0,1.0,2,38.0,0.0,40.0,0,1,1
925,54.0,1.0,16.0,3.0,4,49.0,0.0,40.0,0,1,0
1011,59.0,1.0,16.0,1.0,1,49.0,1.0,40.0,1,0,0
9063,42.0,1.0,21.0,1.0,0,205.0,0.0,30.0,0,1,0
1044,23.0,2.0,16.0,1.0,4,49.0,0.0,36.0,1,1,0
10260,47.0,1.0,24.0,1.0,0,49.0,0.0,40.0,1,1,1
4305,64.0,1.0,21.0,1.0,2,25.0,0.0,40.0,1,1,1
9374,25.0,1.0,14.0,5.0,3,42.0,0.0,55.0,1,1,1
9580,43.0,3.0,21.0,1.0,0,36.0,0.0,40.0,0,1,1
3163,64.0,1.0,19.0,3.0,0,508.0,0.0,14.0,0,0,0
2332,43.0,1.0,22.0,1.0,-1,16.0,1.0,45.0,1,1,1
3942,25.0,1.0,19.0,1.0,1,372.0,1.0,40.0,1,1,0
10147,38.0,1.0,21.0,1.0,0,26.0,0.0,26.0,1,1,0
1276,17.0,1.0,20.0,5.0,4,49.0,4.0,50.0,1,1,0
9467,42.0,1.0,15.0,5.0,2,16.0,17.0,20.0,0,1,0
6565,36.0,1.0,21.0,1.0,0,40.0,1.0,49.0,0,0,1
3838,44.0,1.0,22.0,1.0,0,6.0,1.0,50.0,1,0,1
4597,45.0,6.0,19.0,1.0,2,6.0,1.0,9.0,1,1,0
2048,68.0,1.0,22.0,3.0,0,56.0,0.0,40.0,1,1,1
10001,45.0,1.0,21.0,1.0,0,49.0,0.0,43.0,1,1,1
5500,38.0,1.0,19.0,1.0,2,49.0,1.0,20.0,0,1,0
9576,36.0,1.0,18.0,5.0,3,303.0,12.0,40.0,1,0,1
9564,21.0,1.0,18.0,5.0,1,24.0,0.0,36.0,0,1,0
2351,22.0,6.0,21.0,1.0,2,49.0,1.0,18.0,0,1,0
6879,74.0,7.0,22.0,1.0,-1,49.0,0.0,60.0,1,0,1
12817,52.0,7.0,14.0,1.0,0,49.0,1.0,55.0,0,1,1
3326,44.0,5.0,21.0,1.0,0,49.0,0.0,60.0,0,1,1
7521,25.0,1.0,18.0,5.0,1,16.0,0.0,25.0,0,1,0
693,32.0,3.0,16.0,1.0,2,49.0,1.0,50.0,0,1,1
11285,17.0,1.0,16.0,5.0,1,49.0,17.0,20.0,0,1,0
3100,24.0,2.0,16.0,5.0,1,49.0,12.0,29.0,0,1,0
8712,26.0,1.0,16.0,5.0,1,49.0,12.0,40.0,0,1,0
7622,18.0,2.0,16.0,5.0,0,49.0,0.0,40.0,0,1,0
4476,62.0,2.0,21.0,1.0,0,49.0,1.0,45.0,0,1,1
12060,49.0,4.0,21.0,1.0,0,49.0,1.0,45.0,1,1,1
9836,27.0,1.0,19.0,1.0,0,6.0,1.0,15.0,1,1,0
5675,52.0,1.0,21.0,1.0,0,49.0,1.0,40.0,0,1,1
7947,24.0,6.0,14.0,1.0,1,6.0,1.0,2.0,0,1,0
4522,61.0,7.0,16.0,1.0,-1,53.0,0.0,40.0,1,1,1
6507,60.0,2.0,21.0,1.0,0,6.0,1.0,40.0,1,1,1
7063,38.0,1.0,19.0,1.0,2,49.0,1.0,50.0,1,1,1
7507,42.0,6.0,20.0,3.0,0,49.0,0.0,40.0,0,1,1
6526,39.0,1.0,16.0,2.0,4,49.0,0.0,45.0,1,1,1
4011,40.0,1.0,16.0,1.0,0,45.0,0.0,18.0,0,1,0
4768,31.0,1.0,22.0,1.0,0,49.0,0.0,40.0,1,1,1
1532,52.0,1.0,17.0,3.0,2,49.0,16.0,40.0,0,1,0
7512,63.0,1.0,24.0,1.0,0,49.0,0.0,40.0,1,1,1
1068,46.0,1.0,19.0,5.0,0,8.0,0.0,3.0,0,1,1
5148,41.0,4.0,20.0,1.0,0,49.0,1.0,40.0,1,0,1
6027,56.0,1.0,16.0,1.0,2,26.0,0.0,43.0,0,1,0
5690,20.0,1.0,19.0,5.0,0,49.0,2.0,40.0,1,1,0
7787,19.0,1.0,19.0,5.0,0,4.0,4.0,16.0,1,1,0
78,36.0,1.0,16.0,1.0,4,49.0,1.0,24.0,0,1,0
9148,22.0,4.0,19.0,5.0,1,209.0,2.0,40.0,0,0,0
3803,18.0,1.0,20.0,5.0,3,6.0,10.0,60.0,1,1,0
9275,24.0,2.0,20.0,1.0,1,49.0,1.0,20.0,0,1,0
9079,54.0,1.0,18.0,1.0,2,49.0,0.0,60.0,1,1,1
5915,80.0,4.0,18.0,2.0,2,49.0,0.0,25.0,0,1,1
6182,46.0,2.0,21.0,1.0,0,49.0,0.0,40.0,1,1,1
11417,60.0,1.0,22.0,1.0,0,6.0,1.0,45.0,0,1,1
8656,31.0,1.0,15.0,5.0,2,49.0,0.0,10.0,0,1,0
7387,43.0,1.0,18.0,1.0,0,49.0,0.0,40.0,0,1,0
1944,71.0,1.0,22.0,3.0,0,49.0,0.0,40.0,1,1,1
1923,46.0,1.0,16.0,1.0,4,150.0,0.0,40.0,1,0,1
4174,19.0,3.0,21.0,5.0,0,17.0,2.0,15.0,0,1,0
5250,54.0,1.0,20.0,1.0,0,49.0,0.0,45.0,1,1,1
11981,53.0,1.0,16.0,1.0,2,49.0,1.0,40.0,0,1,0
1595,64.0,1.0,16.0,1.0,2,49.0,1.0,40.0,0,1,0
7020,45.0,2.0,21.0,1.0,0,49.0,1.0,12.0,0,1,0
10494,35.0,1.0,19.0,1.0,1,49.0,1.0,10.0,0,1,0
7688,43.0,1.0,19.0,1.0,4,49.0,1.0,40.0,1,1,1
8006,38.0,2.0,22.0,1.0,1,49.0,1.0,50.0,0,1,1
9241,26.0,1.0,21.0,1.0,0,49.0,1.0,40.0,1,1,1
1283,32.0,1.0,18.0,5.0,1,370.0,2.0,20.0,1,0,0
1715,68.0,4.0,21.0,1.0,0,49.0,1.0,12.0,0,1,0
1840,47.0,6.0,21.0,1.0,0,49.0,1.0,40.0,0,1,0
2710,29.0,1.0,16.0,5.0,2,29.0,2.0,40.0,0,1,0
12641,20.0,1.0,22.0,5.0,0,6.0,12.0,50.0,0,1,1
8842,19.0,1.0,18.0,5.0,1,49.0,17.0,40.0,0,1,0
9298,17.0,2.0,14.0,5.0,1,4.0,0.0,30.0,0,1,0
11847,25.0,1.0,21.0,5.0,2,48.0,17.0,28.0,1,1,0
9983,35.0,1.0,18.0,1.0,0,30.0,0.0,45.0,1,1,1
9641,27.0,4.0,21.0,5.0,0,372.0,0.0,40.0,0,1,1
7028,61.0,7.0,24.0,1.0,0,49.0,1.0,45.0,1,1,1
3306,49.0,1.0,14.0,1.0,1,6.0,1.0,12.0,0,1,0
8683,43.0,7.0,24.0,1.0,0,49.0,1.0,80.0,0,1,1
5640,24.0,1.0,21.0,5.0,3,49.0,2.0,40.0,1,1,0
3246,25.0,1.0,19.0,5.0,2,49.0,16.0,40.0,0,1,0
4303,31.0,1.0,16.0,1.0,0,49.0,0.0,40.0,1,1,1
12306,37.0,1.0,18.0,3.0,1,49.0,6.0,50.0,0,1,0
2411,55.0,1.0,21.0,1.0,0,223.0,1.0,49.0,0,0,1
10184,28.0,1.0,19.0,1.0,3,49.0,9.0,40.0,1,1,0
12197,25.0,3.0,19.0,1.0,2,49.0,0.0,85.0,0,1,0
6833,28.0,1.0,21.0,1.0,0,36.0,1.0,20.0,1,1,0
2349,25.0,8.0,6.0,4.0,0,421.0,0.0,12.0,0,0,0
11843,18.0,1.0,18.0,5.0,0,49.0,0.0,35.0,0,1,0
12221,39.0,1.0,22.0,1.0,0,49.0,0.0,40.0,1,1,1
11631,53.0,1.0,16.0,1.0,2,49.0,0.0,40.0,0,1,0
8662,48.0,1.0,14.0,1.0,1,49.0,0.0,40.0,0,1,1
5443,30.0,7.0,20.0,1.0,2,49.0,0.0,40.0,0,1,1
1860,38.0,1.0,18.0,1.0,2,49.0,0.0,15.0,1,1,0
5782,63.0,1.0,16.0,1.0,2,49.0,1.0,45.0,0,1,0
11251,34.0,1.0,1.0,1.0,4,49.0,0.0,36.0,1,1,0
12473,44.0,5.0,19.0,1.0,0,6.0,0.0,50.0,1,1,1
5825,51.0,2.0,18.0,1.0,2,162.0,0.0,40.0,0,0,1
2025,24.0,1.0,17.0,5.0,4,370.0,2.0,40.0,1,1,0
4986,43.0,7.0,18.0,1.0,4,49.0,0.0,30.0,1,1,1
1899,35.0,1.0,16.0,1.0,0,6.0,1.0,40.0,1,1,1
2486,41.0,7.0,19.0,1.0,-1,42.0,1.0,40.0,1,1,1
11903,66.0,7.0,19.0,1.0,2,49.0,0.0,40.0,0,0,1
7994,41.0,1.0,19.0,1.0,2,49.0,0.0,40.0,0,1,0
10639,25.0,1.0,18.0,1.0,1,16.0,1.0,30.0,0,1,0
13031,19.0,1.0,1.0,2.0,-1,49.0,16.0,20.0,1,1,0
11849,47.0,1.0,14.0,5.0,1,49.0,0.0,50.0,1,1,1
5260,59.0,1.0,22.0,3.0,0,49.0,0.0,50.0,0,1,1
9276,33.0,7.0,17.0,1.0,0,49.0,1.0,40.0,0,1,0
10069,37.0,1.0,21.0,1.0,0,49.0,0.0,40.0,1,1,1
6360,18.0,1.0,16.0,5.0,3,49.0,4.0,45.0,1,1,0
12543,26.0,7.0,19.0,1.0,1,23.0,0.0,30.0,1,0,0
6719,32.0,1.0,17.0,1.0,4,303.0,0.0,45.0,1,0,0
11978,32.0,4.0,16.0,3.0,4,6.0,0.0,60.0,1,1,1
3041,48.0,1.0,19.0,1.0,0,6.0,1.0,60.0,1,1,1
4873,34.0,2.0,16.0,1.0,4,303.0,1.0,15.0,0,0,0
2476,28.0,5.0,18.0,1.0,0,49.0,1.0,24.0,1,1,1
2431,66.0,1.0,22.0,1.0,0,23.0,0.0,50.0,1,1,1
5006,57.0,5.0,19.0,1.0,2,49.0,2.0,24.0,0,1,0
5252,32.0,1.0,16.0,1.0,4,16.0,8.0,37.0,0,1,0
9762,29.0,1.0,16.0,5.0,2,6.0,2.0,50.0,1,1,1
12574,25.0,1.0,14.0,5.0,2,16.0,2.0,33.0,0,1,0
12371,42.0,1.0,18.0,3.0,2,49.0,13.0,30.0,1,1,1
12560,61.0,2.0,24.0,1.0,0,6.0,0.0,40.0,0,1,1
6079,41.0,4.0,21.0,1.0,0,16.0,0.0,45.0,1,1,1
736,32.0,1.0,20.0,1.0,4,17.0,0.0,40.0,1,1,1
9617,66.0,2.0,21.0,1.0,0,49.0,1.0,25.0,0,1,1
11791,37.0,7.0,22.0,1.0,2,49.0,1.0,60.0,1,1,1
3255,33.0,1.0,16.0,1.0,4,49.0,1.0,35.0,1,1,0
10770,17.0,2.0,21.0,5.0,1,49.0,2.0,38.0,0,1,0
2,67.0,1.0,16.0,1.0,2,49.0,0.0,40.0,0,1,1
4426,38.0,1.0,22.0,1.0,0,49.0,0.0,40.0,1,1,1
10749,26.0,1.0,15.0,5.0,4,18.0,0.0,42.0,1,0,1
1361,22.0,1.0,20.0,5.0,0,6.0,0.0,40.0,0,1,1
2693,21.0,4.0,15.0,1.0,1,49.0,1.0,8.0,0,1,0
12047,50.0,1.0,20.0,1.0,0,314.0,0.0,40.0,1,1,1
5639,57.0,3.0,19.0,1.0,1,13.0,1.0,35.0,1,1,1
12701,62.0,2.0,22.0,5.0,0,6.0,13.0,60.0,1,1,1
7310,32.0,5.0,18.0,5.0,0,49.0,2.0,18.0,0,1,0
8731,56.0,1.0,21.0,1.0,0,49.0,0.0,15.0,0,1,0
11185,59.0,1.0,15.0,1.0,1,49.0,6.0,25.0,0,1,0
11624,70.0,4.0,6.0,4.0,5,49.0,17.0,35.0,1,0,0
2506,42.0,7.0,24.0,1.0,0,233.0,1.0,40.0,1,0,1
9023,27.0,1.0,16.0,1.0,1,49.0,1.0,40.0,0,1,0
4580,17.0,2.0,19.0,5.0,0,49.0,2.0,8.0,1,1,0
11902,53.0,1.0,21.0,1.0,0,49.0,0.0,40.0,1,1,1
12682,59.0,1.0,19.0,1.0,1,301.0,1.0,35.0,0,1,0
11966,47.0,1.0,19.0,1.0,2,49.0,1.0,30.0,1,1,0
8325,52.0,1.0,19.0,1.0,0,49.0,0.0,40.0,1,1,1
5279,45.0,1.0,21.0,1.0,0,49.0,0.0,60.0,1,1,1
3340,70.0,1.0,22.0,1.0,0,49.0,0.0,40.0,1,1,1
9581,60.0,1.0,21.0,1.0,0,303.0,0.0,55.0,0,1,1
3346,52.0,1.0,18.0,1.0,3,49.0,1.0,40.0,1,1,1
4890,50.0,1.0,22.0,5.0,0,45.0,0.0,45.0,0,0,1
8657,59.0,1.0,20.0,1.0,1,49.0,0.0,40.0,0,1,0
4653,47.0,1.0,21.0,1.0,0,36.0,0.0,40.0,1,1,1
10985,44.0,1.0,21.0,1.0,2,49.0,0.0,42.0,0,1,1
6697,34.0,1.0,20.0,1.0,3,49.0,1.0,45.0,1,1,1
1145,47.0,1.0,22.0,1.0,2,49.0,0.0,40.0,1,1,1
3783,21.0,1.0,15.0,5.0,4,49.0,4.0,40.0,1,1,0
2115,54.0,2.0,19.0,1.0,1,49.0,1.0,50.0,0,1,0
11105,49.0,1.0,19.0,1.0,3,49.0,1.0,40.0,1,1,1
9147,70.0,1.0,21.0,1.0,0,36.0,0.0,5.0,1,1,1
7859,25.0,1.0,16.0,5.0,2,49.0,2.0,40.0,0,1,0
8829,30.0,7.0,16.0,1.0,1,49.0,0.0,40.0,1,1,1
10038,19.0,1.0,18.0,5.0,1,49.0,17.0,40.0,0,1,0
12506,44.0,7.0,22.0,1.0,0,39.0,0.0,40.0,1,1,1
4166,35.0,7.0,16.0,1.0,3,49.0,1.0,40.0,1,1,1
9056,56.0,1.0,17.0,1.0,3,49.0,0.0,40.0,1,1,1
4058,17.0,1.0,19.0,5.0,3,6.0,2.0,40.0,0,1,0
11350,29.0,1.0,16.0,1.0,4,127.0,2.0,4.0,1,1,0
1027,54.0,4.0,22.0,1.0,0,301.0,1.0,50.0,0,1,1
6666,48.0,2.0,20.0,1.0,0,56.0,0.0,44.0,1,1,1
11012,24.0,5.0,20.0,5.0,3,49.0,3.0,40.0,1,1,0
5617,22.0,1.0,21.0,1.0,0,303.0,1.0,30.0,0,0,0
6448,25.0,1.0,19.0,1.0,4,49.0,1.0,40.0,1,1,1
9020,32.0,1.0,21.0,3.0,0,6.0,15.0,40.0,1,1,0
3181,44.0,1.0,20.0,1.0,0,49.0,0.0,60.0,1,1,0
11430,18.0,1.0,19.0,5.0,4,49.0,0.0,40.0,1,1,0
7274,21.0,1.0,20.0,5.0,2,49.0,2.0,40.0,1,1,0
10920,51.0,6.0,22.0,1.0,1,49.0,0.0,40.0,1,1,1
3433,60.0,1.0,21.0,1.0,0,6.0,1.0,40.0,1,1,1
6431,47.0,1.0,18.0,1.0,3,119.0,1.0,40.0,1,0,1
4537,23.0,6.0,14.0,5.0,1,49.0,17.0,20.0,1,1,0
5855,62.0,3.0,21.0,1.0,0,49.0,1.0,40.0,1,1,1
6387,21.0,1.0,16.0,5.0,4,49.0,0.0,40.0,1,1,0
5842,29.0,1.0,16.0,5.0,1,17.0,2.0,40.0,0,1,0
6985,23.0,1.0,16.0,5.0,2,4.0,2.0,30.0,0,1,0
5313,39.0,1.0,17.0,5.0,0,49.0,17.0,42.0,1,1,1
8234,67.0,1.0,20.0,1.0,1,32.0,1.0,45.0,0,1,1
4805,40.0,7.0,19.0,1.0,1,6.0,0.0,50.0,1,1,1
10195,50.0,7.0,18.0,1.0,1,49.0,0.0,40.0,1,1,0
1769,58.0,1.0,18.0,1.0,4,49.0,1.0,20.0,0,1,1
362,18.0,1.0,14.0,5.0,2,49.0,17.0,27.0,0,1,0
5721,58.0,1.0,19.0,1.0,0,48.0,1.0,40.0,1,1,1
8079,33.0,1.0,18.0,1.0,4,49.0,0.0,30.0,0,1,0
559,87.0,4.0,24.0,4.0,0,46.0,0.0,80.0,1,1,1
6784,43.0,1.0,21.0,1.0,0,40.0,0.0,40.0,0,1,0
6612,55.0,1.0,16.0,5.0,1,49.0,13.0,40.0,0,1,1
8445,23.0,1.0,21.0,5.0,0,49.0,12.0,45.0,1,1,0
5547,39.0,5.0,14.0,3.0,4,56.0,13.0,50.0,1,1,1
6883,44.0,1.0,19.0,1.0,2,6.0,0.0,40.0,0,0,0
322,33.0,1.0,16.0,3.0,4,49.0,0.0,60.0,1,1,1
12174,22.0,1.0,19.0,1.0,0,49.0,0.0,20.0,0,1,0
8646,76.0,4.0,22.0,1.0,0,49.0,0.0,40.0,0,1,1
5704,53.0,1.0,16.0,1.0,2,49.0,1.0,8.0,0,1,0
5723,37.0,3.0,21.0,1.0,0,49.0,0.0,45.0,1,1,1
4365,28.0,1.0,19.0,5.0,2,48.0,2.0,50.0,1,1,0
9575,36.0,1.0,21.0,1.0,0,49.0,1.0,25.0,0,1,0
10515,42.0,1.0,21.0,1.0,2,49.0,0.0,40.0,0,1,0
12077,47.0,6.0,16.0,1.0,0,17.0,1.0,40.0,1,1,0
12911,21.0,1.0,18.0,5.0,1,49.0,2.0,46.0,0,1,0
7750,64.0,6.0,23.0,1.0,0,16.0,1.0,50.0,1,1,1
10884,32.0,7.0,22.0,1.0,0,6.0,0.0,50.0,1,1,1
11813,26.0,1.0,17.0,1.0,4,49.0,1.0,40.0,0,1,0
6998,42.0,1.0,16.0,5.0,3,49.0,17.0,40.0,1,1,1
657,71.0,6.0,19.0,3.0,0,6.0,0.0,38.0,0,1,0
7731,55.0,1.0,18.0,1.0,0,49.0,1.0,40.0,0,1,0
10748,41.0,1.0,17.0,1.0,1,6.0,0.0,40.0,0,1,0
6427,36.0,1.0,21.0,1.0,3,49.0,1.0,40.0,1,1,1
6130,27.0,1.0,19.0,5.0,4,9.0,0.0,40.0,0,1,0
1,20.0,1.0,20.0,5.0,1,49.0,17.0,30.0,0,1,0
8745,48.0,1.0,16.0,1.0,0,49.0,0.0,40.0,0,1,1
11723,46.0,2.0,21.0,1.0,0,49.0,1.0,40.0,0,1,1
6357,56.0,3.0,22.0,1.0,0,370.0,0.0,40.0,1,0,1
1065,58.0,1.0,16.0,1.0,2,49.0,0.0,40.0,0,1,0
1868,20.0,2.0,16.0,5.0,1,49.0,2.0,36.0,0,1,0
3061,50.0,2.0,19.0,1.0,2,49.0,1.0,40.0,0,1,1
2949,61.0,1.0,18.0,1.0,3,49.0,1.0,30.0,1,1,1
5337,50.0,1.0,20.0,3.0,0,6.0,0.0,30.0,1,1,1
2072,50.0,1.0,22.0,1.0,0,49.0,1.0,40.0,1,0,1
4462,65.0,6.0,21.0,1.0,0,49.0,1.0,50.0,1,1,1
7233,39.0,5.0,21.0,1.0,0,49.0,0.0,40.0,0,1,1
9225,34.0,1.0,24.0,1.0,0,49.0,0.0,40.0,1,1,1
11434,28.0,1.0,16.0,1.0,3,16.0,1.0,40.0,0,1,0
9633,26.0,1.0,17.0,3.0,3,49.0,0.0,40.0,1,1,1
1090,37.0,1.0,16.0,5.0,2,49.0,11.0,45.0,0,1,1
12673,45.0,1.0,16.0,1.0,0,49.0,1.0,20.0,0,0,0
1582,22.0,1.0,19.0,1.0,1,12.0,0.0,5.0,0,1,0
5885,62.0,2.0,21.0,1.0,0,49.0,0.0,40.0,1,1,0
7117,19.0,1.0,21.0,5.0,2,49.0,2.0,36.0,0,1,0
12718,26.0,1.0,16.0,5.0,3,16.0,5.0,30.0,1,1,1
9596,25.0,1.0,18.0,1.0,0,46.0,1.0,30.0,1,1,1
7596,34.0,1.0,18.0,5.0,4,49.0,2.0,25.0,1,1,0
4508,56.0,4.0,21.0,1.0,0,6.0,9.0,25.0,0,1,0
10015,80.0,1.0,16.0,5.0,0,15.0,12.0,40.0,0,0,1
11071,38.0,1.0,20.0,1.0,2,27.0,0.0,55.0,1,1,1
10291,51.0,3.0,22.0,1.0,0,36.0,1.0,40.0,0,1,1
11780,38.0,1.0,21.0,1.0,2,49.0,0.0,25.0,0,0,0
11574,28.0,1.0,11.0,1.0,1,49.0,1.0,20.0,1,0,0
3442,49.0,7.0,19.0,1.0,-1,24.0,0.0,60.0,1,1,1
11656,18.0,1.0,19.0,5.0,2,41.0,2.0,40.0,1,0,0
11521,46.0,6.0,16.0,1.0,0,49.0,0.0,40.0,0,1,1
2584,20.0,1.0,18.0,5.0,0,49.0,17.0,20.0,0,1,0
7976,41.0,1.0,16.0,1.0,4,49.0,0.0,45.0,1,1,1
11338,27.0,2.0,22.0,1.0,0,6.0,1.0,50.0,1,1,1
10205,76.0,1.0,21.0,1.0,2,49.0,0.0,10.0,1,1,0
8407,63.0,1.0,21.0,1.0,-1,49.0,1.0,50.0,1,1,1
10055,28.0,5.0,21.0,1.0,0,49.0,1.0,55.0,0,1,1
8473,60.0,6.0,20.0,3.0,2,49.0,2.0,36.0,0,1,0
11284,43.0,1.0,19.0,1.0,4,215.0,1.0,35.0,0,1,0
3597,22.0,4.0,16.0,1.0,2,48.0,1.0,38.0,0,1,0
4854,19.0,2.0,14.0,5.0,0,49.0,2.0,40.0,0,1,0
5340,41.0,2.0,23.0,1.0,0,49.0,0.0,60.0,1,1,1
10678,34.0,3.0,19.0,1.0,1,9.0,1.0,20.0,0,1,0
11676,42.0,1.0,20.0,1.0,0,412.0,1.0,50.0,1,1,1
9104,56.0,1.0,22.0,1.0,0,6.0,0.0,45.0,1,1,1
3471,19.0,1.0,19.0,5.0,0,49.0,0.0,40.0,0,1,0
8239,32.0,1.0,14.0,5.0,2,49.0,17.0,20.0,1,1,0
12111,64.0,1.0,21.0,3.0,0,49.0,0.0,20.0,0,1,0
8686,63.0,1.0,18.0,1.0,0,49.0,0.0,16.0,0,1,0
8948,47.0,1.0,16.0,1.0,4,49.0,1.0,40.0,1,1,1
4273,19.0,1.0,21.0,5.0,2,49.0,0.0,20.0,0,1,0
12396,38.0,1.0,21.0,1.0,4,16.0,0.0,40.0,1,1,1
7514,61.0,6.0,21.0,1.0,0,49.0,1.0,72.0,1,1,1
10928,49.0,3.0,14.0,5.0,1,49.0,2.0,30.0,0,1,0
8194,61.0,1.0,22.0,1.0,0,231.0,0.0,45.0,1,1,1
12155,46.0,1.0,16.0,1.0,1,53.0,1.0,3.0,1,1,1
3017,57.0,1.0,19.0,1.0,-1,49.0,0.0,40.0,1,1,1
4191,18.0,1.0,20.0,5.0,0,49.0,0.0,25.0,0,1,0
8805,34.0,1.0,20.0,3.0,0,49.0,0.0,20.0,0,1,1
50,41.0,5.0,13.0,3.0,5,5.0,2.0,55.0,1,1,1
7674,25.0,2.0,19.0,5.0,0,10.0,15.0,15.0,1,0,0
10803,43.0,1.0,17.0,1.0,3,49.0,0.0,70.0,1,1,1
5495,24.0,4.0,24.0,1.0,0,247.0,0.0,45.0,1,0,1
11006,65.0,6.0,21.0,1.0,0,49.0,1.0,40.0,0,1,1
2171,62.0,1.0,21.0,5.0,0,128.0,12.0,40.0,1,1,1
514,39.0,6.0,22.0,1.0,2,49.0,0.0,40.0,1,1,1
8429,35.0,1.0,21.0,1.0,2,49.0,2.0,43.0,1,1,1
11181,29.0,1.0,16.0,5.0,2,53.0,12.0,40.0,1,1,0
6538,48.0,1.0,20.0,5.0,0,53.0,2.0,23.0,1,1,0
12444,42.0,1.0,22.0,1.0,-1,49.0,0.0,36.0,1,1,1
11353,58.0,4.0,21.0,1.0,0,49.0,0.0,20.0,0,1,0
9696,28.0,7.0,16.0,1.0,2,49.0,1.0,40.0,1,1,0
2320,34.0,4.0,23.0,1.0,0,46.0,0.0,40.0,1,1,1
4444,32.0,3.0,21.0,1.0,0,6.0,0.0,40.0,1,1,1
3906,44.0,1.0,16.0,1.0,3,8.0,9.0,40.0,1,0,1
8952,62.0,7.0,20.0,1.0,3,49.0,1.0,40.0,1,1,1
2485,44.0,1.0,16.0,1.0,3,6.0,0.0,40.0,1,1,1
5607,31.0,7.0,16.0,1.0,3,110.0,1.0,40.0,1,1,1
5602,34.0,1.0,18.0,1.0,4,49.0,0.0,50.0,1,1,1
5613,58.0,1.0,18.0,1.0,4,162.0,0.0,40.0,1,0,1
302,42.0,1.0,18.0,1.0,2,49.0,1.0,20.0,0,1,0
3830,34.0,2.0,19.0,1.0,1,48.0,1.0,5.0,0,1,0
10116,58.0,1.0,19.0,1.0,2,468.0,1.0,60.0,1,1,0
1919,39.0,1.0,20.0,1.0,1,215.0,9.0,20.0,1,1,0
9591,40.0,1.0,16.0,1.0,3,49.0,1.0,20.0,1,1,0
4487,22.0,1.0,17.0,1.0,2,49.0,1.0,40.0,1,1,0
11114,46.0,1.0,18.0,1.0,2,49.0,0.0,50.0,1,1,1
6304,24.0,1.0,22.0,1.0,0,6.0,1.0,40.0,1,1,1
1493,53.0,4.0,19.0,2.0,2,440.0,0.0,35.0,0,0,1
512,43.0,1.0,16.0,1.0,3,49.0,0.0,40.0,1,1,1
6543,21.0,6.0,21.0,5.0,2,35.0,2.0,40.0,1,0,0
2099,37.0,7.0,17.0,1.0,0,49.0,1.0,40.0,1,1,1
3434,54.0,1.0,19.0,1.0,4,49.0,0.0,32.0,1,1,0
6632,40.0,1.0,21.0,3.0,0,49.0,0.0,40.0,1,1,1
10343,42.0,2.0,20.0,1.0,0,8.0,1.0,40.0,1,1,1
5220,63.0,3.0,18.0,4.0,0,26.0,0.0,45.0,0,1,1
3992,48.0,1.0,19.0,1.0,0,49.0,0.0,40.0,0,1,1
8228,48.0,1.0,21.0,1.0,4,49.0,1.0,46.0,1,1,1
2170,50.0,1.0,22.0,1.0,2,49.0,1.0,30.0,0,1,1
1189,50.0,2.0,24.0,1.0,0,35.0,0.0,40.0,0,1,1
910,24.0,1.0,18.0,1.0,3,36.0,9.0,16.0,1,1,0
4323,50.0,1.0,18.0,5.0,0,16.0,0.0,60.0,1,1,1
9689,70.0,5.0,20.0,1.0,0,6.0,0.0,45.0,1,1,1
10538,48.0,1.0,20.0,1.0,0,6.0,1.0,40.0,1,1,1
7204,50.0,6.0,20.0,1.0,0,28.0,0.0,50.0,1,1,1
11520,41.0,3.0,16.0,1.0,1,49.0,0.0,10.0,0,1,0
11356,26.0,3.0,21.0,1.0,0,45.0,0.0,40.0,0,1,1
10730,60.0,6.0,15.0,1.0,3,49.0,0.0,30.0,1,1,1
5813,51.0,1.0,20.0,1.0,4,17.0,0.0,50.0,0,1,1
1783,41.0,1.0,10.0,2.0,0,370.0,0.0,40.0,1,0,1
3759,66.0,7.0,22.0,1.0,0,26.0,1.0,36.0,0,1,1
10482,34.0,1.0,17.0,1.0,1,49.0,9.0,40.0,1,1,1
3272,31.0,6.0,16.0,1.0,1,303.0,0.0,25.0,0,0,0
9720,49.0,3.0,21.0,1.0,0,6.0,0.0,40.0,1,1,1
3697,19.0,2.0,21.0,5.0,1,303.0,0.0,30.0,0,0,0
10125,25.0,1.0,20.0,1.0,2,49.0,1.0,25.0,0,1,0
11020,48.0,1.0,22.0,1.0,0,49.0,0.0,40.0,0,1,1
4964,41.0,1.0,19.0,1.0,0,49.0,1.0,10.0,0,1,1
7265,25.0,1.0,17.0,3.0,2,49.0,3.0,30.0,1,1,0
6875,55.0,2.0,20.0,1.0,0,49.0,1.0,25.0,0,1,0
3601,36.0,1.0,17.0,5.0,4,49.0,0.0,60.0,1,1,1
8501,18.0,5.0,15.0,5.0,0,49.0,7.0,30.0,0,1,0
7136,36.0,1.0,21.0,1.0,0,6.0,0.0,40.0,1,0,1
515,23.0,1.0,1.0,5.0,2,49.0,0.0,20.0,1,1,0
1205,61.0,1.0,19.0,1.0,3,10.0,0.0,48.0,1,1,1
9799,24.0,1.0,19.0,1.0,2,49.0,1.0,1.0,0,1,0
5394,51.0,1.0,21.0,1.0,0,39.0,0.0,40.0,1,1,1
10052,62.0,3.0,19.0,1.0,2,49.0,0.0,15.0,1,1,0
10138,50.0,7.0,11.0,1.0,1,233.0,0.0,33.0,0,0,0
5177,40.0,1.0,16.0,1.0,1,49.0,0.0,25.0,0,1,0
12048,58.0,1.0,21.0,1.0,2,303.0,1.0,16.0,0,0,0
3980,49.0,1.0,21.0,1.0,0,233.0,0.0,40.0,0,0,1
10937,52.0,1.0,19.0,1.0,2,49.0,1.0,20.0,0,1,0
7533,62.0,1.0,19.0,1.0,0,49.0,0.0,6.0,0,1,0
3479,41.0,1.0,23.0,1.0,2,49.0,1.0,40.0,1,1,0
629,17.0,1.0,16.0,5.0,2,36.0,2.0,50.0,1,1,0
4887,46.0,1.0,16.0,1.0,0,49.0,0.0,45.0,0,1,0
3119,26.0,1.0,19.0,1.0,2,16.0,1.0,40.0,1,1,0
2971,36.0,7.0,16.0,1.0,1,6.0,0.0,40.0,1,1,1
1691,24.0,1.0,18.0,5.0,1,47.0,17.0,40.0,0,1,0
6009,41.0,4.0,23.0,1.0,0,49.0,1.0,40.0,0,1,1
2621,62.0,1.0,19.0,5.0,0,127.0,0.0,27.0,0,1,0
7113,31.0,1.0,21.0,1.0,4,49.0,0.0,40.0,1,1,1
546,28.0,5.0,21.0,5.0,0,49.0,0.0,11.0,1,1,1
7335,44.0,6.0,21.0,1.0,0,303.0,1.0,40.0,1,1,1
2135,22.0,4.0,21.0,2.0,0,56.0,0.0,96.0,0,1,0
2568,27.0,1.0,19.0,5.0,2,49.0,12.0,40.0,0,1,1
7218,26.0,3.0,22.0,5.0,0,49.0,0.0,27.0,0,1,0
484,54.0,5.0,17.0,5.0,3,49.0,3.0,40.0,1,1,1
9692,52.0,1.0,22.0,3.0,4,49.0,0.0,66.0,0,1,1
7106,65.0,1.0,22.0,1.0,0,49.0,0.0,45.0,0,1,1
8064,41.0,5.0,19.0,1.0,0,49.0,0.0,40.0,1,1,1
339,26.0,4.0,16.0,1.0,0,49.0,0.0,24.0,0,1,0
4689,52.0,4.0,21.0,1.0,2,6.0,0.0,45.0,1,0,1
418,75.0,1.0,20.0,4.0,2,6.0,0.0,40.0,0,1,1
11190,38.0,1.0,19.0,1.0,3,49.0,0.0,80.0,1,1,1
8671,28.0,1.0,21.0,1.0,0,110.0,1.0,40.0,0,1,1
9572,57.0,1.0,23.0,3.0,0,49.0,0.0,40.0,1,1,1
10427,26.0,4.0,19.0,5.0,0,6.0,0.0,40.0,1,1,1
8623,29.0,5.0,21.0,1.0,0,6.0,0.0,50.0,0,1,1
12218,41.0,1.0,17.0,2.0,4,49.0,16.0,50.0,1,1,0
3720,51.0,1.0,22.0,3.0,0,49.0,0.0,52.0,0,1,1
8471,48.0,4.0,21.0,1.0,0,26.0,14.0,14.0,1,1,1
12958,32.0,1.0,20.0,1.0,2,53.0,0.0,55.0,1,1,1
753,55.0,6.0,14.0,3.0,1,49.0,2.0,40.0,1,1,0
7396,38.0,1.0,19.0,1.0,0,30.0,1.0,50.0,1,1,1
2191,24.0,1.0,14.0,5.0,2,53.0,0.0,20.0,0,1,0
4660,53.0,1.0,16.0,1.0,2,16.0,0.0,12.0,0,1,0
8653,63.0,5.0,18.0,3.0,0,49.0,0.0,50.0,0,1,1
8787,19.0,1.0,23.0,5.0,0,49.0,2.0,40.0,1,1,0
12576,21.0,1.0,16.0,5.0,4,49.0,2.0,40.0,1,1,0
2760,30.0,1.0,21.0,1.0,0,49.0,1.0,30.0,0,1,0
10597,22.0,5.0,21.0,1.0,3,49.0,1.0,20.0,1,1,0
3580,21.0,1.0,18.0,5.0,3,6.0,15.0,40.0,1,1,0
10491,39.0,6.0,20.0,1.0,1,36.0,1.0,30.0,1,1,0
1746,42.0,1.0,20.0,1.0,0,49.0,1.0,8.0,0,1,0
4336,27.0,2.0,16.0,5.0,0,34.0,0.0,40.0,1,1,0
12982,33.0,1.0,21.0,1.0,0,30.0,0.0,40.0,1,1,1
8606,29.0,3.0,16.0,5.0,2,49.0,17.0,15.0,0,1,0
8392,54.0,1.0,19.0,1.0,0,49.0,0.0,20.0,0,1,0
8931,46.0,1.0,16.0,1.0,4,303.0,2.0,80.0,1,1,1
545,41.0,1.0,16.0,3.0,0,49.0,0.0,40.0,0,1,1
9608,47.0,7.0,16.0,1.0,3,303.0,0.0,45.0,1,1,1
2737,26.0,1.0,19.0,5.0,0,49.0,13.0,40.0,0,1,0
5360,45.0,1.0,20.0,1.0,3,4.0,0.0,50.0,1,1,1
10715,32.0,1.0,16.0,1.0,4,49.0,1.0,47.0,1,1,1
9005,58.0,1.0,20.0,1.0,0,49.0,1.0,22.0,0,1,1
3372,23.0,1.0,19.0,5.0,2,49.0,2.0,40.0,1,1,1
11682,36.0,1.0,21.0,1.0,0,49.0,1.0,25.0,0,1,0
8966,25.0,3.0,20.0,1.0,1,205.0,1.0,15.0,1,0,0
2789,40.0,1.0,23.0,1.0,-1,49.0,1.0,45.0,1,1,1
1378,28.0,2.0,20.0,5.0,0,49.0,0.0,26.0,1,1,0
12387,47.0,3.0,19.0,3.0,0,49.0,12.0,30.0,0,1,0
6849,46.0,3.0,19.0,1.0,2,49.0,1.0,32.0,0,1,1
4165,62.0,7.0,19.0,3.0,0,6.0,0.0,42.0,1,1,1
2932,53.0,4.0,22.0,2.0,0,303.0,0.0,22.0,0,1,1
1081,23.0,1.0,19.0,5.0,4,12.0,2.0,27.0,0,1,0
4022,59.0,1.0,19.0,1.0,0,53.0,0.0,60.0,1,1,1
3308,22.0,1.0,16.0,5.0,0,55.0,17.0,12.0,1,1,0
1553,40.0,1.0,19.0,5.0,1,49.0,2.0,36.0,1,1,0
9988,49.0,6.0,20.0,1.0,3,49.0,1.0,40.0,1,1,1
2561,24.0,1.0,19.0,1.0,2,49.0,0.0,25.0,0,1,0
11874,19.0,1.0,19.0,5.0,4,49.0,17.0,32.0,1,1,0
473,58.0,1.0,18.0,1.0,4,5.0,0.0,60.0,1,1,1
5042,35.0,1.0,21.0,5.0,0,303.0,2.0,40.0,0,1,1
8345,29.0,1.0,14.0,5.0,2,162.0,0.0,38.0,1,0,0
8385,22.0,6.0,19.0,5.0,0,36.0,15.0,40.0,0,1,0
4119,56.0,5.0,19.0,1.0,0,132.0,0.0,40.0,0,1,1
12808,63.0,1.0,21.0,1.0,0,242.0,1.0,50.0,0,0,1
1708,47.0,1.0,16.0,1.0,2,303.0,1.0,40.0,1,0,1
7664,64.0,1.0,19.0,1.0,3,49.0,1.0,30.0,1,1,1
4398,27.0,3.0,22.0,1.0,0,49.0,0.0,30.0,1,1,0
6374,28.0,1.0,16.0,3.0,2,49.0,0.0,20.0,0,1,0
2212,44.0,1.0,21.0,1.0,0,53.0,0.0,40.0,1,1,1
7839,24.0,1.0,19.0,5.0,1,210.0,0.0,40.0,1,0,0
8608,61.0,4.0,21.0,4.0,1,49.0,0.0,35.0,0,1,1
647,57.0,1.0,22.0,1.0,0,49.0,0.0,65.0,1,1,1
5030,24.0,1.0,20.0,1.0,4,49.0,1.0,20.0,0,1,0
12614,19.0,1.0,16.0,5.0,1,49.0,2.0,20.0,1,1,0
9318,57.0,7.0,22.0,1.0,0,48.0,0.0,50.0,1,1,1
5062,46.0,6.0,19.0,1.0,0,6.0,1.0,32.0,0,1,0
2293,24.0,1.0,14.0,5.0,1,421.0,2.0,45.0,1,0,0
11807,53.0,7.0,23.0,1.0,0,6.0,1.0,35.0,1,1,1
671,58.0,1.0,19.0,1.0,0,303.0,0.0,40.0,0,0,0
3005,52.0,1.0,20.0,1.0,2,42.0,0.0,50.0,0,1,1
3379,48.0,7.0,20.0,1.0,3,25.0,0.0,40.0,1,1,1
4626,49.0,1.0,22.0,1.0,0,49.0,1.0,40.0,1,1,1
2916,37.0,2.0,22.0,1.0,0,49.0,0.0,40.0,1,1,1
3412,65.0,1.0,16.0,1.0,0,34.0,0.0,25.0,0,1,1
3363,50.0,1.0,22.0,1.0,2,49.0,1.0,17.0,0,1,0
4212,29.0,1.0,19.0,5.0,1,49.0,7.0,60.0,1,1,0
7964,23.0,1.0,19.0,5.0,1,49.0,17.0,30.0,0,0,0
7447,21.0,4.0,19.0,1.0,0,372.0,0.0,60.0,1,1,0
9640,27.0,1.0,20.0,5.0,0,30.0,13.0,12.0,0,1,0
6238,48.0,1.0,18.0,1.0,3,39.0,1.0,60.0,1,1,1
7031,56.0,2.0,21.0,1.0,2,33.0,1.0,35.0,0,1,0
7382,20.0,1.0,16.0,5.0,1,49.0,2.0,20.0,1,1,0
7415,58.0,1.0,16.0,1.0,4,49.0,1.0,40.0,1,1,1
6407,66.0,1.0,16.0,1.0,3,49.0,1.0,40.0,0,1,1
4095,41.0,6.0,21.0,1.0,0,49.0,1.0,20.0,1,1,0
2849,20.0,1.0,18.0,5.0,0,6.0,0.0,20.0,0,1,0
6880,22.0,1.0,18.0,5.0,1,49.0,12.0,20.0,0,1,0
1379,52.0,5.0,15.0,5.0,1,49.0,0.0,38.0,0,1,0
5029,34.0,7.0,20.0,1.0,1,49.0,1.0,45.0,1,1,0
9084,20.0,1.0,16.0,5.0,0,162.0,12.0,30.0,0,0,0
1755,56.0,1.0,21.0,1.0,0,49.0,1.0,50.0,1,1,1
12885,49.0,4.0,22.0,1.0,0,20.0,1.0,25.0,1,0,0
4115,29.0,1.0,13.0,5.0,1,211.0,2.0,40.0,0,0,0
4664,31.0,1.0,16.0,1.0,0,49.0,1.0,25.0,0,1,0
6038,17.0,6.0,11.0,5.0,1,303.0,2.0,40.0,1,0,0
1273,32.0,5.0,20.0,1.0,0,23.0,1.0,30.0,0,1,0
417,69.0,1.0,18.0,1.0,2,49.0,1.0,28.0,0,1,0
7943,61.0,1.0,18.0,1.0,2,49.0,0.0,40.0,0,1,1
7466,52.0,7.0,21.0,3.0,2,231.0,12.0,40.0,1,1,1
4328,33.0,3.0,21.0,1.0,0,49.0,0.0,40.0,1,1,1
3811,59.0,1.0,21.0,1.0,0,49.0,1.0,48.0,1,1,1
2092,37.0,6.0,19.0,1.0,0,47.0,1.0,40.0,0,1,1
10794,18.0,1.0,16.0,5.0,4,49.0,12.0,25.0,1,1,0
11326,35.0,1.0,21.0,1.0,2,301.0,0.0,14.0,0,1,1
9080,26.0,2.0,21.0,1.0,0,6.0,1.0,15.0,0,1,0
5700,19.0,1.0,14.0,5.0,1,6.0,7.0,35.0,1,1,0
8497,30.0,1.0,19.0,5.0,2,32.0,0.0,40.0,1,1,1
1416,21.0,4.0,16.0,5.0,2,49.0,0.0,20.0,0,1,0
11776,21.0,1.0,14.0,5.0,2,412.0,2.0,40.0,0,0,0
1212,40.0,4.0,21.0,1.0,0,16.0,0.0,40.0,1,1,1
12459,41.0,4.0,22.0,2.0,0,49.0,0.0,40.0,0,1,1
8741,21.0,1.0,21.0,5.0,0,49.0,12.0,20.0,0,1,0
11906,55.0,1.0,22.0,1.0,0,35.0,0.0,40.0,0,1,1
7140,29.0,1.0,13.0,5.0,3,49.0,2.0,18.0,1,0,0
5259,19.0,8.0,16.0,4.0,2,49.0,17.0,18.0,0,0,0
3586,74.0,1.0,16.0,5.0,3,49.0,5.0,40.0,1,1,1
1678,60.0,6.0,16.0,3.0,4,136.0,0.0,40.0,0,1,1
7525,25.0,1.0,17.0,5.0,3,301.0,2.0,50.0,1,1,1
2484,38.0,1.0,19.0,3.0,0,39.0,0.0,90.0,1,1,0
455,43.0,1.0,13.0,1.0,4,6.0,0.0,40.0,0,1,0
1381,49.0,8.0,14.0,1.0,0,313.0,1.0,40.0,0,1,0
8724,60.0,1.0,18.0,1.0,2,16.0,1.0,45.0,0,1,0
8217,25.0,2.0,20.0,1.0,0,49.0,15.0,25.0,1,1,0
3254,24.0,1.0,18.0,5.0,1,49.0,17.0,8.0,0,1,0
7252,57.0,1.0,19.0,3.0,4,4.0,0.0,80.0,0,1,1
9273,37.0,1.0,17.0,1.0,4,303.0,1.0,50.0,1,0,1
3845,45.0,7.0,4.0,3.0,-1,49.0,3.0,50.0,1,1,1
3319,31.0,4.0,20.0,1.0,0,6.0,0.0,45.0,0,1,1
12342,19.0,1.0,16.0,2.0,4,372.0,16.0,8.0,0,1,0
8004,25.0,1.0,16.0,5.0,2,49.0,2.0,30.0,1,1,0
10990,24.0,7.0,23.0,1.0,0,49.0,0.0,40.0,1,1,1
11137,54.0,1.0,19.0,5.0,4,49.0,2.0,20.0,0,1,0
2711,54.0,1.0,19.0,1.0,3,29.0,1.0,40.0,0,1,0
1186,44.0,5.0,1.0,5.0,5,49.0,17.0,60.0,1,1,1
11289,23.0,1.0,19.0,1.0,0,13.0,1.0,50.0,1,1,0
6823,50.0,2.0,17.0,5.0,1,6.0,12.0,52.0,0,1,1
2706,58.0,1.0,19.0,1.0,2,49.0,0.0,40.0,1,1,1
9462,62.0,1.0,21.0,1.0,3,30.0,0.0,80.0,1,1,1
10754,18.0,1.0,20.0,5.0,1,6.0,2.0,4.0,0,1,0
10329,65.0,1.0,22.0,3.0,0,35.0,0.0,40.0,1,1,1
6990,41.0,1.0,19.0,1.0,4,49.0,0.0,30.0,1,1,1
10855,17.0,2.0,19.0,5.0,0,16.0,13.0,40.0,1,1,0
12201,26.0,1.0,21.0,1.0,0,6.0,1.0,48.0,1,1,1
12145,38.0,1.0,20.0,1.0,4,49.0,1.0,40.0,1,1,1
10426,28.0,3.0,22.0,1.0,0,16.0,1.0,10.0,0,1,0
12331,32.0,7.0,19.0,1.0,1,49.0,0.0,40.0,0,1,0
5882,23.0,1.0,21.0,5.0,0,49.0,0.0,45.0,1,1,1
12153,29.0,7.0,16.0,1.0,2,303.0,0.0,20.0,0,0,0
115,37.0,1.0,18.0,1.0,1,49.0,0.0,40.0,1,1,0
6625,43.0,1.0,22.0,1.0,0,6.0,0.0,30.0,1,1,1
10340,83.0,4.0,21.0,1.0,0,49.0,1.0,43.0,1,1,1
9538,45.0,1.0,18.0,1.0,1,49.0,1.0,43.0,0,1,1
2452,31.0,1.0,19.0,5.0,2,49.0,12.0,40.0,0,0,0
3978,25.0,5.0,19.0,1.0,2,6.0,0.0,40.0,1,1,0
238,23.0,1.0,21.0,1.0,2,49.0,1.0,30.0,0,1,0
7853,27.0,2.0,18.0,3.0,2,6.0,16.0,40.0,0,1,0
7702,49.0,2.0,16.0,1.0,0,18.0,1.0,40.0,0,1,1
4363,40.0,1.0,16.0,5.0,2,53.0,17.0,32.0,0,1,0
9713,18.0,1.0,16.0,5.0,4,32.0,2.0,50.0,1,1,0
9906,28.0,1.0,18.0,1.0,2,6.0,1.0,35.0,0,1,0
2514,47.0,1.0,20.0,1.0,0,6.0,1.0,38.0,0,1,0
2544,85.0,1.0,16.0,5.0,2,6.0,17.0,30.0,1,1,0
12797,52.0,1.0,16.0,1.0,1,49.0,0.0,40.0,1,1,0
4931,22.0,1.0,16.0,5.0,0,17.0,17.0,40.0,1,1,0
4736,37.0,1.0,23.0,5.0,0,49.0,2.0,45.0,1,1,1
2167,38.0,1.0,19.0,1.0,2,48.0,1.0,15.0,0,1,0
12180,38.0,5.0,22.0,1.0,0,49.0,0.0,40.0,0,0,1
10227,30.0,1.0,18.0,5.0,4,42.0,0.0,40.0,1,1,0
4759,21.0,1.0,20.0,5.0,1,49.0,11.0,5.0,0,1,0
12903,49.0,1.0,17.0,1.0,1,12.0,15.0,35.0,1,1,0
5567,57.0,3.0,19.0,1.0,3,36.0,0.0,5.0,1,1,0
6533,46.0,1.0,19.0,1.0,1,49.0,1.0,25.0,0,0,0
383,18.0,1.0,20.0,5.0,4,49.0,2.0,40.0,0,1,0
3705,86.0,1.0,16.0,2.0,-1,223.0,16.0,10.0,0,0,0
6479,76.0,6.0,16.0,3.0,4,32.0,3.0,15.0,1,1,0
10081,21.0,1.0,16.0,5.0,4,51.0,17.0,25.0,1,1,0
10776,18.0,1.0,19.0,5.0,4,303.0,2.0,58.0,1,0,0
747,46.0,1.0,14.0,3.0,1,148.0,13.0,40.0,1,1,1
4666,24.0,1.0,19.0,5.0,1,49.0,2.0,40.0,0,1,0
12175,48.0,1.0,20.0,1.0,1,49.0,0.0,44.0,1,1,0
12138,25.0,2.0,16.0,5.0,1,120.0,2.0,30.0,0,0,0
3403,33.0,1.0,21.0,3.0,4,49.0,13.0,60.0,0,1,1
3805,55.0,1.0,23.0,1.0,0,49.0,0.0,32.0,0,1,1
763,60.0,1.0,21.0,1.0,2,12.0,0.0,40.0,0,1,0
7134,49.0,1.0,16.0,1.0,2,205.0,0.0,16.0,0,0,0
5746,30.0,4.0,19.0,5.0,1,49.0,0.0,25.0,0,1,0
4678,48.0,1.0,21.0,1.0,1,49.0,0.0,40.0,0,1,1
3480,42.0,1.0,21.0,3.0,0,36.0,0.0,40.0,0,1,1
8101,35.0,1.0,19.0,1.0,0,29.0,1.0,62.0,0,1,1
10312,26.0,1.0,21.0,1.0,2,49.0,1.0,20.0,0,1,0
11793,63.0,7.0,21.0,3.0,0,164.0,0.0,54.0,0,0,1
12033,36.0,4.0,21.0,1.0,0,46.0,1.0,40.0,0,1,1
9162,18.0,1.0,19.0,5.0,1,49.0,13.0,40.0,1,1,0
775,23.0,1.0,18.0,5.0,4,41.0,17.0,30.0,1,1,0
2761,49.0,1.0,22.0,1.0,2,49.0,1.0,20.0,1,1,1
3728,55.0,3.0,18.0,1.0,1,4.0,1.0,40.0,0,0,1
12791,33.0,7.0,22.0,1.0,0,8.0,1.0,45.0,0,1,1
1248,22.0,1.0,14.0,5.0,4,417.0,15.0,40.0,1,0,0
10995,27.0,1.0,16.0,5.0,1,49.0,2.0,50.0,1,1,0
8713,21.0,1.0,19.0,1.0,2,49.0,0.0,40.0,1,1,0
4153,54.0,1.0,21.0,1.0,0,314.0,1.0,35.0,0,1,0
4194,55.0,1.0,16.0,1.0,4,49.0,1.0,9.0,1,1,0
12064,36.0,4.0,16.0,1.0,1,49.0,1.0,40.0,0,1,1
9404,58.0,2.0,20.0,1.0,0,49.0,0.0,35.0,0,1,1
8047,44.0,1.0,22.0,1.0,0,29.0,1.0,20.0,1,1,1
4008,47.0,1.0,20.0,3.0,2,303.0,2.0,35.0,0,0,0
406,42.0,3.0,22.0,3.0,0,49.0,0.0,45.0,1,1,1
1873,58.0,1.0,16.0,1.0,3,27.0,9.0,20.0,1,1,0
12293,54.0,1.0,20.0,1.0,2,49.0,1.0,40.0,0,1,1
6770,37.0,2.0,21.0,1.0,1,28.0,0.0,40.0,1,1,1
5206,30.0,1.0,19.0,5.0,4,53.0,13.0,40.0,1,1,1
6029,50.0,1.0,19.0,5.0,1,49.0,15.0,20.0,1,1,0
7015,20.0,1.0,15.0,5.0,0,49.0,7.0,50.0,0,1,0
1125,43.0,4.0,20.0,1.0,2,49.0,1.0,8.0,0,1,0
5462,41.0,1.0,21.0,1.0,0,49.0,1.0,20.0,0,1,0
32,30.0,3.0,21.0,1.0,2,34.0,1.0,20.0,0,1,0
3678,37.0,4.0,21.0,5.0,0,49.0,5.0,80.0,1,1,1
12365,55.0,1.0,16.0,1.0,1,49.0,0.0,40.0,1,1,0
296,19.0,1.0,17.0,5.0,4,49.0,2.0,48.0,1,1,0
1885,64.0,2.0,22.0,1.0,0,17.0,17.0,27.0,1,1,0
84,52.0,2.0,19.0,1.0,0,49.0,1.0,96.0,0,1,0
6871,24.0,1.0,18.0,5.0,2,49.0,5.0,40.0,1,1,0
1679,34.0,1.0,16.0,1.0,3,49.0,0.0,55.0,1,1,1
12322,48.0,1.0,23.0,1.0,0,49.0,0.0,50.0,1,1,1
10417,39.0,6.0,22.0,1.0,0,49.0,1.0,40.0,1,1,1
9211,33.0,1.0,16.0,1.0,1,49.0,9.0,20.0,1,1,0
11973,58.0,1.0,21.0,1.0,0,49.0,1.0,40.0,1,1,1
4477,45.0,1.0,16.0,5.0,4,8.0,0.0,40.0,1,1,1
4195,22.0,3.0,19.0,1.0,0,49.0,1.0,40.0,1,1,0
10143,35.0,1.0,22.0,3.0,0,49.0,0.0,30.0,1,1,1
11869,22.0,1.0,18.0,5.0,4,49.0,2.0,17.0,0,1,0
7652,41.0,1.0,15.0,1.0,4,49.0,1.0,40.0,1,1,1
6495,83.0,1.0,19.0,1.0,3,48.0,0.0,40.0,1,1,1
12098,42.0,3.0,21.0,1.0,1,4.0,1.0,40.0,1,1,1
10497,65.0,1.0,21.0,1.0,0,301.0,0.0,45.0,0,1,1
972,27.0,6.0,19.0,1.0,1,16.0,0.0,40.0,0,1,0
2098,28.0,6.0,19.0,5.0,1,49.0,0.0,33.0,0,1,0
8055,19.0,1.0,14.0,5.0,4,370.0,16.0,31.0,0,1,0
4540,46.0,1.0,24.0,1.0,3,49.0,1.0,45.0,1,1,1
6437,23.0,1.0,21.0,5.0,0,49.0,0.0,10.0,0,1,0
3054,49.0,7.0,18.0,1.0,2,49.0,0.0,1.0,0,1,0
5947,43.0,4.0,21.0,1.0,0,16.0,9.0,25.0,1,1,1
10661,53.0,1.0,20.0,1.0,0,49.0,0.0,40.0,1,1,1
9643,41.0,1.0,21.0,1.0,4,49.0,0.0,30.0,1,1,0
5051,20.0,1.0,20.0,5.0,2,6.0,2.0,30.0,0,1,0
4791,46.0,7.0,15.0,1.0,4,49.0,1.0,40.0,1,1,1
11215,46.0,2.0,16.0,3.0,1,162.0,0.0,35.0,0,0,0
8301,32.0,7.0,20.0,1.0,2,49.0,0.0,40.0,1,1,1
1958,63.0,1.0,19.0,1.0,1,49.0,1.0,20.0,0,1,0
4690,38.0,7.0,18.0,1.0,0,16.0,0.0,40.0,1,1,1
5917,49.0,7.0,19.0,1.0,3,49.0,1.0,45.0,1,0,1
11022,54.0,1.0,21.0,1.0,2,49.0,0.0,66.0,0,1,1
11800,29.0,5.0,20.0,5.0,4,49.0,5.0,18.0,1,1,0
7564,30.0,5.0,20.0,1.0,1,6.0,1.0,40.0,1,1,1
12584,18.0,1.0,18.0,5.0,2,49.0,0.0,40.0,1,1,0
10777,45.0,1.0,23.0,5.0,0,49.0,13.0,22.0,1,1,1
4987,56.0,1.0,22.0,1.0,4,49.0,1.0,45.0,1,1,1
12137,19.0,1.0,16.0,4.0,4,164.0,0.0,21.0,1,0,0
3907,42.0,1.0,20.0,1.0,3,36.0,0.0,40.0,1,1,1
5651,80.0,1.0,22.0,2.0,0,49.0,0.0,40.0,0,1,1
11272,52.0,5.0,21.0,5.0,0,49.0,0.0,50.0,0,1,1
10642,68.0,1.0,21.0,1.0,0,49.0,1.0,15.0,1,1,0
4696,24.0,1.0,14.0,5.0,1,32.0,2.0,40.0,1,1,0
11421,44.0,1.0,1.0,5.0,4,106.0,2.0,40.0,1,1,0
6033,22.0,1.0,19.0,5.0,0,16.0,2.0,50.0,1,1,1
12953,21.0,1.0,20.0,1.0,4,4.0,0.0,40.0,1,1,0
2243,65.0,1.0,21.0,5.0,0,233.0,13.0,40.0,1,0,1
3723,23.0,1.0,19.0,5.0,0,207.0,0.0,40.0,0,0,0
2058,21.0,2.0,14.0,5.0,2,49.0,2.0,33.0,0,1,0
6316,47.0,4.0,21.0,1.0,0,8.0,1.0,40.0,1,1,1
1812,32.0,1.0,19.0,5.0,2,48.0,0.0,45.0,1,0,0
11224,26.0,5.0,22.0,1.0,0,6.0,0.0,45.0,1,1,1
6212,34.0,1.0,19.0,1.0,4,49.0,0.0,60.0,1,1,1
4567,52.0,1.0,19.0,3.0,4,49.0,10.0,15.0,0,1,0
9368,54.0,2.0,20.0,1.0,3,6.0,0.0,40.0,1,1,1
11096,62.0,1.0,22.0,1.0,0,40.0,0.0,30.0,0,1,1
8252,59.0,1.0,14.0,1.0,4,48.0,0.0,25.0,0,1,0
4936,51.0,7.0,22.0,1.0,3,49.0,0.0,50.0,1,1,1
6720,46.0,3.0,22.0,1.0,0,49.0,1.0,30.0,0,1,0
6022,25.0,1.0,21.0,1.0,0,18.0,0.0,40.0,0,1,1
5913,59.0,2.0,22.0,1.0,2,4.0,0.0,20.0,0,1,0
4705,37.0,3.0,21.0,1.0,0,49.0,0.0,40.0,1,1,1
11101,17.0,1.0,16.0,5.0,0,49.0,12.0,40.0,0,1,0
11036,25.0,1.0,16.0,1.0,4,162.0,1.0,40.0,0,0,1
12913,47.0,3.0,18.0,3.0,1,49.0,0.0,46.0,0,1,1
8708,27.0,3.0,19.0,5.0,1,120.0,17.0,22.0,0,0,0
11395,22.0,4.0,20.0,1.0,0,49.0,0.0,40.0,1,1,1
166,24.0,1.0,16.0,5.0,2,49.0,2.0,25.0,1,1,0
5060,49.0,1.0,19.0,1.0,4,6.0,6.0,20.0,1,1,0
8614,17.0,1.0,16.0,5.0,1,6.0,17.0,15.0,1,1,0
1986,20.0,1.0,19.0,5.0,1,6.0,13.0,35.0,1,1,0
7131,24.0,1.0,16.0,5.0,0,49.0,12.0,45.0,1,1,0
9771,49.0,1.0,22.0,5.0,0,49.0,0.0,40.0,0,1,1
16,31.0,1.0,18.0,1.0,2,6.0,9.0,26.0,1,1,0
7017,38.0,1.0,22.0,1.0,2,49.0,1.0,55.0,0,1,1
10104,21.0,1.0,18.0,5.0,1,6.0,2.0,40.0,1,1,0
535,75.0,4.0,20.0,3.0,0,6.0,0.0,24.0,0,1,0
12369,39.0,1.0,18.0,1.0,4,49.0,1.0,40.0,1,1,0
4563,45.0,7.0,21.0,1.0,0,49.0,1.0,36.0,1,1,1
8511,72.0,4.0,21.0,1.0,0,49.0,1.0,40.0,0,1,1
3066,65.0,1.0,20.0,1.0,2,49.0,1.0,50.0,0,1,1
456,48.0,1.0,22.0,1.0,0,49.0,1.0,40.0,0,1,1
9152,53.0,7.0,19.0,1.0,0,5.0,0.0,50.0,1,1,0
8264,20.0,1.0,21.0,5.0,4,49.0,2.0,15.0,0,1,0
6110,44.0,1.0,22.0,1.0,0,49.0,1.0,80.0,0,1,1
2342,18.0,1.0,14.0,5.0,1,49.0,0.0,40.0,0,1,0
3903,33.0,1.0,16.0,5.0,3,49.0,10.0,40.0,1,1,0
2602,35.0,1.0,20.0,1.0,0,49.0,1.0,40.0,0,1,1
1496,19.0,1.0,16.0,2.0,2,6.0,0.0,15.0,0,1,0
11254,31.0,1.0,16.0,2.0,2,6.0,0.0,40.0,0,1,1
11894,62.0,6.0,20.0,1.0,2,55.0,0.0,50.0,0,1,1
4103,56.0,1.0,18.0,1.0,4,49.0,1.0,40.0,1,1,1
12599,27.0,1.0,21.0,1.0,0,49.0,0.0,40.0,1,1,1
1651,51.0,1.0,21.0,3.0,2,303.0,0.0,40.0,1,1,1
8934,58.0,1.0,16.0,1.0,2,55.0,16.0,10.0,1,1,0
2502,30.0,4.0,16.0,1.0,0,8.0,0.0,40.0,0,1,1
2436,24.0,3.0,18.0,5.0,0,49.0,0.0,40.0,1,1,1
8460,27.0,3.0,16.0,1.0,1,49.0,1.0,40.0,0,1,0
3899,20.0,2.0,21.0,5.0,2,207.0,2.0,20.0,0,0,0
9339,51.0,1.0,18.0,1.0,2,49.0,0.0,40.0,0,1,0
3221,54.0,6.0,16.0,1.0,2,49.0,0.0,40.0,1,1,1
10142,20.0,3.0,21.0,5.0,0,49.0,0.0,40.0,0,1,0
10850,23.0,1.0,20.0,1.0,4,49.0,1.0,40.0,0,1,0
5713,64.0,6.0,18.0,1.0,2,49.0,1.0,8.0,0,1,0
8109,27.0,1.0,18.0,1.0,2,31.0,0.0,45.0,1,0,0
7456,21.0,1.0,21.0,5.0,4,26.0,7.0,40.0,1,1,0
12394,26.0,1.0,21.0,1.0,0,49.0,0.0,15.0,1,1,0
11024,21.0,6.0,21.0,5.0,1,468.0,17.0,38.0,0,1,0
8520,70.0,3.0,21.0,1.0,0,4.0,1.0,25.0,0,1,0
10117,30.0,3.0,19.0,1.0,1,16.0,0.0,45.0,1,1,1
8031,35.0,1.0,16.0,1.0,2,6.0,1.0,40.0,1,1,1
4484,33.0,1.0,16.0,3.0,2,49.0,0.0,40.0,0,1,0
2185,38.0,1.0,21.0,1.0,0,49.0,1.0,45.0,1,1,1
10189,52.0,2.0,21.0,1.0,0,26.0,0.0,50.0,1,1,1
9774,38.0,1.0,16.0,5.0,4,49.0,0.0,40.0,1,1,1
6081,25.0,1.0,16.0,5.0,0,6.0,2.0,53.0,1,1,0
4621,62.0,1.0,21.0,1.0,2,56.0,0.0,40.0,1,1,0
8531,26.0,4.0,19.0,5.0,0,6.0,2.0,3.0,0,0,0
12222,61.0,1.0,19.0,1.0,2,49.0,0.0,35.0,0,0,0
6378,43.0,6.0,15.0,1.0,4,49.0,0.0,20.0,1,1,0
10931,45.0,1.0,22.0,1.0,0,49.0,0.0,40.0,1,1,1
2172,57.0,2.0,21.0,3.0,0,34.0,0.0,42.0,0,1,1
5949,29.0,1.0,21.0,5.0,0,303.0,2.0,40.0,1,0,0
9394,27.0,1.0,16.0,3.0,4,49.0,0.0,50.0,1,1,1
8182,27.0,5.0,16.0,5.0,4,421.0,2.0,40.0,1,0,1
3652,24.0,1.0,20.0,1.0,0,16.0,0.0,40.0,1,1,0
2639,54.0,1.0,21.0,1.0,0,49.0,1.0,40.0,1,1,1
8249,47.0,1.0,19.0,1.0,0,49.0,0.0,30.0,0,1,0
12707,47.0,1.0,16.0,1.0,2,49.0,1.0,40.0,0,1,0
3833,69.0,1.0,19.0,1.0,4,303.0,0.0,40.0,1,1,1
4042,55.0,2.0,19.0,1.0,2,49.0,0.0,27.0,0,1,0
1692,19.0,1.0,16.0,5.0,3,49.0,0.0,50.0,1,0,1
1732,69.0,1.0,16.0,3.0,0,49.0,0.0,45.0,1,1,1
10281,64.0,6.0,22.0,1.0,0,49.0,1.0,40.0,0,1,1
4566,44.0,3.0,21.0,1.0,0,49.0,0.0,40.0,0,1,1
7002,59.0,6.0,20.0,1.0,1,49.0,0.0,20.0,0,1,0
213,58.0,4.0,22.0,1.0,4,49.0,1.0,40.0,0,1,1
10684,48.0,1.0,21.0,1.0,0,53.0,0.0,50.0,1,1,1
2882,38.0,1.0,16.0,1.0,3,303.0,0.0,50.0,1,0,1
5119,55.0,1.0,21.0,1.0,3,49.0,1.0,40.0,1,1,1
12565,53.0,1.0,20.0,2.0,1,42.0,0.0,30.0,0,1,0
10397,49.0,3.0,22.0,1.0,0,4.0,1.0,41.0,1,1,1
10225,33.0,4.0,16.0,5.0,2,6.0,0.0,33.0,0,1,0
4356,33.0,1.0,19.0,1.0,4,49.0,1.0,40.0,1,1,0
4513,22.0,1.0,14.0,5.0,1,49.0,17.0,40.0,0,1,0
2471,35.0,1.0,16.0,5.0,3,49.0,5.0,15.0,1,1,0
3918,32.0,1.0,22.0,1.0,0,242.0,0.0,40.0,1,0,1
10345,38.0,1.0,20.0,1.0,3,104.0,0.0,50.0,1,0,1
3835,45.0,1.0,21.0,1.0,0,49.0,1.0,40.0,1,1,1
9204,30.0,1.0,14.0,5.0,1,48.0,2.0,40.0,0,1,0
7743,58.0,1.0,21.0,1.0,0,18.0,6.0,20.0,0,1,0
8973,17.0,1.0,18.0,5.0,4,49.0,2.0,20.0,1,1,0
4265,59.0,1.0,16.0,1.0,1,53.0,0.0,4.0,0,1,0
10898,46.0,4.0,20.0,1.0,4,233.0,0.0,50.0,0,0,0
7463,23.0,3.0,14.0,1.0,1,4.0,1.0,20.0,0,1,0
11208,59.0,6.0,11.0,3.0,1,49.0,0.0,40.0,0,0,0
503,54.0,1.0,22.0,1.0,0,49.0,1.0,14.0,0,1,1
6477,40.0,1.0,20.0,4.0,1,27.0,0.0,44.0,1,1,1
5820,41.0,2.0,21.0,1.0,0,49.0,1.0,40.0,0,1,1
12326,69.0,5.0,21.0,1.0,4,36.0,1.0,45.0,1,1,1
5592,41.0,7.0,20.0,3.0,4,6.0,0.0,80.0,1,1,1
12211,33.0,1.0,19.0,1.0,1,49.0,1.0,40.0,0,1,0
12657,46.0,1.0,21.0,1.0,3,164.0,1.0,50.0,1,0,1
108,33.0,1.0,22.0,1.0,0,49.0,0.0,38.0,1,1,1
7917,41.0,1.0,19.0,2.0,2,203.0,0.0,40.0,0,0,0
13059,57.0,2.0,19.0,1.0,0,15.0,0.0,40.0,0,0,0
3445,60.0,1.0,21.0,1.0,2,49.0,2.0,40.0,1,1,1
12793,32.0,4.0,21.0,1.0,0,49.0,1.0,50.0,0,1,1
1247,39.0,1.0,20.0,1.0,2,49.0,0.0,40.0,1,1,1
7504,21.0,1.0,16.0,5.0,1,36.0,12.0,60.0,1,1,0
10979,47.0,1.0,20.0,1.0,2,49.0,1.0,40.0,0,1,0
2868,66.0,1.0,18.0,1.0,1,223.0,1.0,16.0,0,0,0
637,20.0,1.0,14.0,5.0,2,26.0,2.0,30.0,0,1,0
173,78.0,1.0,20.0,4.0,2,49.0,0.0,80.0,0,1,0
1350,62.0,1.0,23.0,1.0,0,162.0,0.0,40.0,1,0,1
6651,18.0,6.0,21.0,5.0,0,36.0,12.0,20.0,0,1,0
13052,20.0,1.0,19.0,5.0,1,6.0,2.0,40.0,0,1,0
8911,39.0,1.0,16.0,1.0,4,49.0,1.0,25.0,1,0,0
10934,66.0,1.0,19.0,5.0,2,49.0,2.0,25.0,0,1,0
416,36.0,2.0,21.0,1.0,0,49.0,0.0,60.0,1,1,1
3033,18.0,1.0,19.0,5.0,1,449.0,2.0,20.0,0,1,0
5342,17.0,1.0,14.0,5.0,2,49.0,12.0,15.0,1,1,0
11665,24.0,1.0,24.0,1.0,0,49.0,0.0,45.0,1,1,1
1118,55.0,1.0,19.0,1.0,0,49.0,1.0,40.0,0,1,1
8066,18.0,1.0,20.0,5.0,2,31.0,12.0,30.0,0,1,0
12345,20.0,6.0,13.0,5.0,1,49.0,0.0,35.0,1,1,0
5152,66.0,7.0,18.0,1.0,0,49.0,2.0,40.0,1,1,1
7529,22.0,1.0,14.0,5.0,4,6.0,2.0,6.0,1,0,0
11529,43.0,3.0,21.0,1.0,0,6.0,0.0,40.0,0,1,0
7192,51.0,1.0,19.0,1.0,2,42.0,1.0,32.0,0,1,0
8193,57.0,1.0,16.0,1.0,4,6.0,1.0,20.0,0,1,0
2477,43.0,1.0,21.0,1.0,0,48.0,0.0,40.0,1,1,1
2208,23.0,1.0,16.0,5.0,2,314.0,2.0,35.0,1,1,0
12093,23.0,1.0,22.0,1.0,0,25.0,1.0,22.0,1,1,0
9265,31.0,1.0,19.0,1.0,4,16.0,0.0,50.0,1,1,1
7639,50.0,7.0,24.0,1.0,0,49.0,0.0,40.0,1,1,1
3208,22.0,1.0,21.0,5.0,1,49.0,2.0,24.0,1,1,0
10529,74.0,1.0,20.0,5.0,2,16.0,0.0,40.0,0,1,1
11018,65.0,1.0,20.0,1.0,0,49.0,0.0,40.0,0,1,1
3693,65.0,1.0,20.0,1.0,0,49.0,0.0,45.0,1,1,0
9206,28.0,1.0,19.0,5.0,2,49.0,17.0,40.0,1,1,0
9666,25.0,1.0,21.0,5.0,0,4.0,12.0,6.0,1,0,0
10000,28.0,1.0,16.0,5.0,2,303.0,0.0,38.0,1,0,0
5384,38.0,1.0,23.0,1.0,3,49.0,10.0,50.0,1,1,1
11052,25.0,1.0,22.0,1.0,2,106.0,0.0,40.0,1,1,0
4997,45.0,1.0,21.0,1.0,4,49.0,1.0,12.0,1,1,0
3190,38.0,1.0,21.0,3.0,0,36.0,0.0,40.0,0,1,1
2929,53.0,3.0,21.0,1.0,0,49.0,1.0,28.0,0,1,0
6014,58.0,1.0,16.0,1.0,0,49.0,1.0,40.0,0,1,1
7949,44.0,1.0,12.0,1.0,1,49.0,1.0,22.0,0,1,0
10057,54.0,1.0,12.0,1.0,4,49.0,0.0,40.0,1,1,0
9703,23.0,3.0,17.0,5.0,1,49.0,0.0,15.0,1,1,0
9154,48.0,2.0,20.0,1.0,0,6.0,6.0,45.0,0,1,1
122,23.0,1.0,21.0,1.0,2,106.0,0.0,40.0,1,1,0
4233,50.0,2.0,21.0,1.0,0,370.0,0.0,40.0,1,1,1
3426,25.0,1.0,16.0,1.0,3,49.0,1.0,40.0,1,1,0
702,46.0,1.0,19.0,1.0,0,42.0,1.0,40.0,1,1,1
295,41.0,5.0,12.0,1.0,4,53.0,1.0,20.0,1,1,0
1776,39.0,1.0,19.0,1.0,2,49.0,1.0,40.0,1,1,0
3674,17.0,1.0,19.0,5.0,4,49.0,5.0,30.0,1,0,0
6153,41.0,7.0,18.0,1.0,0,49.0,1.0,45.0,0,1,1
2474,62.0,1.0,24.0,1.0,0,6.0,0.0,40.0,0,1,1
2159,23.0,1.0,21.0,1.0,0,49.0,1.0,55.0,1,1,1
5868,69.0,1.0,20.0,1.0,2,36.0,1.0,40.0,0,1,1
8783,28.0,7.0,12.0,1.0,1,49.0,1.0,4.0,0,1,0
1394,52.0,3.0,7.0,5.0,1,6.0,2.0,40.0,1,0,1
6623,59.0,1.0,19.0,3.0,2,49.0,0.0,25.0,0,1,0
8316,56.0,1.0,15.0,5.0,3,327.0,7.0,40.0,1,1,0
5332,32.0,2.0,19.0,1.0,2,35.0,2.0,40.0,0,1,0
794,58.0,1.0,19.0,1.0,3,6.0,1.0,40.0,1,1,1
1240,57.0,1.0,19.0,1.0,1,8.0,0.0,4.0,1,1,0
620,47.0,1.0,21.0,1.0,0,49.0,1.0,52.0,0,1,1
5445,44.0,1.0,21.0,1.0,2,49.0,0.0,48.0,1,1,1
4228,43.0,1.0,16.0,4.0,0,6.0,2.0,55.0,0,1,1
10176,18.0,1.0,17.0,5.0,1,16.0,13.0,30.0,0,1,0
5285,65.0,1.0,20.0,1.0,4,301.0,1.0,45.0,1,1,1
485,49.0,1.0,16.0,1.0,3,39.0,0.0,40.0,1,1,1
8607,41.0,1.0,19.0,1.0,2,29.0,1.0,14.0,0,1,0
12445,55.0,3.0,22.0,3.0,0,6.0,0.0,40.0,0,1,1
4135,20.0,1.0,16.0,5.0,2,18.0,7.0,12.0,1,1,0
11666,36.0,1.0,16.0,5.0,2,6.0,0.0,40.0,0,1,0
9198,35.0,1.0,21.0,3.0,1,49.0,0.0,20.0,0,1,0
12711,19.0,2.0,16.0,5.0,2,49.0,2.0,40.0,1,1,0
7481,18.0,1.0,19.0,5.0,4,49.0,0.0,35.0,0,1,0
3182,56.0,6.0,18.0,1.0,0,6.0,1.0,45.0,1,1,1
11794,42.0,3.0,16.0,1.0,1,49.0,0.0,20.0,1,1,0
7618,42.0,1.0,16.0,1.0,3,49.0,10.0,40.0,1,1,1
5138,66.0,4.0,21.0,1.0,0,6.0,1.0,40.0,1,1,1
8383,49.0,1.0,15.0,1.0,0,236.0,0.0,50.0,1,1,1
10756,57.0,1.0,16.0,3.0,0,301.0,0.0,50.0,0,1,1
3785,37.0,1.0,20.0,1.0,2,49.0,1.0,20.0,1,1,0
4442,36.0,5.0,21.0,1.0,-1,30.0,0.0,30.0,1,1,1
11150,68.0,4.0,21.0,1.0,0,49.0,0.0,40.0,1,1,1
10172,27.0,1.0,16.0,1.0,1,49.0,1.0,35.0,0,1,0
6496,40.0,1.0,16.0,1.0,0,49.0,1.0,40.0,1,1,1
8164,56.0,1.0,16.0,2.0,1,301.0,0.0,40.0,1,1,1
6034,43.0,2.0,21.0,1.0,2,49.0,0.0,40.0,0,1,1
2715,47.0,1.0,24.0,1.0,0,49.0,0.0,40.0,1,1,1
10450,20.0,1.0,21.0,5.0,4,6.0,13.0,40.0,1,0,0
11581,22.0,1.0,16.0,5.0,0,233.0,12.0,5.0,0,0,0
2808,21.0,1.0,19.0,5.0,2,49.0,2.0,35.0,1,1,0
11139,40.0,1.0,21.0,1.0,0,136.0,0.0,55.0,1,1,1
11367,34.0,1.0,20.0,1.0,1,32.0,0.0,40.0,0,1,1
1094,36.0,3.0,24.0,5.0,0,127.0,2.0,38.0,1,1,1
8441,22.0,1.0,19.0,5.0,1,4.0,0.0,36.0,0,1,0
936,56.0,1.0,22.0,1.0,0,49.0,0.0,50.0,0,1,1
4370,60.0,1.0,18.0,1.0,2,49.0,1.0,40.0,1,1,1
357,42.0,1.0,16.0,1.0,4,6.0,1.0,40.0,1,1,0
4654,20.0,4.0,20.0,1.0,0,16.0,1.0,30.0,0,1,0
7089,25.0,1.0,19.0,5.0,1,132.0,2.0,40.0,0,1,0
2977,20.0,1.0,19.0,1.0,4,53.0,0.0,40.0,1,1,0
12108,40.0,8.0,20.0,4.0,4,49.0,0.0,25.0,0,1,0
7736,22.0,1.0,16.0,1.0,2,49.0,1.0,25.0,0,1,0
2296,57.0,6.0,16.0,3.0,1,49.0,6.0,20.0,0,1,0
8528,53.0,1.0,21.0,1.0,0,49.0,0.0,40.0,1,1,1
5880,31.0,1.0,11.0,1.0,1,47.0,1.0,15.0,0,0,0
7809,31.0,2.0,1.0,1.0,2,49.0,1.0,50.0,0,1,0
6425,17.0,1.0,18.0,5.0,2,48.0,17.0,5.0,0,1,0
2835,44.0,1.0,18.0,1.0,2,49.0,17.0,15.0,0,1,0
8564,26.0,2.0,18.0,5.0,1,49.0,12.0,40.0,1,1,1
5853,32.0,1.0,15.0,1.0,3,13.0,1.0,45.0,1,1,1
8852,40.0,4.0,21.0,1.0,2,49.0,0.0,40.0,1,1,1
7057,45.0,1.0,20.0,1.0,2,49.0,1.0,40.0,0,1,1
4829,40.0,1.0,8.0,5.0,2,301.0,2.0,40.0,0,1,1
9329,29.0,4.0,23.0,1.0,0,48.0,0.0,40.0,1,1,1
2950,57.0,1.0,23.0,1.0,0,49.0,1.0,25.0,0,1,0
1683,21.0,2.0,20.0,5.0,0,49.0,2.0,30.0,0,1,0
7147,50.0,3.0,23.0,1.0,-1,49.0,0.0,40.0,1,1,1
9426,39.0,1.0,19.0,1.0,4,6.0,1.0,50.0,1,1,1
1730,21.0,2.0,18.0,5.0,0,42.0,2.0,14.0,1,1,0
8505,79.0,4.0,18.0,3.0,1,8.0,2.0,10.0,1,1,0
11288,60.0,3.0,22.0,1.0,0,303.0,0.0,24.0,0,0,0
176,64.0,4.0,20.0,1.0,0,49.0,10.0,36.0,0,0,0
3415,57.0,5.0,21.0,1.0,1,49.0,0.0,40.0,0,1,1
5984,63.0,1.0,16.0,1.0,4,49.0,1.0,30.0,0,0,1
12778,41.0,1.0,19.0,1.0,0,49.0,1.0,25.0,0,1,0
5209,59.0,3.0,21.0,1.0,2,303.0,0.0,25.0,1,1,1
2338,29.0,1.0,19.0,5.0,4,6.0,0.0,40.0,1,1,1
11979,51.0,1.0,19.0,3.0,2,31.0,0.0,30.0,0,1,0
6236,41.0,4.0,19.0,2.0,1,6.0,0.0,45.0,0,1,1
9119,34.0,5.0,18.0,1.0,3,34.0,0.0,40.0,1,1,1
8873,55.0,1.0,19.0,5.0,4,49.0,0.0,11.0,1,1,1
11820,22.0,4.0,19.0,5.0,0,49.0,17.0,36.0,0,1,0
759,36.0,1.0,19.0,1.0,2,49.0,1.0,40.0,1,1,1
6040,41.0,5.0,1.0,3.0,5,53.0,0.0,40.0,1,1,1
10503,60.0,1.0,21.0,1.0,0,49.0,1.0,40.0,1,1,1
1046,48.0,1.0,22.0,1.0,0,49.0,0.0,40.0,1,1,1
897,25.0,2.0,21.0,5.0,0,49.0,12.0,40.0,1,1,1
10154,40.0,1.0,21.0,3.0,2,49.0,0.0,40.0,1,1,1
9506,44.0,1.0,20.0,1.0,1,6.0,1.0,30.0,0,1,1
2734,20.0,1.0,16.0,5.0,2,49.0,15.0,20.0,1,1,0
10408,34.0,1.0,14.0,5.0,4,49.0,0.0,40.0,1,1,0
1022,87.0,1.0,16.0,4.0,4,31.0,17.0,60.0,1,0,1
12020,22.0,1.0,18.0,5.0,4,55.0,5.0,40.0,1,1,0
1697,53.0,1.0,20.0,3.0,0,6.0,0.0,47.0,1,1,1
10622,17.0,1.0,18.0,5.0,1,49.0,2.0,20.0,1,1,0
4552,80.0,3.0,16.0,4.0,1,49.0,0.0,30.0,0,1,0
3963,56.0,6.0,19.0,2.0,1,49.0,0.0,40.0,0,1,0
7282,41.0,1.0,20.0,5.0,1,210.0,15.0,15.0,0,0,0
4726,54.0,6.0,19.0,3.0,1,49.0,0.0,40.0,1,0,1
9680,50.0,1.0,20.0,3.0,4,49.0,13.0,40.0,1,1,1
7985,33.0,1.0,19.0,1.0,4,49.0,0.0,40.0,1,1,1
5568,18.0,1.0,16.0,5.0,2,150.0,2.0,12.0,0,1,0
11385,20.0,1.0,21.0,5.0,0,49.0,17.0,20.0,1,1,0
9304,78.0,1.0,21.0,3.0,0,6.0,0.0,40.0,0,1,0
8786,24.0,1.0,21.0,5.0,0,6.0,2.0,36.0,0,1,0
10708,24.0,1.0,13.0,5.0,4,35.0,13.0,60.0,1,0,0
11614,48.0,1.0,16.0,1.0,1,6.0,1.0,40.0,1,1,1
9959,24.0,1.0,14.0,5.0,4,6.0,2.0,50.0,1,1,0
24,25.0,1.0,19.0,5.0,2,28.0,5.0,45.0,1,1,0
12001,41.0,1.0,20.0,1.0,0,106.0,0.0,40.0,0,1,0
3848,55.0,6.0,20.0,1.0,0,49.0,1.0,45.0,1,1,1
2255,47.0,1.0,16.0,1.0,0,16.0,0.0,20.0,0,1,0
11236,30.0,1.0,22.0,1.0,0,49.0,1.0,18.0,0,1,0
5524,38.0,1.0,20.0,1.0,1,49.0,0.0,10.0,0,1,0
592,30.0,1.0,18.0,5.0,2,49.0,17.0,30.0,0,1,0
3773,35.0,1.0,20.0,5.0,0,49.0,0.0,40.0,0,1,1
800,54.0,2.0,21.0,1.0,0,49.0,1.0,40.0,0,0,0
4431,19.0,1.0,17.0,5.0,0,32.0,2.0,50.0,0,1,0
6552,64.0,1.0,21.0,1.0,3,56.0,9.0,40.0,1,1,1
11675,38.0,7.0,22.0,1.0,3,6.0,1.0,40.0,1,0,1
8537,43.0,1.0,21.0,3.0,0,49.0,16.0,40.0,0,1,0
5380,42.0,1.0,21.0,1.0,0,49.0,1.0,30.0,0,1,0
12358,65.0,6.0,21.0,1.0,0,49.0,1.0,50.0,1,1,1
11769,17.0,1.0,20.0,5.0,1,233.0,0.0,36.0,0,0,0
12000,55.0,5.0,18.0,1.0,3,211.0,1.0,50.0,1,0,1
11713,44.0,1.0,22.0,1.0,0,36.0,1.0,40.0,1,1,0
4455,25.0,1.0,16.0,1.0,2,421.0,1.0,10.0,0,0,0
5702,19.0,1.0,16.0,5.0,1,49.0,0.0,40.0,0,1,0
258,59.0,5.0,18.0,1.0,2,48.0,1.0,30.0,0,1,1
6139,49.0,2.0,20.0,1.0,0,39.0,0.0,40.0,1,1,1
6649,35.0,1.0,21.0,1.0,0,39.0,1.0,40.0,1,1,1
2983,42.0,1.0,11.0,1.0,4,303.0,1.0,10.0,1,0,0
5821,76.0,6.0,20.0,1.0,0,32.0,1.0,45.0,1,1,0
2953,29.0,1.0,23.0,1.0,0,6.0,1.0,45.0,1,1,1
1242,46.0,1.0,19.0,1.0,2,6.0,0.0,40.0,0,1,0
2927,17.0,1.0,14.0,5.0,1,6.0,12.0,32.0,0,1,0
6064,31.0,7.0,18.0,1.0,3,49.0,9.0,50.0,1,1,1
12045,66.0,1.0,18.0,5.0,4,6.0,17.0,50.0,1,1,1
11836,47.0,1.0,22.0,1.0,0,49.0,0.0,20.0,1,1,1
10072,39.0,2.0,12.0,1.0,4,42.0,1.0,2.0,0,1,0
6001,62.0,1.0,18.0,1.0,0,49.0,0.0,40.0,0,1,1
930,43.0,5.0,21.0,1.0,0,49.0,0.0,40.0,0,1,1
9770,51.0,3.0,21.0,1.0,0,36.0,1.0,14.0,1,1,1
5691,67.0,1.0,16.0,1.0,3,49.0,0.0,42.0,1,1,1
2288,50.0,1.0,22.0,1.0,0,49.0,1.0,40.0,1,1,1
5877,24.0,1.0,17.0,5.0,0,49.0,0.0,10.0,0,1,0
1552,33.0,7.0,19.0,1.0,0,49.0,1.0,60.0,1,1,1
8919,20.0,3.0,21.0,5.0,0,6.0,2.0,27.0,0,1,0
3876,21.0,1.0,1.0,5.0,4,162.0,16.0,45.0,1,0,0
9521,25.0,1.0,19.0,5.0,1,49.0,13.0,40.0,0,1,0
7741,38.0,1.0,16.0,5.0,1,6.0,17.0,50.0,1,1,1
12780,26.0,1.0,19.0,5.0,0,49.0,12.0,40.0,0,1,0
5998,34.0,5.0,20.0,1.0,2,49.0,0.0,40.0,1,1,1
11441,24.0,1.0,19.0,5.0,2,233.0,2.0,20.0,0,0,0
12798,68.0,1.0,21.0,1.0,0,49.0,0.0,40.0,0,1,0
1040,26.0,6.0,17.0,1.0,2,49.0,1.0,20.0,0,1,0
1165,38.0,1.0,16.0,1.0,3,49.0,0.0,20.0,1,1,0
2946,41.0,1.0,16.0,3.0,3,49.0,0.0,40.0,1,1,1
9924,25.0,1.0,18.0,3.0,1,49.0,5.0,45.0,0,1,0
5319,54.0,6.0,23.0,1.0,0,49.0,1.0,35.0,0,1,1
2209,37.0,1.0,17.0,5.0,0,49.0,17.0,50.0,1,1,1
1662,62.0,1.0,21.0,1.0,4,49.0,0.0,50.0,1,1,1
6490,40.0,1.0,21.0,1.0,0,49.0,1.0,45.0,1,1,1
4417,32.0,7.0,19.0,1.0,2,49.0,1.0,18.0,0,1,0
6179,22.0,4.0,21.0,5.0,2,6.0,2.0,38.0,0,1,0
9196,55.0,3.0,21.0,1.0,2,6.0,0.0,50.0,1,1,1
9164,47.0,1.0,21.0,3.0,0,49.0,0.0,22.0,0,1,1
4215,27.0,5.0,18.0,1.0,0,49.0,0.0,40.0,1,0,1
8759,47.0,1.0,22.0,3.0,0,49.0,0.0,40.0,0,1,1
8322,25.0,1.0,20.0,1.0,0,49.0,1.0,20.0,0,1,0
7950,59.0,3.0,16.0,3.0,4,17.0,13.0,40.0,1,1,1
11484,23.0,1.0,23.0,5.0,0,24.0,0.0,40.0,0,1,1
8430,56.0,1.0,4.0,2.0,-1,49.0,0.0,45.0,0,1,1
6761,44.0,1.0,18.0,1.0,2,48.0,0.0,40.0,0,1,0
5807,49.0,1.0,19.0,1.0,2,6.0,0.0,40.0,1,0,1
6132,35.0,1.0,17.0,3.0,1,49.0,0.0,45.0,1,1,1
5430,44.0,1.0,16.0,3.0,3,49.0,0.0,48.0,1,1,1
4281,37.0,1.0,18.0,1.0,1,49.0,1.0,40.0,1,1,1
1326,19.0,1.0,16.0,5.0,3,49.0,2.0,10.0,1,1,0
8584,22.0,1.0,21.0,3.0,4,49.0,3.0,16.0,0,1,0
3656,59.0,1.0,21.0,1.0,4,48.0,0.0,50.0,1,1,1
9922,32.0,1.0,20.0,1.0,3,49.0,9.0,8.0,1,1,0
12924,35.0,1.0,22.0,1.0,4,49.0,0.0,52.0,0,1,1
4504,75.0,4.0,22.0,1.0,0,303.0,0.0,40.0,1,1,1
4038,56.0,1.0,13.0,3.0,4,49.0,0.0,40.0,1,1,1
4464,60.0,4.0,10.0,3.0,1,303.0,0.0,40.0,1,0,1
3389,39.0,1.0,20.0,1.0,0,49.0,1.0,40.0,0,1,1
9254,72.0,1.0,16.0,1.0,4,49.0,1.0,40.0,1,1,1
2376,58.0,1.0,21.0,1.0,4,303.0,0.0,60.0,1,0,1
7389,39.0,4.0,22.0,2.0,0,49.0,0.0,36.0,0,1,1
12631,46.0,1.0,21.0,1.0,4,6.0,9.0,25.0,1,1,0
5049,73.0,1.0,19.0,1.0,2,16.0,1.0,40.0,1,1,0
7779,50.0,1.0,17.0,1.0,2,6.0,1.0,55.0,1,1,1
3880,38.0,1.0,22.0,1.0,2,49.0,1.0,40.0,0,1,1
7185,26.0,1.0,2.0,5.0,1,49.0,2.0,40.0,1,1,1
159,29.0,1.0,19.0,1.0,4,49.0,0.0,40.0,1,1,1
11095,41.0,1.0,22.0,1.0,0,23.0,0.0,40.0,0,0,0
6024,50.0,1.0,19.0,5.0,4,49.0,0.0,40.0,1,1,1
10250,32.0,1.0,20.0,1.0,2,8.0,1.0,10.0,0,1,0
10840,20.0,1.0,22.0,5.0,0,49.0,0.0,20.0,0,1,0
11436,66.0,1.0,16.0,5.0,4,49.0,2.0,30.0,0,1,0
10541,58.0,4.0,21.0,1.0,0,53.0,1.0,40.0,0,1,1
10771,33.0,1.0,18.0,5.0,1,49.0,2.0,20.0,0,1,0
6066,29.0,1.0,21.0,1.0,0,46.0,1.0,23.0,1,1,0
5686,43.0,1.0,18.0,1.0,0,103.0,1.0,40.0,1,1,1
7738,56.0,1.0,21.0,1.0,0,4.0,0.0,54.0,0,1,1
9353,27.0,4.0,19.0,1.0,2,49.0,1.0,30.0,0,1,0
5375,59.0,1.0,22.0,1.0,0,49.0,0.0,40.0,1,1,1
8276,58.0,1.0,19.0,1.0,2,8.0,1.0,40.0,0,1,0
3528,62.0,1.0,23.0,1.0,0,49.0,1.0,15.0,0,1,0
12207,60.0,6.0,20.0,1.0,1,6.0,1.0,29.0,0,1,0
3958,17.0,1.0,18.0,5.0,2,49.0,12.0,40.0,0,1,0
4681,50.0,1.0,16.0,1.0,0,49.0,0.0,20.0,0,1,0
7246,60.0,5.0,16.0,1.0,2,49.0,0.0,25.0,0,1,1
3225,28.0,1.0,16.0,1.0,1,49.0,0.0,40.0,0,1,0
11202,65.0,2.0,17.0,1.0,2,49.0,0.0,40.0,0,1,0
1430,40.0,1.0,21.0,1.0,0,49.0,0.0,50.0,0,1,1
7234,35.0,1.0,21.0,1.0,0,49.0,1.0,35.0,0,1,1
1450,23.0,1.0,21.0,1.0,0,16.0,1.0,99.0,0,1,1
7316,18.0,1.0,16.0,5.0,1,30.0,2.0,30.0,1,1,0
6665,37.0,1.0,21.0,1.0,0,49.0,1.0,50.0,0,0,1
3893,36.0,1.0,23.0,1.0,2,49.0,1.0,40.0,1,1,1
8219,63.0,1.0,16.0,5.0,2,301.0,10.0,50.0,1,1,1
10706,69.0,1.0,19.0,1.0,1,49.0,0.0,40.0,1,1,0
2593,25.0,1.0,19.0,1.0,0,12.0,1.0,45.0,1,1,1
9210,54.0,1.0,21.0,1.0,2,49.0,1.0,35.0,0,1,0
5707,58.0,1.0,19.0,1.0,3,49.0,1.0,40.0,1,1,1
12471,59.0,6.0,18.0,1.0,2,53.0,1.0,16.0,0,1,0
7207,21.0,1.0,19.0,5.0,2,49.0,3.0,45.0,1,1,0
9826,26.0,1.0,18.0,5.0,1,48.0,0.0,20.0,0,1,0
7904,47.0,1.0,19.0,1.0,1,49.0,0.0,40.0,0,1,1
7644,22.0,3.0,14.0,5.0,2,49.0,15.0,30.0,0,1,0
9700,63.0,3.0,21.0,1.0,1,49.0,0.0,25.0,0,1,0
9711,80.0,6.0,16.0,5.0,3,247.0,0.0,50.0,1,0,1
8830,38.0,1.0,19.0,1.0,1,233.0,1.0,15.0,0,0,0
4483,54.0,1.0,20.0,1.0,2,49.0,1.0,40.0,0,1,1
11147,33.0,1.0,19.0,5.0,3,48.0,0.0,55.0,1,1,1
6675,61.0,7.0,19.0,1.0,2,8.0,1.0,40.0,0,1,1
963,41.0,2.0,21.0,1.0,0,32.0,2.0,45.0,1,1,1
5761,24.0,1.0,16.0,5.0,2,31.0,2.0,40.0,0,0,0
3921,19.0,6.0,16.0,5.0,1,49.0,2.0,36.0,0,1,0
3902,22.0,1.0,16.0,1.0,1,49.0,1.0,42.0,1,1,0
7844,38.0,1.0,16.0,1.0,1,4.0,0.0,40.0,1,1,1
4625,21.0,1.0,16.0,1.0,3,6.0,0.0,30.0,1,1,0
10726,47.0,1.0,21.0,1.0,0,49.0,1.0,40.0,1,1,1
8198,50.0,1.0,19.0,3.0,4,49.0,2.0,10.0,1,1,0
2832,63.0,1.0,17.0,1.0,3,4.0,0.0,40.0,1,1,1
10461,39.0,2.0,19.0,1.0,0,49.0,1.0,40.0,0,1,1
10533,27.0,2.0,21.0,1.0,0,32.0,9.0,8.0,0,1,0
5865,34.0,1.0,16.0,3.0,0,6.0,0.0,52.0,0,1,1
10572,30.0,1.0,20.0,5.0,1,28.0,17.0,10.0,1,1,0
12672,18.0,1.0,16.0,5.0,1,21.0,2.0,40.0,0,0,0
12949,65.0,2.0,21.0,1.0,0,49.0,1.0,50.0,0,1,1
8996,31.0,1.0,16.0,5.0,4,313.0,13.0,40.0,0,0,0
6420,64.0,1.0,16.0,1.0,1,41.0,1.0,50.0,1,0,1
9349,36.0,7.0,21.0,1.0,2,49.0,0.0,30.0,1,1,0
3501,32.0,7.0,16.0,1.0,1,4.0,1.0,70.0,0,1,0
8809,46.0,3.0,16.0,1.0,0,49.0,0.0,40.0,0,1,1
3862,20.0,1.0,19.0,5.0,1,8.0,4.0,20.0,0,1,0
2820,23.0,1.0,17.0,5.0,2,49.0,0.0,6.0,0,1,0
7410,75.0,1.0,15.0,1.0,1,33.0,0.0,45.0,1,1,0
8970,41.0,1.0,21.0,3.0,4,39.0,0.0,50.0,0,1,1
11093,17.0,1.0,19.0,5.0,2,49.0,0.0,15.0,0,1,0
13013,41.0,1.0,19.0,3.0,1,49.0,8.0,40.0,0,1,0
8389,46.0,1.0,22.0,3.0,0,303.0,2.0,50.0,1,1,1
1280,41.0,1.0,21.0,1.0,0,49.0,0.0,40.0,1,1,1
10087,19.0,1.0,16.0,5.0,2,303.0,2.0,44.0,0,0,0
7422,64.0,1.0,18.0,1.0,0,6.0,0.0,40.0,1,1,1
10206,76.0,1.0,21.0,3.0,0,49.0,0.0,50.0,1,1,1
11257,62.0,1.0,20.0,1.0,1,49.0,1.0,50.0,0,1,1
3677,28.0,1.0,16.0,5.0,1,35.0,12.0,28.0,0,1,0
5701,20.0,1.0,19.0,5.0,0,6.0,0.0,40.0,0,1,0
2872,54.0,2.0,20.0,1.0,0,49.0,1.0,40.0,0,1,0
2656,50.0,1.0,18.0,1.0,4,49.0,1.0,40.0,0,1,0
10150,32.0,1.0,22.0,5.0,0,49.0,0.0,72.0,1,1,1
6785,47.0,2.0,20.0,1.0,1,36.0,1.0,45.0,0,1,1
1888,24.0,1.0,16.0,1.0,4,49.0,0.0,60.0,1,1,1
3797,68.0,4.0,19.0,3.0,0,49.0,0.0,48.0,0,1,1
1738,40.0,1.0,21.0,1.0,2,28.0,0.0,40.0,0,1,1
8484,24.0,1.0,18.0,5.0,2,49.0,0.0,15.0,0,1,0
4472,48.0,6.0,21.0,1.0,0,49.0,0.0,50.0,0,1,0
8527,29.0,3.0,21.0,1.0,0,32.0,0.0,20.0,1,1,0
4196,24.0,3.0,16.0,1.0,3,421.0,0.0,1.0,1,0,1
4393,55.0,1.0,16.0,1.0,2,49.0,0.0,30.0,1,1,1
11892,38.0,1.0,21.0,1.0,2,6.0,1.0,40.0,0,1,1
11951,27.0,1.0,16.0,1.0,0,49.0,1.0,38.0,1,1,1
10298,61.0,1.0,19.0,1.0,2,49.0,0.0,20.0,1,1,0
5397,35.0,1.0,19.0,1.0,0,207.0,2.0,20.0,1,0,0
9485,37.0,2.0,16.0,1.0,3,49.0,1.0,40.0,1,1,1
11311,42.0,1.0,21.0,1.0,0,303.0,0.0,40.0,1,1,1
8027,39.0,1.0,22.0,5.0,0,49.0,0.0,60.0,1,1,1
7369,26.0,2.0,18.0,5.0,0,49.0,0.0,15.0,1,1,0
11278,62.0,1.0,22.0,5.0,0,17.0,2.0,60.0,1,1,1
7724,44.0,6.0,16.0,1.0,1,164.0,2.0,45.0,1,0,1
10829,43.0,2.0,21.0,1.0,0,49.0,1.0,40.0,1,1,1
11725,34.0,6.0,21.0,1.0,0,210.0,1.0,20.0,0,0,0
10664,29.0,1.0,18.0,5.0,3,49.0,12.0,45.0,1,1,1
12683,51.0,1.0,19.0,1.0,0,49.0,1.0,40.0,0,1,1
10053,31.0,1.0,20.0,1.0,0,49.0,1.0,55.0,1,1,1
4007,37.0,7.0,18.0,1.0,0,16.0,0.0,70.0,1,1,1
8035,55.0,1.0,21.0,1.0,0,49.0,0.0,60.0,1,1,1
12842,30.0,1.0,20.0,1.0,4,4.0,1.0,40.0,0,1,0
1997,54.0,3.0,17.0,1.0,2,53.0,1.0,70.0,0,1,0
8563,19.0,1.0,18.0,5.0,2,49.0,17.0,40.0,1,1,0
8112,26.0,1.0,16.0,1.0,4,49.0,0.0,36.0,0,1,0
10353,40.0,1.0,21.0,1.0,0,49.0,0.0,50.0,1,1,1
8595,63.0,2.0,21.0,1.0,0,49.0,1.0,40.0,0,1,1
10705,27.0,1.0,19.0,1.0,2,16.0,1.0,15.0,0,1,0
1486,43.0,1.0,21.0,1.0,2,12.0,1.0,40.0,1,1,1
4596,39.0,7.0,22.0,1.0,0,6.0,0.0,60.0,1,0,1
9607,65.0,1.0,22.0,1.0,0,49.0,1.0,40.0,1,1,1
1983,30.0,1.0,14.0,5.0,2,53.0,5.0,20.0,1,1,0
505,46.0,1.0,16.0,1.0,2,23.0,2.0,50.0,1,1,1
5673,23.0,1.0,19.0,5.0,3,17.0,10.0,35.0,0,1,0
7254,54.0,1.0,16.0,1.0,4,6.0,1.0,40.0,1,0,0
1447,47.0,6.0,21.0,1.0,4,6.0,0.0,65.0,1,1,1
11440,18.0,1.0,19.0,5.0,1,49.0,7.0,16.0,0,1,0
2283,45.0,7.0,15.0,1.0,2,42.0,0.0,45.0,1,1,1
10123,30.0,1.0,20.0,1.0,1,49.0,0.0,40.0,0,1,0
7201,23.0,1.0,17.0,5.0,4,49.0,13.0,4.0,0,1,0
11494,49.0,1.0,16.0,1.0,2,49.0,1.0,40.0,0,1,1
3303,18.0,1.0,16.0,5.0,0,25.0,2.0,16.0,0,1,0
9828,80.0,1.0,14.0,5.0,2,49.0,13.0,45.0,1,1,1
1112,21.0,1.0,16.0,5.0,2,421.0,2.0,30.0,0,0,0
5772,38.0,1.0,22.0,2.0,1,49.0,0.0,40.0,1,1,1
11268,30.0,6.0,20.0,1.0,1,303.0,1.0,15.0,0,1,0
697,43.0,1.0,18.0,1.0,4,49.0,1.0,28.0,0,1,0
4453,42.0,1.0,21.0,1.0,0,53.0,0.0,40.0,1,1,0
5620,52.0,1.0,16.0,1.0,2,49.0,0.0,40.0,1,1,1
6351,45.0,1.0,21.0,1.0,0,49.0,0.0,60.0,1,1,1
1564,21.0,1.0,16.0,5.0,4,49.0,5.0,6.0,1,1,0
7712,45.0,1.0,19.0,1.0,0,6.0,1.0,50.0,1,1,1
6155,67.0,1.0,19.0,1.0,3,49.0,1.0,45.0,1,1,1
4496,31.0,6.0,16.0,5.0,1,6.0,17.0,20.0,1,1,0
8360,37.0,1.0,17.0,1.0,4,6.0,0.0,30.0,1,0,0
11792,57.0,1.0,23.0,1.0,2,51.0,1.0,40.0,0,1,1
10542,40.0,5.0,19.0,1.0,2,49.0,1.0,40.0,0,1,1
6674,63.0,1.0,16.0,1.0,3,49.0,1.0,75.0,0,1,1
6348,43.0,4.0,19.0,1.0,0,49.0,0.0,28.0,0,1,0
4415,57.0,3.0,22.0,1.0,0,49.0,0.0,40.0,1,1,1
11209,18.0,1.0,21.0,5.0,1,301.0,10.0,16.0,0,1,0
12224,31.0,1.0,21.0,3.0,4,49.0,0.0,40.0,0,1,0
3786,36.0,1.0,12.0,1.0,4,49.0,1.0,40.0,1,1,0
6955,60.0,7.0,19.0,1.0,2,303.0,0.0,60.0,1,0,1
7273,66.0,1.0,21.0,1.0,0,5.0,0.0,40.0,1,1,1
3548,36.0,3.0,19.0,5.0,0,41.0,2.0,40.0,1,0,1
9246,32.0,4.0,21.0,1.0,0,49.0,1.0,18.0,0,1,0
12916,38.0,4.0,20.0,5.0,3,49.0,2.0,15.0,1,1,0
10178,61.0,1.0,18.0,1.0,4,49.0,1.0,40.0,1,1,1
3091,18.0,1.0,19.0,5.0,2,49.0,2.0,24.0,0,1,0
7465,17.0,1.0,22.0,5.0,0,49.0,13.0,25.0,0,1,0
9272,44.0,1.0,18.0,3.0,2,49.0,2.0,40.0,1,1,1
5541,63.0,1.0,20.0,1.0,0,26.0,1.0,1.0,0,1,0
4045,60.0,1.0,21.0,3.0,0,16.0,0.0,20.0,0,1,0
12219,26.0,1.0,15.0,5.0,1,53.0,13.0,45.0,0,1,0
10987,21.0,1.0,21.0,5.0,2,110.0,12.0,35.0,0,1,0
695,32.0,1.0,21.0,1.0,0,210.0,0.0,40.0,1,0,1
10994,61.0,4.0,21.0,1.0,0,8.0,0.0,40.0,0,1,1
8188,48.0,3.0,21.0,1.0,0,49.0,0.0,40.0,1,1,1
1956,38.0,1.0,16.0,1.0,1,49.0,0.0,50.0,1,1,1
392,40.0,1.0,18.0,1.0,3,49.0,0.0,50.0,1,1,1
6580,32.0,1.0,21.0,1.0,0,17.0,0.0,6.0,1,1,0
5729,58.0,1.0,20.0,1.0,0,49.0,1.0,5.0,0,0,0
1816,50.0,1.0,21.0,5.0,0,8.0,0.0,45.0,1,1,1
11067,62.0,5.0,19.0,1.0,0,49.0,0.0,40.0,1,1,1
4050,57.0,1.0,21.0,1.0,2,6.0,0.0,60.0,1,1,1
7145,53.0,2.0,16.0,1.0,4,49.0,1.0,8.0,0,1,0
6131,25.0,1.0,19.0,5.0,0,303.0,0.0,43.0,0,1,0
11310,28.0,1.0,14.0,1.0,2,6.0,0.0,40.0,0,1,0
752,37.0,7.0,22.0,1.0,0,49.0,0.0,50.0,1,1,1
6308,42.0,1.0,19.0,1.0,0,49.0,1.0,50.0,1,1,1
7350,40.0,1.0,20.0,1.0,1,49.0,0.0,12.0,0,0,0
11089,66.0,1.0,18.0,5.0,1,49.0,10.0,46.0,1,1,1
7317,30.0,1.0,21.0,1.0,0,49.0,1.0,40.0,1,1,1
7250,55.0,2.0,21.0,3.0,0,49.0,12.0,40.0,0,1,1
1977,19.0,2.0,16.0,5.0,1,303.0,0.0,40.0,0,0,0
12765,56.0,1.0,20.0,1.0,0,16.0,1.0,60.0,1,1,1
9421,29.0,3.0,21.0,1.0,0,49.0,1.0,40.0,0,1,1
3144,22.0,7.0,20.0,3.0,1,49.0,0.0,25.0,0,0,0
6873,41.0,4.0,19.0,5.0,0,49.0,0.0,40.0,0,1,1
12785,56.0,4.0,21.0,3.0,0,49.0,0.0,20.0,0,1,0
884,20.0,1.0,21.0,5.0,0,49.0,17.0,35.0,1,1,0
3718,36.0,1.0,22.0,1.0,0,49.0,0.0,50.0,1,1,1
12189,59.0,4.0,21.0,3.0,0,53.0,0.0,40.0,0,1,1
11028,17.0,1.0,19.0,5.0,4,51.0,2.0,45.0,1,0,0
8883,50.0,5.0,20.0,1.0,0,49.0,1.0,50.0,0,1,1
4283,22.0,1.0,24.0,5.0,0,440.0,0.0,10.0,0,1,0
407,35.0,1.0,16.0,3.0,4,49.0,10.0,36.0,1,1,1
98,27.0,6.0,20.0,5.0,2,49.0,2.0,40.0,0,1,0
5507,40.0,3.0,6.0,4.0,0,162.0,0.0,1.0,0,0,0
540,78.0,8.0,21.0,4.0,0,49.0,7.0,40.0,1,1,0
8183,40.0,4.0,21.0,4.0,1,49.0,12.0,40.0,0,1,0
2909,22.0,1.0,19.0,5.0,2,49.0,7.0,4.0,1,1,0
8416,23.0,1.0,21.0,1.0,2,49.0,1.0,30.0,1,1,0
5097,25.0,1.0,7.0,5.0,1,4.0,2.0,40.0,1,1,0
10544,47.0,1.0,21.0,1.0,0,16.0,0.0,40.0,0,1,1
1938,28.0,1.0,14.0,5.0,1,31.0,2.0,50.0,0,0,0
12433,39.0,7.0,21.0,1.0,0,49.0,0.0,40.0,1,1,1
11488,36.0,1.0,16.0,3.0,3,49.0,0.0,40.0,1,1,1
2309,20.0,1.0,21.0,5.0,0,110.0,0.0,20.0,1,1,0
11335,26.0,7.0,19.0,1.0,0,162.0,0.0,40.0,1,0,1
1017,22.0,1.0,14.0,5.0,3,4.0,2.0,50.0,1,1,0
9593,30.0,2.0,19.0,5.0,2,6.0,0.0,20.0,1,1,0
7903,38.0,1.0,18.0,1.0,1,49.0,0.0,50.0,1,1,1
6604,60.0,3.0,19.0,1.0,0,49.0,0.0,50.0,1,1,1
6305,24.0,1.0,17.0,1.0,1,49.0,1.0,40.0,0,1,0
10636,30.0,4.0,19.0,5.0,0,6.0,0.0,25.0,0,1,0
8394,31.0,1.0,19.0,1.0,0,49.0,0.0,56.0,1,1,1
3855,22.0,1.0,19.0,5.0,1,49.0,2.0,40.0,0,1,0
2580,32.0,3.0,16.0,1.0,2,17.0,0.0,20.0,0,1,0
8131,64.0,5.0,16.0,1.0,3,49.0,0.0,40.0,1,1,1
8613,39.0,1.0,20.0,1.0,1,6.0,1.0,25.0,0,1,0
259,24.0,1.0,18.0,5.0,0,12.0,15.0,18.0,1,1,0
9726,33.0,1.0,21.0,1.0,1,49.0,1.0,44.0,0,1,1
8476,45.0,1.0,19.0,1.0,3,203.0,0.0,42.0,1,0,1
10779,18.0,1.0,20.0,5.0,2,49.0,16.0,40.0,1,1,0
8128,68.0,1.0,19.0,1.0,2,6.0,0.0,40.0,0,1,0
234,30.0,3.0,23.0,1.0,0,49.0,0.0,45.0,1,1,1
8362,64.0,1.0,19.0,1.0,3,223.0,0.0,50.0,1,0,1
5301,42.0,1.0,20.0,1.0,4,49.0,1.0,40.0,0,1,1
11172,23.0,1.0,21.0,1.0,0,370.0,1.0,20.0,0,1,0
906,73.0,6.0,16.0,3.0,2,49.0,12.0,40.0,1,1,0
5336,26.0,1.0,14.0,5.0,2,421.0,17.0,40.0,0,0,0
67,62.0,3.0,21.0,1.0,1,4.0,0.0,40.0,0,1,1
11555,56.0,1.0,19.0,3.0,3,6.0,0.0,40.0,1,1,1
5036,60.0,7.0,12.0,1.0,1,49.0,0.0,40.0,1,1,1
3345,48.0,4.0,19.0,1.0,0,49.0,0.0,40.0,0,1,1
2392,52.0,1.0,19.0,1.0,3,49.0,1.0,45.0,1,1,1
6685,26.0,1.0,18.0,5.0,1,49.0,2.0,20.0,1,1,0
9589,59.0,6.0,19.0,1.0,2,49.0,1.0,20.0,0,1,0
4175,31.0,1.0,21.0,1.0,2,49.0,0.0,20.0,1,1,1
8953,18.0,1.0,19.0,5.0,1,42.0,17.0,40.0,1,1,0
3043,60.0,1.0,19.0,1.0,1,6.0,1.0,40.0,1,1,1
4703,26.0,2.0,22.0,1.0,0,49.0,0.0,40.0,0,1,1
12706,62.0,3.0,22.0,1.0,0,49.0,0.0,40.0,1,1,1
9041,39.0,1.0,16.0,1.0,1,6.0,0.0,5.0,0,1,0
9735,60.0,7.0,24.0,1.0,0,6.0,10.0,45.0,1,1,1
2074,28.0,2.0,17.0,1.0,1,32.0,1.0,15.0,1,1,0
4761,38.0,1.0,21.0,1.0,0,49.0,1.0,40.0,1,1,1
9500,21.0,1.0,15.0,5.0,1,10.0,2.0,18.0,1,1,0
3532,27.0,8.0,6.0,4.0,1,49.0,0.0,4.0,1,0,0
10455,29.0,2.0,23.0,1.0,0,49.0,0.0,60.0,1,1,1
9801,46.0,6.0,19.0,1.0,1,36.0,1.0,20.0,0,1,0
2466,19.0,1.0,14.0,5.0,4,6.0,2.0,40.0,1,1,0
6218,38.0,1.0,23.0,1.0,0,49.0,1.0,40.0,1,1,1
12930,27.0,1.0,16.0,3.0,1,231.0,0.0,15.0,0,1,0
6708,55.0,1.0,21.0,1.0,0,49.0,1.0,50.0,1,1,1
2316,24.0,1.0,16.0,5.0,1,6.0,0.0,40.0,1,0,0
5708,24.0,1.0,20.0,1.0,2,49.0,1.0,40.0,1,1,1
6901,26.0,1.0,19.0,1.0,1,49.0,1.0,40.0,0,1,1
9932,19.0,2.0,16.0,5.0,3,6.0,13.0,40.0,1,1,0
10027,39.0,1.0,16.0,1.0,3,6.0,1.0,40.0,1,1,1
11034,40.0,1.0,19.0,1.0,0,49.0,0.0,10.0,0,1,0
11167,28.0,1.0,16.0,1.0,4,49.0,0.0,16.0,1,1,0
5162,25.0,1.0,21.0,1.0,0,29.0,0.0,40.0,0,1,1
5225,23.0,1.0,14.0,5.0,4,49.0,5.0,40.0,1,1,1
5703,45.0,3.0,21.0,3.0,1,49.0,0.0,40.0,1,1,1
2262,26.0,2.0,21.0,1.0,0,17.0,1.0,45.0,0,1,0
6404,23.0,1.0,21.0,1.0,1,49.0,1.0,25.0,0,1,0
5089,20.0,2.0,16.0,5.0,2,49.0,2.0,2.0,0,1,0
12557,26.0,7.0,22.0,1.0,2,49.0,1.0,40.0,0,1,1
8978,27.0,1.0,20.0,5.0,0,6.0,12.0,27.0,0,1,0
4163,42.0,1.0,18.0,1.0,3,1.0,1.0,40.0,0,1,1
3046,54.0,1.0,18.0,1.0,2,53.0,0.0,45.0,1,1,1
7921,39.0,4.0,18.0,1.0,0,49.0,1.0,25.0,0,1,0
6111,37.0,3.0,21.0,1.0,0,17.0,1.0,40.0,0,1,0
10834,53.0,1.0,21.0,1.0,2,49.0,1.0,3.0,0,1,0
2028,26.0,1.0,19.0,1.0,1,53.0,2.0,40.0,0,1,0
3632,25.0,1.0,17.0,5.0,3,49.0,10.0,70.0,1,1,1
12143,33.0,1.0,19.0,1.0,0,49.0,1.0,29.0,0,1,0
10170,60.0,1.0,21.0,1.0,0,49.0,0.0,40.0,1,1,1
9995,87.0,1.0,2.0,5.0,1,103.0,0.0,50.0,1,1,1
5142,32.0,7.0,22.0,1.0,0,56.0,1.0,40.0,1,1,1
11975,49.0,5.0,17.0,1.0,3,49.0,0.0,40.0,1,1,1
12975,29.0,1.0,21.0,1.0,4,49.0,1.0,45.0,1,1,1
4139,17.0,3.0,19.0,5.0,1,6.0,4.0,35.0,0,1,0
1754,61.0,1.0,21.0,1.0,2,49.0,1.0,60.0,0,1,1
2306,18.0,1.0,15.0,5.0,1,17.0,12.0,30.0,1,1,0
5722,17.0,1.0,19.0,5.0,2,49.0,12.0,5.0,0,1,0
2931,51.0,1.0,16.0,3.0,1,49.0,0.0,50.0,0,1,1
9964,48.0,5.0,20.0,1.0,2,10.0,0.0,30.0,0,1,0
2433,42.0,1.0,21.0,1.0,4,6.0,1.0,40.0,1,1,1
3757,35.0,1.0,20.0,1.0,4,49.0,0.0,40.0,1,1,1
3084,38.0,1.0,19.0,1.0,2,303.0,0.0,30.0,1,1,1
12239,49.0,3.0,20.0,1.0,1,55.0,1.0,40.0,0,1,0
1375,28.0,1.0,22.0,5.0,0,40.0,0.0,30.0,0,1,0
4946,58.0,1.0,18.0,1.0,2,10.0,1.0,16.0,0,1,0
10468,44.0,1.0,23.0,5.0,0,49.0,17.0,40.0,0,1,1
2387,46.0,1.0,21.0,1.0,2,8.0,1.0,36.0,1,1,0
3947,29.0,1.0,16.0,1.0,2,210.0,1.0,50.0,0,0,1
2463,61.0,2.0,22.0,1.0,0,12.0,0.0,45.0,0,1,1
1578,57.0,5.0,16.0,1.0,2,34.0,1.0,46.0,1,1,1
4059,43.0,1.0,19.0,1.0,3,6.0,0.0,50.0,1,1,1
3612,26.0,1.0,21.0,5.0,0,49.0,17.0,40.0,1,1,0
9151,30.0,1.0,16.0,5.0,1,49.0,2.0,40.0,0,1,0
2079,29.0,1.0,16.0,1.0,4,49.0,0.0,25.0,1,1,0
288,59.0,8.0,19.0,1.0,3,49.0,2.0,40.0,1,1,0
9235,47.0,2.0,21.0,5.0,0,49.0,17.0,45.0,0,1,1
6980,29.0,1.0,20.0,1.0,2,49.0,0.0,60.0,0,1,0
3385,23.0,2.0,16.0,5.0,4,49.0,0.0,40.0,0,1,0
7154,21.0,3.0,21.0,5.0,0,49.0,12.0,18.0,0,1,0
1611,61.0,1.0,13.0,1.0,4,207.0,0.0,50.0,1,0,1
8855,43.0,1.0,21.0,1.0,4,49.0,0.0,20.0,1,1,0
6459,54.0,4.0,14.0,1.0,1,49.0,1.0,40.0,0,1,0
7890,48.0,7.0,21.0,1.0,0,49.0,1.0,45.0,1,0,1
3931,61.0,1.0,21.0,5.0,0,49.0,12.0,36.0,0,1,1
10737,19.0,1.0,18.0,5.0,4,233.0,17.0,30.0,0,0,0
3487,61.0,4.0,16.0,1.0,0,53.0,1.0,50.0,1,1,1
12044,53.0,3.0,16.0,1.0,2,9.0,0.0,10.0,0,1,0
2937,53.0,1.0,19.0,1.0,1,49.0,0.0,32.0,0,1,0
2366,56.0,1.0,16.0,2.0,2,49.0,0.0,30.0,1,1,1
4918,39.0,1.0,24.0,1.0,0,49.0,1.0,40.0,1,1,1
8212,26.0,1.0,16.0,5.0,4,49.0,2.0,40.0,1,1,0
9218,57.0,6.0,21.0,1.0,0,49.0,0.0,20.0,0,1,0
10333,48.0,2.0,21.0,1.0,1,303.0,1.0,45.0,1,1,1
4733,37.0,1.0,22.0,1.0,0,4.0,0.0,40.0,0,1,1
8380,33.0,1.0,21.0,1.0,2,49.0,0.0,20.0,0,1,0
1981,76.0,1.0,16.0,1.0,0,49.0,0.0,40.0,0,1,1
7825,69.0,1.0,20.0,1.0,0,49.0,0.0,32.0,1,1,0
11426,42.0,7.0,21.0,1.0,2,49.0,0.0,56.0,1,1,1
9914,66.0,3.0,22.0,1.0,0,49.0,0.0,40.0,1,1,1
9367,39.0,1.0,19.0,4.0,1,6.0,0.0,50.0,0,1,0
3695,68.0,1.0,16.0,3.0,0,49.0,0.0,45.0,1,1,1
11982,31.0,1.0,21.0,1.0,0,34.0,0.0,40.0,1,1,1
11921,66.0,3.0,16.0,5.0,4,49.0,17.0,40.0,0,1,0
12740,40.0,6.0,21.0,1.0,0,49.0,0.0,50.0,1,1,1
12522,55.0,6.0,19.0,1.0,1,501.0,1.0,40.0,0,1,1
1400,47.0,1.0,19.0,5.0,2,6.0,10.0,40.0,0,1,0
2284,45.0,1.0,18.0,2.0,3,6.0,0.0,40.0,0,1,1
459,29.0,1.0,19.0,5.0,0,49.0,0.0,20.0,0,1,0
10725,58.0,1.0,21.0,1.0,4,303.0,0.0,32.0,0,1,0
7803,19.0,1.0,16.0,5.0,1,48.0,2.0,30.0,0,1,0
9823,56.0,1.0,22.0,1.0,0,49.0,2.0,40.0,1,1,1
4170,32.0,2.0,16.0,5.0,0,49.0,2.0,15.0,0,1,0
4352,53.0,1.0,21.0,1.0,0,53.0,1.0,50.0,1,1,1
7571,48.0,1.0,16.0,1.0,2,49.0,9.0,40.0,1,1,0
12572,43.0,7.0,16.0,1.0,0,49.0,0.0,40.0,1,1,1
11375,47.0,1.0,21.0,1.0,0,49.0,1.0,40.0,1,1,1
11431,65.0,1.0,23.0,1.0,0,49.0,0.0,40.0,0,1,1
7216,33.0,1.0,16.0,5.0,4,56.0,2.0,50.0,1,1,1
6481,65.0,1.0,21.0,1.0,0,6.0,1.0,50.0,1,1,1
12152,54.0,1.0,16.0,1.0,3,37.0,0.0,40.0,1,1,0
6794,29.0,1.0,16.0,1.0,4,49.0,0.0,40.0,1,1,1
11825,23.0,1.0,19.0,5.0,0,49.0,10.0,10.0,0,1,0
10262,24.0,1.0,17.0,1.0,2,53.0,0.0,15.0,0,1,0
396,59.0,1.0,22.0,1.0,-1,49.0,1.0,50.0,1,1,1
8439,25.0,1.0,22.0,5.0,1,49.0,5.0,4.0,0,1,0
12909,67.0,1.0,16.0,1.0,4,49.0,1.0,40.0,1,1,0
13045,71.0,1.0,22.0,1.0,0,49.0,0.0,40.0,1,1,1
6119,31.0,1.0,19.0,5.0,4,44.0,0.0,40.0,1,1,1
6583,40.0,6.0,22.0,1.0,0,303.0,1.0,40.0,1,0,1
13039,32.0,1.0,22.0,1.0,0,127.0,1.0,50.0,0,1,1
2324,29.0,1.0,19.0,5.0,3,49.0,2.0,40.0,1,1,0
9514,17.0,1.0,16.0,1.0,3,49.0,0.0,10.0,1,1,0
1744,37.0,1.0,21.0,1.0,2,303.0,1.0,30.0,0,1,0
5032,28.0,5.0,21.0,1.0,0,6.0,0.0,40.0,1,1,1
8033,40.0,1.0,22.0,5.0,0,49.0,12.0,50.0,1,1,1
7200,53.0,1.0,15.0,1.0,0,16.0,1.0,30.0,1,1,0
8980,43.0,1.0,21.0,1.0,0,49.0,1.0,45.0,1,1,1
10086,70.0,1.0,16.0,2.0,4,53.0,0.0,40.0,0,1,1
104,60.0,2.0,19.0,1.0,1,49.0,1.0,40.0,0,1,0
11070,28.0,2.0,24.0,1.0,0,49.0,0.0,50.0,0,1,1
968,17.0,1.0,17.0,5.0,0,49.0,15.0,30.0,0,1,0
4648,54.0,1.0,16.0,1.0,4,49.0,10.0,20.0,1,1,0
4610,19.0,1.0,19.0,5.0,2,6.0,17.0,40.0,0,1,0
307,21.0,2.0,19.0,1.0,0,49.0,0.0,40.0,0,1,0
312,52.0,1.0,19.0,1.0,0,16.0,0.0,30.0,1,1,0
10347,65.0,5.0,20.0,1.0,0,449.0,2.0,18.0,0,1,0
6410,60.0,1.0,16.0,1.0,4,49.0,0.0,40.0,1,1,1
797,55.0,1.0,19.0,1.0,4,49.0,0.0,40.0,1,1,1
2766,25.0,3.0,24.0,1.0,0,49.0,0.0,40.0,1,1,1
4730,28.0,2.0,21.0,1.0,0,207.0,0.0,40.0,0,0,1
8052,71.0,1.0,16.0,1.0,4,6.0,1.0,48.0,1,0,1
2297,25.0,1.0,22.0,1.0,0,6.0,0.0,40.0,1,1,1
12391,34.0,1.0,15.0,1.0,3,49.0,1.0,40.0,1,1,1
6709,38.0,2.0,18.0,5.0,0,6.0,2.0,15.0,0,1,0
11601,45.0,1.0,18.0,3.0,4,49.0,0.0,40.0,1,1,1
2992,47.0,3.0,16.0,1.0,2,49.0,0.0,40.0,0,1,1
12285,80.0,1.0,19.0,5.0,1,49.0,12.0,40.0,1,1,1
5934,20.0,7.0,18.0,5.0,0,30.0,0.0,45.0,1,1,0
12997,60.0,1.0,15.0,1.0,4,106.0,1.0,6.0,1,1,0
10790,18.0,1.0,18.0,5.0,4,6.0,2.0,15.0,1,1,0
10545,47.0,1.0,20.0,1.0,2,49.0,0.0,4.0,0,1,0
12440,17.0,3.0,19.0,5.0,1,49.0,2.0,5.0,0,1,0
243,41.0,1.0,16.0,3.0,0,49.0,0.0,60.0,1,1,0
9695,45.0,2.0,19.0,1.0,0,49.0,1.0,46.0,1,1,1
2997,38.0,1.0,19.0,1.0,1,49.0,0.0,40.0,0,1,0
3780,66.0,1.0,21.0,1.0,0,25.0,15.0,55.0,1,1,1
6847,35.0,7.0,18.0,5.0,0,6.0,0.0,50.0,1,1,1
3492,33.0,1.0,14.0,1.0,1,49.0,1.0,16.0,0,1,0
651,53.0,1.0,22.0,1.0,0,49.0,1.0,40.0,0,1,1
7753,67.0,1.0,21.0,1.0,0,49.0,0.0,43.0,1,0,1
11205,38.0,1.0,21.0,1.0,0,49.0,0.0,40.0,1,1,1
8300,38.0,1.0,16.0,1.0,3,51.0,0.0,48.0,1,0,1
6325,44.0,1.0,20.0,3.0,4,34.0,0.0,50.0,1,1,1
11211,55.0,3.0,21.0,1.0,0,32.0,0.0,55.0,0,1,1
2958,42.0,1.0,19.0,5.0,0,49.0,2.0,40.0,0,1,1
438,26.0,1.0,21.0,1.0,0,49.0,1.0,15.0,0,1,0
8050,30.0,1.0,20.0,1.0,2,49.0,0.0,20.0,1,0,0
1392,57.0,1.0,19.0,1.0,1,49.0,0.0,50.0,1,1,0
6951,44.0,3.0,21.0,1.0,0,32.0,1.0,45.0,1,1,1
9671,58.0,4.0,21.0,1.0,0,49.0,0.0,40.0,1,1,1
3065,52.0,1.0,19.0,1.0,0,29.0,1.0,40.0,1,1,1
10049,37.0,1.0,19.0,1.0,2,6.0,0.0,40.0,0,1,0
1554,18.0,1.0,16.0,5.0,1,49.0,7.0,40.0,1,1,0
3521,35.0,2.0,22.0,1.0,0,49.0,0.0,50.0,1,1,1
1233,49.0,5.0,19.0,1.0,2,6.0,0.0,40.0,1,1,1
818,39.0,1.0,20.0,1.0,2,49.0,1.0,45.0,0,1,1
11619,28.0,3.0,20.0,1.0,0,16.0,1.0,55.0,0,1,0
1942,26.0,3.0,18.0,1.0,2,6.0,1.0,40.0,0,1,0
2068,35.0,1.0,19.0,5.0,3,49.0,12.0,60.0,1,1,1
12264,69.0,7.0,21.0,1.0,0,49.0,0.0,40.0,1,1,1
9000,35.0,1.0,16.0,5.0,0,49.0,2.0,30.0,0,1,0
5207,21.0,1.0,21.0,1.0,4,32.0,0.0,35.0,0,1,0
2372,25.0,2.0,18.0,1.0,0,49.0,1.0,20.0,0,1,0
12637,58.0,1.0,16.0,1.0,2,6.0,1.0,80.0,1,1,0
4845,34.0,2.0,16.0,1.0,3,303.0,10.0,55.0,1,0,0
8269,55.0,1.0,16.0,1.0,2,6.0,0.0,40.0,1,1,1
8253,58.0,1.0,21.0,1.0,0,49.0,1.0,48.0,1,1,1
8643,18.0,1.0,19.0,5.0,2,21.0,11.0,40.0,0,1,0
11085,19.0,1.0,14.0,5.0,2,421.0,0.0,16.0,0,0,0
1341,45.0,5.0,19.0,1.0,0,49.0,0.0,30.0,1,1,1
12308,33.0,1.0,19.0,5.0,1,49.0,0.0,10.0,0,1,0
2756,66.0,2.0,16.0,1.0,0,31.0,0.0,25.0,1,1,0
4340,22.0,1.0,17.0,5.0,2,55.0,0.0,10.0,0,1,0
10441,47.0,4.0,18.0,5.0,0,16.0,2.0,40.0,0,1,1
9577,59.0,1.0,22.0,1.0,0,49.0,0.0,50.0,1,1,1
8928,36.0,7.0,20.0,1.0,0,49.0,0.0,40.0,1,1,1
3097,23.0,1.0,19.0,5.0,0,6.0,2.0,8.0,0,1,0
269,21.0,3.0,18.0,5.0,2,38.0,4.0,12.0,0,0,0
9803,34.0,1.0,22.0,1.0,0,48.0,0.0,40.0,1,1,1
2161,43.0,1.0,19.0,1.0,3,49.0,0.0,40.0,1,1,1
7537,19.0,1.0,16.0,5.0,1,17.0,2.0,38.0,0,1,0
10299,43.0,3.0,21.0,1.0,0,49.0,0.0,55.0,0,1,1
3986,47.0,3.0,18.0,1.0,1,6.0,0.0,40.0,0,1,0
10527,45.0,1.0,22.0,5.0,4,49.0,0.0,10.0,1,0,1
6113,74.0,5.0,16.0,5.0,4,49.0,2.0,40.0,1,1,1
772,18.0,2.0,21.0,5.0,0,48.0,0.0,40.0,0,1,0
5664,60.0,7.0,21.0,1.0,0,49.0,1.0,50.0,1,1,1
11360,32.0,1.0,20.0,1.0,2,49.0,0.0,38.0,0,1,0
10559,20.0,1.0,20.0,5.0,4,207.0,15.0,20.0,1,0,0
1239,32.0,1.0,19.0,1.0,0,49.0,0.0,40.0,0,1,0
9820,60.0,1.0,16.0,3.0,3,49.0,0.0,40.0,1,1,1
11744,21.0,1.0,16.0,5.0,1,247.0,2.0,40.0,0,0,0
2582,76.0,1.0,19.0,1.0,2,16.0,1.0,30.0,0,1,0
6452,28.0,1.0,20.0,1.0,3,49.0,0.0,40.0,1,0,1
10579,36.0,1.0,17.0,1.0,0,164.0,0.0,36.0,0,0,0
537,59.0,1.0,20.0,1.0,1,49.0,0.0,80.0,1,1,1
12011,21.0,1.0,13.0,1.0,4,303.0,0.0,20.0,1,0,0
227,60.0,1.0,19.0,1.0,0,49.0,0.0,50.0,1,1,1
10970,65.0,1.0,16.0,1.0,2,6.0,0.0,40.0,1,1,1
1172,24.0,1.0,16.0,1.0,2,49.0,0.0,5.0,0,1,0
8947,45.0,1.0,17.0,1.0,4,49.0,1.0,36.0,1,1,0
926,44.0,1.0,21.0,1.0,2,49.0,1.0,70.0,1,1,1
2091,23.0,1.0,21.0,5.0,4,34.0,12.0,8.0,0,1,0
4878,17.0,1.0,16.0,5.0,1,32.0,0.0,50.0,0,1,0
6605,32.0,1.0,17.0,5.0,4,49.0,17.0,30.0,0,0,0
9450,21.0,1.0,14.0,5.0,1,49.0,2.0,24.0,0,1,0
6930,43.0,1.0,21.0,1.0,0,49.0,0.0,50.0,0,1,1
2964,32.0,1.0,11.0,3.0,1,233.0,10.0,40.0,1,0,0
5137,49.0,1.0,19.0,1.0,1,49.0,1.0,45.0,0,1,0
12769,57.0,1.0,22.0,1.0,0,49.0,0.0,55.0,1,1,1
8922,21.0,1.0,21.0,1.0,0,32.0,1.0,25.0,0,1,0
1756,42.0,1.0,16.0,1.0,0,49.0,1.0,40.0,1,1,1
9639,52.0,1.0,21.0,1.0,0,49.0,0.0,30.0,1,1,1
116,33.0,1.0,24.0,5.0,0,29.0,0.0,40.0,1,1,1
11047,23.0,2.0,20.0,5.0,1,49.0,2.0,35.0,0,1,0
4523,63.0,1.0,19.0,1.0,3,36.0,1.0,55.0,1,1,1
3435,59.0,3.0,20.0,3.0,2,49.0,2.0,40.0,1,1,1
8344,51.0,1.0,22.0,1.0,0,372.0,1.0,40.0,1,1,1
314,60.0,2.0,21.0,1.0,0,49.0,1.0,5.0,0,1,0
4319,33.0,2.0,21.0,5.0,0,34.0,0.0,50.0,1,1,1
4384,62.0,1.0,18.0,1.0,4,49.0,1.0,40.0,1,0,1
3701,29.0,1.0,22.0,1.0,0,6.0,0.0,40.0,0,1,1
7608,26.0,1.0,18.0,1.0,2,303.0,0.0,45.0,1,1,1
4923,45.0,1.0,19.0,1.0,2,6.0,0.0,40.0,1,1,1
7049,41.0,1.0,20.0,1.0,1,49.0,1.0,55.0,1,1,1
5923,68.0,1.0,18.0,5.0,2,207.0,2.0,50.0,1,0,1
3721,40.0,1.0,21.0,1.0,2,49.0,0.0,50.0,1,1,1
8916,20.0,1.0,14.0,5.0,3,49.0,15.0,40.0,0,1,0
7209,53.0,2.0,16.0,1.0,2,48.0,1.0,40.0,0,1,0
7047,23.0,6.0,18.0,5.0,2,247.0,2.0,20.0,0,0,0
8828,60.0,5.0,22.0,1.0,0,49.0,0.0,40.0,1,1,1
837,22.0,1.0,19.0,5.0,1,4.0,2.0,20.0,1,1,0
12417,39.0,3.0,16.0,1.0,1,12.0,0.0,30.0,0,1,0
10659,35.0,1.0,16.0,1.0,3,49.0,15.0,40.0,1,1,0
9159,18.0,1.0,18.0,5.0,1,49.0,10.0,45.0,0,1,0
4439,36.0,1.0,18.0,5.0,2,49.0,13.0,40.0,0,1,1
12508,33.0,4.0,21.0,1.0,0,49.0,0.0,10.0,0,1,0
8779,47.0,1.0,19.0,1.0,3,49.0,0.0,40.0,1,1,1
8106,22.0,1.0,13.0,5.0,1,49.0,17.0,38.0,1,1,0
11155,55.0,2.0,16.0,1.0,4,49.0,0.0,54.0,1,1,1
3926,33.0,1.0,23.0,5.0,2,6.0,7.0,33.0,0,1,0
4885,18.0,1.0,19.0,5.0,2,6.0,4.0,40.0,1,1,0
2926,37.0,1.0,22.0,1.0,0,16.0,1.0,50.0,0,1,1
4774,25.0,8.0,21.0,1.0,0,42.0,0.0,40.0,1,1,0
12210,24.0,1.0,20.0,1.0,2,49.0,1.0,40.0,1,1,1
8247,37.0,1.0,16.0,3.0,3,49.0,13.0,45.0,1,1,1
5659,39.0,1.0,19.0,1.0,1,49.0,0.0,45.0,1,1,1
2375,33.0,3.0,20.0,1.0,0,6.0,0.0,49.0,0,1,1
4670,64.0,1.0,19.0,1.0,2,49.0,0.0,45.0,0,1,1
12404,62.0,1.0,20.0,1.0,3,49.0,0.0,40.0,1,1,1
3863,48.0,1.0,19.0,1.0,3,49.0,0.0,40.0,1,1,1
7528,46.0,1.0,14.0,5.0,0,49.0,2.0,40.0,1,1,1
6836,66.0,1.0,16.0,1.0,4,34.0,1.0,45.0,1,1,1
1846,47.0,1.0,16.0,3.0,1,49.0,2.0,15.0,0,1,0
10978,34.0,1.0,16.0,1.0,3,132.0,0.0,40.0,1,0,1
12482,24.0,1.0,21.0,1.0,-1,303.0,1.0,50.0,1,0,1
7193,30.0,3.0,16.0,1.0,1,49.0,1.0,16.0,0,1,0
1926,31.0,4.0,22.0,2.0,0,53.0,0.0,42.0,1,1,1
4344,18.0,4.0,16.0,1.0,0,26.0,0.0,20.0,1,1,0
4416,65.0,1.0,19.0,1.0,-1,49.0,1.0,40.0,1,1,1
12985,44.0,4.0,19.0,5.0,0,60.0,2.0,25.0,0,0,0
2184,46.0,1.0,20.0,1.0,4,49.0,1.0,40.0,0,1,1
5413,24.0,1.0,14.0,5.0,4,6.0,2.0,40.0,1,1,0
118,24.0,1.0,22.0,5.0,0,49.0,13.0,40.0,0,1,1
6008,50.0,1.0,16.0,1.0,0,6.0,0.0,30.0,0,1,0
4938,62.0,1.0,19.0,5.0,3,49.0,13.0,40.0,1,1,1
7553,43.0,2.0,16.0,1.0,0,17.0,1.0,40.0,0,1,0
1257,28.0,1.0,13.0,5.0,1,49.0,2.0,25.0,1,1,0
536,41.0,7.0,19.0,1.0,0,49.0,0.0,40.0,1,1,1
1766,21.0,2.0,7.0,5.0,1,233.0,2.0,18.0,1,0,0
4772,56.0,1.0,18.0,2.0,0,49.0,0.0,40.0,0,1,1
5972,35.0,6.0,19.0,1.0,2,49.0,1.0,20.0,1,1,0
9192,28.0,1.0,14.0,5.0,0,49.0,17.0,30.0,1,1,0
6992,25.0,1.0,22.0,1.0,1,49.0,0.0,40.0,1,1,1
11633,69.0,1.0,16.0,1.0,2,49.0,0.0,40.0,0,1,1
590,45.0,7.0,22.0,3.0,0,49.0,0.0,25.0,0,1,0
7729,50.0,4.0,21.0,5.0,0,49.0,0.0,40.0,0,1,1
6797,24.0,1.0,21.0,5.0,1,16.0,0.0,40.0,0,1,0
4661,24.0,6.0,16.0,1.0,1,10.0,1.0,90.0,1,1,0
859,46.0,1.0,21.0,1.0,0,209.0,0.0,60.0,1,0,1
163,56.0,1.0,14.0,5.0,1,49.0,2.0,40.0,0,1,0
11897,39.0,3.0,16.0,1.0,0,25.0,0.0,50.0,1,1,1
2236,56.0,1.0,18.0,5.0,2,49.0,17.0,10.0,0,1,0
1917,38.0,3.0,19.0,1.0,4,49.0,1.0,45.0,1,1,1
12130,44.0,3.0,20.0,1.0,0,49.0,0.0,30.0,0,1,0
10525,27.0,1.0,19.0,1.0,1,49.0,1.0,45.0,1,0,1
12142,26.0,4.0,20.0,5.0,2,8.0,2.0,40.0,1,1,0
11733,59.0,3.0,21.0,1.0,0,53.0,0.0,75.0,0,1,1
12462,38.0,1.0,12.0,1.0,4,49.0,1.0,12.0,0,1,0
2052,34.0,1.0,22.0,1.0,0,49.0,10.0,40.0,0,1,1
5551,29.0,3.0,19.0,1.0,1,49.0,1.0,15.0,0,1,0
12027,32.0,1.0,18.0,1.0,4,49.0,1.0,50.0,1,1,1
7256,35.0,1.0,19.0,1.0,4,31.0,0.0,40.0,1,1,1
6886,32.0,1.0,22.0,1.0,0,12.0,0.0,36.0,0,1,1
3679,34.0,1.0,22.0,1.0,0,49.0,1.0,70.0,0,1,1
11334,22.0,4.0,19.0,5.0,0,16.0,17.0,30.0,1,1,0
8268,42.0,1.0,19.0,3.0,2,49.0,12.0,32.0,1,1,0
11639,47.0,1.0,16.0,5.0,2,49.0,17.0,15.0,0,1,0
10672,77.0,4.0,16.0,4.0,3,49.0,2.0,30.0,0,0,0
7538,59.0,1.0,16.0,1.0,1,49.0,1.0,40.0,1,1,1
10516,44.0,1.0,21.0,1.0,4,211.0,0.0,48.0,1,0,1
6982,47.0,1.0,19.0,5.0,1,49.0,2.0,20.0,0,1,0
598,17.0,1.0,20.0,5.0,3,49.0,2.0,25.0,1,1,0
9749,42.0,2.0,19.0,1.0,2,6.0,9.0,3.0,0,1,0
9122,49.0,1.0,20.0,1.0,2,49.0,0.0,40.0,0,1,0
8923,46.0,1.0,18.0,5.0,1,16.0,2.0,60.0,1,1,0
3113,70.0,6.0,16.0,2.0,2,56.0,0.0,40.0,0,1,1
9910,36.0,3.0,16.0,5.0,0,49.0,12.0,20.0,1,1,0
10213,18.0,4.0,20.0,5.0,0,49.0,12.0,40.0,1,1,0
10042,30.0,1.0,23.0,1.0,0,49.0,0.0,80.0,1,1,1
7846,17.0,1.0,19.0,5.0,2,48.0,17.0,25.0,1,1,0
3934,60.0,1.0,16.0,1.0,1,49.0,1.0,10.0,0,1,0
9253,33.0,1.0,19.0,1.0,2,49.0,1.0,35.0,0,1,0
5167,29.0,5.0,22.0,1.0,0,49.0,0.0,45.0,1,1,1
8555,27.0,4.0,19.0,5.0,0,49.0,12.0,16.0,1,1,0
1985,45.0,1.0,16.0,3.0,4,49.0,0.0,28.0,0,1,0
10236,37.0,7.0,21.0,1.0,0,6.0,0.0,40.0,1,1,1
8927,23.0,3.0,16.0,5.0,2,16.0,17.0,40.0,0,1,0
1139,49.0,1.0,16.0,1.0,1,56.0,0.0,50.0,1,1,1
5472,65.0,6.0,21.0,1.0,0,49.0,1.0,50.0,1,1,1
12772,71.0,1.0,18.0,1.0,2,303.0,1.0,29.0,0,0,0
13002,32.0,1.0,22.0,5.0,0,34.0,11.0,20.0,0,1,0
12809,27.0,1.0,16.0,1.0,2,31.0,1.0,31.0,0,1,0
12324,61.0,1.0,21.0,5.0,0,49.0,10.0,40.0,1,1,1
10145,47.0,1.0,16.0,1.0,4,49.0,2.0,40.0,0,1,0
7725,56.0,5.0,21.0,1.0,0,49.0,0.0,50.0,1,1,1
6389,25.0,1.0,16.0,1.0,3,49.0,1.0,40.0,1,1,0
293,23.0,1.0,16.0,1.0,4,6.0,1.0,40.0,1,1,0
12393,25.0,1.0,20.0,5.0,2,6.0,0.0,99.0,1,1,1
995,24.0,1.0,19.0,5.0,1,49.0,5.0,40.0,1,1,0
2677,25.0,4.0,16.0,4.0,3,210.0,5.0,40.0,1,0,0
6354,53.0,1.0,21.0,1.0,0,17.0,1.0,30.0,0,1,0
6602,53.0,7.0,22.0,1.0,0,49.0,0.0,20.0,0,1,1
332,17.0,1.0,18.0,5.0,0,46.0,17.0,12.0,0,1,0
608,22.0,1.0,24.0,5.0,0,49.0,7.0,20.0,1,1,0
1019,54.0,1.0,21.0,1.0,0,4.0,1.0,35.0,0,1,0
8350,51.0,1.0,19.0,1.0,2,32.0,1.0,15.0,0,1,0
6661,80.0,3.0,22.0,5.0,0,48.0,2.0,35.0,0,1,1
11227,46.0,1.0,22.0,1.0,0,49.0,0.0,40.0,0,1,1
6653,35.0,6.0,19.0,1.0,1,49.0,0.0,40.0,1,1,0
8447,48.0,7.0,21.0,1.0,0,49.0,1.0,40.0,1,1,1
3795,50.0,4.0,21.0,1.0,2,42.0,1.0,40.0,0,1,1
6280,60.0,7.0,19.0,1.0,3,41.0,1.0,40.0,1,1,1
92,36.0,6.0,18.0,1.0,0,6.0,1.0,40.0,0,1,1
8908,58.0,1.0,16.0,1.0,4,49.0,0.0,40.0,1,1,1
3912,30.0,1.0,21.0,5.0,0,136.0,12.0,50.0,1,1,1
8382,18.0,1.0,16.0,5.0,2,49.0,12.0,40.0,0,1,0
9982,36.0,1.0,20.0,1.0,2,49.0,0.0,31.0,0,1,0
4383,51.0,3.0,16.0,1.0,2,6.0,0.0,40.0,1,1,1
8353,23.0,1.0,16.0,5.0,1,303.0,17.0,10.0,0,0,0
5548,60.0,4.0,20.0,1.0,0,36.0,0.0,40.0,0,1,0
786,39.0,1.0,18.0,3.0,2,49.0,15.0,22.0,0,1,0
11241,57.0,1.0,22.0,3.0,0,49.0,0.0,40.0,1,1,1
2746,35.0,1.0,21.0,1.0,0,49.0,1.0,40.0,1,1,1
8904,17.0,1.0,13.0,5.0,2,49.0,2.0,40.0,1,1,0
5712,39.0,1.0,20.0,1.0,0,32.0,1.0,40.0,0,1,1
5381,42.0,4.0,23.0,3.0,0,49.0,0.0,58.0,1,1,1
3430,52.0,1.0,19.0,1.0,2,31.0,0.0,40.0,1,0,1
5132,44.0,1.0,9.0,1.0,3,49.0,1.0,96.0,1,1,1
9242,65.0,1.0,16.0,1.0,2,303.0,1.0,40.0,1,0,1
12303,34.0,1.0,18.0,1.0,3,6.0,1.0,40.0,1,0,1
12368,65.0,1.0,16.0,1.0,0,49.0,0.0,75.0,1,1,1
11947,66.0,1.0,21.0,1.0,2,36.0,0.0,25.0,0,1,1
3008,37.0,1.0,21.0,1.0,2,49.0,0.0,6.0,0,1,0
9114,28.0,1.0,13.0,5.0,1,49.0,5.0,5.0,0,1,0
4362,19.0,1.0,20.0,5.0,2,49.0,2.0,45.0,1,1,0
8132,33.0,5.0,21.0,1.0,0,49.0,0.0,45.0,1,1,1
5043,60.0,1.0,17.0,1.0,4,8.0,1.0,40.0,1,1,0
4894,51.0,7.0,21.0,1.0,0,16.0,0.0,45.0,1,1,1
6755,51.0,1.0,9.0,1.0,3,49.0,1.0,45.0,1,0,1
9570,66.0,1.0,20.0,1.0,4,53.0,1.0,40.0,1,1,1
11045,35.0,1.0,19.0,5.0,1,48.0,12.0,31.0,0,0,0
3291,18.0,1.0,16.0,5.0,3,16.0,3.0,40.0,1,1,0
10841,28.0,1.0,19.0,1.0,0,49.0,0.0,36.0,1,1,1
8929,47.0,1.0,15.0,1.0,4,49.0,1.0,43.0,0,1,0
12411,27.0,7.0,17.0,5.0,0,6.0,2.0,30.0,0,1,0
7498,20.0,1.0,18.0,5.0,2,49.0,2.0,40.0,0,1,0
10668,54.0,4.0,19.0,3.0,2,16.0,0.0,35.0,0,1,0
4044,58.0,1.0,21.0,1.0,1,4.0,0.0,40.0,1,1,1
1879,27.0,2.0,21.0,5.0,0,25.0,17.0,55.0,0,1,1
1700,25.0,1.0,19.0,5.0,2,17.0,2.0,40.0,0,1,0
5012,56.0,7.0,19.0,1.0,1,49.0,0.0,50.0,1,1,1
8698,40.0,1.0,22.0,3.0,0,42.0,0.0,40.0,0,1,1
11312,54.0,2.0,16.0,1.0,0,32.0,2.0,40.0,0,1,0
7941,43.0,1.0,20.0,5.0,2,56.0,0.0,40.0,1,1,1
10957,69.0,6.0,16.0,1.0,2,49.0,1.0,40.0,1,1,1
4573,72.0,1.0,22.0,1.0,0,49.0,0.0,40.0,1,1,1
10374,44.0,4.0,21.0,3.0,0,49.0,12.0,40.0,1,1,1
3478,31.0,3.0,21.0,1.0,0,49.0,0.0,40.0,1,1,0
6203,25.0,6.0,16.0,4.0,3,303.0,0.0,60.0,1,1,0
856,63.0,7.0,16.0,1.0,1,49.0,0.0,40.0,0,1,0
8363,54.0,1.0,21.0,1.0,2,49.0,1.0,40.0,1,0,1
7432,19.0,2.0,20.0,5.0,0,6.0,12.0,40.0,1,1,0
5297,26.0,6.0,22.0,1.0,0,32.0,1.0,40.0,1,1,0
10070,23.0,6.0,18.0,1.0,1,49.0,0.0,5.0,1,1,0
11249,67.0,1.0,21.0,1.0,2,49.0,1.0,40.0,0,1,1
11030,61.0,7.0,19.0,1.0,0,49.0,1.0,40.0,1,1,1
11479,33.0,4.0,19.0,1.0,0,49.0,0.0,40.0,0,1,1
3282,47.0,1.0,14.0,1.0,4,49.0,16.0,20.0,0,1,0
13024,63.0,7.0,21.0,1.0,1,48.0,0.0,40.0,1,1,1
4974,64.0,1.0,22.0,1.0,0,49.0,0.0,35.0,1,1,1
1058,21.0,1.0,21.0,5.0,1,49.0,2.0,40.0,1,1,0
130,48.0,6.0,21.0,1.0,2,49.0,0.0,40.0,0,1,0
4934,53.0,1.0,18.0,1.0,2,34.0,0.0,50.0,0,1,1
12664,34.0,7.0,22.0,1.0,0,16.0,0.0,40.0,1,1,1
349,22.0,1.0,19.0,5.0,2,8.0,17.0,40.0,0,1,0
5046,21.0,5.0,19.0,5.0,2,49.0,0.0,40.0,0,1,0
11888,38.0,1.0,19.0,5.0,2,49.0,0.0,40.0,1,1,1
11974,27.0,8.0,20.0,4.0,0,508.0,12.0,30.0,0,0,0
822,57.0,1.0,19.0,3.0,0,49.0,0.0,40.0,0,1,1
6202,43.0,4.0,24.0,1.0,0,327.0,1.0,40.0,1,1,1
1157,40.0,1.0,21.0,1.0,0,49.0,0.0,40.0,1,1,1
3896,73.0,4.0,16.0,3.0,0,231.0,6.0,35.0,0,1,0
1643,69.0,1.0,19.0,1.0,2,49.0,2.0,40.0,1,1,1
12087,20.0,1.0,17.0,5.0,2,49.0,2.0,24.0,0,1,0
3653,27.0,1.0,14.0,5.0,1,49.0,13.0,40.0,0,1,0
5962,50.0,1.0,20.0,1.0,0,49.0,0.0,40.0,1,1,1
9860,53.0,4.0,19.0,2.0,0,49.0,0.0,20.0,0,1,0
5614,41.0,1.0,18.0,3.0,3,45.0,0.0,48.0,1,1,1
855,53.0,1.0,14.0,3.0,2,4.0,0.0,40.0,0,1,0
10649,29.0,1.0,22.0,1.0,4,45.0,0.0,85.0,1,1,0
53,45.0,2.0,22.0,1.0,0,110.0,6.0,42.0,0,1,0
5536,57.0,1.0,17.0,1.0,3,49.0,1.0,20.0,1,1,0
1085,32.0,1.0,21.0,3.0,2,49.0,0.0,40.0,0,1,1
2453,27.0,1.0,22.0,1.0,-1,10.0,0.0,40.0,1,1,1
524,21.0,1.0,16.0,5.0,2,49.0,7.0,20.0,1,1,0
8051,35.0,1.0,16.0,3.0,1,49.0,13.0,30.0,0,1,0
9973,60.0,1.0,24.0,1.0,0,207.0,0.0,55.0,1,0,1
3398,36.0,1.0,21.0,1.0,1,6.0,1.0,40.0,0,0,1
6898,64.0,6.0,22.0,1.0,0,49.0,1.0,30.0,0,1,1
11252,53.0,1.0,20.0,1.0,2,49.0,0.0,50.0,1,1,1
4582,68.0,1.0,19.0,5.0,0,49.0,2.0,60.0,1,1,0
2013,28.0,1.0,20.0,3.0,0,49.0,12.0,15.0,0,1,0
11732,51.0,1.0,22.0,3.0,0,17.0,0.0,30.0,1,1,1
11941,42.0,2.0,18.0,1.0,0,49.0,0.0,25.0,0,1,0
3507,21.0,6.0,21.0,1.0,0,34.0,1.0,25.0,1,1,0
4342,37.0,4.0,19.0,1.0,0,49.0,0.0,40.0,1,0,1
10047,36.0,4.0,21.0,5.0,0,36.0,13.0,50.0,1,1,1
10860,40.0,1.0,20.0,1.0,2,49.0,9.0,40.0,1,1,1
153,44.0,1.0,16.0,3.0,2,49.0,0.0,26.0,0,1,0
4298,53.0,4.0,19.0,1.0,2,303.0,1.0,18.0,0,0,0
8689,44.0,7.0,16.0,1.0,0,247.0,1.0,40.0,0,0,1
7035,35.0,4.0,21.0,1.0,0,49.0,1.0,20.0,0,1,0
11031,62.0,1.0,22.0,1.0,0,41.0,0.0,18.0,0,1,0
8381,42.0,1.0,20.0,1.0,3,4.0,2.0,50.0,1,1,1
7929,48.0,4.0,21.0,1.0,0,49.0,0.0,40.0,0,1,1
7073,46.0,4.0,19.0,5.0,2,49.0,2.0,40.0,0,1,0
9904,31.0,3.0,21.0,1.0,0,49.0,1.0,40.0,0,1,1
8222,20.0,1.0,18.0,1.0,4,53.0,1.0,30.0,0,1,0
3850,33.0,6.0,22.0,1.0,0,303.0,0.0,50.0,1,0,0
3627,30.0,1.0,19.0,5.0,0,127.0,7.0,18.0,1,1,0
8740,72.0,1.0,19.0,1.0,0,49.0,0.0,40.0,1,1,1
9013,60.0,4.0,24.0,1.0,0,49.0,1.0,40.0,1,1,1
11684,27.0,3.0,19.0,5.0,0,48.0,17.0,2.0,0,1,0
2345,56.0,4.0,21.0,1.0,0,49.0,0.0,40.0,1,1,1
4988,43.0,1.0,13.0,1.0,1,49.0,1.0,36.0,0,0,0
8379,31.0,1.0,21.0,1.0,1,49.0,2.0,40.0,1,1,1
5905,47.0,1.0,16.0,1.0,2,49.0,0.0,5.0,0,1,0
6373,25.0,1.0,14.0,5.0,1,110.0,2.0,20.0,0,1,0
5674,47.0,1.0,20.0,1.0,3,209.0,1.0,50.0,1,1,1
3658,41.0,1.0,21.0,1.0,0,49.0,0.0,40.0,0,1,0
10778,66.0,3.0,21.0,5.0,0,49.0,0.0,40.0,0,1,1
2533,18.0,1.0,16.0,5.0,4,12.0,17.0,40.0,1,1,0
10314,19.0,1.0,19.0,5.0,3,6.0,2.0,40.0,1,1,0
13017,54.0,7.0,16.0,1.0,3,20.0,0.0,50.0,1,1,1
2405,50.0,1.0,19.0,1.0,2,49.0,0.0,48.0,1,1,1
2424,54.0,1.0,20.0,1.0,0,49.0,1.0,40.0,0,1,1
1628,38.0,4.0,21.0,1.0,0,49.0,0.0,40.0,1,1,1
6905,42.0,6.0,21.0,3.0,2,16.0,0.0,40.0,1,1,0
8085,36.0,1.0,14.0,5.0,4,49.0,0.0,40.0,0,1,1
10839,27.0,4.0,19.0,1.0,0,49.0,0.0,10.0,0,1,0
8871,23.0,1.0,19.0,5.0,2,49.0,4.0,30.0,0,1,0
1887,36.0,5.0,22.0,1.0,0,373.0,0.0,30.0,0,1,1
11681,31.0,6.0,19.0,1.0,0,49.0,0.0,40.0,1,1,0
6542,24.0,1.0,19.0,1.0,0,49.0,1.0,25.0,1,1,0
13019,36.0,1.0,19.0,5.0,3,49.0,5.0,10.0,1,1,0
12046,61.0,4.0,20.0,4.0,3,49.0,0.0,40.0,1,1,1
359,60.0,1.0,20.0,1.0,2,6.0,0.0,20.0,0,1,0
7219,43.0,1.0,23.0,1.0,0,49.0,2.0,40.0,1,1,0
7114,29.0,4.0,16.0,1.0,1,6.0,1.0,2.0,0,1,0
3881,58.0,3.0,23.0,1.0,0,49.0,0.0,40.0,0,1,1
5771,39.0,3.0,22.0,1.0,4,49.0,0.0,40.0,1,1,1
9434,27.0,1.0,19.0,5.0,2,49.0,0.0,40.0,1,1,0
272,20.0,3.0,16.0,5.0,1,49.0,2.0,35.0,1,1,0
195,38.0,1.0,22.0,1.0,4,49.0,0.0,40.0,1,1,1
9675,51.0,6.0,21.0,1.0,0,303.0,0.0,65.0,1,1,1
9009,26.0,1.0,22.0,1.0,0,49.0,1.0,48.0,1,1,1
2578,36.0,7.0,19.0,1.0,1,49.0,2.0,35.0,0,1,0
9236,33.0,1.0,24.0,1.0,0,49.0,0.0,21.0,1,1,1
1872,80.0,1.0,16.0,2.0,2,49.0,0.0,40.0,0,1,1
7877,21.0,3.0,21.0,5.0,0,48.0,17.0,40.0,0,1,0
10245,53.0,4.0,19.0,1.0,0,16.0,0.0,24.0,0,1,0
11943,22.0,1.0,16.0,5.0,0,49.0,12.0,82.0,1,1,0
8681,35.0,1.0,20.0,3.0,3,49.0,0.0,45.0,1,1,1
5248,38.0,1.0,18.0,3.0,2,55.0,0.0,40.0,0,1,1
3699,44.0,1.0,21.0,3.0,2,6.0,13.0,50.0,0,1,0
4694,37.0,1.0,21.0,1.0,0,42.0,0.0,40.0,1,1,1
8245,18.0,1.0,16.0,5.0,2,49.0,12.0,16.0,0,0,0
8546,41.0,4.0,16.0,3.0,0,49.0,0.0,25.0,0,1,0
12186,60.0,1.0,22.0,1.0,2,49.0,0.0,43.0,0,1,1
10581,46.0,1.0,21.0,1.0,0,49.0,0.0,40.0,0,1,1
7616,35.0,1.0,16.0,5.0,0,49.0,2.0,10.0,0,1,0
9250,66.0,1.0,19.0,5.0,0,49.0,0.0,45.0,0,1,1
12043,46.0,1.0,22.0,1.0,0,49.0,0.0,40.0,1,1,1
6894,56.0,1.0,21.0,1.0,2,49.0,1.0,40.0,0,1,0
7984,56.0,2.0,20.0,3.0,2,49.0,0.0,40.0,0,1,1
8010,65.0,1.0,19.0,5.0,1,49.0,0.0,32.0,0,1,1
11019,59.0,1.0,20.0,1.0,1,49.0,1.0,45.0,1,1,1
10518,42.0,1.0,18.0,3.0,1,6.0,0.0,8.0,1,1,0
1894,61.0,1.0,20.0,3.0,4,49.0,0.0,40.0,0,1,1
10451,53.0,1.0,16.0,2.0,3,48.0,0.0,40.0,1,0,1
12859,61.0,1.0,20.0,5.0,0,49.0,17.0,40.0,0,1,0
6169,27.0,1.0,18.0,3.0,4,49.0,0.0,55.0,1,1,1
11750,57.0,1.0,21.0,3.0,0,49.0,0.0,18.0,0,1,0
6858,44.0,1.0,19.0,3.0,1,49.0,0.0,40.0,1,1,1
1650,42.0,1.0,18.0,3.0,3,49.0,0.0,40.0,1,1,1
729,24.0,1.0,19.0,5.0,4,49.0,17.0,42.0,1,1,0
7804,49.0,4.0,16.0,1.0,2,8.0,6.0,20.0,0,1,0
9533,17.0,1.0,16.0,5.0,4,49.0,2.0,30.0,1,1,0
8185,60.0,1.0,16.0,5.0,2,16.0,2.0,40.0,1,1,1
3222,18.0,3.0,16.0,5.0,3,49.0,3.0,30.0,0,1,0
2637,86.0,1.0,19.0,2.0,-1,49.0,4.0,15.0,0,1,0
10224,36.0,1.0,19.0,1.0,3,49.0,0.0,40.0,1,1,1
12333,43.0,3.0,19.0,1.0,1,49.0,0.0,40.0,0,1,1
4718,23.0,3.0,21.0,1.0,0,20.0,0.0,40.0,1,1,0
9239,52.0,3.0,22.0,1.0,0,53.0,0.0,40.0,0,1,1
12280,27.0,1.0,18.0,5.0,3,49.0,10.0,50.0,1,1,1
6519,37.0,2.0,16.0,1.0,1,49.0,1.0,5.0,0,1,0
9754,46.0,1.0,22.0,1.0,0,49.0,0.0,40.0,0,1,1
724,30.0,1.0,21.0,1.0,0,48.0,1.0,15.0,0,1,0
2704,38.0,1.0,19.0,1.0,0,49.0,0.0,45.0,1,1,1
11039,28.0,1.0,16.0,5.0,0,6.0,0.0,40.0,1,1,0
80,38.0,1.0,22.0,1.0,0,41.0,1.0,45.0,1,1,1
12436,70.0,1.0,19.0,3.0,0,127.0,0.0,45.0,0,1,1
12994,21.0,2.0,19.0,1.0,0,148.0,0.0,32.0,1,1,0
4437,18.0,1.0,21.0,5.0,0,48.0,12.0,40.0,0,1,0
12483,23.0,1.0,14.0,5.0,1,24.0,4.0,15.0,0,1,0
5204,31.0,1.0,18.0,1.0,2,49.0,1.0,45.0,0,1,0
4024,44.0,1.0,19.0,1.0,1,49.0,1.0,45.0,1,1,1
11267,44.0,7.0,21.0,1.0,0,49.0,1.0,40.0,0,1,1
9891,46.0,7.0,21.0,1.0,0,303.0,0.0,55.0,1,0,1
2863,44.0,2.0,19.0,1.0,0,49.0,0.0,10.0,0,1,0
5372,24.0,1.0,20.0,5.0,2,49.0,2.0,12.0,0,1,0
11549,24.0,6.0,21.0,1.0,0,49.0,1.0,30.0,1,1,0
4893,25.0,1.0,18.0,5.0,3,6.0,2.0,40.0,1,0,1
1317,39.0,4.0,23.0,1.0,0,49.0,1.0,20.0,1,1,1
6321,18.0,1.0,19.0,5.0,0,49.0,2.0,40.0,0,1,0
8721,31.0,1.0,19.0,3.0,0,49.0,13.0,40.0,0,1,0
12117,22.0,5.0,16.0,1.0,3,6.0,0.0,80.0,1,1,1
1171,30.0,1.0,18.0,5.0,3,49.0,13.0,40.0,1,1,1
7516,25.0,1.0,18.0,1.0,3,49.0,0.0,40.0,1,1,1
4903,37.0,5.0,16.0,5.0,3,209.0,2.0,20.0,1,1,0
12288,40.0,1.0,22.0,1.0,2,17.0,1.0,45.0,0,1,1
6997,30.0,1.0,13.0,1.0,4,26.0,1.0,8.0,0,1,0
11156,49.0,1.0,21.0,1.0,3,49.0,1.0,70.0,1,1,1
12198,57.0,4.0,1.0,1.0,4,223.0,0.0,30.0,1,0,1
12963,41.0,1.0,14.0,3.0,1,42.0,0.0,40.0,0,1,0
10988,45.0,1.0,20.0,1.0,2,49.0,0.0,25.0,0,1,0
5447,61.0,1.0,20.0,1.0,2,49.0,0.0,45.0,1,1,1
4018,45.0,1.0,16.0,3.0,1,49.0,0.0,40.0,1,1,1
12784,34.0,1.0,16.0,1.0,2,38.0,0.0,40.0,1,0,0
11256,24.0,2.0,19.0,5.0,0,49.0,17.0,25.0,1,1,0
6433,17.0,4.0,16.0,5.0,1,49.0,2.0,40.0,1,1,0
218,22.0,1.0,13.0,5.0,4,119.0,17.0,96.0,1,0,0
2793,58.0,4.0,21.0,1.0,0,49.0,1.0,40.0,0,1,1
9345,20.0,1.0,16.0,5.0,2,51.0,2.0,50.0,1,1,0
6191,53.0,1.0,19.0,1.0,1,49.0,0.0,10.0,0,1,0
5300,60.0,1.0,20.0,3.0,0,49.0,11.0,50.0,0,1,0
11320,23.0,8.0,19.0,1.0,0,6.0,1.0,20.0,1,1,0
3560,41.0,1.0,22.0,1.0,0,49.0,0.0,55.0,1,1,1
999,26.0,6.0,14.0,5.0,2,49.0,15.0,40.0,0,1,0
2081,51.0,2.0,23.0,1.0,0,49.0,0.0,40.0,1,1,1
12698,53.0,1.0,22.0,1.0,-1,210.0,0.0,40.0,1,0,1
12127,26.0,1.0,19.0,1.0,1,49.0,6.0,40.0,0,1,0
5318,24.0,1.0,13.0,5.0,4,49.0,2.0,20.0,1,1,0
8483,55.0,1.0,16.0,5.0,2,16.0,2.0,20.0,0,1,0
6032,30.0,1.0,21.0,5.0,1,49.0,0.0,6.0,0,1,0
9348,22.0,1.0,19.0,1.0,1,49.0,17.0,30.0,0,1,0
2687,42.0,5.0,19.0,1.0,4,49.0,0.0,50.0,1,1,1
2304,27.0,2.0,22.0,1.0,-1,6.0,1.0,40.0,1,1,1
10933,20.0,6.0,16.0,1.0,1,49.0,0.0,38.0,1,1,0
5050,22.0,6.0,17.0,5.0,1,49.0,2.0,40.0,0,1,0
7189,34.0,1.0,16.0,5.0,4,16.0,13.0,25.0,0,1,1
2539,62.0,1.0,23.0,1.0,0,49.0,1.0,30.0,1,1,1
3079,17.0,1.0,13.0,5.0,1,370.0,2.0,10.0,0,0,0
6397,59.0,1.0,21.0,1.0,3,49.0,0.0,40.0,1,1,1
2420,64.0,1.0,21.0,1.0,3,49.0,0.0,25.0,1,1,0
10710,50.0,6.0,21.0,1.0,0,49.0,16.0,20.0,0,1,0
5217,59.0,1.0,21.0,1.0,0,49.0,0.0,42.0,1,1,1
2513,60.0,1.0,24.0,1.0,0,49.0,1.0,35.0,0,1,0
12282,35.0,2.0,19.0,3.0,2,49.0,13.0,8.0,1,1,0
12205,62.0,1.0,17.0,1.0,0,49.0,1.0,45.0,1,1,1
10719,43.0,1.0,21.0,1.0,2,49.0,0.0,45.0,1,1,0
8810,52.0,1.0,14.0,5.0,4,49.0,2.0,15.0,1,1,0
12136,71.0,1.0,22.0,1.0,2,49.0,1.0,40.0,0,1,0
8851,26.0,1.0,23.0,1.0,0,53.0,0.0,45.0,0,1,1
9284,35.0,4.0,21.0,1.0,0,49.0,1.0,40.0,1,0,1
11602,28.0,6.0,19.0,1.0,0,6.0,0.0,40.0,1,1,1
10007,41.0,1.0,16.0,1.0,4,49.0,1.0,20.0,0,1,0
2381,63.0,2.0,21.0,1.0,0,49.0,1.0,52.0,0,1,1
5849,31.0,1.0,18.0,1.0,2,6.0,1.0,20.0,0,1,0
10425,20.0,1.0,16.0,5.0,4,49.0,2.0,35.0,0,1,0
10267,44.0,1.0,16.0,5.0,4,9.0,17.0,12.0,0,1,0
6922,30.0,1.0,21.0,1.0,0,49.0,0.0,40.0,0,1,1
4291,40.0,3.0,21.0,1.0,0,6.0,1.0,40.0,1,1,1
6068,43.0,2.0,16.0,1.0,3,4.0,0.0,40.0,1,1,1
1874,50.0,3.0,21.0,1.0,0,49.0,1.0,46.0,1,1,1
5378,26.0,1.0,21.0,1.0,0,49.0,0.0,20.0,0,1,0
7300,61.0,1.0,16.0,3.0,3,41.0,8.0,20.0,0,0,1
12119,33.0,1.0,22.0,1.0,0,49.0,1.0,50.0,1,1,1
8061,29.0,2.0,16.0,1.0,0,32.0,1.0,28.0,0,1,1
5711,65.0,1.0,19.0,1.0,4,49.0,2.0,28.0,0,1,0
2112,34.0,1.0,21.0,1.0,2,6.0,1.0,45.0,1,1,1
11648,79.0,7.0,17.0,3.0,4,49.0,2.0,36.0,1,1,0
11265,55.0,7.0,21.0,1.0,2,49.0,0.0,40.0,0,1,1
9503,47.0,1.0,14.0,3.0,0,49.0,0.0,40.0,1,1,1
9007,48.0,1.0,24.0,1.0,0,211.0,0.0,60.0,1,0,1
9604,38.0,1.0,16.0,1.0,3,5.0,9.0,40.0,1,1,0
5224,21.0,1.0,21.0,5.0,4,36.0,2.0,18.0,0,1,0
9943,28.0,1.0,19.0,5.0,3,49.0,2.0,6.0,1,1,0
6624,25.0,1.0,21.0,1.0,0,205.0,2.0,40.0,1,0,1
12485,41.0,6.0,18.0,3.0,2,49.0,0.0,50.0,1,1,1
792,38.0,2.0,16.0,1.0,0,49.0,0.0,70.0,1,1,1
2318,55.0,1.0,22.0,3.0,0,25.0,0.0,50.0,0,1,1
8256,22.0,1.0,16.0,5.0,0,35.0,12.0,40.0,0,1,0
579,21.0,6.0,19.0,1.0,1,6.0,1.0,30.0,0,1,0
11465,50.0,1.0,21.0,1.0,2,49.0,0.0,50.0,1,1,1
5784,43.0,1.0,19.0,1.0,2,28.0,1.0,25.0,0,1,0
11196,19.0,3.0,19.0,1.0,1,32.0,0.0,20.0,0,1,0
13009,55.0,1.0,16.0,1.0,2,49.0,1.0,55.0,0,1,1
7097,49.0,1.0,21.0,1.0,0,6.0,0.0,40.0,1,1,0
12983,49.0,1.0,19.0,5.0,1,6.0,2.0,20.0,0,1,0
613,46.0,2.0,19.0,1.0,2,49.0,1.0,60.0,0,1,1
10837,28.0,2.0,18.0,1.0,0,49.0,1.0,16.0,0,1,0
7475,66.0,1.0,18.0,5.0,3,49.0,0.0,50.0,1,1,1
5652,37.0,1.0,19.0,1.0,0,8.0,0.0,40.0,0,1,0
7795,36.0,1.0,23.0,1.0,0,49.0,1.0,40.0,0,1,0
6463,19.0,1.0,19.0,5.0,1,41.0,5.0,20.0,1,1,0
10486,29.0,1.0,20.0,1.0,3,49.0,1.0,45.0,1,1,1
2076,41.0,4.0,22.0,3.0,5,49.0,2.0,30.0,1,1,1
7400,36.0,1.0,24.0,1.0,0,106.0,0.0,40.0,1,1,1
2298,37.0,1.0,21.0,1.0,2,127.0,0.0,30.0,0,1,1
7214,27.0,2.0,19.0,5.0,0,49.0,17.0,40.0,0,1,0
10432,50.0,1.0,22.0,1.0,0,303.0,0.0,40.0,0,1,1
11716,25.0,1.0,9.0,5.0,3,49.0,2.0,15.0,1,1,0
5858,45.0,1.0,18.0,1.0,4,49.0,0.0,40.0,1,1,1
4569,51.0,7.0,18.0,3.0,0,53.0,10.0,41.0,0,1,1
2817,20.0,1.0,17.0,5.0,1,49.0,2.0,40.0,0,1,0
11413,59.0,7.0,21.0,3.0,0,49.0,0.0,40.0,1,1,1
766,54.0,1.0,19.0,1.0,2,49.0,0.0,20.0,0,1,0
9389,67.0,1.0,20.0,1.0,1,49.0,1.0,40.0,0,1,1
1935,22.0,2.0,16.0,5.0,0,13.0,0.0,20.0,0,1,0
11080,34.0,1.0,21.0,1.0,0,20.0,0.0,40.0,1,1,1
1995,40.0,1.0,24.0,1.0,0,49.0,0.0,55.0,0,1,1
12259,23.0,2.0,16.0,1.0,0,51.0,0.0,45.0,1,1,0
10717,32.0,1.0,20.0,5.0,2,49.0,4.0,46.0,0,1,0
5140,40.0,5.0,19.0,1.0,0,49.0,0.0,45.0,1,1,1
11827,48.0,7.0,20.0,1.0,0,6.0,0.0,40.0,1,1,1
8670,22.0,4.0,21.0,1.0,2,49.0,0.0,32.0,1,1,0
6531,27.0,1.0,16.0,1.0,3,49.0,0.0,10.0,1,1,0
6746,43.0,1.0,17.0,1.0,2,49.0,6.0,40.0,0,1,0
5553,43.0,7.0,19.0,1.0,2,49.0,1.0,40.0,1,1,1
4039,23.0,1.0,18.0,1.0,1,12.0,0.0,60.0,1,1,1
11276,19.0,1.0,20.0,5.0,1,36.0,2.0,30.0,0,1,0
9414,69.0,1.0,16.0,1.0,3,49.0,1.0,25.0,1,1,0
3639,54.0,2.0,21.0,1.0,2,51.0,0.0,40.0,0,1,0
7163,47.0,1.0,18.0,1.0,4,49.0,1.0,40.0,0,1,1
9140,38.0,1.0,24.0,1.0,0,370.0,1.0,40.0,1,1,1
9221,25.0,1.0,17.0,1.0,2,49.0,0.0,40.0,0,0,0
2886,45.0,1.0,21.0,1.0,1,16.0,0.0,32.0,0,1,0
6606,20.0,1.0,19.0,5.0,0,49.0,0.0,20.0,1,1,0
6758,24.0,1.0,19.0,5.0,2,49.0,12.0,40.0,0,1,0
9966,33.0,6.0,16.0,1.0,3,49.0,0.0,40.0,1,1,1
3452,50.0,1.0,21.0,3.0,2,49.0,5.0,15.0,1,1,0
5834,38.0,1.0,16.0,5.0,4,41.0,5.0,8.0,1,0,0
11573,44.0,5.0,23.0,1.0,0,136.0,0.0,40.0,0,1,1
10854,42.0,1.0,21.0,1.0,0,303.0,0.0,40.0,0,0,1
12551,36.0,1.0,16.0,1.0,2,49.0,0.0,12.0,1,1,0
3857,47.0,1.0,21.0,5.0,4,16.0,2.0,40.0,1,1,1
6371,61.0,1.0,20.0,3.0,2,49.0,0.0,40.0,0,1,1
6635,20.0,1.0,20.0,5.0,0,49.0,17.0,40.0,1,1,0
1751,39.0,2.0,23.0,1.0,0,42.0,0.0,40.0,1,1,1
11415,18.0,1.0,19.0,5.0,2,303.0,2.0,45.0,1,1,0
4502,59.0,1.0,22.0,1.0,0,303.0,0.0,55.0,1,0,1
5525,25.0,6.0,21.0,1.0,0,6.0,0.0,40.0,1,1,1
7370,42.0,2.0,19.0,1.0,0,49.0,1.0,50.0,1,1,1
223,41.0,1.0,22.0,1.0,0,49.0,1.0,25.0,1,1,1
2256,48.0,1.0,20.0,1.0,3,49.0,0.0,40.0,1,1,1
1042,56.0,4.0,22.0,3.0,0,49.0,0.0,40.0,0,1,1
59,64.0,1.0,21.0,1.0,0,49.0,1.0,20.0,0,1,1
73,56.0,5.0,22.0,1.0,4,49.0,14.0,40.0,1,0,1
114,68.0,1.0,21.0,1.0,0,49.0,0.0,40.0,1,1,1
10023,22.0,4.0,16.0,1.0,1,303.0,1.0,18.0,0,0,0
4818,59.0,1.0,20.0,1.0,4,6.0,0.0,40.0,1,1,1
8720,30.0,2.0,16.0,1.0,0,303.0,0.0,40.0,0,0,1
3853,27.0,1.0,19.0,5.0,4,41.0,0.0,40.0,1,0,0
12539,64.0,1.0,20.0,3.0,2,49.0,2.0,50.0,0,1,0
5598,40.0,1.0,14.0,5.0,4,49.0,2.0,20.0,1,1,0
2853,24.0,1.0,19.0,5.0,0,42.0,17.0,43.0,0,1,1
6633,49.0,7.0,19.0,1.0,2,6.0,0.0,40.0,1,1,0
8289,17.0,1.0,18.0,5.0,1,49.0,2.0,50.0,1,1,0
7740,24.0,1.0,19.0,5.0,0,49.0,0.0,60.0,1,1,1
1342,37.0,7.0,21.0,1.0,0,49.0,0.0,55.0,1,1,1
3886,75.0,1.0,16.0,1.0,3,49.0,1.0,40.0,1,1,1
3330,42.0,7.0,14.0,1.0,3,421.0,1.0,20.0,1,0,0
6126,68.0,4.0,21.0,1.0,0,40.0,0.0,30.0,0,1,0
667,41.0,7.0,21.0,1.0,0,49.0,0.0,40.0,0,1,1
10635,85.0,1.0,21.0,5.0,2,6.0,12.0,40.0,1,1,0
9687,52.0,2.0,22.0,1.0,-1,16.0,17.0,55.0,1,1,1
5387,36.0,2.0,20.0,1.0,0,49.0,0.0,40.0,1,1,1
4064,37.0,7.0,19.0,1.0,0,27.0,0.0,40.0,1,1,1
10565,24.0,3.0,19.0,1.0,1,16.0,0.0,84.0,0,1,0
9981,27.0,3.0,22.0,1.0,0,127.0,0.0,40.0,0,1,1
12517,34.0,1.0,20.0,1.0,0,49.0,0.0,48.0,0,1,1
6498,41.0,1.0,22.0,1.0,0,51.0,0.0,45.0,0,1,1
12486,46.0,1.0,21.0,1.0,2,49.0,1.0,40.0,0,1,1
5104,25.0,2.0,16.0,5.0,1,6.0,17.0,9.0,1,1,0
12836,37.0,1.0,19.0,1.0,2,49.0,0.0,40.0,0,1,0
11182,35.0,6.0,16.0,1.0,0,49.0,0.0,40.0,1,1,0
10755,18.0,1.0,16.0,5.0,2,6.0,7.0,25.0,0,1,0
11384,61.0,1.0,21.0,5.0,0,303.0,0.0,70.0,1,1,1
9748,43.0,1.0,21.0,1.0,1,49.0,0.0,40.0,1,1,1
4285,51.0,1.0,20.0,1.0,2,49.0,1.0,42.0,0,1,1
1070,45.0,1.0,16.0,1.0,4,372.0,1.0,15.0,1,1,0
8900,19.0,1.0,21.0,5.0,2,49.0,13.0,25.0,0,1,0
346,63.0,1.0,16.0,3.0,2,6.0,0.0,40.0,0,1,0
287,48.0,6.0,19.0,1.0,0,164.0,0.0,15.0,0,0,0
7386,56.0,1.0,17.0,1.0,0,35.0,1.0,5.0,0,0,0
10506,68.0,1.0,19.0,1.0,3,6.0,1.0,50.0,1,1,1
2623,59.0,4.0,20.0,1.0,0,6.0,0.0,55.0,1,1,1
1833,25.0,1.0,18.0,5.0,3,26.0,2.0,40.0,1,1,0
1626,64.0,5.0,19.0,3.0,0,49.0,5.0,25.0,1,1,0
9613,46.0,1.0,22.0,5.0,0,223.0,12.0,40.0,1,0,1
8049,40.0,1.0,18.0,1.0,4,49.0,0.0,36.0,1,1,1
11604,22.0,1.0,19.0,5.0,0,34.0,2.0,30.0,0,1,0
9364,18.0,1.0,16.0,5.0,4,49.0,13.0,15.0,1,1,0
3362,32.0,1.0,16.0,5.0,4,448.0,2.0,11.0,1,1,1
4945,25.0,1.0,18.0,5.0,4,6.0,0.0,10.0,1,1,0
5763,18.0,1.0,16.0,5.0,1,49.0,0.0,40.0,0,1,0
2522,58.0,7.0,21.0,3.0,0,412.0,13.0,40.0,1,1,1
8715,35.0,1.0,17.0,3.0,4,49.0,13.0,40.0,1,1,0
11038,35.0,7.0,22.0,1.0,0,49.0,0.0,40.0,1,1,1
7852,42.0,1.0,19.0,1.0,1,6.0,0.0,40.0,1,1,1
12395,19.0,1.0,19.0,5.0,0,6.0,15.0,40.0,0,1,0
10144,54.0,1.0,21.0,1.0,0,16.0,1.0,40.0,1,1,1
7210,55.0,1.0,20.0,3.0,2,21.0,0.0,45.0,0,1,0
12812,19.0,1.0,21.0,4.0,2,49.0,7.0,24.0,0,1,0
12268,61.0,7.0,20.0,1.0,0,49.0,1.0,35.0,1,1,1
446,71.0,3.0,16.0,1.0,4,4.0,0.0,40.0,1,1,0
2060,36.0,4.0,22.0,1.0,0,34.0,0.0,40.0,1,1,1
8771,35.0,1.0,18.0,5.0,2,49.0,2.0,40.0,1,1,1
11594,38.0,4.0,23.0,1.0,0,49.0,0.0,40.0,1,1,1
10168,21.0,1.0,14.0,5.0,2,412.0,13.0,25.0,0,0,0
9773,31.0,1.0,21.0,1.0,2,207.0,1.0,50.0,0,0,0
6161,31.0,1.0,20.0,5.0,0,55.0,0.0,40.0,1,1,1
966,52.0,1.0,19.0,1.0,2,49.0,0.0,70.0,0,1,1
3641,24.0,1.0,13.0,5.0,1,28.0,0.0,2.0,0,1,0
3536,37.0,1.0,21.0,1.0,0,49.0,1.0,55.0,1,1,1
4253,31.0,1.0,13.0,3.0,4,26.0,0.0,15.0,1,1,0
8628,22.0,1.0,16.0,5.0,1,49.0,2.0,36.0,0,1,0
1590,34.0,1.0,16.0,1.0,0,8.0,1.0,48.0,0,1,1
9166,39.0,3.0,21.0,5.0,2,12.0,2.0,15.0,1,1,0
5999,40.0,3.0,21.0,1.0,0,49.0,0.0,40.0,1,1,1
8565,18.0,1.0,19.0,5.0,2,17.0,2.0,27.0,0,1,0
5246,51.0,1.0,18.0,1.0,1,9.0,0.0,50.0,1,1,1
6953,43.0,1.0,21.0,1.0,0,49.0,0.0,40.0,0,1,1
5194,49.0,1.0,21.0,1.0,0,231.0,1.0,45.0,1,1,1
977,60.0,2.0,18.0,1.0,1,6.0,0.0,45.0,0,1,0
4948,41.0,3.0,21.0,1.0,1,127.0,1.0,40.0,0,1,1
7697,59.0,1.0,16.0,1.0,1,56.0,0.0,36.0,0,1,0
9153,38.0,1.0,19.0,1.0,0,41.0,0.0,40.0,0,1,1
3337,34.0,1.0,21.0,5.0,0,41.0,0.0,40.0,1,1,1
6954,31.0,7.0,21.0,1.0,1,49.0,0.0,40.0,1,1,1
1096,45.0,1.0,23.0,1.0,0,327.0,0.0,40.0,0,1,1
4418,48.0,1.0,9.0,1.0,4,303.0,0.0,40.0,0,0,0
5401,45.0,3.0,23.0,1.0,0,103.0,1.0,50.0,0,1,1
3446,19.0,3.0,15.0,5.0,2,49.0,2.0,50.0,1,1,0
1804,35.0,1.0,16.0,1.0,2,49.0,0.0,40.0,1,1,0
12604,59.0,1.0,22.0,1.0,0,49.0,0.0,50.0,1,1,1
9980,39.0,1.0,17.0,1.0,2,49.0,1.0,20.0,0,1,0
10217,22.0,1.0,21.0,1.0,1,26.0,0.0,60.0,1,1,1
1613,20.0,1.0,19.0,5.0,3,49.0,2.0,30.0,0,1,0
4786,32.0,1.0,16.0,5.0,2,31.0,2.0,25.0,1,1,0
6483,34.0,1.0,18.0,5.0,0,49.0,13.0,40.0,0,1,0
8695,59.0,1.0,18.0,1.0,0,49.0,0.0,40.0,0,1,0
8210,45.0,1.0,21.0,1.0,1,24.0,0.0,48.0,1,1,1
12763,62.0,3.0,16.0,1.0,4,49.0,0.0,45.0,1,1,1
3852,63.0,6.0,21.0,1.0,1,49.0,0.0,40.0,1,1,0
8496,34.0,3.0,16.0,5.0,1,303.0,2.0,20.0,0,0,0
2226,41.0,1.0,22.0,1.0,1,8.0,0.0,50.0,0,1,0
3195,23.0,1.0,16.0,1.0,4,40.0,0.0,40.0,1,1,1
9544,41.0,1.0,22.0,1.0,0,49.0,0.0,46.0,1,1,1
923,42.0,1.0,21.0,1.0,0,49.0,0.0,40.0,0,1,1
6244,46.0,2.0,22.0,3.0,0,49.0,0.0,40.0,1,1,1
7848,42.0,3.0,20.0,3.0,2,36.0,0.0,40.0,0,1,0
10177,44.0,6.0,17.0,1.0,2,49.0,2.0,20.0,1,1,0
2006,32.0,1.0,19.0,5.0,1,49.0,5.0,12.0,1,0,0
6199,23.0,4.0,18.0,5.0,1,49.0,2.0,40.0,1,1,0
2303,40.0,7.0,22.0,1.0,0,49.0,0.0,40.0,1,1,1
6368,19.0,1.0,21.0,5.0,0,49.0,13.0,15.0,0,1,0
2198,49.0,1.0,19.0,1.0,2,42.0,1.0,12.0,0,1,0
10005,30.0,2.0,23.0,5.0,0,33.0,0.0,20.0,0,1,0
3475,27.0,3.0,16.0,1.0,1,49.0,1.0,16.0,0,1,0
2383,41.0,1.0,19.0,1.0,2,32.0,0.0,42.0,1,1,1
1734,58.0,1.0,15.0,1.0,2,49.0,0.0,45.0,1,1,1
2619,22.0,1.0,1.0,5.0,4,207.0,17.0,4.0,0,0,0
2626,25.0,4.0,16.0,1.0,0,49.0,1.0,8.0,0,1,0
139,39.0,4.0,24.0,1.0,0,49.0,1.0,42.0,0,1,1
3711,45.0,1.0,16.0,1.0,1,6.0,10.0,40.0,0,1,1
6521,56.0,2.0,20.0,1.0,0,412.0,1.0,50.0,1,1,1
10094,37.0,1.0,21.0,5.0,2,6.0,2.0,40.0,1,1,1
6877,49.0,1.0,18.0,1.0,0,49.0,1.0,40.0,1,1,1
5465,24.0,1.0,21.0,1.0,1,49.0,1.0,24.0,0,1,0
2684,20.0,1.0,16.0,5.0,1,49.0,10.0,24.0,0,1,0
8956,18.0,1.0,16.0,5.0,3,4.0,2.0,23.0,1,0,0
6556,20.0,1.0,19.0,5.0,2,49.0,2.0,20.0,0,1,0
8045,38.0,2.0,21.0,1.0,0,49.0,1.0,40.0,1,1,1
9208,45.0,1.0,16.0,3.0,3,49.0,0.0,50.0,1,1,1
10845,40.0,1.0,19.0,1.0,2,56.0,1.0,20.0,0,1,0
10327,37.0,3.0,21.0,1.0,0,49.0,0.0,48.0,1,1,1
3078,69.0,1.0,22.0,1.0,0,49.0,0.0,40.0,1,1,1
2846,34.0,1.0,20.0,1.0,2,303.0,1.0,30.0,0,0,0
3519,53.0,1.0,21.0,1.0,2,49.0,1.0,40.0,1,1,1
2421,22.0,1.0,16.0,2.0,4,49.0,0.0,40.0,0,1,0
6058,22.0,3.0,21.0,5.0,1,49.0,0.0,5.0,0,1,0
1801,32.0,4.0,21.0,1.0,3,6.0,0.0,60.0,1,1,1
11727,49.0,1.0,19.0,1.0,1,49.0,0.0,6.0,0,0,0
12738,39.0,7.0,16.0,1.0,3,49.0,1.0,38.0,1,1,1
11710,26.0,1.0,21.0,1.0,0,49.0,0.0,50.0,0,1,1
395,58.0,1.0,21.0,1.0,1,49.0,1.0,45.0,1,1,1
3383,18.0,1.0,16.0,5.0,4,303.0,2.0,40.0,1,0,0
7329,25.0,1.0,19.0,5.0,0,49.0,0.0,30.0,0,1,0
5720,35.0,1.0,22.0,2.0,0,16.0,0.0,40.0,0,1,1
12590,50.0,2.0,20.0,1.0,2,6.0,1.0,6.0,0,0,0
2399,37.0,1.0,19.0,5.0,2,49.0,0.0,40.0,0,1,0
2747,24.0,1.0,21.0,1.0,0,49.0,0.0,45.0,1,1,1
4545,32.0,1.0,24.0,5.0,3,28.0,0.0,45.0,1,1,1
12465,23.0,1.0,21.0,1.0,0,35.0,0.0,40.0,1,0,1
2828,24.0,1.0,18.0,5.0,1,53.0,2.0,40.0,1,1,0
8674,59.0,1.0,17.0,1.0,1,51.0,1.0,40.0,0,0,0
4296,18.0,1.0,21.0,5.0,1,372.0,2.0,45.0,1,1,0
6913,60.0,6.0,20.0,1.0,3,49.0,1.0,40.0,1,1,1
6347,69.0,1.0,22.0,1.0,0,42.0,0.0,45.0,1,1,1
8192,38.0,6.0,20.0,1.0,4,49.0,2.0,50.0,1,1,0
9416,60.0,1.0,16.0,3.0,4,16.0,0.0,50.0,0,1,1
9765,56.0,1.0,18.0,1.0,0,16.0,1.0,40.0,1,1,0
12494,30.0,1.0,19.0,1.0,2,49.0,0.0,55.0,1,1,1
11295,59.0,7.0,19.0,1.0,0,49.0,1.0,40.0,1,1,1
10537,35.0,2.0,21.0,1.0,0,49.0,0.0,50.0,1,1,1
1327,42.0,1.0,24.0,1.0,0,49.0,0.0,50.0,1,1,1
8562,17.0,1.0,19.0,5.0,2,6.0,2.0,22.0,0,1,0
12940,52.0,1.0,21.0,1.0,0,49.0,0.0,45.0,1,1,1
8352,18.0,1.0,18.0,5.0,1,24.0,2.0,20.0,0,1,0
1852,26.0,1.0,21.0,1.0,1,49.0,1.0,40.0,0,1,0
7733,30.0,2.0,21.0,1.0,0,16.0,0.0,40.0,0,1,0
9226,24.0,4.0,22.0,1.0,0,42.0,0.0,35.0,0,1,0
2257,25.0,7.0,14.0,5.0,4,49.0,0.0,40.0,1,1,0
3198,33.0,1.0,21.0,1.0,0,6.0,1.0,60.0,1,1,1
849,47.0,7.0,21.0,3.0,2,303.0,0.0,10.0,0,0,1
2683,23.0,1.0,19.0,5.0,1,42.0,5.0,40.0,1,1,1
201,31.0,1.0,21.0,1.0,2,49.0,1.0,20.0,0,1,0
6278,28.0,3.0,19.0,5.0,1,49.0,2.0,18.0,0,1,0
7355,53.0,2.0,19.0,1.0,1,37.0,0.0,50.0,1,1,0
8009,45.0,5.0,19.0,1.0,3,49.0,0.0,40.0,1,1,1
12026,56.0,1.0,19.0,5.0,4,49.0,12.0,40.0,1,1,1
3615,61.0,6.0,21.0,1.0,0,49.0,0.0,40.0,0,1,1
9996,31.0,1.0,14.0,1.0,2,49.0,0.0,30.0,0,1,0
4004,60.0,1.0,19.0,1.0,0,49.0,0.0,55.0,1,1,1
12815,32.0,1.0,21.0,1.0,0,49.0,1.0,40.0,0,1,0
2947,56.0,7.0,16.0,1.0,3,49.0,2.0,40.0,1,1,0
12757,78.0,1.0,18.0,4.0,1,12.0,2.0,50.0,1,1,0
3192,29.0,2.0,16.0,1.0,1,35.0,1.0,25.0,0,0,0
7784,37.0,5.0,21.0,1.0,2,16.0,0.0,40.0,1,1,1
7991,48.0,2.0,20.0,1.0,2,6.0,1.0,40.0,1,1,1
5575,29.0,6.0,18.0,1.0,0,49.0,0.0,40.0,1,1,1
6524,54.0,7.0,21.0,1.0,-1,49.0,1.0,40.0,1,1,1
6117,26.0,2.0,21.0,1.0,0,49.0,1.0,40.0,0,1,1
4557,43.0,1.0,18.0,3.0,2,49.0,11.0,40.0,0,1,1
10938,35.0,7.0,16.0,1.0,1,12.0,0.0,30.0,0,1,0
12271,60.0,1.0,21.0,1.0,0,49.0,0.0,40.0,1,1,1
6807,70.0,1.0,16.0,1.0,2,49.0,0.0,40.0,1,1,1
6775,21.0,1.0,18.0,5.0,2,53.0,15.0,32.0,0,1,0
12248,59.0,1.0,19.0,3.0,0,49.0,11.0,20.0,0,1,0
9585,56.0,1.0,19.0,2.0,1,6.0,0.0,20.0,0,1,1
8140,47.0,2.0,19.0,1.0,2,49.0,0.0,40.0,1,1,1
681,54.0,1.0,20.0,1.0,2,49.0,0.0,40.0,0,1,0
3645,31.0,7.0,19.0,1.0,1,49.0,1.0,60.0,1,1,1
11374,55.0,1.0,16.0,1.0,1,49.0,1.0,40.0,0,1,0
129,25.0,1.0,21.0,1.0,1,41.0,1.0,30.0,0,1,0
12931,30.0,3.0,21.0,1.0,0,49.0,1.0,42.0,1,1,1
727,26.0,1.0,16.0,5.0,1,49.0,2.0,45.0,0,1,0
12110,59.0,1.0,19.0,3.0,4,49.0,15.0,40.0,1,0,0
6725,30.0,1.0,20.0,1.0,0,49.0,0.0,40.0,0,1,1
7627,52.0,1.0,12.0,1.0,4,49.0,0.0,50.0,1,1,1
3280,43.0,2.0,21.0,1.0,0,49.0,1.0,40.0,1,1,1
8054,69.0,1.0,20.0,1.0,4,49.0,0.0,12.0,1,1,0
12352,45.0,1.0,16.0,3.0,4,49.0,0.0,40.0,1,0,1
2686,44.0,4.0,16.0,1.0,2,49.0,1.0,40.0,0,1,1
10355,61.0,1.0,18.0,5.0,2,49.0,0.0,45.0,0,1,1
10338,68.0,1.0,20.0,1.0,0,303.0,0.0,50.0,0,0,0
8782,37.0,1.0,18.0,1.0,0,49.0,0.0,40.0,1,1,1
10203,56.0,2.0,22.0,1.0,3,49.0,1.0,50.0,1,1,1
11345,25.0,1.0,17.0,1.0,2,51.0,1.0,35.0,0,1,0
4767,42.0,2.0,22.0,1.0,0,36.0,1.0,40.0,0,1,1
8130,52.0,1.0,15.0,5.0,0,49.0,17.0,40.0,1,1,1
7016,27.0,1.0,15.0,1.0,2,53.0,0.0,30.0,1,1,0
9077,24.0,1.0,20.0,5.0,3,48.0,17.0,50.0,1,1,1
8335,58.0,1.0,19.0,1.0,2,49.0,1.0,20.0,1,1,0
10256,54.0,1.0,16.0,3.0,2,49.0,0.0,40.0,0,1,1
5912,38.0,5.0,21.0,1.0,3,49.0,0.0,40.0,1,1,1
1893,57.0,5.0,23.0,1.0,-1,49.0,0.0,41.0,1,1,1
12642,39.0,1.0,16.0,1.0,0,6.0,0.0,40.0,0,1,1
2482,38.0,4.0,19.0,1.0,0,13.0,0.0,40.0,1,1,0
2354,27.0,1.0,19.0,1.0,0,49.0,0.0,60.0,1,1,1
7489,34.0,1.0,21.0,1.0,0,49.0,1.0,45.0,0,1,1
2322,32.0,1.0,16.0,1.0,4,49.0,1.0,40.0,0,1,1
11540,25.0,3.0,21.0,5.0,1,303.0,0.0,36.0,0,0,1
6682,18.0,1.0,19.0,5.0,2,49.0,2.0,40.0,1,1,0
11694,41.0,1.0,21.0,1.0,0,49.0,0.0,40.0,1,1,1
6652,22.0,1.0,21.0,5.0,0,49.0,13.0,40.0,0,1,0
7043,29.0,7.0,21.0,5.0,0,49.0,17.0,30.0,0,1,0
11429,40.0,4.0,16.0,4.0,4,49.0,0.0,12.0,0,1,0
13030,36.0,7.0,21.0,1.0,2,49.0,0.0,50.0,1,1,1
3189,26.0,1.0,21.0,5.0,1,49.0,2.0,40.0,1,1,0
3431,39.0,1.0,20.0,1.0,0,49.0,1.0,50.0,1,1,1
11207,38.0,6.0,20.0,1.0,4,49.0,1.0,40.0,1,1,0
3300,38.0,1.0,16.0,1.0,3,49.0,1.0,6.0,1,1,0
4197,19.0,1.0,16.0,5.0,1,48.0,2.0,40.0,0,1,0
309,45.0,1.0,16.0,1.0,3,8.0,0.0,20.0,1,1,0
10974,20.0,1.0,19.0,5.0,2,49.0,5.0,40.0,1,1,0
11229,45.0,1.0,21.0,1.0,0,49.0,0.0,70.0,1,1,1
1912,44.0,1.0,22.0,3.0,0,35.0,12.0,45.0,0,1,1
4355,21.0,1.0,14.0,5.0,2,32.0,0.0,40.0,0,1,0
7436,23.0,3.0,17.0,1.0,2,49.0,2.0,48.0,1,1,0
10462,40.0,1.0,14.0,5.0,1,49.0,17.0,30.0,0,1,0
11801,57.0,1.0,16.0,1.0,4,49.0,1.0,40.0,1,1,1
5034,65.0,3.0,21.0,1.0,4,49.0,0.0,50.0,1,1,1
4066,40.0,1.0,18.0,4.0,2,49.0,0.0,16.0,0,1,1
1980,37.0,6.0,18.0,1.0,3,16.0,0.0,40.0,1,1,0
12824,22.0,1.0,16.0,1.0,2,49.0,1.0,30.0,1,1,0
8466,24.0,1.0,22.0,1.0,0,49.0,1.0,37.0,0,1,0
2726,40.0,1.0,16.0,1.0,4,6.0,0.0,40.0,1,0,1
1136,69.0,3.0,20.0,1.0,0,47.0,0.0,45.0,0,0,0
7006,53.0,1.0,16.0,1.0,4,42.0,9.0,40.0,1,1,1
10846,29.0,3.0,21.0,1.0,0,49.0,0.0,40.0,1,1,1
9431,52.0,1.0,22.0,1.0,0,6.0,10.0,40.0,1,1,1
11622,34.0,7.0,16.0,1.0,0,48.0,1.0,40.0,0,1,0
928,31.0,7.0,16.0,5.0,2,49.0,2.0,40.0,1,1,0
1463,34.0,6.0,16.0,1.0,4,110.0,0.0,40.0,1,1,1
3654,41.0,2.0,20.0,1.0,1,53.0,0.0,32.0,0,1,0
4828,30.0,1.0,19.0,1.0,1,16.0,0.0,28.0,0,1,0
12731,64.0,2.0,16.0,3.0,4,49.0,0.0,5.0,1,1,0
1457,55.0,1.0,16.0,1.0,3,49.0,1.0,40.0,1,1,1
3024,58.0,4.0,18.0,3.0,2,49.0,3.0,10.0,0,1,1
6170,24.0,6.0,19.0,1.0,3,49.0,0.0,1.0,1,1,0
2864,26.0,1.0,18.0,5.0,2,209.0,2.0,45.0,0,0,0
2440,24.0,6.0,18.0,5.0,4,49.0,15.0,25.0,0,1,0
2019,38.0,1.0,16.0,1.0,2,53.0,0.0,37.0,0,1,0
5790,55.0,1.0,17.0,3.0,3,53.0,2.0,42.0,1,1,0
11990,48.0,3.0,21.0,1.0,2,6.0,0.0,40.0,0,1,1
1490,44.0,1.0,20.0,1.0,3,16.0,0.0,46.0,1,1,1
4551,20.0,6.0,16.0,5.0,1,17.0,2.0,30.0,0,1,0
9649,25.0,2.0,18.0,1.0,1,370.0,1.0,25.0,0,1,0
2567,48.0,1.0,19.0,3.0,0,49.0,0.0,40.0,0,1,0
9588,30.0,1.0,18.0,1.0,3,18.0,1.0,40.0,1,1,1
6801,68.0,2.0,20.0,1.0,0,49.0,1.0,40.0,0,1,1
4989,53.0,7.0,21.0,1.0,2,49.0,1.0,20.0,1,1,0
1007,57.0,6.0,16.0,1.0,1,49.0,1.0,40.0,0,1,1
1866,19.0,1.0,16.0,5.0,1,49.0,2.0,82.0,1,1,0
4971,30.0,1.0,21.0,1.0,0,49.0,0.0,50.0,1,1,1
3359,17.0,1.0,16.0,5.0,3,6.0,2.0,82.0,1,1,0
10393,28.0,1.0,21.0,1.0,4,49.0,2.0,18.0,1,1,0
2640,41.0,1.0,19.0,1.0,3,49.0,0.0,40.0,1,1,1
1907,34.0,1.0,19.0,5.0,2,49.0,0.0,10.0,0,1,1
5222,36.0,1.0,19.0,1.0,4,51.0,0.0,50.0,1,1,1
9817,40.0,6.0,16.0,1.0,1,31.0,0.0,40.0,0,1,0
5795,64.0,5.0,16.0,1.0,3,49.0,2.0,55.0,1,0,1
12231,48.0,1.0,16.0,1.0,0,49.0,1.0,40.0,1,1,0
10107,72.0,2.0,16.0,1.0,1,49.0,0.0,40.0,0,1,1
5311,17.0,6.0,16.0,5.0,1,207.0,2.0,8.0,0,0,0
12868,57.0,1.0,14.0,3.0,4,49.0,0.0,38.0,1,1,0
12023,24.0,1.0,19.0,5.0,1,26.0,0.0,4.0,1,1,0
5537,42.0,6.0,21.0,1.0,0,49.0,1.0,28.0,0,1,1
9501,38.0,3.0,20.0,1.0,0,49.0,1.0,16.0,0,1,0
4322,60.0,7.0,13.0,1.0,3,370.0,1.0,25.0,1,0,0
2451,33.0,1.0,20.0,5.0,0,49.0,0.0,45.0,1,1,1
769,58.0,1.0,21.0,1.0,2,49.0,1.0,50.0,1,1,1
5355,51.0,2.0,21.0,3.0,0,8.0,0.0,40.0,1,1,1
6819,57.0,1.0,21.0,1.0,0,49.0,0.0,45.0,1,1,1
12005,50.0,1.0,16.0,3.0,0,49.0,0.0,41.0,0,1,1
5581,33.0,6.0,15.0,1.0,2,49.0,0.0,40.0,0,1,0
5938,26.0,5.0,21.0,1.0,0,49.0,0.0,40.0,1,1,1
5028,33.0,2.0,20.0,1.0,0,17.0,1.0,40.0,1,1,1
9531,47.0,1.0,19.0,1.0,2,148.0,1.0,40.0,1,1,1
4667,33.0,1.0,21.0,1.0,0,49.0,1.0,40.0,0,1,1
7253,60.0,1.0,21.0,1.0,0,16.0,1.0,32.0,1,1,0
9488,36.0,7.0,22.0,1.0,0,49.0,1.0,25.0,1,1,1
10233,57.0,1.0,21.0,1.0,3,247.0,0.0,41.0,0,1,1
2299,28.0,1.0,20.0,1.0,0,49.0,1.0,15.0,1,1,0
3034,37.0,7.0,21.0,3.0,0,49.0,0.0,50.0,1,1,1
3851,23.0,1.0,21.0,1.0,1,49.0,0.0,40.0,1,1,1
3413,34.0,1.0,16.0,1.0,4,47.0,0.0,20.0,1,0,0
4685,50.0,2.0,20.0,1.0,2,49.0,1.0,25.0,0,1,0
11605,78.0,1.0,20.0,3.0,4,49.0,5.0,15.0,1,1,0
7012,52.0,1.0,21.0,5.0,2,417.0,15.0,45.0,1,1,1
101,27.0,4.0,19.0,1.0,4,49.0,1.0,40.0,0,1,0
11369,20.0,1.0,16.0,5.0,1,49.0,0.0,40.0,1,1,0
2327,40.0,1.0,21.0,5.0,0,207.0,0.0,45.0,1,0,1
1423,29.0,1.0,21.0,1.0,0,49.0,1.0,17.0,0,1,0
9047,62.0,1.0,18.0,3.0,4,301.0,0.0,45.0,1,1,1
236,45.0,3.0,20.0,1.0,1,41.0,1.0,29.0,0,0,0
8574,29.0,2.0,17.0,1.0,3,49.0,1.0,22.0,1,1,0
10056,26.0,1.0,21.0,1.0,0,49.0,1.0,35.0,0,1,0
12349,21.0,1.0,16.0,5.0,0,55.0,0.0,40.0,0,1,0
8722,37.0,1.0,19.0,1.0,0,49.0,0.0,25.0,1,1,0
4546,19.0,4.0,6.0,4.0,1,132.0,9.0,15.0,0,0,0
4842,47.0,5.0,19.0,3.0,3,49.0,2.0,40.0,1,1,1
10677,63.0,1.0,20.0,1.0,1,49.0,0.0,40.0,0,1,1
11112,22.0,1.0,18.0,1.0,2,18.0,1.0,35.0,0,1,0
5534,27.0,1.0,20.0,5.0,0,41.0,2.0,20.0,0,1,0
9845,42.0,1.0,21.0,1.0,0,327.0,1.0,40.0,1,1,1
5623,40.0,1.0,21.0,1.0,3,39.0,0.0,40.0,1,1,1
1864,34.0,1.0,17.0,5.0,4,49.0,17.0,40.0,1,1,0
9622,52.0,1.0,19.0,1.0,4,103.0,1.0,40.0,0,1,1
857,35.0,1.0,16.0,5.0,2,16.0,2.0,40.0,1,1,0
10912,51.0,1.0,19.0,1.0,1,49.0,1.0,40.0,0,1,0
8868,47.0,1.0,24.0,1.0,0,49.0,1.0,40.0,0,1,1
10153,46.0,1.0,22.0,1.0,0,49.0,1.0,40.0,0,1,1
9567,25.0,1.0,18.0,5.0,0,49.0,2.0,15.0,0,1,0
11437,29.0,1.0,22.0,1.0,2,49.0,1.0,45.0,1,1,1
500,55.0,1.0,19.0,3.0,2,53.0,0.0,35.0,0,1,0
3273,69.0,1.0,21.0,1.0,0,49.0,0.0,40.0,1,1,1
9075,32.0,3.0,16.0,1.0,0,8.0,0.0,40.0,1,1,1
735,55.0,3.0,23.0,1.0,0,49.0,1.0,60.0,1,1,1
2002,38.0,1.0,16.0,5.0,2,6.0,12.0,33.0,0,1,0
12272,35.0,1.0,16.0,1.0,2,127.0,1.0,30.0,0,1,0
2377,42.0,1.0,15.0,1.0,0,49.0,1.0,35.0,0,1,0
1889,51.0,1.0,16.0,1.0,1,6.0,0.0,5.0,1,1,0
10310,35.0,1.0,19.0,3.0,1,103.0,0.0,40.0,1,1,1
8666,67.0,2.0,16.0,5.0,0,49.0,0.0,40.0,0,1,0
8700,35.0,1.0,19.0,1.0,4,42.0,0.0,40.0,0,1,0
3859,53.0,1.0,20.0,1.0,2,49.0,0.0,40.0,0,1,0
6100,39.0,1.0,21.0,1.0,0,303.0,0.0,72.0,0,1,1
6263,33.0,1.0,18.0,5.0,4,49.0,2.0,15.0,1,1,0
8808,24.0,1.0,20.0,5.0,0,49.0,0.0,40.0,0,1,0
913,43.0,1.0,21.0,1.0,2,236.0,0.0,29.0,0,1,0
10465,30.0,2.0,22.0,5.0,0,448.0,0.0,70.0,1,1,1
1667,44.0,1.0,19.0,1.0,4,49.0,1.0,40.0,1,1,0
7137,59.0,1.0,19.0,1.0,3,26.0,1.0,50.0,1,1,1
9699,29.0,1.0,22.0,1.0,0,49.0,0.0,56.0,1,1,1
1978,31.0,2.0,21.0,1.0,0,49.0,1.0,40.0,1,1,1
6909,35.0,7.0,16.0,1.0,4,247.0,0.0,45.0,1,0,1
1647,36.0,1.0,20.0,1.0,0,18.0,1.0,20.0,0,1,1
2045,23.0,3.0,21.0,1.0,0,49.0,0.0,40.0,0,1,1
12984,71.0,1.0,21.0,1.0,4,4.0,1.0,40.0,0,1,1
9654,48.0,1.0,21.0,1.0,2,49.0,1.0,40.0,0,1,1
1858,32.0,1.0,20.0,1.0,1,49.0,0.0,40.0,1,1,1
1573,33.0,3.0,21.0,1.0,0,6.0,0.0,40.0,1,1,1
6183,30.0,1.0,19.0,5.0,2,49.0,13.0,40.0,1,1,1
2422,25.0,1.0,19.0,1.0,1,49.0,1.0,44.0,1,1,0
7739,25.0,1.0,21.0,1.0,0,49.0,0.0,20.0,0,1,0
11946,75.0,1.0,16.0,4.0,2,49.0,0.0,30.0,0,1,0
6952,23.0,6.0,20.0,1.0,2,49.0,1.0,40.0,1,1,0
3109,21.0,1.0,16.0,5.0,2,301.0,2.0,20.0,0,1,0
9947,34.0,4.0,22.0,1.0,0,49.0,1.0,40.0,0,1,1
7965,20.0,1.0,21.0,5.0,0,49.0,2.0,40.0,1,1,0
2095,31.0,3.0,16.0,5.0,1,49.0,2.0,10.0,0,1,0
4143,19.0,1.0,16.0,1.0,1,49.0,1.0,48.0,1,1,0
819,31.0,5.0,21.0,1.0,2,49.0,0.0,40.0,1,1,1
1133,54.0,1.0,16.0,1.0,1,49.0,1.0,25.0,0,1,0
10924,37.0,1.0,21.0,5.0,2,49.0,12.0,30.0,0,1,0
10895,27.0,1.0,19.0,5.0,2,49.0,12.0,20.0,0,1,0
1961,45.0,4.0,23.0,1.0,0,6.0,1.0,96.0,0,1,1
1770,36.0,1.0,16.0,1.0,0,49.0,10.0,40.0,0,1,1
9494,21.0,2.0,19.0,5.0,0,49.0,2.0,10.0,0,1,0
3074,76.0,5.0,20.0,1.0,4,303.0,1.0,35.0,0,1,0
9866,43.0,1.0,20.0,3.0,0,49.0,0.0,40.0,1,1,1
4182,18.0,1.0,19.0,5.0,1,209.0,12.0,5.0,1,1,0
11220,44.0,1.0,21.0,1.0,2,49.0,4.0,28.0,0,1,0
8757,87.0,1.0,19.0,5.0,4,49.0,2.0,50.0,1,1,1
7927,27.0,1.0,19.0,5.0,2,49.0,16.0,40.0,0,1,0
687,35.0,3.0,21.0,1.0,0,49.0,0.0,40.0,0,1,1
883,42.0,1.0,22.0,3.0,0,16.0,0.0,50.0,1,1,1
7730,18.0,3.0,19.0,5.0,0,49.0,2.0,40.0,0,1,0
6723,43.0,2.0,21.0,1.0,0,16.0,0.0,60.0,1,1,1
8371,44.0,1.0,16.0,5.0,3,303.0,2.0,50.0,0,0,0
9405,54.0,3.0,19.0,1.0,0,49.0,0.0,40.0,0,1,1
419,33.0,1.0,20.0,3.0,0,16.0,0.0,20.0,0,1,1
8569,21.0,1.0,16.0,5.0,3,49.0,5.0,60.0,1,1,0
6887,26.0,1.0,17.0,1.0,0,49.0,1.0,55.0,1,1,1
12012,18.0,1.0,19.0,5.0,1,6.0,2.0,40.0,1,1,0
2286,38.0,1.0,16.0,5.0,4,49.0,17.0,40.0,1,1,1
6067,26.0,4.0,22.0,1.0,0,6.0,1.0,9.0,1,1,0
12700,28.0,1.0,16.0,5.0,4,36.0,0.0,45.0,1,1,1
12132,37.0,1.0,21.0,1.0,0,49.0,0.0,40.0,0,1,0
8838,37.0,3.0,20.0,1.0,0,6.0,1.0,40.0,0,1,1
9419,18.0,1.0,18.0,5.0,2,49.0,17.0,40.0,0,1,0
7864,37.0,1.0,16.0,5.0,1,49.0,0.0,65.0,1,1,1
1275,52.0,1.0,21.0,1.0,0,6.0,0.0,12.0,0,1,0
3827,48.0,1.0,15.0,3.0,4,49.0,0.0,40.0,0,1,1
6776,62.0,1.0,22.0,1.0,0,40.0,1.0,41.0,1,1,1
10734,45.0,1.0,16.0,3.0,2,49.0,0.0,40.0,0,1,1
12610,39.0,1.0,18.0,3.0,2,49.0,13.0,30.0,0,1,0
10234,40.0,1.0,18.0,1.0,3,49.0,8.0,40.0,0,1,1
2967,17.0,1.0,22.0,5.0,0,49.0,17.0,36.0,0,1,0
11846,25.0,1.0,20.0,1.0,1,36.0,1.0,4.0,0,1,0
5522,55.0,7.0,22.0,1.0,1,49.0,0.0,48.0,1,1,1
1947,58.0,1.0,18.0,1.0,3,49.0,1.0,40.0,1,1,1
7628,26.0,3.0,20.0,1.0,0,49.0,0.0,42.0,0,1,0
11198,59.0,6.0,16.0,3.0,0,49.0,0.0,50.0,1,1,1
4838,55.0,1.0,21.0,1.0,-1,49.0,0.0,50.0,1,1,1
12667,35.0,1.0,21.0,1.0,2,49.0,1.0,40.0,1,1,1
1850,54.0,6.0,20.0,1.0,0,49.0,0.0,53.0,0,1,0
103,30.0,1.0,18.0,5.0,4,49.0,2.0,55.0,1,0,1
2883,38.0,2.0,18.0,1.0,0,132.0,1.0,40.0,0,1,1
12447,60.0,1.0,17.0,2.0,2,49.0,0.0,18.0,0,1,0
11043,22.0,1.0,18.0,5.0,4,49.0,17.0,20.0,1,1,0
10980,75.0,8.0,18.0,4.0,4,49.0,7.0,40.0,1,1,0
8370,30.0,1.0,19.0,5.0,0,55.0,11.0,40.0,0,1,1
555,41.0,3.0,19.0,3.0,1,16.0,2.0,30.0,0,1,0
12713,35.0,6.0,22.0,1.0,1,6.0,0.0,40.0,1,1,1
2718,59.0,2.0,21.0,3.0,0,49.0,0.0,50.0,1,1,1
292,53.0,1.0,24.0,1.0,0,49.0,1.0,42.0,1,1,1
6188,50.0,1.0,16.0,5.0,4,49.0,0.0,43.0,0,1,0
204,27.0,1.0,16.0,5.0,1,16.0,4.0,40.0,1,1,0
1187,18.0,1.0,18.0,4.0,1,16.0,2.0,20.0,0,1,0
12715,21.0,1.0,18.0,5.0,4,303.0,2.0,40.0,1,1,0
5040,30.0,1.0,21.0,1.0,0,32.0,0.0,40.0,0,1,1
902,41.0,1.0,21.0,1.0,0,49.0,0.0,48.0,1,1,1
3456,54.0,6.0,21.0,1.0,0,49.0,1.0,40.0,0,1,1
5585,71.0,1.0,18.0,1.0,4,6.0,1.0,20.0,1,1,1
7226,27.0,1.0,19.0,5.0,4,28.0,0.0,40.0,1,1,0
7649,52.0,4.0,20.0,1.0,3,49.0,9.0,40.0,1,1,1
5395,42.0,7.0,16.0,1.0,4,6.0,0.0,40.0,1,1,1
9197,32.0,1.0,23.0,1.0,0,49.0,0.0,40.0,1,1,1
7690,68.0,1.0,24.0,1.0,0,303.0,1.0,40.0,1,1,1
6986,59.0,3.0,20.0,1.0,0,23.0,0.0,40.0,0,1,1
9316,36.0,1.0,14.0,5.0,1,49.0,2.0,40.0,1,1,0
4093,50.0,2.0,16.0,1.0,0,6.0,0.0,50.0,0,1,0
7418,59.0,1.0,20.0,1.0,0,49.0,1.0,40.0,0,1,1
3121,45.0,2.0,19.0,1.0,0,49.0,1.0,40.0,0,1,0
2813,26.0,1.0,19.0,5.0,2,49.0,2.0,45.0,0,1,0
10942,25.0,1.0,20.0,1.0,2,6.0,1.0,4.0,1,1,0
5789,55.0,1.0,16.0,1.0,4,6.0,1.0,40.0,1,1,1
6662,48.0,4.0,24.0,4.0,0,36.0,0.0,40.0,1,1,1
6262,27.0,1.0,20.0,5.0,1,16.0,17.0,30.0,1,1,0
6187,43.0,2.0,20.0,1.0,0,49.0,1.0,40.0,0,1,0
11244,19.0,1.0,19.0,5.0,2,48.0,0.0,25.0,0,1,0
1673,24.0,1.0,21.0,1.0,0,49.0,0.0,40.0,1,1,1
5035,56.0,3.0,17.0,1.0,2,49.0,1.0,40.0,0,1,0
9515,41.0,1.0,16.0,1.0,3,303.0,0.0,40.0,1,0,0
1217,30.0,1.0,18.0,5.0,2,28.0,0.0,42.0,1,1,1
3558,54.0,3.0,16.0,1.0,1,6.0,0.0,40.0,0,1,1
2970,58.0,1.0,18.0,1.0,1,56.0,0.0,4.0,0,1,0
12281,21.0,2.0,18.0,5.0,1,49.0,17.0,32.0,1,1,0
2701,23.0,4.0,21.0,1.0,0,32.0,0.0,50.0,1,1,1
9846,61.0,1.0,18.0,3.0,2,41.0,5.0,32.0,0,1,0
9606,38.0,3.0,16.0,1.0,3,32.0,1.0,70.0,1,1,1
1117,45.0,1.0,16.0,1.0,4,247.0,9.0,60.0,1,0,1
1188,27.0,1.0,18.0,5.0,0,49.0,2.0,40.0,0,1,0
4859,46.0,1.0,21.0,1.0,2,6.0,1.0,56.0,1,0,1
12455,49.0,1.0,19.0,1.0,1,49.0,0.0,50.0,0,1,1
3603,41.0,1.0,14.0,1.0,4,48.0,0.0,40.0,1,0,1
932,32.0,1.0,16.0,5.0,2,31.0,0.0,40.0,1,1,1
9541,62.0,1.0,19.0,5.0,1,49.0,13.0,40.0,1,1,0
5074,21.0,7.0,22.0,1.0,0,49.0,0.0,25.0,0,1,0
10798,71.0,2.0,21.0,1.0,0,303.0,2.0,25.0,0,0,0
4399,43.0,1.0,20.0,1.0,2,370.0,1.0,35.0,0,1,0
8789,17.0,1.0,13.0,5.0,2,303.0,2.0,25.0,0,0,0
6261,33.0,7.0,21.0,1.0,2,56.0,15.0,45.0,1,1,0
8907,59.0,1.0,17.0,1.0,3,136.0,0.0,50.0,1,1,1
3694,42.0,6.0,7.0,1.0,1,209.0,0.0,30.0,1,0,0
12390,30.0,3.0,14.0,5.0,1,110.0,2.0,16.0,0,1,0
3911,24.0,1.0,20.0,5.0,2,13.0,0.0,24.0,0,0,0
9802,21.0,1.0,16.0,5.0,1,35.0,13.0,40.0,1,0,0
6814,55.0,1.0,17.0,1.0,4,18.0,1.0,40.0,1,1,1
4255,52.0,1.0,19.0,1.0,2,49.0,1.0,38.0,1,1,1
10969,77.0,1.0,16.0,4.0,3,20.0,9.0,40.0,1,1,0
10814,38.0,4.0,22.0,1.0,0,49.0,0.0,96.0,0,1,0
1901,41.0,1.0,24.0,1.0,0,41.0,1.0,40.0,0,1,1
11883,21.0,1.0,16.0,5.0,2,41.0,2.0,17.0,0,1,0
7548,24.0,5.0,21.0,5.0,2,49.0,2.0,40.0,1,1,0
11585,52.0,1.0,16.0,1.0,1,49.0,1.0,30.0,1,1,0
2936,20.0,1.0,22.0,1.0,0,23.0,0.0,30.0,1,1,0
9179,31.0,1.0,14.0,1.0,2,49.0,0.0,40.0,0,1,1
12829,47.0,4.0,21.0,1.0,2,49.0,1.0,32.0,0,1,0
6571,23.0,1.0,18.0,1.0,1,44.0,0.0,38.0,0,1,0
5621,43.0,3.0,18.0,1.0,0,49.0,0.0,30.0,0,1,1
7642,43.0,7.0,19.0,1.0,1,49.0,0.0,50.0,1,1,1
2717,31.0,1.0,20.0,1.0,4,215.0,1.0,60.0,1,1,1
9808,25.0,4.0,16.0,4.0,4,49.0,7.0,40.0,0,1,0
7275,59.0,1.0,21.0,5.0,4,49.0,0.0,42.0,0,1,1
8626,38.0,1.0,22.0,1.0,0,49.0,0.0,55.0,1,1,1
7373,49.0,1.0,18.0,1.0,0,49.0,0.0,40.0,1,1,1
8094,45.0,1.0,21.0,3.0,2,49.0,10.0,40.0,0,1,0
10811,69.0,1.0,16.0,1.0,4,48.0,6.0,32.0,0,1,0
6061,54.0,1.0,22.0,1.0,0,49.0,0.0,45.0,1,1,1
1800,32.0,1.0,16.0,1.0,0,49.0,0.0,2.0,0,1,0
11314,22.0,6.0,14.0,1.0,1,49.0,0.0,20.0,0,1,0
2894,20.0,1.0,19.0,5.0,1,49.0,0.0,40.0,0,1,0
12171,51.0,3.0,22.0,1.0,0,49.0,0.0,42.0,0,1,1
6299,46.0,1.0,16.0,1.0,1,6.0,0.0,40.0,1,1,1
12159,37.0,1.0,21.0,1.0,2,49.0,1.0,50.0,1,1,1
3270,44.0,1.0,16.0,1.0,4,49.0,0.0,32.0,0,1,0
8865,52.0,1.0,20.0,1.0,4,48.0,0.0,40.0,1,1,0
2529,60.0,4.0,16.0,1.0,1,303.0,0.0,40.0,1,0,1
424,68.0,3.0,21.0,1.0,0,128.0,9.0,40.0,0,1,1
2624,26.0,1.0,16.0,5.0,2,49.0,2.0,31.0,0,1,0
5264,37.0,1.0,17.0,1.0,2,6.0,1.0,30.0,0,1,0
4895,44.0,1.0,20.0,1.0,2,49.0,1.0,55.0,1,1,1
12423,59.0,1.0,18.0,3.0,4,17.0,8.0,40.0,0,1,1
501,40.0,4.0,21.0,1.0,0,49.0,0.0,49.0,0,1,1
5719,51.0,1.0,20.0,1.0,0,49.0,0.0,60.0,0,1,1
578,42.0,1.0,16.0,1.0,3,49.0,0.0,60.0,1,1,1
2850,32.0,1.0,22.0,1.0,2,49.0,1.0,36.0,0,1,0
11620,57.0,1.0,18.0,1.0,4,6.0,1.0,40.0,1,1,0
3014,22.0,1.0,16.0,1.0,0,49.0,0.0,40.0,1,1,0
12617,57.0,1.0,21.0,1.0,0,36.0,1.0,15.0,0,1,0
12315,28.0,6.0,16.0,1.0,1,49.0,1.0,12.0,0,1,0
6856,42.0,1.0,22.0,1.0,0,6.0,1.0,45.0,0,1,1
9744,23.0,1.0,20.0,5.0,0,6.0,12.0,15.0,1,1,0
5559,67.0,3.0,22.0,1.0,0,49.0,1.0,40.0,0,1,1
11380,23.0,1.0,20.0,1.0,2,41.0,0.0,40.0,0,1,0
4697,60.0,1.0,21.0,3.0,1,49.0,0.0,54.0,0,1,1
877,62.0,6.0,20.0,1.0,0,6.0,0.0,50.0,1,1,1
4263,24.0,4.0,16.0,5.0,0,49.0,0.0,40.0,0,0,0
10713,52.0,1.0,16.0,3.0,4,49.0,8.0,40.0,0,1,0
7924,19.0,1.0,16.0,5.0,2,231.0,0.0,40.0,0,1,0
11599,64.0,1.0,20.0,1.0,1,49.0,0.0,45.0,0,1,0
12051,42.0,4.0,16.0,1.0,4,33.0,0.0,40.0,1,1,1
7637,22.0,1.0,16.0,1.0,4,127.0,0.0,8.0,0,1,0
10657,60.0,4.0,20.0,1.0,0,49.0,1.0,40.0,0,1,1
6621,38.0,3.0,20.0,1.0,1,49.0,1.0,80.0,0,1,0
6112,59.0,7.0,17.0,1.0,2,303.0,0.0,20.0,0,0,0
12915,40.0,1.0,21.0,5.0,0,49.0,12.0,40.0,0,1,1
6336,34.0,1.0,19.0,5.0,0,6.0,0.0,40.0,1,1,1
12801,38.0,1.0,19.0,1.0,1,49.0,0.0,40.0,0,0,1
6561,26.0,2.0,17.0,1.0,2,6.0,1.0,40.0,1,1,1
12850,52.0,1.0,16.0,5.0,4,4.0,2.0,40.0,1,1,0
6233,25.0,1.0,14.0,5.0,3,49.0,2.0,20.0,1,0,0
4330,27.0,1.0,20.0,1.0,1,53.0,0.0,40.0,0,1,0
9767,25.0,1.0,21.0,5.0,2,26.0,3.0,10.0,0,1,0
3582,33.0,7.0,15.0,1.0,0,49.0,1.0,36.0,0,1,1
3229,70.0,4.0,20.0,2.0,0,49.0,0.0,29.0,0,1,0
12609,41.0,5.0,16.0,3.0,4,56.0,0.0,40.0,1,1,1
9960,54.0,7.0,21.0,3.0,0,49.0,0.0,50.0,1,1,1
8718,19.0,3.0,18.0,5.0,1,49.0,4.0,10.0,1,1,0
7790,58.0,2.0,21.0,1.0,0,49.0,0.0,40.0,1,1,1
11664,38.0,4.0,20.0,2.0,3,49.0,5.0,43.0,1,0,1
11273,37.0,1.0,19.0,5.0,1,49.0,0.0,10.0,0,1,0
3349,23.0,7.0,21.0,5.0,0,16.0,0.0,50.0,0,1,1
8223,47.0,1.0,20.0,1.0,0,49.0,0.0,40.0,0,1,0
5085,39.0,1.0,22.0,1.0,0,6.0,1.0,40.0,1,1,1
12723,47.0,1.0,12.0,1.0,1,49.0,1.0,30.0,0,1,0
8652,33.0,1.0,19.0,5.0,0,6.0,0.0,40.0,0,1,1
3885,31.0,7.0,16.0,1.0,1,49.0,0.0,40.0,1,1,1
6339,32.0,4.0,21.0,3.0,0,49.0,13.0,99.0,1,1,1
1047,18.0,4.0,14.0,5.0,1,18.0,2.0,40.0,0,0,0
11491,20.0,1.0,19.0,5.0,3,49.0,2.0,40.0,1,1,0
707,32.0,1.0,19.0,1.0,2,49.0,1.0,40.0,1,1,1
11830,49.0,1.0,16.0,1.0,4,51.0,1.0,14.0,1,1,0
3664,49.0,3.0,16.0,1.0,4,49.0,0.0,12.0,0,1,0
5612,37.0,1.0,21.0,1.0,2,49.0,1.0,40.0,1,1,1
11596,20.0,6.0,20.0,5.0,0,4.0,2.0,40.0,1,1,0
643,60.0,1.0,21.0,1.0,2,32.0,1.0,30.0,0,1,0
11842,54.0,5.0,21.0,1.0,0,49.0,1.0,40.0,1,1,1
13061,35.0,1.0,20.0,5.0,2,303.0,2.0,60.0,0,0,0
5928,40.0,2.0,21.0,1.0,0,49.0,1.0,50.0,0,1,1
4192,18.0,2.0,16.0,5.0,2,16.0,10.0,45.0,0,1,0
2001,26.0,1.0,16.0,1.0,2,6.0,0.0,40.0,0,1,0
2194,43.0,1.0,19.0,1.0,1,49.0,0.0,12.0,0,1,0
9100,30.0,1.0,16.0,1.0,0,49.0,0.0,45.0,0,1,1
4404,50.0,1.0,22.0,1.0,3,49.0,1.0,20.0,1,1,1
1550,17.0,6.0,21.0,5.0,0,18.0,0.0,10.0,1,1,0
12521,25.0,3.0,21.0,1.0,0,370.0,1.0,45.0,0,1,1
5414,24.0,2.0,21.0,1.0,0,49.0,1.0,56.0,1,1,1
5773,49.0,3.0,21.0,1.0,0,49.0,0.0,35.0,0,1,1
10415,50.0,2.0,22.0,1.0,0,49.0,1.0,40.0,0,0,1
626,70.0,2.0,16.0,1.0,1,49.0,0.0,6.0,0,1,0
3173,30.0,6.0,14.0,1.0,1,18.0,2.0,35.0,0,1,0
11736,28.0,1.0,21.0,1.0,0,49.0,1.0,55.0,1,1,1
6028,46.0,1.0,21.0,1.0,0,25.0,0.0,32.0,0,1,0
6611,34.0,3.0,22.0,1.0,0,49.0,0.0,42.0,0,1,1
1334,52.0,1.0,22.0,1.0,0,49.0,0.0,40.0,1,1,1
10356,45.0,4.0,16.0,5.0,2,303.0,10.0,40.0,1,0,1
12317,36.0,1.0,22.0,1.0,0,49.0,0.0,10.0,1,1,0
6216,37.0,1.0,16.0,3.0,3,51.0,0.0,45.0,1,1,1
7613,30.0,1.0,19.0,5.0,2,49.0,7.0,12.0,0,1,0
1243,56.0,5.0,16.0,3.0,2,49.0,0.0,60.0,1,1,1
4005,26.0,2.0,21.0,1.0,0,49.0,0.0,40.0,1,1,1
2792,33.0,1.0,19.0,1.0,0,49.0,0.0,40.0,0,1,1
3453,53.0,1.0,21.0,1.0,0,53.0,1.0,40.0,1,1,1
2231,22.0,1.0,22.0,5.0,0,6.0,12.0,40.0,1,1,0
11223,20.0,1.0,19.0,1.0,4,49.0,0.0,25.0,0,0,0
4378,71.0,1.0,17.0,1.0,3,370.0,1.0,44.0,1,0,1
1788,43.0,2.0,19.0,1.0,2,6.0,0.0,18.0,0,1,0
1726,43.0,1.0,19.0,4.0,0,49.0,0.0,70.0,1,1,1
8870,33.0,1.0,18.0,5.0,1,49.0,2.0,20.0,1,1,0
10290,37.0,4.0,21.0,1.0,0,49.0,0.0,45.0,0,1,1
6739,71.0,6.0,21.0,1.0,1,49.0,1.0,40.0,0,1,0
2516,70.0,1.0,22.0,1.0,0,49.0,0.0,40.0,1,1,1
11195,28.0,6.0,19.0,1.0,1,49.0,0.0,50.0,1,1,1
12895,33.0,1.0,17.0,1.0,3,49.0,1.0,11.0,1,1,1
9181,28.0,1.0,21.0,5.0,2,34.0,13.0,40.0,0,1,1
6085,33.0,1.0,21.0,1.0,2,49.0,0.0,20.0,0,1,0
8541,36.0,4.0,19.0,1.0,3,49.0,0.0,50.0,1,1,1
9486,76.0,1.0,19.0,1.0,2,49.0,0.0,40.0,1,1,1
13067,25.0,3.0,16.0,5.0,4,49.0,0.0,80.0,1,1,1
7165,38.0,2.0,24.0,1.0,0,207.0,0.0,40.0,1,0,1
11683,32.0,5.0,22.0,1.0,0,49.0,0.0,30.0,1,1,1
636,20.0,1.0,19.0,5.0,1,49.0,12.0,35.0,1,0,0
6158,24.0,1.0,21.0,5.0,0,49.0,2.0,42.0,1,1,0
12656,35.0,8.0,20.0,1.0,0,303.0,0.0,35.0,1,1,0
2794,51.0,7.0,22.0,1.0,0,32.0,1.0,50.0,0,1,1
7276,48.0,2.0,18.0,1.0,1,49.0,1.0,50.0,0,1,1
4178,74.0,4.0,19.0,1.0,4,36.0,0.0,50.0,1,1,1
9864,23.0,1.0,18.0,5.0,1,49.0,2.0,40.0,0,1,0
2412,26.0,1.0,16.0,5.0,4,210.0,0.0,45.0,1,0,0
2653,17.0,1.0,19.0,5.0,2,49.0,5.0,18.0,1,1,0
574,56.0,7.0,20.0,1.0,1,49.0,0.0,60.0,1,1,0
10611,24.0,1.0,16.0,5.0,0,49.0,10.0,40.0,0,0,0
3952,57.0,4.0,21.0,1.0,0,49.0,1.0,65.0,1,1,1
6854,26.0,1.0,16.0,1.0,4,49.0,0.0,35.0,0,1,0
3655,27.0,1.0,16.0,5.0,2,49.0,2.0,10.0,0,1,0
6290,19.0,1.0,21.0,5.0,4,303.0,13.0,40.0,1,1,0
955,59.0,4.0,21.0,1.0,0,49.0,1.0,40.0,0,1,1
10857,38.0,1.0,22.0,1.0,0,53.0,0.0,40.0,1,1,1
9360,58.0,4.0,19.0,1.0,0,49.0,1.0,25.0,0,1,0
255,33.0,2.0,17.0,1.0,1,13.0,1.0,60.0,1,0,1
9022,29.0,1.0,7.0,5.0,1,6.0,2.0,40.0,1,1,1
11451,21.0,1.0,14.0,5.0,1,49.0,2.0,5.0,1,1,0
10534,55.0,1.0,17.0,3.0,2,1.0,0.0,50.0,1,1,1
7151,28.0,2.0,24.0,1.0,0,49.0,1.0,40.0,1,1,1
4874,42.0,1.0,21.0,1.0,2,49.0,0.0,45.0,1,1,1
4787,53.0,1.0,17.0,1.0,4,16.0,1.0,40.0,0,1,0
5113,40.0,1.0,21.0,1.0,4,301.0,1.0,65.0,1,1,1
8580,58.0,2.0,21.0,1.0,0,106.0,0.0,44.0,1,1,1
6576,66.0,2.0,21.0,1.0,0,18.0,1.0,40.0,0,1,1
6292,49.0,1.0,20.0,1.0,0,16.0,1.0,15.0,0,1,0
9082,58.0,4.0,16.0,1.0,0,49.0,1.0,40.0,1,1,1
12597,61.0,1.0,18.0,1.0,4,49.0,0.0,50.0,1,1,1
6035,32.0,5.0,20.0,1.0,0,49.0,16.0,22.0,1,1,0
4168,32.0,1.0,20.0,5.0,1,28.0,2.0,40.0,0,1,0
3970,51.0,1.0,16.0,1.0,1,49.0,0.0,40.0,0,1,1
6122,26.0,1.0,20.0,1.0,1,16.0,1.0,8.0,1,1,0
12353,21.0,1.0,19.0,5.0,2,49.0,11.0,20.0,0,1,0
12488,25.0,1.0,21.0,1.0,1,16.0,1.0,18.0,1,1,0
12426,32.0,1.0,19.0,5.0,0,49.0,0.0,50.0,1,1,1
7515,18.0,1.0,19.0,5.0,2,49.0,2.0,30.0,1,1,0
2015,46.0,1.0,16.0,3.0,1,303.0,0.0,40.0,0,1,1
5476,27.0,1.0,11.0,1.0,1,49.0,0.0,40.0,1,0,0
4817,25.0,1.0,21.0,5.0,2,49.0,5.0,36.0,1,1,0
10346,24.0,1.0,17.0,5.0,2,301.0,17.0,35.0,1,1,0
4904,35.0,1.0,16.0,1.0,2,49.0,1.0,40.0,1,1,1
4870,43.0,2.0,16.0,1.0,0,215.0,0.0,40.0,1,1,1
7065,46.0,5.0,18.0,1.0,0,49.0,0.0,16.0,1,1,1
6138,61.0,1.0,16.0,3.0,4,25.0,0.0,40.0,0,1,1
11298,28.0,3.0,16.0,1.0,0,49.0,0.0,40.0,1,1,1
9839,60.0,7.0,21.0,1.0,0,49.0,0.0,40.0,1,1,1
6287,62.0,1.0,18.0,5.0,1,6.0,17.0,25.0,0,0,0
8845,42.0,1.0,16.0,1.0,4,49.0,1.0,40.0,1,0,1
2086,32.0,3.0,22.0,1.0,0,49.0,0.0,28.0,0,1,0
8747,61.0,4.0,21.0,1.0,0,4.0,1.0,50.0,0,1,1
8725,48.0,1.0,18.0,1.0,0,16.0,1.0,40.0,1,1,1
6916,46.0,1.0,21.0,1.0,2,49.0,1.0,40.0,0,1,0
8694,33.0,1.0,18.0,1.0,3,49.0,0.0,35.0,1,1,1
3832,55.0,6.0,19.0,1.0,1,370.0,2.0,9.0,1,1,0
7592,37.0,1.0,21.0,3.0,0,17.0,0.0,40.0,0,1,0
9568,32.0,1.0,21.0,5.0,3,210.0,4.0,35.0,1,0,0
10157,46.0,1.0,20.0,1.0,3,49.0,0.0,40.0,1,1,1
2759,92.0,1.0,21.0,3.0,0,49.0,10.0,50.0,1,1,1
2787,19.0,1.0,16.0,5.0,4,16.0,2.0,55.0,0,1,0
9365,22.0,1.0,17.0,1.0,3,17.0,0.0,40.0,1,1,0
7661,52.0,1.0,19.0,1.0,0,6.0,0.0,1.0,0,1,0
198,48.0,7.0,21.0,1.0,0,49.0,0.0,24.0,1,1,1
1602,39.0,2.0,21.0,3.0,0,6.0,0.0,35.0,0,1,1
5908,34.0,3.0,19.0,1.0,0,49.0,1.0,60.0,0,1,1
6015,39.0,2.0,19.0,1.0,1,16.0,1.0,40.0,1,1,1
10467,49.0,1.0,19.0,1.0,2,440.0,1.0,65.0,0,1,1
6540,23.0,1.0,18.0,5.0,2,49.0,2.0,40.0,0,1,0
275,18.0,1.0,14.0,5.0,1,53.0,2.0,40.0,0,1,0
3767,17.0,1.0,16.0,5.0,4,49.0,15.0,32.0,1,1,0
9794,63.0,1.0,22.0,1.0,0,49.0,0.0,40.0,0,1,1
10939,61.0,1.0,21.0,1.0,0,49.0,0.0,45.0,1,1,1
12503,31.0,7.0,24.0,1.0,0,51.0,0.0,40.0,1,1,1
8401,35.0,1.0,19.0,5.0,2,49.0,2.0,40.0,1,1,0
6825,63.0,1.0,19.0,1.0,2,49.0,1.0,40.0,1,1,1
12583,37.0,1.0,21.0,1.0,0,49.0,0.0,40.0,0,0,0
7353,19.0,1.0,21.0,5.0,4,49.0,15.0,32.0,1,1,0
4649,28.0,1.0,21.0,5.0,2,49.0,12.0,45.0,1,1,1
11079,61.0,1.0,19.0,1.0,2,49.0,1.0,40.0,0,1,1
9574,23.0,1.0,16.0,5.0,0,205.0,12.0,32.0,0,0,0
7979,61.0,1.0,16.0,1.0,0,32.0,0.0,40.0,1,1,1
1453,34.0,2.0,23.0,1.0,0,8.0,1.0,40.0,1,1,1
3722,50.0,1.0,21.0,5.0,1,32.0,10.0,30.0,1,1,0
6311,68.0,5.0,19.0,5.0,2,49.0,0.0,40.0,1,1,1
11893,61.0,1.0,22.0,1.0,0,303.0,0.0,40.0,1,1,1
8551,22.0,4.0,16.0,5.0,2,32.0,0.0,50.0,0,1,1
7118,53.0,4.0,20.0,3.0,0,49.0,0.0,45.0,0,1,1
6860,54.0,2.0,18.0,1.0,1,49.0,0.0,20.0,1,1,0
1941,17.0,6.0,20.0,5.0,1,49.0,13.0,40.0,1,1,0
10681,24.0,1.0,23.0,5.0,2,49.0,17.0,60.0,1,0,0
774,39.0,1.0,18.0,1.0,0,49.0,1.0,15.0,0,1,0
10511,35.0,1.0,21.0,1.0,2,8.0,2.0,25.0,1,1,0
3840,39.0,2.0,21.0,3.0,0,49.0,0.0,35.0,0,1,0
1264,38.0,1.0,24.0,1.0,0,49.0,1.0,12.0,1,1,0
44,66.0,1.0,19.0,5.0,0,49.0,0.0,45.0,0,1,1
11621,72.0,1.0,20.0,1.0,0,448.0,0.0,45.0,0,1,1
8186,46.0,1.0,22.0,1.0,0,8.0,0.0,40.0,0,1,1
7333,21.0,1.0,22.0,1.0,0,6.0,1.0,12.0,1,1,0
5411,22.0,1.0,16.0,5.0,2,303.0,3.0,40.0,1,0,0
1235,24.0,1.0,16.0,5.0,4,49.0,15.0,20.0,0,1,0
5850,28.0,1.0,21.0,1.0,0,49.0,0.0,40.0,0,1,0
8078,27.0,1.0,18.0,1.0,2,49.0,1.0,60.0,1,1,0
6608,18.0,1.0,22.0,5.0,0,31.0,13.0,15.0,0,0,0
6230,19.0,1.0,16.0,5.0,4,8.0,5.0,40.0,1,1,0
7184,21.0,1.0,19.0,5.0,0,49.0,16.0,40.0,1,1,0
3376,20.0,1.0,14.0,5.0,1,55.0,2.0,30.0,1,1,0
1037,56.0,1.0,16.0,3.0,0,49.0,0.0,20.0,0,1,0
10909,87.0,2.0,22.0,5.0,0,49.0,0.0,60.0,1,1,1
2549,22.0,2.0,20.0,1.0,0,49.0,0.0,45.0,1,1,1
1163,45.0,1.0,21.0,1.0,0,49.0,0.0,50.0,1,1,1
7059,36.0,1.0,22.0,1.0,0,303.0,1.0,40.0,1,1,1
5466,42.0,1.0,21.0,1.0,0,49.0,1.0,40.0,1,1,1
9412,24.0,7.0,19.0,1.0,1,48.0,1.0,40.0,1,1,0
8600,48.0,1.0,18.0,5.0,0,26.0,17.0,40.0,0,1,0
2215,57.0,1.0,22.0,1.0,0,6.0,0.0,45.0,1,1,1
11625,46.0,3.0,22.0,1.0,0,49.0,0.0,40.0,1,1,1
3071,54.0,1.0,16.0,1.0,2,49.0,0.0,40.0,1,1,0
7477,38.0,1.0,21.0,1.0,2,103.0,0.0,40.0,0,1,1
1390,70.0,1.0,23.0,3.0,0,49.0,0.0,40.0,1,1,1
911,46.0,6.0,16.0,3.0,4,6.0,0.0,50.0,1,1,1
5485,66.0,1.0,16.0,2.0,-1,106.0,0.0,44.0,1,1,1
7845,31.0,1.0,18.0,5.0,2,49.0,2.0,10.0,1,1,0
9320,32.0,1.0,21.0,1.0,0,49.0,1.0,55.0,1,1,1
12761,23.0,1.0,18.0,5.0,1,6.0,0.0,20.0,0,1,0
1735,38.0,1.0,21.0,1.0,4,6.0,0.0,65.0,1,1,1
2598,37.0,1.0,19.0,1.0,0,49.0,1.0,40.0,0,1,0
4638,20.0,1.0,16.0,5.0,2,6.0,0.0,40.0,1,1,0
7306,29.0,4.0,24.0,1.0,0,49.0,1.0,40.0,1,1,1
1896,76.0,1.0,21.0,1.0,0,24.0,10.0,38.0,0,1,0
9121,49.0,5.0,22.0,1.0,2,303.0,1.0,40.0,1,0,1
10605,31.0,1.0,19.0,3.0,2,6.0,0.0,40.0,0,1,1
3156,37.0,3.0,24.0,1.0,0,207.0,0.0,40.0,1,0,1
5991,29.0,1.0,20.0,5.0,1,41.0,0.0,46.0,1,1,1
11526,28.0,2.0,16.0,5.0,2,49.0,3.0,35.0,0,1,0
1637,28.0,1.0,21.0,1.0,0,49.0,1.0,55.0,1,1,1
8536,20.0,1.0,14.0,5.0,2,12.0,2.0,20.0,0,1,0
7645,36.0,1.0,16.0,1.0,0,42.0,1.0,41.0,1,1,1
7902,34.0,1.0,21.0,1.0,1,16.0,1.0,40.0,0,1,0
709,29.0,1.0,20.0,1.0,0,49.0,0.0,40.0,0,1,0
3945,46.0,1.0,18.0,1.0,2,49.0,0.0,40.0,1,1,1
9136,39.0,1.0,19.0,1.0,1,49.0,0.0,40.0,0,1,0
8195,51.0,1.0,20.0,1.0,2,49.0,1.0,40.0,0,1,0
6297,42.0,1.0,10.0,3.0,1,303.0,0.0,40.0,1,0,1
7926,53.0,3.0,21.0,1.0,0,16.0,6.0,30.0,0,1,0
4982,45.0,2.0,18.0,1.0,2,49.0,1.0,40.0,1,1,1
7381,46.0,1.0,22.0,1.0,0,23.0,0.0,40.0,1,1,1
8730,30.0,1.0,16.0,5.0,1,6.0,0.0,40.0,0,1,0
7426,29.0,1.0,19.0,5.0,3,247.0,2.0,40.0,1,0,1
2622,27.0,1.0,20.0,1.0,2,49.0,1.0,40.0,1,1,1
9172,18.0,1.0,16.0,5.0,3,49.0,12.0,30.0,1,1,0
11482,44.0,1.0,16.0,1.0,3,6.0,1.0,50.0,1,1,1
8610,40.0,2.0,22.0,1.0,0,48.0,0.0,60.0,1,1,1
6042,18.0,1.0,19.0,5.0,2,29.0,2.0,10.0,0,1,0
6208,40.0,4.0,17.0,3.0,3,49.0,0.0,42.0,1,1,0
5124,34.0,4.0,16.0,5.0,3,49.0,0.0,40.0,1,1,1
7520,22.0,1.0,18.0,5.0,3,6.0,5.0,40.0,1,1,0
12504,39.0,1.0,19.0,1.0,3,49.0,1.0,40.0,1,1,1
1931,31.0,3.0,16.0,5.0,1,49.0,0.0,40.0,1,1,0
2154,46.0,2.0,15.0,5.0,0,49.0,0.0,40.0,1,1,1
1616,20.0,1.0,19.0,5.0,1,49.0,17.0,40.0,1,1,0
10437,43.0,1.0,21.0,3.0,0,49.0,13.0,50.0,1,1,1
4136,27.0,1.0,16.0,5.0,1,110.0,2.0,38.0,1,1,0
9201,39.0,1.0,20.0,1.0,1,303.0,1.0,12.0,0,0,0
10285,48.0,1.0,23.0,1.0,0,49.0,0.0,45.0,1,1,1
4884,40.0,1.0,20.0,5.0,4,6.0,2.0,20.0,0,1,0
1296,31.0,7.0,19.0,1.0,-1,127.0,0.0,40.0,1,1,1
4314,67.0,7.0,22.0,1.0,0,49.0,0.0,40.0,0,1,1
2287,25.0,1.0,16.0,1.0,0,55.0,2.0,40.0,1,1,0
8682,26.0,4.0,21.0,5.0,0,55.0,0.0,40.0,0,1,1
4531,64.0,1.0,16.0,1.0,4,13.0,1.0,50.0,1,1,1
4434,63.0,1.0,22.0,1.0,0,49.0,1.0,40.0,0,1,1
8327,23.0,1.0,21.0,5.0,0,49.0,0.0,65.0,1,1,1
7765,30.0,1.0,16.0,1.0,3,33.0,1.0,40.0,1,1,1
4226,38.0,1.0,19.0,5.0,1,6.0,12.0,20.0,0,1,0
6779,30.0,1.0,13.0,5.0,1,49.0,2.0,40.0,1,1,0
12262,35.0,1.0,13.0,5.0,2,49.0,0.0,30.0,1,1,0
7897,25.0,1.0,16.0,1.0,0,42.0,0.0,35.0,0,1,0
826,42.0,7.0,16.0,1.0,2,49.0,2.0,20.0,0,1,1
7619,63.0,7.0,21.0,1.0,0,49.0,9.0,35.0,1,1,1
11354,26.0,1.0,17.0,5.0,2,103.0,12.0,25.0,0,1,0
4652,28.0,1.0,20.0,1.0,0,49.0,1.0,32.0,0,1,0
4814,65.0,1.0,16.0,5.0,2,128.0,2.0,40.0,0,0,0
6282,59.0,1.0,21.0,1.0,0,49.0,0.0,40.0,0,1,1
9113,42.0,1.0,15.0,1.0,2,49.0,1.0,40.0,0,1,1
5065,24.0,1.0,18.0,5.0,0,448.0,2.0,45.0,1,1,1
10600,32.0,1.0,20.0,5.0,2,49.0,2.0,20.0,0,1,0
4207,28.0,1.0,16.0,3.0,3,49.0,0.0,50.0,1,0,1
2102,28.0,3.0,21.0,1.0,0,49.0,1.0,66.0,0,1,1
145,39.0,1.0,22.0,5.0,0,49.0,0.0,36.0,0,1,0
9660,19.0,1.0,16.0,5.0,2,8.0,4.0,45.0,1,1,0
12169,56.0,2.0,21.0,1.0,0,49.0,0.0,40.0,0,1,1
9715,29.0,1.0,19.0,5.0,0,49.0,0.0,60.0,0,1,1
10926,44.0,1.0,20.0,1.0,2,49.0,1.0,25.0,0,1,0
10712,37.0,1.0,19.0,1.0,1,49.0,1.0,25.0,1,1,0
291,68.0,1.0,22.0,1.0,0,6.0,0.0,60.0,1,1,0
9784,47.0,7.0,19.0,1.0,0,49.0,1.0,40.0,1,1,0
11530,28.0,4.0,16.0,5.0,0,6.0,17.0,28.0,0,1,0
5945,25.0,1.0,22.0,1.0,2,17.0,0.0,60.0,1,1,1
147,18.0,2.0,21.0,5.0,2,16.0,0.0,40.0,0,1,0
7811,32.0,7.0,21.0,1.0,0,49.0,0.0,30.0,0,1,0
5076,71.0,1.0,19.0,3.0,2,49.0,0.0,40.0,0,1,1
12516,40.0,1.0,20.0,1.0,1,49.0,0.0,35.0,0,1,0
11044,27.0,1.0,16.0,5.0,3,8.0,0.0,50.0,1,1,1
12626,64.0,1.0,21.0,1.0,2,55.0,0.0,40.0,1,1,1
3941,54.0,1.0,21.0,1.0,0,49.0,0.0,10.0,0,1,0
8738,26.0,1.0,16.0,1.0,4,49.0,1.0,40.0,1,1,1
572,62.0,1.0,18.0,1.0,1,49.0,0.0,40.0,0,1,0
8468,31.0,7.0,22.0,1.0,0,49.0,0.0,42.0,1,1,1
241,62.0,1.0,19.0,1.0,0,49.0,0.0,40.0,1,1,1
3928,48.0,6.0,20.0,1.0,0,49.0,0.0,40.0,1,1,1
9811,39.0,1.0,19.0,5.0,2,49.0,11.0,40.0,0,1,0
2944,39.0,1.0,20.0,5.0,2,49.0,2.0,40.0,0,0,0
9690,19.0,4.0,19.0,5.0,2,49.0,4.0,20.0,1,1,0
6821,20.0,1.0,14.0,5.0,1,49.0,0.0,30.0,0,1,0
9471,42.0,1.0,20.0,1.0,0,49.0,1.0,30.0,0,1,0
9399,58.0,5.0,1.0,1.0,5,49.0,14.0,40.0,1,1,1
10090,28.0,1.0,19.0,5.0,1,49.0,0.0,15.0,0,1,0
8433,20.0,3.0,21.0,5.0,0,49.0,0.0,4.0,0,1,0
4357,31.0,1.0,18.0,1.0,0,42.0,0.0,22.0,0,1,0
11486,19.0,1.0,16.0,5.0,1,49.0,17.0,30.0,0,1,0
8171,32.0,1.0,16.0,5.0,2,49.0,2.0,40.0,1,1,1
12351,73.0,1.0,16.0,2.0,2,8.0,0.0,40.0,1,1,0
3635,50.0,3.0,21.0,1.0,0,49.0,0.0,40.0,0,1,0
5106,19.0,4.0,19.0,5.0,0,49.0,0.0,25.0,0,1,0
9105,25.0,1.0,17.0,1.0,3,8.0,9.0,45.0,1,0,1
2775,52.0,1.0,19.0,1.0,2,4.0,0.0,15.0,0,1,0
13051,47.0,1.0,16.0,1.0,3,6.0,1.0,40.0,1,1,1
1076,22.0,1.0,21.0,1.0,0,49.0,1.0,35.0,0,1,0
1640,55.0,1.0,19.0,3.0,4,49.0,13.0,40.0,1,1,1
9553,67.0,7.0,18.0,1.0,2,51.0,0.0,55.0,1,1,1
2441,46.0,4.0,16.0,3.0,2,49.0,0.0,20.0,0,1,0
5588,35.0,5.0,18.0,3.0,1,373.0,8.0,40.0,0,1,1
9055,48.0,2.0,19.0,1.0,1,210.0,0.0,20.0,0,0,0
11913,42.0,1.0,22.0,1.0,0,49.0,1.0,40.0,1,1,1
7013,31.0,1.0,22.0,5.0,0,103.0,0.0,45.0,1,1,1
4994,17.0,3.0,19.0,5.0,1,236.0,17.0,32.0,0,1,0
6832,27.0,1.0,16.0,5.0,1,49.0,0.0,20.0,0,1,0
5382,54.0,3.0,16.0,1.0,0,106.0,1.0,42.0,0,1,0
9224,45.0,2.0,22.0,1.0,0,49.0,1.0,25.0,0,1,1
2148,59.0,2.0,19.0,1.0,2,49.0,1.0,20.0,0,1,0
1682,60.0,1.0,21.0,1.0,4,49.0,0.0,80.0,1,1,1
451,43.0,3.0,21.0,3.0,0,49.0,0.0,40.0,1,1,1
423,49.0,1.0,23.0,1.0,0,49.0,1.0,60.0,0,1,1
6101,21.0,1.0,16.0,5.0,1,6.0,13.0,20.0,1,1,0
938,47.0,1.0,21.0,1.0,0,49.0,0.0,40.0,0,1,1
4491,48.0,3.0,21.0,1.0,2,49.0,1.0,20.0,0,1,1
4518,27.0,1.0,18.0,5.0,3,49.0,12.0,40.0,0,1,0
5304,41.0,1.0,19.0,1.0,2,49.0,1.0,15.0,0,1,0
12991,60.0,1.0,18.0,1.0,2,49.0,1.0,15.0,0,1,0
7183,38.0,1.0,1.0,1.0,2,16.0,1.0,10.0,1,1,0
10735,52.0,1.0,21.0,1.0,0,49.0,1.0,40.0,1,1,1
4014,31.0,1.0,21.0,1.0,2,49.0,0.0,60.0,1,1,1
3637,42.0,5.0,16.0,1.0,0,49.0,1.0,40.0,1,1,1
12339,24.0,1.0,14.0,5.0,1,49.0,2.0,40.0,0,1,0
5907,30.0,1.0,21.0,1.0,2,49.0,1.0,40.0,0,1,0
9168,65.0,4.0,20.0,1.0,1,49.0,0.0,40.0,0,1,1
12257,56.0,4.0,20.0,1.0,0,49.0,1.0,40.0,0,1,0
1108,73.0,1.0,23.0,1.0,0,49.0,1.0,50.0,1,1,1
5574,24.0,1.0,14.0,5.0,1,501.0,12.0,22.0,0,1,0
11014,33.0,7.0,16.0,1.0,1,49.0,1.0,45.0,1,1,1
6234,24.0,2.0,19.0,5.0,4,49.0,3.0,45.0,1,1,1
7111,29.0,1.0,16.0,5.0,3,210.0,17.0,20.0,1,0,0
666,30.0,1.0,13.0,5.0,3,6.0,17.0,50.0,1,0,0
9484,21.0,1.0,16.0,5.0,4,6.0,17.0,10.0,1,1,0
5937,18.0,2.0,20.0,5.0,0,49.0,17.0,12.0,0,1,0
6405,24.0,1.0,19.0,5.0,1,49.0,2.0,23.0,1,1,0
13006,21.0,6.0,16.0,1.0,1,49.0,0.0,40.0,0,1,0
5866,46.0,3.0,20.0,1.0,0,17.0,1.0,40.0,0,1,1
5725,33.0,3.0,21.0,1.0,2,49.0,1.0,24.0,0,1,0
1979,30.0,1.0,18.0,5.0,4,49.0,2.0,40.0,0,1,1
11166,17.0,1.0,16.0,5.0,2,23.0,2.0,35.0,0,1,0
3661,28.0,2.0,21.0,5.0,2,49.0,0.0,20.0,0,1,1
127,57.0,1.0,21.0,1.0,0,6.0,0.0,50.0,1,1,1
1740,22.0,1.0,19.0,1.0,2,6.0,0.0,40.0,0,1,0
971,17.0,1.0,18.0,5.0,2,49.0,17.0,20.0,1,1,0
10510,36.0,7.0,20.0,1.0,1,6.0,1.0,30.0,0,1,0
7050,38.0,1.0,18.0,1.0,0,49.0,0.0,45.0,1,1,1
253,41.0,2.0,16.0,1.0,2,49.0,0.0,32.0,0,1,0
8719,35.0,3.0,21.0,1.0,0,49.0,0.0,40.0,1,1,1
9882,38.0,1.0,16.0,1.0,4,162.0,0.0,20.0,1,0,0
1122,61.0,1.0,22.0,1.0,0,48.0,1.0,40.0,0,1,1
1169,39.0,4.0,21.0,1.0,2,49.0,0.0,40.0,1,1,1
9741,20.0,1.0,20.0,5.0,1,49.0,2.0,40.0,1,1,0
11458,33.0,1.0,19.0,1.0,2,49.0,1.0,20.0,1,1,0
13001,39.0,1.0,16.0,1.0,2,231.0,0.0,25.0,0,1,0
5161,70.0,1.0,16.0,1.0,2,421.0,1.0,60.0,1,0,1
5755,47.0,1.0,13.0,1.0,4,49.0,0.0,40.0,1,1,1
11143,28.0,1.0,16.0,1.0,3,49.0,0.0,40.0,1,1,1
11812,39.0,1.0,21.0,1.0,0,49.0,0.0,40.0,1,1,1
217,32.0,1.0,20.0,1.0,0,49.0,2.0,15.0,1,1,0
4490,29.0,1.0,21.0,5.0,0,49.0,17.0,50.0,1,1,0
1762,26.0,6.0,21.0,1.0,0,49.0,2.0,50.0,1,1,0
10334,20.0,1.0,16.0,5.0,2,49.0,15.0,45.0,1,1,0
1962,42.0,1.0,19.0,1.0,3,24.0,1.0,30.0,1,1,0
11468,37.0,1.0,18.0,5.0,2,49.0,5.0,42.0,1,1,1
12856,47.0,1.0,16.0,1.0,2,6.0,0.0,40.0,1,1,1
10429,22.0,1.0,22.0,5.0,4,42.0,15.0,30.0,1,1,0
237,28.0,1.0,21.0,1.0,0,21.0,1.0,20.0,1,1,0
488,43.0,1.0,20.0,1.0,1,508.0,17.0,40.0,1,0,0
1817,33.0,1.0,22.0,1.0,-1,49.0,0.0,40.0,1,1,1
5601,42.0,6.0,7.0,1.0,1,6.0,0.0,40.0,1,1,1
6002,47.0,1.0,21.0,1.0,4,49.0,1.0,16.0,0,1,0
7685,71.0,7.0,17.0,1.0,0,128.0,0.0,40.0,0,1,0
10010,23.0,1.0,16.0,5.0,4,55.0,3.0,40.0,1,1,0
3410,50.0,1.0,16.0,1.0,2,49.0,1.0,40.0,0,1,0
9620,54.0,4.0,22.0,1.0,0,49.0,1.0,40.0,0,1,1
3581,30.0,5.0,15.0,1.0,3,49.0,0.0,40.0,1,0,1
5667,66.0,6.0,23.0,1.0,3,6.0,0.0,40.0,1,1,1
164,33.0,1.0,18.0,1.0,1,49.0,0.0,40.0,0,1,1
10096,71.0,1.0,15.0,1.0,1,49.0,0.0,40.0,0,1,0
4549,39.0,6.0,19.0,1.0,0,49.0,1.0,12.0,0,1,0
1034,60.0,1.0,19.0,1.0,0,56.0,1.0,12.0,0,1,0
1462,87.0,1.0,19.0,5.0,0,49.0,12.0,40.0,1,1,1
11598,30.0,1.0,17.0,1.0,2,49.0,0.0,50.0,1,1,1
2125,60.0,1.0,19.0,1.0,1,49.0,0.0,55.0,1,1,1
9101,33.0,1.0,22.0,1.0,0,16.0,0.0,80.0,1,1,1
9626,59.0,2.0,21.0,1.0,2,49.0,1.0,40.0,0,1,1
6977,20.0,1.0,21.0,5.0,0,49.0,17.0,35.0,0,1,0
1414,18.0,1.0,16.0,5.0,4,49.0,2.0,45.0,0,0,0
1618,46.0,1.0,15.0,3.0,2,49.0,0.0,32.0,0,1,0
11134,30.0,1.0,16.0,1.0,4,6.0,15.0,80.0,1,1,0
12530,22.0,1.0,19.0,5.0,4,1.0,2.0,40.0,1,1,0
2844,44.0,1.0,21.0,1.0,2,247.0,4.0,35.0,1,0,0
2646,19.0,1.0,16.0,5.0,4,49.0,17.0,40.0,1,1,0
5021,31.0,7.0,16.0,1.0,2,49.0,0.0,40.0,1,1,1
11376,59.0,1.0,18.0,1.0,1,49.0,1.0,18.0,0,1,0
9859,58.0,1.0,21.0,1.0,2,49.0,1.0,40.0,1,1,1
7756,20.0,1.0,16.0,5.0,4,49.0,2.0,15.0,1,1,0
2547,23.0,1.0,14.0,5.0,4,49.0,12.0,40.0,1,1,0
11243,58.0,1.0,20.0,1.0,2,6.0,1.0,40.0,0,1,0
10916,37.0,1.0,21.0,1.0,4,6.0,1.0,55.0,1,1,1
4852,50.0,7.0,21.0,1.0,2,49.0,0.0,35.0,0,1,0
13021,49.0,1.0,21.0,1.0,0,8.0,1.0,40.0,0,1,1
6884,37.0,1.0,21.0,1.0,0,49.0,1.0,90.0,0,1,0
493,80.0,1.0,21.0,5.0,2,303.0,17.0,30.0,0,0,0
1542,32.0,6.0,13.0,3.0,2,6.0,0.0,32.0,0,1,0
6768,25.0,3.0,19.0,4.0,2,6.0,12.0,32.0,0,1,0
5157,28.0,2.0,21.0,3.0,0,6.0,0.0,40.0,0,1,1
12382,28.0,2.0,19.0,1.0,2,49.0,0.0,40.0,1,1,1
8957,41.0,6.0,19.0,3.0,2,49.0,0.0,40.0,1,1,1
3685,37.0,4.0,21.0,3.0,0,49.0,2.0,60.0,1,1,1
5233,55.0,2.0,21.0,1.0,1,6.0,0.0,60.0,1,1,1
1713,33.0,6.0,16.0,1.0,2,53.0,0.0,40.0,1,1,1
3820,21.0,1.0,18.0,5.0,2,49.0,2.0,40.0,0,1,0
1072,52.0,2.0,16.0,1.0,0,49.0,0.0,60.0,1,1,1
865,30.0,1.0,16.0,5.0,4,6.0,2.0,15.0,1,0,0
10903,56.0,7.0,22.0,1.0,3,303.0,1.0,40.0,1,0,1
1759,53.0,1.0,22.0,1.0,0,49.0,0.0,40.0,0,1,1
11082,17.0,1.0,9.0,5.0,3,6.0,4.0,10.0,1,0,0
3317,76.0,1.0,21.0,3.0,3,49.0,0.0,60.0,1,1,1
588,21.0,1.0,19.0,5.0,0,6.0,2.0,25.0,1,1,0
4822,72.0,1.0,22.0,1.0,0,26.0,0.0,40.0,1,1,1
11183,29.0,1.0,19.0,5.0,0,53.0,17.0,40.0,0,1,0
7082,47.0,1.0,19.0,1.0,3,49.0,0.0,40.0,1,1,1
9546,28.0,1.0,20.0,1.0,0,303.0,1.0,20.0,0,1,0
1238,66.0,1.0,21.0,5.0,0,49.0,2.0,40.0,1,1,0
12854,51.0,1.0,18.0,1.0,1,49.0,1.0,40.0,1,1,1
10810,51.0,1.0,21.0,1.0,0,48.0,0.0,45.0,1,1,1
13054,41.0,6.0,18.0,3.0,1,49.0,0.0,40.0,0,1,0
2123,33.0,1.0,17.0,5.0,4,41.0,0.0,60.0,1,0,1
4154,40.0,1.0,20.0,1.0,2,49.0,0.0,40.0,1,1,1
8604,21.0,1.0,19.0,5.0,4,8.0,2.0,80.0,1,1,0
3057,61.0,5.0,17.0,3.0,3,49.0,0.0,45.0,0,1,1
3390,44.0,1.0,20.0,1.0,0,49.0,9.0,35.0,1,1,0
4839,43.0,1.0,16.0,1.0,3,49.0,1.0,40.0,1,1,1
3999,26.0,1.0,14.0,1.0,1,49.0,0.0,40.0,1,1,0
10215,25.0,1.0,21.0,1.0,4,49.0,0.0,45.0,1,1,1
11871,71.0,7.0,22.0,1.0,0,6.0,0.0,60.0,1,1,1
1606,60.0,1.0,14.0,5.0,0,55.0,12.0,6.0,0,1,0
9478,27.0,7.0,19.0,1.0,1,49.0,1.0,20.0,1,1,0
3237,23.0,4.0,19.0,1.0,4,49.0,1.0,40.0,1,0,0
11233,21.0,1.0,18.0,5.0,1,16.0,17.0,10.0,0,1,0
6944,23.0,5.0,14.0,5.0,4,49.0,0.0,20.0,1,1,0
788,58.0,2.0,22.0,1.0,0,49.0,0.0,60.0,1,1,1
8320,59.0,7.0,16.0,1.0,4,49.0,2.0,20.0,1,1,0
2836,49.0,1.0,20.0,1.0,2,42.0,1.0,40.0,0,1,1
5368,54.0,1.0,19.0,3.0,2,53.0,13.0,40.0,1,1,1
11189,18.0,1.0,16.0,5.0,2,49.0,2.0,10.0,1,1,0
7458,50.0,1.0,21.0,3.0,0,4.0,0.0,45.0,1,1,1
9948,21.0,1.0,18.0,5.0,4,49.0,2.0,15.0,1,1,0
10295,54.0,3.0,16.0,1.0,4,4.0,1.0,40.0,0,1,1
10369,28.0,3.0,21.0,1.0,0,49.0,1.0,31.0,0,1,0
10760,53.0,1.0,22.0,2.0,0,49.0,0.0,35.0,0,1,1
2945,52.0,1.0,16.0,1.0,4,49.0,0.0,32.0,1,1,1
9543,32.0,2.0,18.0,5.0,0,49.0,0.0,40.0,1,1,1
6017,25.0,1.0,16.0,5.0,4,49.0,2.0,35.0,1,1,0
93,50.0,1.0,21.0,1.0,0,56.0,0.0,50.0,1,1,1
9247,56.0,1.0,16.0,3.0,2,314.0,0.0,50.0,1,1,1
10792,72.0,7.0,22.0,1.0,-1,49.0,0.0,40.0,1,1,1
8043,35.0,1.0,18.0,1.0,1,49.0,1.0,40.0,0,1,0
6969,60.0,5.0,14.0,1.0,4,49.0,1.0,40.0,1,1,1
11937,71.0,1.0,16.0,1.0,0,6.0,1.0,40.0,1,1,1
6869,20.0,1.0,16.0,5.0,0,31.0,2.0,40.0,1,1,0
2152,22.0,1.0,16.0,5.0,1,49.0,0.0,36.0,0,1,0
12974,66.0,1.0,17.0,1.0,4,8.0,0.0,40.0,1,1,1
6140,23.0,4.0,16.0,5.0,0,49.0,2.0,40.0,0,1,0
7586,22.0,1.0,18.0,5.0,1,49.0,17.0,40.0,1,1,0
3990,32.0,1.0,21.0,1.0,0,49.0,0.0,40.0,0,1,1
8832,49.0,1.0,20.0,1.0,0,49.0,1.0,40.0,0,1,0
426,42.0,7.0,16.0,3.0,2,49.0,0.0,40.0,1,1,1
900,43.0,7.0,21.0,1.0,1,16.0,1.0,60.0,1,1,1
1934,18.0,1.0,19.0,5.0,1,25.0,2.0,40.0,0,1,0
1025,42.0,1.0,18.0,1.0,2,49.0,0.0,40.0,1,1,1
9293,38.0,1.0,16.0,5.0,4,48.0,2.0,50.0,1,1,1
13,18.0,3.0,19.0,5.0,2,49.0,2.0,2.0,0,1,0
3133,48.0,1.0,21.0,1.0,0,49.0,1.0,42.0,1,1,1
8965,45.0,1.0,21.0,1.0,0,16.0,1.0,43.0,0,1,0
660,78.0,1.0,19.0,4.0,2,60.0,9.0,99.0,0,0,0
6848,34.0,3.0,15.0,1.0,0,223.0,1.0,48.0,1,0,1
9052,41.0,1.0,21.0,1.0,1,4.0,1.0,20.0,0,1,0
5845,23.0,4.0,16.0,1.0,0,51.0,0.0,40.0,0,0,0
10226,25.0,5.0,13.0,5.0,5,49.0,2.0,70.0,1,1,1
2528,53.0,2.0,22.0,1.0,0,49.0,0.0,40.0,1,1,1
10962,32.0,1.0,19.0,1.0,4,49.0,0.0,25.0,1,1,0
2270,72.0,1.0,18.0,1.0,0,49.0,0.0,30.0,0,1,1
107,37.0,5.0,21.0,1.0,0,47.0,0.0,40.0,0,1,1
119,65.0,1.0,21.0,1.0,1,8.0,1.0,40.0,1,1,1
6423,55.0,1.0,20.0,1.0,1,49.0,1.0,36.0,0,1,1
2841,23.0,1.0,19.0,5.0,1,49.0,17.0,40.0,1,1,0
9099,33.0,5.0,17.0,1.0,0,6.0,0.0,40.0,1,1,1
12067,39.0,4.0,21.0,1.0,0,6.0,0.0,60.0,1,1,1
12846,18.0,1.0,19.0,1.0,2,49.0,1.0,30.0,0,1,0
4167,18.0,1.0,21.0,5.0,2,49.0,2.0,36.0,0,1,0
5494,21.0,1.0,19.0,5.0,2,6.0,2.0,45.0,1,1,0
12215,39.0,1.0,21.0,1.0,0,49.0,1.0,40.0,1,1,1
1300,36.0,1.0,16.0,1.0,1,49.0,1.0,40.0,1,1,1
7402,30.0,1.0,21.0,5.0,0,26.0,12.0,50.0,1,1,1
2814,39.0,1.0,16.0,1.0,3,49.0,1.0,30.0,1,1,0
918,43.0,1.0,21.0,1.0,0,35.0,0.0,40.0,1,1,0
9545,57.0,1.0,16.0,3.0,2,49.0,0.0,50.0,1,1,1
7821,72.0,2.0,23.0,1.0,0,49.0,0.0,52.0,0,1,1
6050,26.0,3.0,19.0,5.0,1,35.0,7.0,40.0,0,0,0
2444,32.0,1.0,16.0,1.0,3,38.0,1.0,50.0,1,0,1
3595,46.0,1.0,18.0,1.0,2,49.0,0.0,23.0,1,1,0
12024,59.0,1.0,21.0,1.0,0,25.0,0.0,40.0,1,1,1
3619,61.0,1.0,16.0,3.0,2,16.0,0.0,18.0,0,1,0
4459,47.0,1.0,21.0,1.0,0,16.0,0.0,40.0,1,1,1
11745,28.0,1.0,19.0,1.0,3,49.0,2.0,40.0,1,1,0
3789,39.0,1.0,19.0,1.0,1,49.0,1.0,50.0,1,1,1
8857,53.0,1.0,18.0,1.0,4,49.0,1.0,25.0,0,1,0
8072,27.0,1.0,22.0,1.0,0,49.0,0.0,40.0,1,1,0
2861,17.0,1.0,19.0,5.0,4,49.0,12.0,40.0,0,0,0
11646,18.0,1.0,16.0,5.0,1,327.0,15.0,40.0,1,1,0
1878,28.0,1.0,17.0,5.0,2,49.0,2.0,40.0,0,1,0
1073,44.0,4.0,18.0,1.0,0,49.0,0.0,45.0,0,1,1
9691,63.0,4.0,19.0,1.0,1,231.0,1.0,30.0,0,1,0
6252,75.0,1.0,16.0,1.0,4,49.0,1.0,65.0,1,1,1
5022,71.0,1.0,19.0,3.0,4,49.0,2.0,25.0,1,1,0
725,55.0,5.0,22.0,1.0,0,6.0,1.0,55.0,1,1,1
8331,30.0,1.0,20.0,5.0,2,49.0,0.0,40.0,0,1,1
3105,63.0,1.0,19.0,1.0,1,49.0,1.0,50.0,1,1,1
8793,54.0,7.0,19.0,1.0,0,49.0,0.0,21.0,1,1,1
9512,42.0,1.0,20.0,1.0,1,53.0,1.0,55.0,1,1,1
4262,52.0,2.0,22.0,1.0,0,49.0,1.0,40.0,0,1,1
8355,28.0,1.0,21.0,1.0,0,49.0,0.0,45.0,1,1,1
11571,53.0,1.0,18.0,1.0,2,49.0,1.0,40.0,0,1,1
2520,76.0,4.0,24.0,1.0,0,6.0,1.0,55.0,0,1,1
8650,52.0,1.0,22.0,5.0,0,49.0,0.0,75.0,0,1,1
4507,37.0,1.0,23.0,1.0,0,6.0,0.0,40.0,1,1,1
3746,20.0,1.0,19.0,5.0,0,49.0,13.0,20.0,0,1,0
436,23.0,1.0,15.0,5.0,3,49.0,2.0,40.0,1,1,0
4078,55.0,1.0,16.0,1.0,2,49.0,1.0,50.0,0,1,0
11804,55.0,2.0,17.0,1.0,0,49.0,1.0,50.0,0,1,1
7098,22.0,1.0,21.0,3.0,0,6.0,0.0,46.0,1,1,1
12774,41.0,1.0,16.0,1.0,2,49.0,1.0,20.0,0,1,0
9158,54.0,1.0,14.0,1.0,2,13.0,2.0,38.0,1,1,0
6835,42.0,1.0,20.0,5.0,2,26.0,2.0,40.0,0,1,0
3884,25.0,1.0,19.0,5.0,0,41.0,0.0,40.0,1,1,1
6385,42.0,1.0,23.0,1.0,2,49.0,1.0,70.0,1,1,1
1760,25.0,6.0,19.0,1.0,0,49.0,1.0,45.0,0,1,0
6902,54.0,1.0,16.0,1.0,2,49.0,0.0,40.0,0,1,0
6356,35.0,1.0,21.0,1.0,2,49.0,0.0,40.0,0,1,1
1405,59.0,1.0,21.0,3.0,4,373.0,2.0,36.0,1,1,1
4677,22.0,1.0,19.0,5.0,4,49.0,2.0,40.0,0,1,0
9189,51.0,5.0,21.0,1.0,0,49.0,0.0,55.0,1,1,1
11162,45.0,1.0,22.0,1.0,0,49.0,0.0,55.0,1,1,1
4354,33.0,1.0,16.0,5.0,4,53.0,2.0,40.0,1,1,1
8504,36.0,1.0,23.0,1.0,3,53.0,0.0,45.0,1,1,1
10819,55.0,1.0,18.0,1.0,1,49.0,0.0,35.0,0,1,0
9443,47.0,5.0,18.0,1.0,4,49.0,1.0,45.0,1,1,1
7451,43.0,1.0,21.0,1.0,4,231.0,1.0,30.0,1,1,0
10140,46.0,1.0,21.0,1.0,2,35.0,1.0,5.0,0,1,0
7425,53.0,1.0,19.0,1.0,0,18.0,1.0,40.0,1,0,0
9752,19.0,1.0,14.0,5.0,2,6.0,17.0,10.0,0,1,0
1743,31.0,1.0,24.0,1.0,0,49.0,1.0,40.0,1,1,1
11586,40.0,1.0,22.0,1.0,2,49.0,0.0,40.0,1,1,1
6467,36.0,1.0,19.0,1.0,3,205.0,1.0,30.0,1,1,0
2426,48.0,1.0,21.0,1.0,0,16.0,0.0,43.0,0,1,1
6726,66.0,1.0,16.0,5.0,3,120.0,0.0,35.0,1,0,1
4438,47.0,3.0,21.0,1.0,2,6.0,0.0,40.0,0,1,1
3839,20.0,1.0,19.0,5.0,1,6.0,17.0,10.0,0,1,0
12039,25.0,1.0,19.0,5.0,4,34.0,12.0,32.0,1,1,0
6512,43.0,1.0,16.0,1.0,2,49.0,0.0,55.0,1,1,1
4276,55.0,1.0,16.0,1.0,3,32.0,1.0,40.0,1,1,1
3667,53.0,5.0,20.0,1.0,2,49.0,1.0,20.0,0,1,0
5290,62.0,1.0,22.0,1.0,0,49.0,1.0,48.0,1,1,1
3634,42.0,6.0,21.0,1.0,2,49.0,1.0,40.0,0,1,1
3631,49.0,3.0,24.0,4.0,0,209.0,0.0,25.0,0,0,1
9029,29.0,2.0,19.0,1.0,0,49.0,0.0,30.0,0,1,0
3305,28.0,1.0,15.0,5.0,1,16.0,4.0,6.0,1,1,0
11810,20.0,1.0,16.0,5.0,4,48.0,12.0,20.0,0,1,0
3124,39.0,1.0,21.0,1.0,0,49.0,1.0,40.0,0,0,1
3110,26.0,4.0,16.0,1.0,3,49.0,0.0,30.0,1,1,1
1105,45.0,3.0,17.0,5.0,0,6.0,17.0,40.0,0,1,0
1312,19.0,1.0,16.0,4.0,2,16.0,5.0,25.0,0,1,0
4533,68.0,1.0,16.0,1.0,3,6.0,0.0,50.0,1,0,1
12310,36.0,3.0,16.0,5.0,1,49.0,0.0,37.0,1,1,0
12502,54.0,1.0,21.0,1.0,3,49.0,9.0,40.0,1,1,1
1348,22.0,1.0,20.0,5.0,1,49.0,2.0,30.0,0,1,0
8438,24.0,1.0,19.0,5.0,0,49.0,0.0,40.0,1,1,1
7995,28.0,4.0,21.0,3.0,4,49.0,0.0,40.0,1,1,1
10472,45.0,1.0,18.0,5.0,2,27.0,12.0,40.0,1,1,1
970,50.0,1.0,16.0,1.0,4,132.0,1.0,60.0,1,0,0
7630,26.0,1.0,22.0,5.0,0,303.0,0.0,50.0,1,0,1
9245,30.0,1.0,21.0,1.0,4,49.0,2.0,70.0,1,1,1
11377,53.0,1.0,19.0,1.0,2,6.0,1.0,15.0,1,1,0
7212,39.0,7.0,20.0,1.0,2,49.0,1.0,20.0,0,1,1
748,45.0,1.0,18.0,1.0,1,6.0,0.0,40.0,0,1,0
9249,43.0,1.0,16.0,1.0,3,17.0,1.0,40.0,1,1,1
6355,64.0,1.0,17.0,1.0,1,301.0,1.0,40.0,0,1,0
12858,67.0,1.0,16.0,5.0,4,55.0,2.0,40.0,1,1,1
2965,20.0,1.0,21.0,5.0,2,49.0,0.0,25.0,1,1,0
308,50.0,1.0,24.0,1.0,0,49.0,1.0,40.0,0,1,1
10141,19.0,1.0,14.0,5.0,1,49.0,2.0,18.0,1,1,0
1561,26.0,1.0,23.0,1.0,0,49.0,1.0,12.0,0,1,0
7430,17.0,3.0,15.0,5.0,2,49.0,0.0,10.0,0,1,0
12546,32.0,1.0,16.0,1.0,3,49.0,0.0,40.0,1,1,1
10667,40.0,7.0,21.0,1.0,0,207.0,0.0,50.0,1,0,1
6438,41.0,1.0,9.0,1.0,-1,48.0,7.0,20.0,1,0,0
5063,17.0,1.0,20.0,5.0,2,49.0,13.0,35.0,0,1,0
5367,47.0,2.0,21.0,1.0,0,49.0,0.0,35.0,1,1,0
6210,21.0,2.0,21.0,5.0,0,49.0,11.0,35.0,0,1,0
7040,42.0,1.0,21.0,3.0,1,49.0,13.0,28.0,1,1,0
5898,59.0,7.0,21.0,1.0,0,16.0,0.0,80.0,0,1,1
5678,31.0,4.0,16.0,5.0,2,6.0,17.0,40.0,0,1,0
5891,26.0,1.0,19.0,1.0,2,53.0,1.0,15.0,0,1,0
1278,36.0,6.0,21.0,5.0,0,49.0,10.0,40.0,0,1,1
4132,17.0,1.0,21.0,5.0,2,49.0,0.0,35.0,0,1,0
8317,54.0,1.0,18.0,1.0,4,49.0,0.0,45.0,1,1,1
6044,30.0,3.0,17.0,5.0,3,49.0,2.0,40.0,1,1,1
3957,28.0,1.0,19.0,5.0,1,303.0,7.0,30.0,1,0,0
6579,34.0,2.0,19.0,3.0,0,26.0,13.0,40.0,1,1,1
6251,28.0,1.0,21.0,1.0,2,209.0,1.0,45.0,1,0,1
7433,44.0,5.0,20.0,1.0,3,51.0,1.0,45.0,1,1,1
1689,18.0,1.0,21.0,5.0,0,49.0,17.0,35.0,1,1,0
10679,39.0,6.0,21.0,1.0,0,4.0,1.0,25.0,0,1,0
9448,29.0,1.0,20.0,1.0,2,49.0,0.0,40.0,1,1,0
3186,23.0,1.0,22.0,1.0,0,49.0,1.0,30.0,0,1,0
8330,24.0,1.0,19.0,5.0,1,49.0,10.0,45.0,0,1,0
4452,26.0,1.0,15.0,5.0,3,49.0,2.0,40.0,1,1,0
758,37.0,1.0,18.0,5.0,4,303.0,2.0,5.0,0,0,0
10004,51.0,1.0,22.0,1.0,1,49.0,1.0,40.0,1,1,1
10625,17.0,1.0,14.0,5.0,1,440.0,12.0,30.0,0,0,0
9315,23.0,1.0,16.0,5.0,4,205.0,2.0,25.0,1,0,0
2360,60.0,1.0,19.0,1.0,3,49.0,9.0,50.0,1,1,1
11925,64.0,3.0,17.0,1.0,1,27.0,0.0,40.0,1,1,1
3354,22.0,1.0,21.0,5.0,2,49.0,13.0,40.0,1,1,1
2335,55.0,6.0,19.0,3.0,3,49.0,0.0,45.0,1,1,1
8638,20.0,1.0,21.0,5.0,1,49.0,0.0,40.0,1,1,0
6943,72.0,1.0,18.0,1.0,1,49.0,1.0,52.0,0,1,1
4905,40.0,2.0,19.0,1.0,0,49.0,0.0,40.0,1,1,1
11832,24.0,1.0,14.0,5.0,1,49.0,0.0,20.0,0,1,0
6544,34.0,1.0,22.0,5.0,0,49.0,0.0,65.0,1,1,1
11934,61.0,1.0,16.0,5.0,1,49.0,2.0,20.0,1,1,1
2752,57.0,6.0,19.0,3.0,0,49.0,0.0,20.0,0,1,0
4310,23.0,1.0,16.0,5.0,0,6.0,12.0,32.0,0,1,0
11860,18.0,1.0,21.0,5.0,2,49.0,2.0,35.0,0,1,0
782,25.0,7.0,19.0,5.0,0,49.0,2.0,40.0,1,1,0
10428,48.0,3.0,15.0,1.0,3,49.0,0.0,25.0,1,1,0
12199,66.0,1.0,17.0,1.0,3,363.0,0.0,60.0,1,0,1
10188,34.0,1.0,15.0,1.0,4,49.0,1.0,9.0,1,1,0
3096,19.0,1.0,19.0,5.0,4,49.0,17.0,40.0,1,1,0
9341,49.0,1.0,16.0,1.0,4,49.0,0.0,40.0,1,1,1
5895,58.0,1.0,19.0,1.0,0,56.0,1.0,50.0,0,1,1
3602,63.0,1.0,21.0,1.0,2,6.0,0.0,45.0,1,1,1
10958,83.0,1.0,21.0,1.0,0,209.0,0.0,11.0,1,0,1
8949,38.0,1.0,21.0,1.0,0,6.0,0.0,56.0,1,1,1
3154,55.0,1.0,19.0,1.0,2,49.0,1.0,40.0,0,1,0
6163,32.0,1.0,19.0,1.0,2,49.0,1.0,40.0,0,1,0
7169,34.0,1.0,21.0,3.0,0,49.0,0.0,99.0,1,1,1
2334,59.0,3.0,20.0,1.0,1,49.0,1.0,12.0,0,1,0
10252,27.0,1.0,19.0,5.0,1,103.0,2.0,5.0,0,1,0
10571,51.0,1.0,18.0,1.0,0,31.0,1.0,40.0,1,0,1
6396,53.0,1.0,18.0,3.0,4,49.0,0.0,10.0,0,1,0
10699,68.0,1.0,22.0,1.0,0,30.0,0.0,24.0,0,1,1
7966,39.0,1.0,21.0,1.0,0,49.0,1.0,40.0,1,1,1
5433,23.0,1.0,19.0,1.0,0,49.0,0.0,50.0,1,1,1
12276,28.0,1.0,16.0,1.0,0,53.0,0.0,48.0,1,1,1
6613,43.0,1.0,18.0,3.0,0,136.0,6.0,30.0,0,1,0
1298,32.0,1.0,19.0,5.0,2,49.0,3.0,30.0,0,1,0
10724,66.0,1.0,20.0,1.0,0,49.0,0.0,40.0,1,1,1
10992,34.0,1.0,19.0,1.0,2,49.0,2.0,35.0,1,1,0
4663,23.0,6.0,21.0,1.0,2,49.0,1.0,45.0,1,1,0
9833,44.0,1.0,13.0,5.0,4,233.0,13.0,36.0,1,0,1
2697,20.0,1.0,21.0,5.0,0,49.0,2.0,10.0,0,1,0
9776,66.0,1.0,21.0,1.0,0,53.0,0.0,25.0,0,1,0
11083,39.0,3.0,18.0,1.0,0,17.0,0.0,50.0,0,1,1
8997,22.0,1.0,14.0,5.0,3,136.0,15.0,35.0,1,1,0
3516,61.0,1.0,18.0,3.0,2,49.0,2.0,35.0,0,1,0
11972,33.0,2.0,19.0,1.0,0,49.0,0.0,35.0,0,1,1
8402,50.0,1.0,1.0,1.0,4,1.0,0.0,45.0,0,1,1
9030,36.0,6.0,19.0,1.0,3,120.0,1.0,55.0,1,1,1
7612,32.0,1.0,14.0,5.0,1,49.0,2.0,10.0,1,1,0
11141,19.0,1.0,19.0,1.0,4,49.0,0.0,40.0,1,1,0
1103,63.0,1.0,21.0,3.0,0,16.0,0.0,35.0,0,1,1
4311,19.0,1.0,19.0,5.0,2,49.0,17.0,45.0,0,1,0
91,23.0,1.0,19.0,5.0,1,49.0,4.0,12.0,1,1,0
8216,35.0,1.0,22.0,3.0,1,49.0,13.0,40.0,1,1,1
4920,43.0,4.0,21.0,4.0,0,49.0,7.0,20.0,0,1,0
4218,22.0,1.0,19.0,5.0,0,49.0,10.0,40.0,1,1,1
5830,25.0,6.0,22.0,1.0,0,56.0,1.0,45.0,1,1,1
1324,21.0,1.0,21.0,5.0,2,4.0,2.0,40.0,0,1,0
1529,20.0,1.0,21.0,5.0,1,49.0,2.0,8.0,0,1,0
7199,68.0,1.0,21.0,1.0,0,49.0,0.0,40.0,1,1,1
7742,57.0,1.0,21.0,1.0,3,49.0,1.0,40.0,1,1,1
10253,40.0,1.0,19.0,1.0,0,110.0,0.0,40.0,0,1,1
11578,60.0,1.0,17.0,1.0,3,49.0,0.0,40.0,1,1,1
10032,46.0,1.0,22.0,3.0,0,49.0,0.0,50.0,0,1,1
6046,30.0,3.0,19.0,1.0,0,49.0,1.0,30.0,0,1,0
6532,60.0,6.0,16.0,1.0,3,49.0,0.0,70.0,1,1,1
7933,74.0,5.0,21.0,1.0,-1,49.0,17.0,45.0,1,1,1
504,43.0,7.0,16.0,1.0,2,49.0,0.0,40.0,1,1,1
5349,44.0,1.0,18.0,1.0,2,8.0,0.0,30.0,1,1,0
7341,21.0,1.0,20.0,5.0,2,49.0,2.0,20.0,0,1,0
5483,72.0,1.0,20.0,1.0,2,372.0,0.0,45.0,1,1,1
11691,26.0,1.0,16.0,5.0,1,49.0,0.0,28.0,0,1,0
12279,58.0,4.0,17.0,1.0,0,42.0,0.0,40.0,1,1,1
1516,35.0,1.0,19.0,1.0,2,49.0,1.0,30.0,0,1,0
12777,59.0,1.0,14.0,1.0,1,49.0,0.0,40.0,1,1,1
4015,34.0,1.0,18.0,1.0,3,29.0,0.0,40.0,1,1,1
2996,26.0,2.0,21.0,1.0,2,6.0,1.0,40.0,1,1,0
12541,39.0,4.0,21.0,1.0,0,49.0,1.0,45.0,0,1,1
8936,41.0,1.0,22.0,1.0,0,49.0,0.0,40.0,1,1,1
8455,38.0,1.0,21.0,1.0,0,49.0,1.0,40.0,1,1,1
7122,51.0,1.0,24.0,1.0,0,49.0,0.0,40.0,0,1,1
944,31.0,6.0,16.0,1.0,4,49.0,1.0,40.0,1,0,0
10966,32.0,1.0,22.0,1.0,0,49.0,0.0,60.0,1,1,1
4662,42.0,1.0,20.0,5.0,0,12.0,0.0,50.0,1,1,1
7605,17.0,1.0,17.0,5.0,2,313.0,5.0,10.0,1,0,0
4467,34.0,1.0,16.0,1.0,3,35.0,0.0,50.0,1,1,1
6411,18.0,1.0,20.0,5.0,1,16.0,2.0,40.0,1,1,0
853,37.0,1.0,19.0,3.0,4,48.0,0.0,40.0,1,1,1
5219,61.0,1.0,16.0,1.0,1,42.0,0.0,12.0,0,1,0
11346,39.0,1.0,14.0,1.0,3,8.0,1.0,6.0,0,1,0
8167,60.0,1.0,18.0,1.0,1,56.0,1.0,5.0,0,1,0
8070,36.0,1.0,21.0,1.0,0,49.0,0.0,60.0,1,1,0
7721,35.0,3.0,20.0,1.0,1,49.0,1.0,20.0,0,1,0
8519,53.0,4.0,21.0,1.0,1,49.0,1.0,8.0,0,0,0
11785,66.0,1.0,17.0,1.0,3,6.0,1.0,40.0,1,1,0
11293,25.0,8.0,19.0,4.0,0,49.0,12.0,22.0,0,1,0
8594,59.0,1.0,19.0,1.0,2,13.0,1.0,45.0,0,1,1
8170,25.0,1.0,18.0,1.0,0,49.0,0.0,20.0,0,1,0
7056,23.0,1.0,21.0,5.0,2,49.0,17.0,40.0,0,1,0
6520,54.0,1.0,22.0,1.0,0,42.0,0.0,40.0,1,1,1
257,35.0,1.0,16.0,1.0,2,47.0,0.0,40.0,1,1,1
5202,29.0,6.0,16.0,1.0,1,49.0,0.0,40.0,1,1,0
5490,47.0,1.0,19.0,3.0,0,12.0,0.0,42.0,1,1,1
711,18.0,1.0,14.0,5.0,1,53.0,2.0,50.0,1,1,0
5764,62.0,1.0,21.0,1.0,2,49.0,0.0,40.0,1,1,1
9311,32.0,2.0,17.0,5.0,1,26.0,0.0,25.0,0,1,0
6975,34.0,2.0,18.0,1.0,0,18.0,0.0,30.0,0,1,0
10341,47.0,1.0,21.0,1.0,2,49.0,1.0,40.0,1,1,1
3179,18.0,1.0,16.0,5.0,1,49.0,2.0,40.0,1,1,0
10517,60.0,1.0,21.0,1.0,0,56.0,1.0,45.0,0,1,1
2120,17.0,1.0,21.0,5.0,0,6.0,17.0,96.0,0,1,0
8321,38.0,4.0,21.0,5.0,0,49.0,0.0,20.0,0,1,1
11593,26.0,1.0,16.0,5.0,3,49.0,13.0,55.0,1,1,1
11911,23.0,1.0,16.0,5.0,4,49.0,13.0,40.0,1,1,0
6680,22.0,1.0,9.0,5.0,4,49.0,17.0,40.0,0,0,0
10412,37.0,1.0,21.0,5.0,0,49.0,0.0,40.0,0,1,1
8069,29.0,1.0,22.0,1.0,0,12.0,0.0,45.0,0,1,1
5283,26.0,1.0,21.0,5.0,0,49.0,0.0,40.0,1,1,1
6403,40.0,2.0,21.0,3.0,0,42.0,2.0,40.0,0,1,0
7313,76.0,3.0,21.0,1.0,0,49.0,1.0,45.0,0,1,1
494,36.0,1.0,19.0,5.0,4,303.0,0.0,32.0,0,0,0
12882,34.0,1.0,16.0,1.0,4,49.0,0.0,27.0,0,1,0
2647,67.0,1.0,21.0,1.0,2,49.0,0.0,40.0,0,1,0
5843,43.0,1.0,21.0,1.0,0,6.0,0.0,50.0,1,0,1
7190,38.0,2.0,21.0,1.0,0,49.0,1.0,40.0,0,1,1
7068,56.0,1.0,19.0,5.0,4,314.0,5.0,10.0,0,1,0
7206,18.0,1.0,16.0,5.0,1,6.0,2.0,15.0,0,1,0
8815,21.0,1.0,18.0,5.0,4,49.0,13.0,40.0,0,1,0
8858,42.0,1.0,21.0,1.0,2,49.0,0.0,40.0,0,1,0
7780,56.0,6.0,16.0,1.0,2,32.0,1.0,35.0,0,1,0
12054,21.0,1.0,19.0,5.0,4,49.0,0.0,5.0,0,1,0
3438,68.0,1.0,22.0,1.0,0,6.0,1.0,40.0,1,1,1
5361,75.0,1.0,16.0,1.0,4,49.0,0.0,5.0,1,1,0
8599,48.0,1.0,20.0,1.0,0,49.0,0.0,40.0,0,1,1
8549,17.0,1.0,14.0,5.0,1,6.0,17.0,20.0,0,0,0
3584,19.0,1.0,21.0,1.0,0,4.0,0.0,60.0,1,1,0
6842,38.0,1.0,19.0,1.0,2,49.0,10.0,45.0,1,1,1
2507,60.0,7.0,19.0,1.0,1,49.0,0.0,40.0,1,1,0
2285,19.0,1.0,16.0,5.0,2,49.0,2.0,24.0,0,1,0
2419,40.0,1.0,19.0,5.0,1,49.0,2.0,45.0,0,1,1
2487,53.0,1.0,21.0,1.0,4,49.0,0.0,42.0,0,1,1
10692,51.0,1.0,21.0,1.0,0,49.0,0.0,40.0,1,1,1
5212,34.0,1.0,16.0,5.0,2,49.0,2.0,85.0,1,1,0
6084,23.0,1.0,16.0,5.0,2,49.0,2.0,45.0,1,1,0
405,48.0,1.0,19.0,1.0,-1,49.0,1.0,40.0,1,1,1
66,54.0,1.0,19.0,1.0,0,49.0,1.0,20.0,1,1,0
7572,52.0,1.0,21.0,1.0,0,40.0,10.0,60.0,1,1,1
1246,36.0,1.0,21.0,1.0,1,49.0,1.0,45.0,0,1,1
5459,35.0,1.0,21.0,3.0,0,205.0,0.0,40.0,0,1,1
7536,26.0,6.0,19.0,1.0,2,39.0,0.0,30.0,0,1,0
3765,43.0,6.0,21.0,1.0,0,49.0,2.0,50.0,1,1,1
12025,45.0,1.0,21.0,1.0,4,32.0,1.0,40.0,1,1,1
935,32.0,7.0,21.0,1.0,-1,49.0,1.0,10.0,1,1,1
2217,29.0,1.0,18.0,5.0,4,16.0,2.0,40.0,1,1,0
27,38.0,1.0,18.0,1.0,2,26.0,0.0,35.0,0,1,0
10880,44.0,4.0,21.0,1.0,0,45.0,0.0,3.0,0,1,1
4606,17.0,1.0,18.0,5.0,2,106.0,12.0,10.0,0,1,0
11855,63.0,1.0,20.0,1.0,3,16.0,0.0,40.0,1,1,1
6367,36.0,2.0,21.0,1.0,0,6.0,1.0,40.0,0,1,0
4321,40.0,3.0,21.0,1.0,2,49.0,0.0,40.0,1,1,1
7694,48.0,6.0,21.0,1.0,0,49.0,0.0,48.0,1,1,1
2534,41.0,1.0,19.0,3.0,4,247.0,2.0,40.0,0,1,0
7019,17.0,1.0,16.0,5.0,3,6.0,2.0,38.0,1,1,0
1063,26.0,1.0,19.0,1.0,4,49.0,1.0,28.0,1,1,0
4432,17.0,2.0,19.0,5.0,1,49.0,2.0,38.0,1,1,0
4149,62.0,1.0,21.0,1.0,0,49.0,0.0,40.0,1,1,1
8939,45.0,1.0,16.0,1.0,3,6.0,1.0,6.0,1,1,0
7067,43.0,1.0,19.0,1.0,3,53.0,1.0,50.0,1,1,1
12068,31.0,1.0,20.0,1.0,2,39.0,1.0,40.0,0,1,1
11617,40.0,1.0,18.0,3.0,1,49.0,0.0,60.0,1,1,1
4851,35.0,1.0,16.0,1.0,0,6.0,1.0,50.0,1,1,1
11636,27.0,1.0,14.0,5.0,1,6.0,17.0,15.0,0,0,0
8107,40.0,1.0,16.0,5.0,3,132.0,17.0,40.0,1,1,1
6091,33.0,1.0,19.0,5.0,0,49.0,17.0,38.0,1,1,1
5780,46.0,2.0,16.0,1.0,1,47.0,9.0,40.0,0,1,1
8366,46.0,1.0,18.0,5.0,4,49.0,0.0,99.0,1,1,1
2425,37.0,4.0,21.0,1.0,4,49.0,0.0,40.0,1,1,0
6165,17.0,1.0,17.0,5.0,3,209.0,0.0,40.0,1,0,0
7181,18.0,4.0,16.0,5.0,4,6.0,2.0,40.0,1,1,0
10694,52.0,6.0,22.0,1.0,0,16.0,0.0,40.0,1,1,1
7857,24.0,1.0,19.0,5.0,1,6.0,2.0,24.0,0,1,0
6011,73.0,1.0,16.0,2.0,0,49.0,0.0,10.0,0,1,0
6910,36.0,2.0,19.0,1.0,1,6.0,1.0,60.0,1,0,1
2014,43.0,4.0,15.0,5.0,0,209.0,2.0,45.0,0,0,1
4349,53.0,4.0,19.0,1.0,0,314.0,1.0,50.0,0,1,1
12645,24.0,1.0,21.0,5.0,0,205.0,0.0,65.0,1,0,1
10066,57.0,7.0,19.0,1.0,1,6.0,1.0,60.0,0,1,1
6818,19.0,1.0,18.0,5.0,1,242.0,0.0,50.0,1,0,0
11124,25.0,1.0,20.0,1.0,0,25.0,0.0,15.0,0,1,0
187,64.0,1.0,17.0,1.0,2,49.0,1.0,30.0,0,1,0
1000,60.0,6.0,19.0,1.0,2,49.0,0.0,40.0,1,1,0
5027,44.0,4.0,21.0,1.0,0,49.0,0.0,50.0,0,1,0
3965,45.0,1.0,23.0,1.0,0,49.0,1.0,45.0,0,1,1
3842,50.0,4.0,21.0,1.0,0,49.0,0.0,50.0,1,1,1
3570,30.0,1.0,21.0,1.0,0,49.0,0.0,40.0,1,1,1
2031,25.0,1.0,16.0,3.0,2,56.0,0.0,40.0,0,1,0
6446,48.0,1.0,18.0,1.0,2,49.0,1.0,55.0,1,1,1
1741,18.0,1.0,14.0,5.0,2,49.0,15.0,30.0,1,1,0
3058,30.0,1.0,16.0,1.0,2,55.0,1.0,40.0,0,1,0
7084,46.0,4.0,22.0,1.0,0,55.0,1.0,50.0,1,1,1
3496,27.0,1.0,16.0,4.0,2,49.0,2.0,20.0,0,1,0
2069,53.0,1.0,16.0,2.0,1,49.0,16.0,50.0,0,1,0
3382,46.0,1.0,21.0,1.0,2,16.0,1.0,55.0,1,1,0
1535,32.0,1.0,16.0,5.0,2,6.0,2.0,50.0,1,1,0
11497,37.0,3.0,20.0,1.0,0,49.0,1.0,40.0,1,1,1
3205,31.0,1.0,19.0,1.0,0,6.0,1.0,40.0,1,1,1
2254,37.0,7.0,23.0,1.0,0,49.0,0.0,40.0,1,1,1
12783,54.0,1.0,21.0,1.0,1,28.0,1.0,40.0,0,1,0
10886,59.0,1.0,16.0,1.0,2,303.0,0.0,20.0,0,0,0
8588,39.0,6.0,22.0,2.0,0,6.0,0.0,44.0,0,1,1
9468,55.0,1.0,17.0,1.0,3,6.0,1.0,40.0,1,1,1
8844,68.0,1.0,16.0,5.0,0,49.0,13.0,50.0,1,1,1
3485,56.0,2.0,16.0,1.0,1,211.0,0.0,38.0,0,0,0
6513,33.0,1.0,20.0,5.0,0,49.0,11.0,50.0,0,1,1
7348,54.0,1.0,24.0,1.0,0,49.0,0.0,50.0,1,1,1
311,22.0,1.0,16.0,5.0,1,303.0,2.0,36.0,0,1,0
7638,56.0,1.0,21.0,1.0,0,49.0,1.0,85.0,1,1,1
3427,54.0,1.0,16.0,1.0,1,4.0,0.0,6.0,0,1,0
2100,32.0,3.0,18.0,1.0,2,49.0,1.0,30.0,0,1,0
400,50.0,3.0,19.0,1.0,4,49.0,1.0,35.0,0,1,0
226,47.0,1.0,19.0,3.0,3,49.0,0.0,27.0,0,1,0
12633,23.0,1.0,19.0,5.0,0,49.0,0.0,40.0,1,1,1
4113,38.0,1.0,22.0,1.0,0,215.0,0.0,40.0,1,1,1
829,21.0,6.0,23.0,5.0,0,49.0,0.0,30.0,0,1,0
7789,56.0,1.0,18.0,3.0,2,16.0,0.0,60.0,0,1,1
1052,35.0,1.0,21.0,5.0,0,53.0,0.0,50.0,1,1,1
2216,69.0,2.0,22.0,1.0,0,49.0,0.0,40.0,1,1,1
5595,20.0,4.0,21.0,5.0,0,6.0,10.0,50.0,0,0,0
8323,24.0,1.0,22.0,1.0,0,49.0,0.0,40.0,1,1,1
3923,47.0,6.0,16.0,1.0,4,8.0,1.0,46.0,1,1,1
7939,26.0,1.0,20.0,1.0,4,49.0,2.0,50.0,1,1,0
6551,18.0,1.0,18.0,5.0,0,6.0,2.0,10.0,1,1,0
7913,52.0,1.0,20.0,1.0,2,49.0,1.0,20.0,0,1,0
1737,34.0,1.0,16.0,1.0,4,370.0,1.0,45.0,1,1,1
9918,43.0,1.0,19.0,1.0,0,49.0,1.0,60.0,1,1,1
4016,59.0,1.0,16.0,1.0,4,25.0,0.0,55.0,1,1,1
3985,46.0,4.0,21.0,1.0,0,508.0,0.0,10.0,0,1,0
5044,64.0,2.0,21.0,3.0,0,6.0,0.0,50.0,0,1,1
12759,31.0,7.0,21.0,1.0,0,49.0,0.0,60.0,1,1,1
6414,40.0,1.0,18.0,1.0,0,49.0,9.0,30.0,0,1,0
11742,67.0,1.0,16.0,1.0,3,49.0,0.0,45.0,1,1,1
5910,75.0,4.0,16.0,3.0,2,49.0,0.0,40.0,0,1,0
10324,26.0,1.0,21.0,5.0,1,31.0,2.0,40.0,0,0,0
12449,35.0,2.0,19.0,3.0,0,49.0,0.0,33.0,0,1,0
450,24.0,1.0,20.0,1.0,1,49.0,1.0,50.0,0,1,0
11355,33.0,1.0,21.0,1.0,0,49.0,1.0,20.0,0,1,0
2352,43.0,3.0,22.0,1.0,1,49.0,1.0,42.0,0,1,1
8575,46.0,1.0,23.0,1.0,0,16.0,1.0,40.0,1,1,1
764,44.0,1.0,16.0,1.0,1,49.0,0.0,38.0,0,0,0
1845,32.0,1.0,22.0,1.0,0,49.0,0.0,45.0,1,1,1
547,57.0,1.0,20.0,1.0,4,49.0,0.0,60.0,1,1,1
6279,29.0,1.0,21.0,5.0,0,36.0,0.0,40.0,0,1,1
12505,55.0,1.0,22.0,1.0,0,32.0,1.0,40.0,0,1,1
9594,25.0,1.0,19.0,3.0,1,49.0,0.0,40.0,0,1,1
1999,39.0,3.0,22.0,1.0,0,49.0,1.0,24.0,0,1,0
3868,22.0,1.0,19.0,5.0,0,60.0,0.0,30.0,0,0,0
3932,58.0,1.0,21.0,1.0,1,36.0,9.0,60.0,1,1,1
4495,66.0,1.0,18.0,1.0,1,49.0,0.0,40.0,0,1,0
2871,18.0,1.0,21.0,5.0,0,49.0,0.0,25.0,0,1,0
11994,25.0,1.0,19.0,5.0,1,49.0,2.0,35.0,0,1,0
6893,86.0,1.0,22.0,2.0,-1,301.0,4.0,25.0,1,1,0
12249,53.0,1.0,22.0,1.0,0,440.0,0.0,50.0,0,0,1
1617,87.0,1.0,7.0,1.0,1,26.0,2.0,30.0,1,1,1
4748,20.0,1.0,21.0,1.0,1,49.0,1.0,40.0,0,1,0
13028,37.0,5.0,21.0,3.0,0,51.0,0.0,55.0,1,1,1
1013,55.0,5.0,20.0,1.0,0,49.0,0.0,8.0,0,1,0
9809,52.0,1.0,21.0,1.0,0,49.0,0.0,40.0,1,1,1
4866,19.0,1.0,20.0,5.0,1,110.0,12.0,40.0,0,1,0
9085,67.0,1.0,19.0,1.0,2,53.0,1.0,30.0,0,1,1
6931,20.0,1.0,21.0,5.0,0,49.0,2.0,20.0,1,1,0
8180,27.0,1.0,15.0,1.0,1,49.0,0.0,40.0,1,1,0
1039,35.0,1.0,16.0,1.0,1,6.0,1.0,60.0,0,1,1
688,43.0,1.0,18.0,1.0,2,8.0,1.0,20.0,1,1,0
3843,42.0,1.0,19.0,1.0,1,49.0,1.0,40.0,0,1,1
11638,29.0,1.0,16.0,5.0,1,215.0,0.0,45.0,1,1,1
11237,24.0,1.0,19.0,1.0,2,303.0,0.0,43.0,1,1,1
2024,50.0,1.0,16.0,1.0,4,49.0,1.0,50.0,1,1,1
12883,30.0,1.0,17.0,3.0,2,49.0,2.0,46.0,1,1,0
10686,63.0,3.0,19.0,1.0,1,16.0,1.0,15.0,0,1,0
8530,27.0,1.0,18.0,4.0,2,49.0,9.0,9.0,1,1,0
5377,64.0,1.0,19.0,1.0,2,128.0,6.0,40.0,0,1,0
2044,41.0,1.0,16.0,1.0,1,49.0,1.0,40.0,1,1,0
8566,38.0,3.0,16.0,1.0,0,303.0,1.0,38.0,0,0,1
8664,34.0,2.0,22.0,1.0,0,49.0,9.0,20.0,0,1,0
5366,51.0,1.0,19.0,1.0,3,51.0,0.0,30.0,1,1,1
9837,42.0,4.0,22.0,1.0,0,49.0,1.0,46.0,1,1,1
975,51.0,1.0,20.0,1.0,2,16.0,0.0,40.0,1,1,1
3920,38.0,1.0,19.0,1.0,4,233.0,0.0,40.0,1,0,1
205,66.0,1.0,21.0,1.0,0,48.0,0.0,40.0,1,1,1
6124,49.0,1.0,16.0,1.0,3,49.0,1.0,45.0,1,1,1
5615,55.0,1.0,16.0,1.0,0,6.0,1.0,21.0,1,1,1
4148,22.0,1.0,20.0,1.0,0,51.0,0.0,40.0,0,1,0
1435,20.0,1.0,7.0,5.0,1,49.0,0.0,40.0,1,1,0
6729,44.0,1.0,18.0,1.0,4,49.0,0.0,35.0,1,1,1
5096,54.0,1.0,19.0,3.0,1,49.0,0.0,33.0,0,1,0
6558,46.0,3.0,20.0,1.0,0,6.0,0.0,40.0,0,1,1
1160,35.0,2.0,22.0,1.0,0,303.0,1.0,50.0,1,1,1
12872,62.0,7.0,16.0,1.0,3,49.0,0.0,4.0,1,1,0
11001,52.0,1.0,21.0,5.0,0,49.0,17.0,40.0,1,1,1
2521,20.0,1.0,19.0,5.0,2,8.0,0.0,38.0,0,1,0
3676,67.0,3.0,21.0,1.0,0,148.0,1.0,40.0,0,1,1
997,47.0,1.0,21.0,1.0,4,49.0,0.0,50.0,1,1,1
9091,44.0,1.0,18.0,3.0,0,18.0,0.0,40.0,0,1,1
11569,47.0,2.0,19.0,1.0,0,49.0,0.0,40.0,1,1,1
2680,46.0,6.0,20.0,1.0,4,18.0,0.0,32.0,0,1,1
11180,34.0,1.0,18.0,5.0,0,17.0,13.0,45.0,0,1,1
7179,27.0,2.0,21.0,1.0,0,49.0,0.0,40.0,1,1,1
7534,59.0,1.0,21.0,5.0,2,49.0,13.0,55.0,1,1,1
4478,57.0,1.0,20.0,1.0,0,49.0,1.0,40.0,0,1,0
9600,55.0,1.0,19.0,1.0,2,6.0,1.0,40.0,1,1,1
1774,31.0,1.0,21.0,5.0,2,49.0,13.0,50.0,0,1,1
7727,56.0,1.0,18.0,5.0,3,49.0,0.0,40.0,1,1,0
2155,26.0,4.0,21.0,1.0,0,4.0,1.0,40.0,0,1,1
5660,40.0,1.0,19.0,3.0,4,49.0,0.0,24.0,0,1,0
8899,31.0,6.0,20.0,1.0,1,8.0,0.0,40.0,1,1,0
6177,33.0,1.0,19.0,5.0,0,49.0,12.0,15.0,0,1,0
6114,31.0,1.0,20.0,1.0,2,49.0,17.0,20.0,0,1,0
9157,25.0,1.0,20.0,5.0,0,49.0,12.0,40.0,1,1,1
11296,42.0,7.0,21.0,3.0,0,49.0,0.0,40.0,1,1,1
3710,55.0,1.0,17.0,3.0,2,49.0,2.0,24.0,0,1,0
3219,20.0,1.0,21.0,5.0,0,49.0,17.0,32.0,0,1,0
409,29.0,6.0,20.0,1.0,2,53.0,0.0,40.0,0,1,0
10890,27.0,7.0,19.0,1.0,3,6.0,0.0,45.0,1,1,0
7944,51.0,1.0,20.0,1.0,3,49.0,1.0,50.0,1,1,1
3262,60.0,6.0,20.0,1.0,4,440.0,1.0,21.0,0,0,0
8178,73.0,1.0,20.0,2.0,4,49.0,0.0,35.0,1,1,1
3264,26.0,1.0,16.0,3.0,2,49.0,0.0,45.0,1,1,0
9127,20.0,1.0,19.0,1.0,1,45.0,0.0,6.0,0,1,0
7574,55.0,1.0,18.0,3.0,1,49.0,13.0,40.0,0,1,0
12743,18.0,1.0,16.0,5.0,3,49.0,2.0,20.0,1,1,0
12833,56.0,1.0,21.0,3.0,2,49.0,0.0,40.0,0,1,0
10148,20.0,1.0,18.0,5.0,2,49.0,0.0,35.0,1,1,0
7836,41.0,1.0,19.0,3.0,2,48.0,0.0,4.0,0,1,0
5376,55.0,3.0,21.0,1.0,0,6.0,0.0,40.0,1,1,1
2222,24.0,3.0,18.0,1.0,0,27.0,1.0,40.0,1,1,1
6921,32.0,1.0,22.0,1.0,0,49.0,0.0,10.0,0,1,0
12029,58.0,5.0,21.0,1.0,2,49.0,0.0,30.0,0,0,1
12341,35.0,1.0,22.0,1.0,0,120.0,0.0,50.0,1,0,1
9599,25.0,1.0,18.0,5.0,1,214.0,2.0,32.0,0,0,0
12380,35.0,2.0,21.0,1.0,0,49.0,0.0,40.0,1,1,1
7099,40.0,1.0,21.0,1.0,0,49.0,1.0,12.0,0,1,0
10551,41.0,1.0,21.0,3.0,0,132.0,13.0,42.0,0,1,1
5253,56.0,1.0,16.0,1.0,2,49.0,0.0,50.0,0,1,1
9244,45.0,2.0,22.0,1.0,0,49.0,1.0,65.0,1,1,1
10282,31.0,1.0,21.0,5.0,0,128.0,0.0,45.0,1,1,1
7546,39.0,1.0,14.0,1.0,2,49.0,1.0,35.0,0,1,0
11191,36.0,1.0,19.0,1.0,2,49.0,0.0,40.0,1,1,1
9094,22.0,1.0,20.0,5.0,3,20.0,0.0,50.0,1,0,1
12579,42.0,2.0,21.0,1.0,0,49.0,0.0,45.0,1,1,1
6485,58.0,1.0,21.0,3.0,0,16.0,0.0,65.0,1,1,1
4171,18.0,1.0,16.0,5.0,1,421.0,0.0,29.0,0,0,0
11772,39.0,1.0,22.0,3.0,0,49.0,0.0,49.0,0,1,1
3638,47.0,1.0,20.0,1.0,1,41.0,1.0,40.0,0,0,1
7156,19.0,6.0,16.0,5.0,1,49.0,2.0,30.0,1,1,0
249,20.0,1.0,19.0,5.0,4,49.0,17.0,40.0,1,1,0
11724,18.0,1.0,19.0,5.0,2,49.0,12.0,30.0,0,1,0
6173,55.0,7.0,16.0,1.0,3,49.0,0.0,40.0,1,1,1
11307,18.0,1.0,11.0,5.0,3,6.0,2.0,20.0,1,0,0
7298,50.0,1.0,23.0,1.0,0,49.0,0.0,45.0,1,1,1
12208,39.0,1.0,18.0,3.0,4,440.0,0.0,40.0,1,1,1
723,76.0,5.0,22.0,1.0,0,49.0,0.0,10.0,1,1,1
3642,30.0,8.0,20.0,1.0,3,303.0,1.0,8.0,0,0,0
2071,48.0,5.0,20.0,1.0,0,49.0,1.0,40.0,1,1,0
3245,59.0,1.0,20.0,1.0,1,49.0,1.0,35.0,1,1,1
3469,48.0,3.0,22.0,1.0,0,6.0,0.0,40.0,0,1,1
962,32.0,2.0,20.0,1.0,4,45.0,0.0,50.0,1,0,1
8710,60.0,5.0,16.0,1.0,2,6.0,0.0,40.0,1,1,0
1095,29.0,1.0,20.0,5.0,0,49.0,12.0,50.0,0,1,0
1491,32.0,2.0,18.0,5.0,1,49.0,5.0,40.0,1,1,1
4419,53.0,1.0,20.0,1.0,0,49.0,1.0,65.0,1,1,1
6788,53.0,6.0,15.0,3.0,4,49.0,2.0,36.0,0,1,0
10322,29.0,1.0,19.0,1.0,3,49.0,1.0,50.0,1,1,1
355,17.0,1.0,16.0,5.0,2,49.0,2.0,6.0,1,1,0
649,31.0,2.0,22.0,1.0,0,49.0,0.0,40.0,0,1,1
10460,17.0,1.0,19.0,5.0,1,49.0,2.0,40.0,1,1,0
5841,32.0,6.0,20.0,1.0,1,6.0,0.0,15.0,0,1,0
4312,23.0,3.0,19.0,5.0,3,49.0,2.0,40.0,1,1,0
6250,61.0,1.0,20.0,3.0,2,49.0,0.0,10.0,0,1,0
5608,48.0,1.0,19.0,1.0,2,49.0,1.0,40.0,0,1,0
7146,17.0,1.0,19.0,5.0,1,233.0,2.0,20.0,0,0,0
11927,52.0,1.0,21.0,1.0,0,303.0,1.0,32.0,0,0,0
4006,58.0,5.0,20.0,1.0,1,49.0,9.0,20.0,1,1,0
8449,39.0,1.0,16.0,1.0,2,6.0,1.0,40.0,0,0,1
6434,28.0,4.0,22.0,1.0,0,303.0,1.0,65.0,1,1,1
10861,49.0,1.0,21.0,1.0,2,49.0,0.0,30.0,1,1,1
10656,17.0,1.0,16.0,5.0,0,49.0,2.0,24.0,1,1,0
7362,70.0,3.0,21.0,1.0,0,6.0,0.0,48.0,1,1,1
513,35.0,1.0,21.0,1.0,3,49.0,0.0,60.0,1,1,1
12151,31.0,1.0,20.0,1.0,3,49.0,0.0,5.0,1,1,0
2982,43.0,5.0,19.0,1.0,2,6.0,0.0,40.0,1,1,1
7399,33.0,1.0,20.0,1.0,0,30.0,1.0,47.0,1,1,1
2632,42.0,5.0,16.0,1.0,4,49.0,1.0,40.0,0,1,0
8955,29.0,1.0,13.0,5.0,4,49.0,5.0,9.0,1,1,0
1270,26.0,1.0,14.0,5.0,1,508.0,0.0,50.0,1,0,1
10114,22.0,1.0,16.0,5.0,4,49.0,0.0,40.0,1,1,1
5101,38.0,2.0,21.0,1.0,0,49.0,0.0,35.0,0,1,1
2224,41.0,1.0,20.0,1.0,2,49.0,0.0,50.0,1,1,1
8001,52.0,1.0,20.0,3.0,4,49.0,0.0,50.0,0,0,1
4592,19.0,1.0,23.0,4.0,0,39.0,0.0,40.0,0,1,0
5591,30.0,1.0,21.0,1.0,0,49.0,0.0,50.0,0,1,1
5894,28.0,1.0,16.0,1.0,3,49.0,0.0,25.0,1,1,0
4224,69.0,4.0,24.0,1.0,0,41.0,1.0,40.0,0,0,1
10488,42.0,1.0,16.0,1.0,0,49.0,0.0,32.0,1,1,0
4,18.0,1.0,16.0,5.0,2,6.0,17.0,25.0,1,1,0
7102,33.0,1.0,18.0,1.0,1,6.0,0.0,20.0,0,0,0
2143,54.0,3.0,22.0,1.0,0,49.0,1.0,15.0,0,1,0
1255,41.0,1.0,21.0,1.0,2,8.0,1.0,40.0,0,1,0
7461,17.0,1.0,18.0,5.0,2,49.0,2.0,40.0,1,1,0
6900,32.0,1.0,16.0,1.0,3,49.0,1.0,40.0,1,1,1
5329,65.0,4.0,22.0,5.0,0,49.0,0.0,40.0,1,1,1
11373,34.0,1.0,21.0,3.0,2,49.0,0.0,40.0,0,1,0
4991,41.0,7.0,22.0,1.0,1,49.0,0.0,40.0,1,1,0
11004,25.0,3.0,18.0,5.0,1,49.0,2.0,8.0,1,1,0
11882,48.0,1.0,21.0,3.0,0,448.0,13.0,55.0,1,1,1
11663,24.0,1.0,18.0,5.0,1,49.0,0.0,18.0,0,1,0
7785,36.0,1.0,19.0,5.0,2,6.0,17.0,40.0,0,1,0
6581,26.0,4.0,21.0,1.0,0,49.0,1.0,20.0,0,1,0
2274,41.0,1.0,16.0,1.0,1,6.0,0.0,40.0,0,1,0
1256,23.0,1.0,18.0,5.0,2,6.0,5.0,35.0,1,1,1
1043,45.0,1.0,12.0,1.0,1,16.0,1.0,40.0,0,1,0
7288,51.0,4.0,16.0,1.0,2,49.0,1.0,40.0,0,1,0
4313,36.0,7.0,21.0,1.0,-1,49.0,0.0,40.0,1,1,1
5932,58.0,2.0,21.0,1.0,0,49.0,1.0,45.0,1,1,1
3916,48.0,2.0,22.0,1.0,0,203.0,0.0,45.0,1,0,1
10607,24.0,1.0,19.0,5.0,2,49.0,0.0,20.0,0,1,0
1880,47.0,7.0,16.0,3.0,3,41.0,0.0,32.0,1,1,0
10165,60.0,1.0,15.0,1.0,4,49.0,9.0,48.0,1,1,1
4433,28.0,1.0,18.0,1.0,2,49.0,0.0,20.0,1,1,0
719,26.0,1.0,18.0,5.0,3,127.0,5.0,20.0,1,1,0
7755,24.0,1.0,19.0,1.0,1,49.0,0.0,25.0,1,1,0
7758,29.0,1.0,22.0,5.0,0,49.0,0.0,60.0,1,1,1
10593,19.0,2.0,19.0,5.0,0,49.0,0.0,30.0,0,1,0
12040,28.0,6.0,16.0,1.0,4,49.0,9.0,40.0,1,1,1
4560,66.0,1.0,18.0,1.0,1,49.0,1.0,40.0,0,1,1
2228,54.0,1.0,22.0,1.0,0,42.0,1.0,50.0,1,1,1
7597,23.0,1.0,7.0,5.0,1,16.0,2.0,15.0,1,1,0
4550,55.0,1.0,20.0,1.0,1,16.0,0.0,8.0,0,1,0
1799,18.0,1.0,16.0,5.0,4,6.0,2.0,55.0,1,0,0
12528,24.0,1.0,24.0,5.0,0,16.0,2.0,40.0,1,1,1
6577,53.0,1.0,19.0,1.0,0,42.0,0.0,40.0,1,1,1
5480,59.0,6.0,21.0,1.0,0,49.0,0.0,60.0,1,1,1
12806,54.0,1.0,19.0,1.0,4,49.0,1.0,8.0,0,1,0
9291,21.0,1.0,21.0,5.0,0,49.0,2.0,20.0,1,1,0
9092,24.0,1.0,19.0,5.0,3,49.0,12.0,48.0,1,1,0
5959,43.0,1.0,20.0,1.0,1,31.0,1.0,9.0,0,1,0
9658,37.0,3.0,22.0,1.0,0,32.0,0.0,42.0,0,1,1
8314,40.0,1.0,17.0,1.0,0,49.0,0.0,16.0,0,1,1
3724,29.0,5.0,19.0,1.0,0,49.0,0.0,32.0,1,1,1
5566,67.0,3.0,19.0,1.0,1,4.0,0.0,20.0,0,1,0
8114,37.0,1.0,16.0,1.0,4,49.0,9.0,10.0,1,1,0
7286,65.0,1.0,22.0,1.0,2,12.0,0.0,50.0,1,1,1
9786,43.0,2.0,21.0,1.0,0,6.0,1.0,38.0,1,1,1
9384,21.0,1.0,19.0,5.0,0,49.0,17.0,60.0,0,1,0
4675,46.0,1.0,19.0,5.0,2,49.0,12.0,15.0,0,0,0
8125,20.0,1.0,16.0,5.0,1,36.0,0.0,40.0,0,1,0
12550,57.0,1.0,20.0,1.0,0,49.0,0.0,40.0,1,1,0
6093,49.0,5.0,21.0,5.0,0,49.0,12.0,40.0,0,1,0
678,37.0,1.0,17.0,1.0,3,16.0,0.0,50.0,1,1,1
9031,53.0,1.0,18.0,3.0,2,49.0,2.0,50.0,0,1,1
12019,32.0,3.0,22.0,1.0,0,49.0,1.0,40.0,1,1,1
7095,40.0,1.0,16.0,1.0,3,49.0,0.0,40.0,1,1,1
3529,30.0,1.0,19.0,1.0,3,49.0,9.0,10.0,1,1,0
194,70.0,1.0,16.0,3.0,4,17.0,0.0,21.0,1,1,1
7882,42.0,2.0,19.0,3.0,2,38.0,2.0,35.0,0,1,0
4345,43.0,5.0,22.0,1.0,0,49.0,0.0,40.0,1,1,1
11331,63.0,1.0,21.0,5.0,1,412.0,0.0,30.0,0,1,1
5531,34.0,3.0,21.0,1.0,0,10.0,0.0,50.0,1,1,1
376,45.0,1.0,23.0,1.0,-1,25.0,0.0,60.0,1,1,1
795,41.0,1.0,18.0,1.0,4,37.0,1.0,40.0,1,1,1
2896,40.0,1.0,22.0,1.0,-1,49.0,0.0,35.0,0,1,1
8190,40.0,3.0,18.0,3.0,3,49.0,12.0,40.0,1,1,1
10823,48.0,3.0,16.0,1.0,1,162.0,1.0,40.0,0,0,0
1520,58.0,1.0,20.0,1.0,2,6.0,0.0,55.0,1,1,1
6728,26.0,6.0,16.0,1.0,4,53.0,0.0,10.0,1,1,0
11348,56.0,1.0,21.0,1.0,0,49.0,0.0,44.0,1,1,1
5091,70.0,8.0,16.0,4.0,2,49.0,2.0,40.0,0,1,0
4187,44.0,7.0,21.0,3.0,0,16.0,0.0,40.0,1,1,1
3547,21.0,1.0,21.0,5.0,0,49.0,2.0,40.0,1,1,0
6530,42.0,6.0,21.0,1.0,2,6.0,1.0,30.0,0,1,0
11226,33.0,1.0,19.0,5.0,1,6.0,2.0,20.0,1,1,0
99,22.0,2.0,19.0,1.0,0,49.0,17.0,40.0,1,1,0
1088,48.0,4.0,21.0,2.0,0,132.0,0.0,55.0,0,1,1
12627,42.0,1.0,18.0,1.0,4,49.0,1.0,25.0,0,1,0
8581,40.0,1.0,22.0,1.0,2,372.0,1.0,40.0,1,1,1
11393,23.0,1.0,16.0,5.0,3,49.0,2.0,40.0,1,1,0
9065,40.0,1.0,21.0,1.0,2,49.0,10.0,5.0,0,1,0
11918,25.0,1.0,21.0,1.0,0,49.0,0.0,40.0,1,1,1
12166,61.0,1.0,19.0,1.0,2,49.0,0.0,50.0,0,1,1
5831,42.0,1.0,23.0,1.0,0,448.0,0.0,55.0,0,1,1
1909,34.0,1.0,18.0,1.0,1,5.0,1.0,35.0,0,1,0
2779,45.0,1.0,20.0,1.0,2,49.0,1.0,40.0,1,1,0
6457,21.0,3.0,16.0,5.0,1,6.0,17.0,40.0,0,1,0
1518,20.0,1.0,19.0,5.0,0,25.0,2.0,40.0,0,1,0
3218,38.0,2.0,16.0,1.0,3,49.0,1.0,40.0,1,1,1
5749,22.0,1.0,9.0,5.0,3,162.0,2.0,27.0,0,0,0
3235,42.0,1.0,19.0,1.0,4,49.0,1.0,45.0,1,1,1
12518,46.0,3.0,20.0,1.0,0,49.0,0.0,50.0,0,1,1
11116,40.0,1.0,24.0,1.0,0,49.0,0.0,50.0,1,1,1
497,35.0,1.0,19.0,1.0,1,6.0,0.0,70.0,1,1,1
10422,26.0,1.0,23.0,1.0,0,49.0,0.0,40.0,1,1,1
10434,50.0,6.0,19.0,3.0,2,49.0,13.0,40.0,0,1,1
1967,48.0,6.0,22.0,1.0,0,49.0,0.0,27.0,0,1,0
8442,33.0,1.0,20.0,1.0,2,17.0,0.0,30.0,1,1,0
7072,31.0,1.0,21.0,1.0,0,6.0,0.0,40.0,1,1,1
6859,34.0,1.0,17.0,1.0,3,16.0,1.0,40.0,1,1,1
7777,37.0,1.0,21.0,1.0,2,49.0,0.0,40.0,0,1,1
7722,36.0,1.0,21.0,1.0,0,49.0,0.0,27.0,0,1,0
12021,33.0,3.0,16.0,5.0,0,303.0,0.0,11.0,1,0,1
1996,56.0,1.0,20.0,1.0,3,49.0,1.0,45.0,0,1,1
1773,70.0,4.0,24.0,4.0,0,49.0,9.0,40.0,1,1,1
8421,39.0,1.0,19.0,1.0,0,36.0,1.0,5.0,0,1,0
11702,76.0,1.0,22.0,1.0,0,49.0,0.0,40.0,1,1,1
2269,54.0,6.0,16.0,1.0,1,49.0,1.0,40.0,1,1,1
2173,52.0,1.0,18.0,1.0,2,49.0,0.0,45.0,1,1,1
9396,32.0,1.0,21.0,1.0,4,164.0,0.0,40.0,1,0,1
5192,17.0,2.0,13.0,5.0,1,41.0,0.0,18.0,1,0,0
10439,52.0,1.0,20.0,1.0,2,233.0,1.0,32.0,0,0,0
12803,32.0,1.0,16.0,5.0,3,37.0,2.0,75.0,1,1,1
821,25.0,1.0,15.0,5.0,4,49.0,2.0,30.0,1,1,0
11113,35.0,1.0,21.0,1.0,4,49.0,0.0,40.0,1,1,1
4775,42.0,1.0,22.0,1.0,2,16.0,0.0,40.0,1,1,1
11561,65.0,1.0,16.0,3.0,4,49.0,0.0,30.0,0,1,1
117,38.0,1.0,21.0,1.0,0,17.0,1.0,40.0,0,1,0
8349,25.0,1.0,20.0,5.0,1,49.0,2.0,35.0,0,1,0
12612,53.0,4.0,19.0,2.0,0,49.0,0.0,45.0,0,1,1
248,64.0,1.0,20.0,1.0,0,16.0,1.0,50.0,1,1,1
10808,41.0,1.0,19.0,1.0,4,49.0,0.0,40.0,1,1,1
9856,17.0,1.0,19.0,5.0,1,39.0,0.0,40.0,0,1,0
5816,33.0,7.0,14.0,5.0,1,49.0,0.0,60.0,1,1,1
12484,78.0,3.0,19.0,4.0,2,49.0,0.0,50.0,1,1,0
6178,69.0,2.0,16.0,3.0,2,49.0,0.0,20.0,0,1,0
11658,18.0,2.0,19.0,5.0,0,48.0,2.0,40.0,1,1,0
7454,44.0,1.0,21.0,1.0,2,49.0,0.0,40.0,0,1,1
2121,37.0,1.0,16.0,1.0,2,49.0,0.0,40.0,1,1,0
3146,22.0,2.0,18.0,1.0,2,49.0,0.0,45.0,1,1,0
10627,17.0,1.0,14.0,5.0,1,49.0,17.0,20.0,0,1,0
9631,54.0,1.0,19.0,1.0,0,49.0,0.0,40.0,0,1,1
1688,47.0,1.0,16.0,1.0,4,147.0,1.0,16.0,0,0,0
13041,33.0,7.0,21.0,1.0,0,6.0,1.0,50.0,0,1,1
6688,41.0,3.0,22.0,1.0,0,49.0,1.0,50.0,0,1,1
544,47.0,4.0,20.0,5.0,1,49.0,0.0,30.0,0,1,1
4795,42.0,1.0,21.0,1.0,0,49.0,1.0,28.0,0,1,0
11210,45.0,1.0,16.0,1.0,3,303.0,0.0,40.0,1,0,1
738,20.0,1.0,16.0,5.0,0,36.0,2.0,10.0,1,1,0
7975,46.0,1.0,21.0,1.0,0,49.0,1.0,40.0,0,1,1
9439,23.0,1.0,16.0,5.0,1,49.0,5.0,25.0,1,1,0
7196,52.0,1.0,16.0,1.0,3,49.0,1.0,40.0,1,1,0
7452,19.0,3.0,20.0,4.0,2,13.0,0.0,40.0,0,1,0
9892,37.0,1.0,16.0,3.0,2,49.0,0.0,40.0,1,1,1
4193,39.0,1.0,16.0,1.0,4,408.0,1.0,30.0,0,1,0
10682,24.0,1.0,16.0,1.0,2,49.0,1.0,17.0,0,0,0
1843,25.0,1.0,21.0,5.0,2,6.0,12.0,40.0,1,1,1
12908,36.0,1.0,21.0,1.0,0,49.0,1.0,40.0,1,1,1
10128,22.0,1.0,16.0,5.0,1,49.0,2.0,2.0,0,1,0
2834,33.0,1.0,18.0,5.0,4,49.0,0.0,40.0,1,1,1
12622,19.0,8.0,18.0,4.0,2,49.0,0.0,40.0,0,1,0
12998,38.0,1.0,16.0,1.0,0,49.0,1.0,40.0,0,1,1
271,30.0,1.0,19.0,5.0,2,49.0,2.0,50.0,1,1,1
7171,55.0,1.0,16.0,3.0,1,49.0,8.0,40.0,0,1,1
2618,20.0,1.0,23.0,5.0,0,8.0,2.0,30.0,1,1,0
10868,50.0,4.0,19.0,3.0,3,6.0,13.0,40.0,1,1,1
4669,49.0,1.0,21.0,1.0,0,6.0,0.0,40.0,0,1,1
1669,41.0,4.0,20.0,1.0,0,6.0,0.0,48.0,0,1,1
303,27.0,1.0,19.0,5.0,2,49.0,2.0,22.0,0,1,0
7032,47.0,7.0,18.0,1.0,4,49.0,0.0,50.0,0,1,1
9001,22.0,1.0,14.0,5.0,4,17.0,15.0,40.0,1,1,0
4402,57.0,1.0,21.0,1.0,2,16.0,0.0,55.0,0,1,0
4581,39.0,1.0,19.0,1.0,0,49.0,1.0,38.0,0,1,1
3849,46.0,1.0,21.0,1.0,0,49.0,1.0,45.0,1,1,1
9363,26.0,1.0,21.0,1.0,0,25.0,0.0,40.0,0,1,1
4261,55.0,1.0,21.0,1.0,1,48.0,1.0,25.0,0,1,0
7686,22.0,6.0,16.0,5.0,2,32.0,12.0,20.0,0,1,0
9109,24.0,1.0,18.0,5.0,0,49.0,0.0,40.0,0,1,0
7014,28.0,7.0,21.0,1.0,0,110.0,0.0,60.0,1,1,1
2589,20.0,1.0,15.0,5.0,0,49.0,0.0,5.0,0,1,0
9532,46.0,1.0,19.0,1.0,1,49.0,0.0,50.0,1,1,1
7668,52.0,1.0,21.0,1.0,0,35.0,0.0,45.0,1,1,1
9169,65.0,4.0,20.0,1.0,0,49.0,0.0,40.0,1,1,1
11328,35.0,1.0,19.0,5.0,3,49.0,12.0,40.0,1,1,1
7591,37.0,1.0,16.0,5.0,1,49.0,0.0,40.0,0,1,1
2300,22.0,1.0,14.0,5.0,2,30.0,5.0,40.0,1,1,0
4111,55.0,1.0,16.0,1.0,1,53.0,1.0,40.0,0,1,0
6696,76.0,1.0,16.0,1.0,4,303.0,1.0,18.0,1,0,0
338,51.0,6.0,21.0,1.0,4,49.0,0.0,30.0,1,1,1
5717,38.0,1.0,19.0,1.0,0,56.0,0.0,40.0,1,1,0
10088,57.0,1.0,16.0,1.0,2,49.0,1.0,55.0,1,1,1
2648,21.0,5.0,14.0,5.0,3,49.0,0.0,40.0,1,1,0
2065,30.0,1.0,24.0,1.0,3,6.0,1.0,40.0,1,1,1
3583,31.0,1.0,18.0,5.0,0,35.0,0.0,40.0,1,1,1
8024,38.0,1.0,18.0,1.0,0,49.0,0.0,40.0,1,1,1
4317,23.0,1.0,16.0,1.0,2,49.0,1.0,30.0,1,1,1
4179,22.0,1.0,19.0,5.0,1,49.0,12.0,20.0,0,1,0
12880,33.0,1.0,18.0,5.0,1,56.0,0.0,50.0,0,1,1
2777,40.0,1.0,18.0,1.0,0,39.0,0.0,45.0,0,1,1
4659,47.0,3.0,20.0,5.0,1,6.0,12.0,40.0,0,1,0
10162,55.0,5.0,21.0,1.0,0,49.0,0.0,40.0,1,1,0
12639,59.0,5.0,17.0,1.0,2,6.0,0.0,40.0,1,1,1
12056,61.0,5.0,22.0,3.0,5,49.0,0.0,99.0,1,1,1
9438,38.0,1.0,24.0,1.0,0,36.0,0.0,45.0,1,1,1
4075,20.0,1.0,16.0,5.0,0,49.0,0.0,40.0,0,1,0
3559,71.0,1.0,20.0,1.0,2,30.0,1.0,20.0,1,1,0
8644,43.0,5.0,20.0,1.0,3,49.0,15.0,48.0,1,1,1
7453,20.0,1.0,19.0,5.0,2,49.0,2.0,40.0,0,1,0
9727,35.0,1.0,19.0,1.0,2,32.0,1.0,15.0,0,1,0
11452,18.0,2.0,14.0,5.0,2,49.0,17.0,40.0,0,0,0
6529,65.0,1.0,18.0,1.0,1,49.0,0.0,40.0,0,1,1
8799,24.0,3.0,16.0,1.0,0,49.0,1.0,10.0,0,1,0
11591,23.0,1.0,19.0,5.0,2,48.0,17.0,12.0,0,1,0
12410,50.0,1.0,20.0,1.0,3,49.0,1.0,40.0,1,1,0
4076,55.0,3.0,21.0,1.0,1,49.0,1.0,40.0,0,0,0
6345,51.0,1.0,21.0,1.0,2,4.0,0.0,50.0,1,1,1
5354,43.0,1.0,18.0,1.0,3,6.0,0.0,48.0,1,1,1
7266,23.0,1.0,8.0,5.0,2,49.0,2.0,40.0,1,1,0
264,18.0,1.0,19.0,5.0,0,33.0,11.0,24.0,0,1,0
3228,24.0,1.0,19.0,5.0,1,49.0,2.0,50.0,1,1,0
10232,28.0,1.0,21.0,1.0,0,136.0,0.0,25.0,0,1,0
11907,65.0,1.0,16.0,1.0,2,6.0,0.0,75.0,0,1,1
10586,43.0,3.0,16.0,1.0,2,8.0,0.0,40.0,1,1,1
10863,34.0,3.0,21.0,1.0,0,49.0,0.0,40.0,0,1,1
12456,57.0,1.0,24.0,1.0,0,35.0,0.0,40.0,1,0,1
11546,33.0,1.0,20.0,5.0,3,49.0,13.0,40.0,1,1,1
12081,18.0,1.0,16.0,5.0,4,49.0,2.0,30.0,0,1,0
2960,42.0,2.0,16.0,1.0,1,301.0,0.0,50.0,0,1,1
1135,67.0,1.0,16.0,1.0,1,49.0,0.0,40.0,0,0,1
7100,64.0,1.0,20.0,1.0,1,48.0,1.0,40.0,0,1,0
3287,31.0,1.0,20.0,1.0,0,36.0,1.0,35.0,0,1,0
5975,52.0,1.0,18.0,1.0,4,49.0,1.0,45.0,1,1,1
1446,49.0,4.0,21.0,1.0,0,6.0,0.0,65.0,0,1,1
3869,65.0,2.0,16.0,1.0,0,17.0,1.0,55.0,0,1,1
9557,31.0,1.0,16.0,2.0,2,46.0,0.0,17.0,0,1,0
7783,69.0,1.0,21.0,1.0,0,31.0,0.0,48.0,1,1,1
3,62.0,1.0,21.0,1.0,0,49.0,0.0,60.0,1,1,1
11009,27.0,1.0,21.0,1.0,2,28.0,1.0,8.0,0,1,0
11640,48.0,4.0,19.0,2.0,0,49.0,0.0,40.0,0,1,1
5428,49.0,1.0,19.0,1.0,0,49.0,1.0,40.0,0,1,0
8616,21.0,1.0,19.0,5.0,4,36.0,0.0,15.0,1,1,0
11363,48.0,5.0,21.0,1.0,3,49.0,0.0,40.0,1,1,1
10897,61.0,1.0,22.0,3.0,0,49.0,0.0,20.0,0,1,1
7368,25.0,1.0,16.0,1.0,3,49.0,0.0,22.0,0,1,0
7908,54.0,1.0,19.0,1.0,4,47.0,0.0,40.0,0,1,1
12256,36.0,3.0,18.0,5.0,2,49.0,7.0,40.0,1,1,0
531,32.0,1.0,16.0,1.0,0,49.0,1.0,40.0,1,1,0
1898,56.0,1.0,15.0,1.0,4,49.0,0.0,60.0,1,1,1
12086,38.0,1.0,22.0,1.0,2,49.0,1.0,40.0,0,1,0
706,59.0,1.0,11.0,3.0,1,303.0,13.0,25.0,0,0,0
6763,22.0,1.0,19.0,1.0,2,6.0,0.0,30.0,0,1,0
5324,18.0,2.0,21.0,5.0,0,53.0,7.0,30.0,1,1,0
6276,44.0,1.0,21.0,3.0,2,508.0,0.0,30.0,0,0,0
4896,19.0,1.0,20.0,5.0,0,49.0,17.0,38.0,1,1,0
3325,46.0,1.0,19.0,1.0,4,49.0,1.0,40.0,1,1,1
964,24.0,4.0,17.0,5.0,0,49.0,0.0,40.0,1,1,0
1149,41.0,1.0,19.0,1.0,2,372.0,1.0,6.0,1,1,0
6087,23.0,5.0,16.0,5.0,1,49.0,12.0,8.0,0,1,0
4869,38.0,7.0,20.0,1.0,0,48.0,0.0,25.0,0,1,1
12596,41.0,1.0,22.0,1.0,0,412.0,0.0,22.0,0,1,0
12635,24.0,4.0,18.0,1.0,0,49.0,1.0,30.0,0,1,0
2827,26.0,7.0,22.0,1.0,0,49.0,0.0,45.0,1,1,1
9729,60.0,3.0,21.0,1.0,0,49.0,1.0,32.0,1,1,0
5506,41.0,7.0,22.0,1.0,0,49.0,1.0,32.0,0,1,1
112,86.0,4.0,19.0,2.0,0,223.0,0.0,35.0,0,0,0
6412,57.0,1.0,16.0,1.0,0,49.0,0.0,55.0,1,1,1
11051,39.0,4.0,21.0,1.0,0,49.0,1.0,60.0,1,1,1
1408,24.0,1.0,18.0,5.0,4,53.0,13.0,40.0,1,1,1
2928,63.0,4.0,22.0,1.0,0,49.0,0.0,40.0,0,1,1
10769,78.0,1.0,20.0,3.0,0,26.0,0.0,35.0,1,1,0
6631,20.0,1.0,18.0,5.0,2,6.0,3.0,40.0,0,1,0
3174,56.0,1.0,21.0,1.0,0,49.0,0.0,36.0,0,1,1
1971,78.0,1.0,18.0,4.0,4,17.0,7.0,40.0,1,1,0
1484,46.0,6.0,19.0,1.0,0,6.0,1.0,27.0,0,1,0
6676,35.0,2.0,20.0,1.0,4,49.0,1.0,32.0,0,1,0
5116,63.0,1.0,21.0,1.0,0,49.0,0.0,50.0,1,1,1
12847,50.0,4.0,21.0,1.0,0,49.0,1.0,20.0,0,1,0
8478,30.0,1.0,19.0,5.0,3,49.0,2.0,60.0,1,0,1
4676,36.0,6.0,20.0,1.0,0,49.0,1.0,3.0,0,1,0
1972,61.0,2.0,21.0,1.0,0,110.0,1.0,40.0,0,1,1
10092,24.0,3.0,19.0,5.0,4,49.0,2.0,30.0,0,1,0
7657,20.0,1.0,16.0,5.0,4,49.0,2.0,40.0,1,1,0
5509,35.0,3.0,18.0,1.0,0,37.0,1.0,40.0,0,1,0
1213,49.0,6.0,21.0,1.0,0,6.0,0.0,40.0,1,1,1
6323,22.0,1.0,20.0,5.0,0,30.0,17.0,32.0,1,1,0
9766,47.0,5.0,17.0,3.0,2,49.0,0.0,35.0,0,1,1
2899,24.0,1.0,18.0,5.0,2,49.0,10.0,20.0,1,0,0
6,26.0,1.0,21.0,5.0,2,301.0,2.0,15.0,0,1,0
8470,25.0,1.0,18.0,5.0,0,48.0,0.0,35.0,0,1,1
12831,33.0,1.0,19.0,5.0,2,49.0,2.0,40.0,1,1,0
11368,39.0,1.0,19.0,5.0,2,48.0,0.0,30.0,0,1,0
9526,54.0,4.0,21.0,3.0,0,49.0,0.0,40.0,0,1,1
7967,20.0,1.0,16.0,5.0,1,32.0,0.0,10.0,0,1,0
1012,20.0,1.0,18.0,5.0,4,49.0,13.0,45.0,1,1,0
4857,63.0,8.0,15.0,1.0,1,49.0,1.0,10.0,1,1,0
2915,33.0,7.0,21.0,1.0,0,49.0,1.0,40.0,0,1,1
10382,33.0,1.0,16.0,5.0,1,49.0,0.0,40.0,0,1,1
1299,44.0,6.0,19.0,1.0,4,49.0,0.0,45.0,0,1,1
3606,59.0,1.0,22.0,1.0,0,49.0,0.0,40.0,0,1,0
4713,47.0,1.0,19.0,1.0,0,48.0,0.0,40.0,1,1,1
4737,70.0,4.0,21.0,4.0,3,16.0,0.0,55.0,1,1,1
11797,27.0,1.0,23.0,1.0,0,28.0,0.0,40.0,1,1,1
7907,69.0,1.0,16.0,3.0,2,49.0,0.0,30.0,0,1,0
9756,25.0,2.0,19.0,5.0,0,49.0,2.0,15.0,0,1,0
11840,36.0,2.0,19.0,5.0,0,6.0,2.0,35.0,0,1,0
6840,24.0,3.0,2.0,1.0,1,49.0,0.0,50.0,1,1,1
1930,57.0,1.0,21.0,1.0,2,49.0,1.0,40.0,0,1,0
11056,39.0,6.0,19.0,1.0,2,48.0,0.0,16.0,0,1,0
7375,22.0,1.0,19.0,1.0,1,49.0,1.0,45.0,0,1,0
8500,56.0,4.0,16.0,1.0,1,49.0,0.0,30.0,0,1,0
2559,28.0,7.0,16.0,1.0,1,6.0,1.0,20.0,0,0,0
4738,37.0,1.0,20.0,1.0,0,49.0,1.0,45.0,1,1,1
8040,35.0,1.0,19.0,3.0,0,421.0,0.0,40.0,1,0,1
12250,40.0,1.0,21.0,5.0,1,49.0,2.0,40.0,1,1,0
7225,18.0,1.0,19.0,5.0,2,51.0,4.0,40.0,1,1,0
2164,58.0,1.0,16.0,1.0,1,53.0,0.0,45.0,0,1,0
72,55.0,7.0,21.0,1.0,0,49.0,0.0,35.0,0,1,1
11340,18.0,1.0,18.0,5.0,2,49.0,2.0,16.0,0,1,0
9398,33.0,1.0,23.0,1.0,0,49.0,1.0,40.0,1,1,1
3808,66.0,1.0,15.0,5.0,1,49.0,0.0,50.0,1,1,1
11477,20.0,1.0,22.0,5.0,0,6.0,12.0,20.0,1,1,0
13025,18.0,1.0,18.0,5.0,2,49.0,16.0,20.0,0,1,0
12318,60.0,1.0,21.0,1.0,0,49.0,1.0,20.0,1,1,0
12297,33.0,1.0,16.0,1.0,2,49.0,1.0,40.0,0,1,0
11548,58.0,1.0,21.0,1.0,0,49.0,0.0,50.0,1,1,1
7635,42.0,1.0,20.0,1.0,0,41.0,1.0,40.0,1,1,1
10549,35.0,2.0,19.0,5.0,0,6.0,0.0,50.0,1,1,1
4975,45.0,1.0,16.0,5.0,0,205.0,0.0,85.0,1,0,1
9534,20.0,1.0,19.0,5.0,2,49.0,13.0,30.0,1,1,0
5728,35.0,4.0,21.0,1.0,1,49.0,1.0,36.0,0,1,1
9271,66.0,6.0,16.0,5.0,3,49.0,3.0,20.0,1,1,0
8763,86.0,1.0,16.0,2.0,1,303.0,0.0,50.0,0,0,0
11706,27.0,1.0,19.0,1.0,1,18.0,1.0,40.0,1,1,0
11407,63.0,1.0,19.0,1.0,0,49.0,0.0,40.0,1,1,0
4864,44.0,2.0,19.0,1.0,0,49.0,0.0,20.0,0,1,0
11657,40.0,1.0,20.0,1.0,2,49.0,1.0,15.0,0,1,0
10241,38.0,1.0,19.0,5.0,2,49.0,2.0,40.0,1,1,0
3230,54.0,5.0,22.0,1.0,0,48.0,0.0,40.0,1,1,1
11532,47.0,2.0,22.0,1.0,0,49.0,0.0,40.0,1,1,1
9862,33.0,1.0,19.0,1.0,2,6.0,9.0,38.0,0,1,1
11866,32.0,1.0,16.0,1.0,4,313.0,1.0,21.0,1,1,0
2259,22.0,1.0,16.0,5.0,4,49.0,15.0,40.0,1,0,0
10982,23.0,1.0,24.0,5.0,0,49.0,2.0,10.0,1,1,0
1458,59.0,1.0,19.0,1.0,3,11.0,1.0,40.0,1,1,0
7496,27.0,3.0,16.0,5.0,1,49.0,2.0,16.0,0,1,0
6108,41.0,1.0,18.0,1.0,4,35.0,1.0,50.0,1,1,1
1026,25.0,1.0,20.0,1.0,2,6.0,0.0,30.0,0,1,0
5685,21.0,1.0,18.0,5.0,4,6.0,2.0,15.0,1,1,0
8260,27.0,3.0,18.0,1.0,2,26.0,1.0,24.0,0,1,1
1316,75.0,1.0,18.0,3.0,0,49.0,0.0,25.0,0,1,0
983,53.0,1.0,21.0,1.0,2,32.0,1.0,36.0,0,1,1
12573,45.0,6.0,14.0,5.0,1,39.0,0.0,40.0,1,1,1
5280,49.0,1.0,2.0,5.0,1,49.0,2.0,45.0,1,1,1
12037,80.0,1.0,16.0,2.0,0,49.0,0.0,40.0,0,1,1
4411,24.0,3.0,19.0,1.0,1,303.0,2.0,45.0,1,1,0
10535,53.0,7.0,22.0,1.0,0,110.0,0.0,40.0,1,1,1
6098,61.0,1.0,23.0,1.0,0,6.0,1.0,50.0,1,1,1
10017,46.0,1.0,18.0,1.0,2,28.0,0.0,40.0,1,1,1
1483,68.0,1.0,23.0,1.0,0,6.0,1.0,35.0,0,1,1
3512,49.0,1.0,22.0,1.0,0,301.0,0.0,30.0,0,1,1
4295,18.0,1.0,16.0,5.0,2,53.0,15.0,40.0,1,1,0
397,56.0,1.0,16.0,1.0,4,4.0,0.0,40.0,0,1,1
1955,48.0,1.0,16.0,1.0,4,49.0,0.0,40.0,1,1,1
11145,49.0,1.0,21.0,1.0,0,49.0,0.0,40.0,0,1,1
8906,38.0,1.0,13.0,5.0,4,17.0,16.0,10.0,0,1,0
4865,42.0,1.0,18.0,1.0,4,49.0,16.0,40.0,1,1,0
7828,37.0,1.0,21.0,1.0,0,49.0,1.0,40.0,0,1,1
11553,44.0,8.0,18.0,1.0,0,4.0,0.0,30.0,1,1,0
7421,48.0,1.0,16.0,1.0,3,36.0,0.0,40.0,1,1,1
5624,45.0,1.0,16.0,1.0,4,49.0,1.0,40.0,1,1,1
11705,40.0,1.0,23.0,1.0,0,215.0,0.0,30.0,1,1,1
1432,58.0,1.0,22.0,1.0,0,49.0,0.0,21.0,0,1,1
6289,52.0,1.0,20.0,3.0,1,28.0,0.0,35.0,0,1,0
765,78.0,1.0,16.0,1.0,1,49.0,7.0,40.0,1,1,0
6594,26.0,1.0,21.0,1.0,0,49.0,1.0,37.0,0,1,0
1633,42.0,1.0,21.0,5.0,0,36.0,0.0,40.0,0,1,1
11075,28.0,1.0,1.0,5.0,2,6.0,12.0,40.0,1,1,0
12603,39.0,1.0,22.0,1.0,0,6.0,1.0,30.0,0,1,0
11577,42.0,4.0,16.0,1.0,0,49.0,1.0,40.0,0,1,0
11806,60.0,7.0,22.0,1.0,0,49.0,0.0,40.0,1,1,1
6578,47.0,1.0,22.0,1.0,0,49.0,0.0,50.0,1,1,1
10902,44.0,7.0,18.0,1.0,1,34.0,0.0,40.0,1,1,0
8737,21.0,1.0,1.0,5.0,4,49.0,2.0,40.0,1,0,0
7457,26.0,1.0,19.0,5.0,1,49.0,10.0,8.0,0,1,0
4475,41.0,1.0,24.0,1.0,0,49.0,0.0,40.0,1,1,1
6668,39.0,1.0,19.0,5.0,1,49.0,2.0,25.0,1,1,0
12431,49.0,1.0,16.0,1.0,3,49.0,0.0,40.0,1,1,1
11330,48.0,1.0,23.0,1.0,0,55.0,1.0,20.0,0,1,0
5765,33.0,1.0,19.0,1.0,4,301.0,1.0,80.0,1,1,1
11213,18.0,7.0,14.0,5.0,1,223.0,2.0,40.0,0,0,0
11160,33.0,1.0,21.0,5.0,1,49.0,2.0,25.0,1,1,0
2912,34.0,2.0,19.0,1.0,0,49.0,0.0,55.0,0,1,1
4944,29.0,7.0,18.0,1.0,2,49.0,2.0,30.0,0,1,0
9207,25.0,7.0,20.0,1.0,3,49.0,1.0,40.0,1,1,0
12680,43.0,1.0,19.0,1.0,3,49.0,0.0,42.0,1,1,1
3729,49.0,1.0,19.0,5.0,2,49.0,3.0,20.0,0,1,1
12437,63.0,1.0,22.0,3.0,2,49.0,0.0,40.0,1,1,1
10457,37.0,1.0,21.0,1.0,0,49.0,1.0,50.0,1,1,1
415,20.0,1.0,16.0,5.0,2,49.0,2.0,30.0,0,0,0
11908,45.0,3.0,22.0,1.0,0,48.0,1.0,40.0,1,1,1
704,20.0,1.0,19.0,5.0,2,49.0,12.0,45.0,1,1,0
12095,63.0,7.0,19.0,1.0,2,49.0,0.0,60.0,1,1,1
12746,28.0,1.0,22.0,5.0,0,49.0,0.0,40.0,1,1,1
11076,65.0,1.0,19.0,1.0,3,301.0,0.0,42.0,1,1,1
623,76.0,1.0,19.0,1.0,0,49.0,0.0,40.0,1,1,1
8629,61.0,1.0,18.0,1.0,3,49.0,0.0,40.0,1,1,1
5320,21.0,1.0,14.0,5.0,2,49.0,13.0,60.0,1,1,0
12592,20.0,1.0,16.0,5.0,1,49.0,2.0,32.0,0,1,0
675,31.0,1.0,21.0,1.0,0,42.0,1.0,18.0,0,1,0
6756,46.0,7.0,21.0,1.0,0,49.0,1.0,40.0,1,1,1
2346,55.0,5.0,21.0,1.0,0,49.0,1.0,44.0,1,1,1
4338,64.0,1.0,16.0,1.0,4,49.0,0.0,25.0,1,1,1
4847,47.0,2.0,17.0,3.0,0,49.0,0.0,36.0,0,1,0
8887,64.0,1.0,18.0,5.0,1,49.0,17.0,50.0,1,1,1
11109,24.0,3.0,16.0,1.0,1,49.0,9.0,29.0,0,1,0
7989,46.0,1.0,22.0,1.0,2,40.0,10.0,42.0,0,1,1
5960,22.0,1.0,21.0,1.0,0,49.0,0.0,35.0,1,1,0
135,72.0,4.0,21.0,1.0,0,215.0,1.0,40.0,1,1,1
12892,38.0,1.0,18.0,1.0,1,49.0,2.0,20.0,1,1,0
830,24.0,1.0,1.0,5.0,5,236.0,17.0,80.0,1,1,1
7583,29.0,3.0,19.0,1.0,0,49.0,1.0,30.0,0,1,0
11392,53.0,1.0,14.0,1.0,2,4.0,1.0,4.0,0,1,0
7992,62.0,3.0,21.0,1.0,0,301.0,0.0,40.0,1,1,1
12927,49.0,6.0,16.0,1.0,1,6.0,0.0,40.0,1,1,0
13033,62.0,7.0,19.0,1.0,2,49.0,1.0,40.0,1,1,1
5175,23.0,1.0,19.0,1.0,1,49.0,1.0,20.0,0,0,0
1991,64.0,6.0,21.0,1.0,1,49.0,0.0,35.0,0,1,0
10872,20.0,1.0,16.0,5.0,2,49.0,15.0,20.0,0,1,0
2067,43.0,1.0,16.0,3.0,4,39.0,0.0,40.0,1,1,1
2340,34.0,1.0,14.0,5.0,1,49.0,17.0,40.0,0,1,0
8859,46.0,3.0,19.0,1.0,0,25.0,1.0,50.0,1,1,1
12621,51.0,1.0,21.0,5.0,1,49.0,13.0,40.0,1,1,1
2754,63.0,1.0,16.0,1.0,3,49.0,0.0,40.0,1,0,1
7291,44.0,1.0,21.0,1.0,2,49.0,1.0,2.0,0,1,0
12053,39.0,1.0,20.0,1.0,0,49.0,0.0,45.0,1,1,1
2423,23.0,1.0,21.0,5.0,2,49.0,2.0,60.0,0,1,0
11537,17.0,3.0,19.0,5.0,0,370.0,2.0,25.0,0,0,0
2310,52.0,1.0,22.0,1.0,4,31.0,0.0,44.0,1,1,1
8403,19.0,1.0,19.0,5.0,4,49.0,2.0,40.0,1,1,0
6683,18.0,4.0,21.0,5.0,0,6.0,0.0,10.0,0,1,0
4209,38.0,1.0,19.0,2.0,2,417.0,0.0,40.0,0,1,1
10366,63.0,6.0,19.0,1.0,1,49.0,1.0,20.0,0,1,0
4397,42.0,1.0,21.0,1.0,0,49.0,1.0,45.0,1,1,1
1814,41.0,1.0,19.0,3.0,0,48.0,0.0,24.0,0,1,1
1927,22.0,1.0,19.0,1.0,4,209.0,0.0,5.0,0,1,0
8469,19.0,3.0,19.0,5.0,1,49.0,17.0,40.0,0,0,0
5521,39.0,1.0,19.0,5.0,1,18.0,2.0,40.0,1,1,0
2314,33.0,1.0,20.0,1.0,2,9.0,0.0,40.0,1,1,1
6200,33.0,1.0,20.0,5.0,0,49.0,0.0,60.0,1,1,1
8677,43.0,1.0,22.0,1.0,0,25.0,0.0,50.0,1,1,1
12105,42.0,1.0,20.0,1.0,4,10.0,0.0,25.0,1,1,1
8258,20.0,1.0,1.0,1.0,2,12.0,0.0,40.0,0,1,0
3670,40.0,1.0,20.0,1.0,4,49.0,1.0,40.0,1,1,1
6622,52.0,1.0,22.0,1.0,2,6.0,1.0,40.0,1,1,1
8102,40.0,7.0,9.0,1.0,-1,6.0,0.0,30.0,1,0,1
10,53.0,1.0,21.0,1.0,4,49.0,0.0,50.0,1,1,1
2666,47.0,1.0,19.0,1.0,0,49.0,0.0,40.0,1,1,1
2307,58.0,1.0,16.0,1.0,0,49.0,1.0,40.0,0,1,1
1376,24.0,1.0,21.0,1.0,0,29.0,1.0,40.0,0,1,0
9753,26.0,1.0,21.0,1.0,1,56.0,1.0,35.0,0,0,0
465,43.0,4.0,19.0,1.0,0,49.0,0.0,50.0,1,1,1
4602,43.0,7.0,21.0,1.0,1,53.0,0.0,40.0,0,1,0
12144,18.0,1.0,20.0,5.0,2,6.0,2.0,40.0,1,0,0
2312,41.0,4.0,21.0,1.0,0,49.0,0.0,40.0,0,1,1
1503,56.0,5.0,21.0,5.0,1,18.0,0.0,35.0,1,1,1
7483,31.0,1.0,22.0,1.0,0,49.0,1.0,40.0,0,1,0
7166,46.0,1.0,21.0,1.0,1,49.0,0.0,40.0,1,1,1
9919,43.0,1.0,21.0,1.0,0,16.0,0.0,40.0,0,1,0
6679,22.0,6.0,18.0,5.0,3,49.0,4.0,40.0,1,1,0
11423,65.0,1.0,17.0,1.0,2,210.0,0.0,40.0,0,0,1
212,36.0,1.0,17.0,1.0,2,34.0,0.0,18.0,0,1,0
12569,23.0,1.0,19.0,5.0,3,49.0,12.0,9.0,1,1,0
391,60.0,3.0,19.0,1.0,0,49.0,1.0,40.0,0,1,1
12578,75.0,5.0,13.0,3.0,5,18.0,4.0,30.0,1,1,0
4909,64.0,1.0,17.0,1.0,0,5.0,0.0,20.0,1,1,0
4574,54.0,3.0,24.0,1.0,3,16.0,1.0,40.0,1,1,1
3406,18.0,6.0,19.0,5.0,1,16.0,2.0,23.0,1,1,0
4208,33.0,6.0,21.0,1.0,3,30.0,0.0,40.0,1,1,1
3806,51.0,1.0,16.0,1.0,3,361.0,1.0,38.0,1,1,1
2542,47.0,1.0,18.0,1.0,1,231.0,0.0,40.0,1,1,0
12898,44.0,2.0,23.0,1.0,0,16.0,0.0,40.0,1,1,1
12302,36.0,3.0,18.0,1.0,0,49.0,1.0,20.0,0,1,0
1717,58.0,1.0,21.0,1.0,1,53.0,0.0,40.0,1,1,1
6888,36.0,1.0,14.0,1.0,2,49.0,1.0,40.0,1,1,0
8395,35.0,1.0,20.0,1.0,0,209.0,0.0,40.0,1,1,1
8853,29.0,2.0,22.0,1.0,0,49.0,0.0,10.0,0,1,0
892,37.0,1.0,13.0,1.0,1,49.0,17.0,30.0,1,1,0
7952,54.0,1.0,23.0,1.0,0,49.0,1.0,40.0,1,1,1
7103,42.0,1.0,21.0,1.0,0,303.0,0.0,44.0,1,1,1
12896,18.0,1.0,14.0,5.0,1,6.0,0.0,15.0,0,1,0
8902,36.0,1.0,19.0,5.0,2,49.0,2.0,42.0,1,1,0
11258,47.0,5.0,18.0,1.0,2,49.0,1.0,40.0,0,1,1
9228,17.0,1.0,19.0,5.0,1,49.0,0.0,40.0,0,1,0
10687,70.0,1.0,16.0,1.0,2,31.0,1.0,60.0,0,0,1
4998,45.0,1.0,21.0,5.0,4,49.0,0.0,12.0,1,1,0
7601,21.0,1.0,14.0,5.0,2,4.0,2.0,24.0,0,1,0
1959,26.0,4.0,22.0,1.0,0,49.0,0.0,40.0,1,1,1
12630,44.0,1.0,22.0,1.0,2,56.0,1.0,50.0,0,1,1
9070,57.0,1.0,14.0,3.0,2,49.0,0.0,28.0,0,0,0
6820,29.0,2.0,19.0,1.0,0,110.0,0.0,40.0,0,1,0
3736,61.0,1.0,16.0,1.0,3,1.0,0.0,80.0,1,1,1
2989,42.0,7.0,23.0,3.0,0,49.0,0.0,40.0,1,1,1
10331,33.0,1.0,20.0,5.0,0,49.0,2.0,50.0,1,1,1
6125,21.0,1.0,18.0,5.0,2,49.0,2.0,40.0,1,1,0
9598,31.0,4.0,16.0,5.0,0,49.0,17.0,40.0,0,1,0
2611,40.0,1.0,20.0,5.0,1,26.0,2.0,40.0,0,1,0
9903,62.0,1.0,21.0,1.0,0,211.0,1.0,43.0,0,0,1
5742,24.0,1.0,18.0,5.0,0,31.0,0.0,40.0,0,1,1
8583,40.0,1.0,19.0,5.0,0,49.0,0.0,25.0,1,1,1
11490,46.0,4.0,20.0,5.0,0,49.0,17.0,20.0,0,1,0
7223,71.0,1.0,21.0,1.0,0,49.0,1.0,45.0,0,1,1
5626,55.0,1.0,21.0,1.0,2,49.0,1.0,40.0,0,1,0
11607,68.0,2.0,23.0,1.0,0,49.0,1.0,45.0,1,1,1
6227,25.0,1.0,19.0,1.0,1,49.0,1.0,40.0,0,1,0
7653,19.0,1.0,16.0,5.0,2,49.0,12.0,5.0,0,1,0
2676,36.0,2.0,22.0,1.0,0,49.0,0.0,40.0,1,1,1
4915,32.0,1.0,21.0,1.0,1,27.0,1.0,40.0,0,1,0
4972,36.0,1.0,16.0,5.0,2,49.0,2.0,50.0,1,1,0
2468,25.0,7.0,18.0,1.0,1,49.0,0.0,9.0,1,1,0
5015,58.0,2.0,21.0,1.0,0,49.0,0.0,10.0,1,1,1
1712,60.0,5.0,21.0,5.0,0,49.0,0.0,43.0,0,1,1
4907,31.0,1.0,21.0,1.0,3,36.0,1.0,46.0,1,1,1
10273,31.0,1.0,19.0,3.0,0,17.0,12.0,50.0,1,1,1
3630,76.0,1.0,16.0,1.0,2,53.0,1.0,35.0,1,1,0
2999,17.0,1.0,16.0,5.0,2,16.0,2.0,5.0,0,1,0
128,47.0,1.0,18.0,3.0,3,16.0,0.0,50.0,1,1,1
10836,56.0,1.0,22.0,3.0,0,49.0,0.0,20.0,0,1,0
10888,31.0,3.0,21.0,1.0,0,8.0,1.0,10.0,0,1,0
4541,44.0,3.0,16.0,3.0,1,49.0,6.0,15.0,0,1,0
1318,27.0,1.0,9.0,1.0,3,205.0,1.0,20.0,1,0,0
2753,48.0,1.0,20.0,1.0,0,49.0,1.0,50.0,0,1,1
2987,39.0,7.0,18.0,1.0,2,49.0,0.0,99.0,1,1,1
12712,43.0,1.0,16.0,1.0,3,30.0,0.0,50.0,1,1,1
3367,41.0,2.0,21.0,1.0,0,25.0,0.0,15.0,0,1,0
2974,41.0,6.0,18.0,1.0,2,18.0,0.0,50.0,0,1,1
12929,60.0,1.0,16.0,1.0,1,49.0,0.0,35.0,0,1,0
8499,49.0,1.0,18.0,1.0,0,49.0,1.0,40.0,1,1,1
5299,70.0,3.0,19.0,1.0,0,49.0,0.0,27.0,0,1,0
5778,23.0,1.0,14.0,3.0,0,49.0,0.0,45.0,0,1,0
8910,63.0,1.0,16.0,1.0,3,49.0,1.0,50.0,1,1,1
743,42.0,4.0,21.0,1.0,0,16.0,0.0,40.0,0,1,1
6928,23.0,6.0,15.0,5.0,2,6.0,2.0,30.0,0,1,0
1080,41.0,1.0,20.0,1.0,2,49.0,1.0,36.0,0,1,0
7599,68.0,7.0,21.0,1.0,4,49.0,0.0,40.0,0,0,0
12034,46.0,1.0,21.0,5.0,0,49.0,17.0,48.0,1,1,1
9829,26.0,1.0,16.0,5.0,1,49.0,2.0,15.0,1,1,0
1227,20.0,6.0,18.0,5.0,0,49.0,2.0,60.0,1,1,0
10135,37.0,7.0,19.0,1.0,2,49.0,14.0,35.0,1,1,1
11533,31.0,1.0,20.0,1.0,0,49.0,0.0,40.0,1,1,1
5159,61.0,2.0,21.0,1.0,0,49.0,1.0,45.0,0,1,1
9371,53.0,1.0,21.0,3.0,4,17.0,0.0,40.0,1,1,1
3013,62.0,2.0,21.0,1.0,2,49.0,1.0,45.0,1,1,1
6388,41.0,4.0,20.0,1.0,1,49.0,0.0,40.0,1,1,0
2579,60.0,1.0,21.0,3.0,0,53.0,0.0,40.0,1,1,1
12638,55.0,4.0,21.0,1.0,0,303.0,0.0,56.0,1,1,1
12361,22.0,1.0,14.0,5.0,1,49.0,2.0,40.0,1,1,0
10772,57.0,1.0,17.0,1.0,4,6.0,0.0,40.0,1,1,1
8558,24.0,7.0,19.0,1.0,1,303.0,0.0,40.0,1,1,0
11721,72.0,1.0,21.0,1.0,2,36.0,1.0,45.0,1,1,1
1183,42.0,1.0,19.0,1.0,1,49.0,1.0,45.0,0,0,1
12861,39.0,3.0,19.0,3.0,2,49.0,0.0,40.0,0,1,1
8992,57.0,6.0,20.0,1.0,1,41.0,1.0,20.0,1,1,0
12727,55.0,1.0,16.0,1.0,4,49.0,0.0,40.0,1,1,1
12364,64.0,1.0,18.0,1.0,4,6.0,0.0,50.0,1,1,1
4324,60.0,2.0,15.0,1.0,2,49.0,1.0,6.0,0,1,0
8773,18.0,2.0,16.0,5.0,0,49.0,12.0,40.0,0,1,0
8233,36.0,1.0,18.0,1.0,0,49.0,1.0,30.0,0,1,1
8144,58.0,5.0,22.0,1.0,0,49.0,1.0,40.0,1,1,1
11865,59.0,5.0,18.0,1.0,2,39.0,0.0,38.0,0,1,0
11597,63.0,1.0,21.0,1.0,0,49.0,1.0,36.0,0,1,1
2696,23.0,1.0,16.0,5.0,1,49.0,2.0,28.0,1,0,0
8011,59.0,1.0,16.0,3.0,4,16.0,0.0,40.0,0,1,1
9003,40.0,6.0,19.0,3.0,1,49.0,0.0,50.0,0,1,1
650,25.0,1.0,16.0,5.0,4,49.0,0.0,6.0,1,1,0
12407,34.0,7.0,21.0,3.0,1,49.0,0.0,25.0,0,1,0
8364,23.0,1.0,19.0,1.0,4,210.0,1.0,40.0,1,0,0
12227,18.0,4.0,16.0,4.0,0,40.0,2.0,40.0,0,1,0
5240,25.0,1.0,14.0,5.0,2,49.0,2.0,35.0,0,1,0
3577,54.0,1.0,16.0,1.0,4,49.0,0.0,40.0,0,1,0
7319,57.0,1.0,20.0,1.0,1,49.0,0.0,45.0,0,1,0
5390,22.0,1.0,21.0,1.0,0,49.0,1.0,36.0,0,1,0
10817,54.0,1.0,21.0,1.0,2,6.0,1.0,40.0,0,1,1
4575,19.0,1.0,20.0,5.0,0,49.0,2.0,15.0,0,1,0
11932,29.0,7.0,19.0,5.0,3,31.0,0.0,40.0,1,1,1
12149,17.0,1.0,19.0,5.0,3,49.0,2.0,9.0,1,1,0
3590,33.0,1.0,19.0,1.0,1,8.0,9.0,40.0,0,1,1
3546,59.0,1.0,19.0,1.0,0,49.0,1.0,35.0,1,1,1
7221,62.0,7.0,16.0,1.0,0,49.0,0.0,40.0,1,1,1
11876,19.0,1.0,16.0,5.0,4,6.0,5.0,40.0,1,1,0
5407,61.0,7.0,21.0,1.0,2,18.0,1.0,35.0,0,1,0
12750,56.0,1.0,20.0,3.0,2,49.0,0.0,55.0,1,1,1
4101,26.0,1.0,16.0,1.0,2,49.0,0.0,25.0,0,1,0
2009,69.0,1.0,21.0,1.0,0,370.0,1.0,10.0,0,0,0
8632,32.0,1.0,21.0,5.0,4,49.0,0.0,10.0,1,1,1
8523,39.0,1.0,18.0,1.0,2,29.0,0.0,48.0,0,1,1
9141,33.0,2.0,16.0,1.0,1,49.0,10.0,18.0,1,1,0
10102,21.0,1.0,14.0,5.0,0,303.0,4.0,20.0,0,1,0
5916,32.0,1.0,16.0,1.0,2,49.0,1.0,40.0,0,1,0
1101,28.0,1.0,21.0,1.0,0,231.0,0.0,45.0,1,1,1
6193,19.0,1.0,20.0,5.0,1,49.0,2.0,40.0,0,1,0
177,25.0,1.0,19.0,5.0,4,49.0,2.0,30.0,1,1,0
7734,64.0,1.0,19.0,1.0,4,49.0,0.0,40.0,1,1,1
7314,28.0,1.0,19.0,1.0,0,16.0,0.0,40.0,1,1,1
10350,60.0,1.0,19.0,1.0,0,49.0,1.0,40.0,1,1,1
3819,36.0,1.0,21.0,1.0,0,34.0,1.0,40.0,1,1,1
4700,22.0,1.0,20.0,5.0,4,6.0,2.0,40.0,1,1,0
3596,31.0,2.0,16.0,1.0,2,207.0,1.0,40.0,0,0,0
4287,52.0,3.0,16.0,1.0,0,49.0,0.0,40.0,0,0,0
762,29.0,1.0,21.0,5.0,0,49.0,13.0,40.0,1,1,1
2439,56.0,1.0,16.0,1.0,2,231.0,0.0,40.0,1,1,1
9261,47.0,4.0,20.0,1.0,0,53.0,1.0,43.0,0,1,1
4657,49.0,4.0,21.0,5.0,0,49.0,0.0,35.0,1,1,1
6197,65.0,1.0,21.0,1.0,0,42.0,1.0,3.0,0,1,1
7079,29.0,3.0,19.0,1.0,2,39.0,1.0,18.0,0,1,0
11174,47.0,1.0,23.0,1.0,0,49.0,1.0,50.0,1,1,1
5806,36.0,5.0,20.0,1.0,1,49.0,0.0,45.0,1,1,1
5412,38.0,3.0,21.0,1.0,0,49.0,1.0,50.0,0,1,1
1731,49.0,5.0,19.0,1.0,3,6.0,1.0,40.0,1,1,1
1625,28.0,1.0,19.0,5.0,3,53.0,13.0,50.0,1,1,1
12354,56.0,7.0,22.0,1.0,0,49.0,0.0,50.0,1,1,1
137,18.0,1.0,19.0,5.0,1,39.0,12.0,15.0,0,1,0
2131,48.0,1.0,21.0,1.0,0,49.0,14.0,40.0,1,1,1
2331,25.0,1.0,19.0,5.0,0,49.0,12.0,40.0,0,1,0
2321,56.0,1.0,16.0,1.0,0,49.0,0.0,40.0,1,1,1
10480,70.0,3.0,21.0,1.0,1,25.0,1.0,50.0,0,1,1
8166,41.0,1.0,12.0,1.0,4,49.0,0.0,10.0,0,1,0
2959,38.0,1.0,21.0,1.0,0,10.0,0.0,30.0,1,0,1
8384,31.0,2.0,21.0,3.0,0,49.0,0.0,50.0,0,1,1
12520,67.0,1.0,17.0,1.0,4,49.0,1.0,50.0,1,1,1
12082,59.0,1.0,19.0,3.0,2,49.0,12.0,33.0,0,1,0
10302,55.0,1.0,16.0,5.0,3,49.0,0.0,40.0,1,1,1
2229,20.0,1.0,19.0,5.0,4,6.0,2.0,30.0,1,1,0
9667,21.0,1.0,19.0,5.0,2,36.0,12.0,30.0,0,1,0
22,22.0,1.0,16.0,1.0,2,49.0,0.0,40.0,0,1,0
1803,36.0,7.0,19.0,1.0,1,48.0,1.0,40.0,0,1,1
13040,38.0,1.0,21.0,1.0,0,16.0,0.0,66.0,1,1,1
2404,38.0,1.0,19.0,1.0,4,303.0,0.0,40.0,1,0,1
10316,42.0,1.0,20.0,1.0,0,29.0,1.0,8.0,0,1,0
12906,42.0,1.0,20.0,1.0,0,49.0,1.0,40.0,0,1,1
9807,24.0,1.0,20.0,1.0,2,49.0,1.0,36.0,0,1,0
9693,62.0,4.0,19.0,3.0,0,49.0,0.0,50.0,0,1,1
12004,45.0,1.0,17.0,1.0,1,49.0,1.0,40.0,0,1,0
9053,43.0,1.0,18.0,1.0,1,39.0,1.0,30.0,0,1,0
10975,31.0,1.0,19.0,5.0,0,56.0,2.0,60.0,1,1,1
3122,26.0,1.0,21.0,5.0,4,49.0,2.0,40.0,1,1,0
4060,33.0,1.0,20.0,1.0,2,16.0,1.0,20.0,1,1,0
5926,17.0,1.0,18.0,5.0,1,49.0,2.0,6.0,1,1,0
8444,57.0,1.0,22.0,1.0,0,49.0,1.0,3.0,1,1,1
3946,22.0,1.0,16.0,1.0,3,1.0,1.0,5.0,0,1,0
7388,44.0,1.0,20.0,1.0,2,209.0,0.0,40.0,0,0,1
7621,21.0,1.0,16.0,5.0,1,508.0,2.0,5.0,0,0,0
4358,29.0,3.0,22.0,1.0,0,303.0,1.0,40.0,0,1,0
563,22.0,1.0,21.0,5.0,2,49.0,2.0,40.0,1,0,0
4410,20.0,3.0,21.0,5.0,0,49.0,2.0,28.0,0,1,0
3266,29.0,1.0,21.0,5.0,0,49.0,13.0,10.0,0,1,0
1285,44.0,6.0,21.0,1.0,2,30.0,0.0,45.0,1,1,1
2645,57.0,6.0,20.0,3.0,0,51.0,6.0,40.0,0,0,0
3007,22.0,1.0,22.0,1.0,0,49.0,0.0,40.0,1,1,1
342,27.0,2.0,21.0,1.0,0,49.0,0.0,40.0,0,1,1
5657,63.0,2.0,16.0,1.0,4,40.0,0.0,40.0,1,0,1
12571,63.0,3.0,22.0,1.0,0,6.0,1.0,40.0,0,1,1
7817,70.0,1.0,21.0,1.0,0,48.0,1.0,40.0,1,1,1
1266,25.0,1.0,16.0,1.0,1,6.0,0.0,20.0,1,1,1
1293,52.0,1.0,9.0,5.0,3,217.0,2.0,12.0,1,0,0
5346,36.0,5.0,19.0,1.0,0,6.0,1.0,20.0,1,1,0
7434,46.0,1.0,17.0,1.0,0,6.0,0.0,32.0,0,0,0
1033,52.0,1.0,21.0,1.0,0,49.0,1.0,40.0,1,1,1
12946,20.0,1.0,14.0,5.0,4,55.0,0.0,40.0,0,1,0
11048,70.0,4.0,16.0,4.0,2,49.0,0.0,15.0,0,1,0
11453,30.0,1.0,21.0,1.0,0,16.0,0.0,80.0,1,1,1
7774,60.0,4.0,21.0,1.0,0,49.0,1.0,40.0,0,1,1
2443,27.0,6.0,16.0,1.0,2,301.0,0.0,40.0,0,1,0
4102,55.0,1.0,19.0,1.0,0,36.0,1.0,40.0,0,1,0
4861,19.0,1.0,15.0,5.0,0,49.0,16.0,1.0,1,1,0
1693,43.0,1.0,16.0,5.0,4,49.0,0.0,40.0,1,1,0
6659,26.0,1.0,16.0,5.0,1,41.0,2.0,40.0,1,0,0
805,22.0,1.0,21.0,1.0,0,49.0,9.0,40.0,1,1,0
862,32.0,1.0,16.0,5.0,2,48.0,12.0,30.0,0,0,0
10580,23.0,1.0,19.0,5.0,1,49.0,2.0,40.0,0,1,0
33,42.0,1.0,16.0,1.0,1,8.0,1.0,40.0,1,1,0
11831,62.0,1.0,22.0,1.0,0,36.0,0.0,40.0,0,1,1
11899,54.0,1.0,21.0,1.0,0,303.0,0.0,60.0,1,0,1
8211,33.0,1.0,16.0,5.0,0,49.0,2.0,40.0,0,1,1
6324,52.0,1.0,19.0,1.0,0,49.0,0.0,20.0,0,1,0
7022,53.0,4.0,19.0,1.0,2,49.0,1.0,20.0,0,1,0
10134,41.0,6.0,18.0,2.0,1,49.0,0.0,99.0,1,1,1
1461,21.0,1.0,19.0,5.0,3,215.0,2.0,40.0,1,1,0
8418,37.0,1.0,22.0,5.0,0,6.0,0.0,40.0,0,1,0
631,21.0,1.0,20.0,5.0,1,49.0,17.0,15.0,0,1,0
8705,35.0,1.0,22.0,1.0,-1,48.0,0.0,40.0,1,1,1
8736,44.0,5.0,18.0,1.0,0,49.0,1.0,20.0,1,0,1
11005,46.0,2.0,21.0,1.0,0,49.0,1.0,20.0,0,1,0
3592,23.0,1.0,1.0,5.0,4,49.0,17.0,30.0,1,0,0
8570,23.0,2.0,19.0,5.0,1,49.0,12.0,28.0,1,1,0
10394,39.0,1.0,18.0,1.0,4,56.0,0.0,40.0,0,1,1
576,56.0,1.0,19.0,1.0,0,49.0,0.0,40.0,0,1,0
3660,60.0,1.0,19.0,1.0,2,16.0,1.0,40.0,0,1,0
4385,44.0,3.0,18.0,1.0,2,49.0,0.0,40.0,1,1,0
2643,59.0,6.0,19.0,1.0,4,49.0,1.0,40.0,0,1,0
2731,29.0,1.0,16.0,5.0,2,49.0,2.0,84.0,0,1,0
5840,22.0,1.0,17.0,5.0,4,49.0,7.0,46.0,1,1,0
9073,45.0,2.0,22.0,5.0,0,49.0,2.0,16.0,0,1,0
8081,22.0,2.0,19.0,5.0,0,49.0,0.0,15.0,0,1,0
2329,70.0,5.0,16.0,1.0,0,24.0,1.0,40.0,1,1,1
952,22.0,1.0,15.0,5.0,2,49.0,2.0,15.0,0,0,0
5502,62.0,1.0,20.0,1.0,0,49.0,1.0,40.0,0,1,1
3209,28.0,1.0,18.0,5.0,3,49.0,17.0,20.0,1,1,0
3101,44.0,2.0,19.0,5.0,2,49.0,2.0,40.0,1,1,0
3064,68.0,1.0,16.0,1.0,3,49.0,0.0,45.0,1,1,1
1106,33.0,1.0,16.0,1.0,4,49.0,0.0,35.0,0,1,1
1359,50.0,1.0,17.0,3.0,0,6.0,0.0,45.0,0,0,1
655,43.0,1.0,18.0,1.0,0,53.0,0.0,40.0,1,1,1
10930,17.0,1.0,19.0,5.0,4,13.0,15.0,32.0,1,1,0
12038,54.0,1.0,19.0,3.0,1,49.0,0.0,40.0,1,1,1
690,17.0,1.0,19.0,5.0,4,303.0,2.0,20.0,1,1,0
12115,26.0,5.0,20.0,1.0,0,49.0,1.0,18.0,0,1,0
7324,46.0,1.0,16.0,1.0,2,49.0,1.0,60.0,0,1,1
4181,41.0,6.0,21.0,1.0,0,49.0,1.0,32.0,0,1,0
12939,57.0,1.0,16.0,3.0,2,25.0,0.0,30.0,0,1,0
12636,23.0,1.0,17.0,5.0,1,12.0,2.0,40.0,1,1,0
12373,38.0,3.0,19.0,1.0,0,32.0,0.0,40.0,1,1,0
7170,18.0,1.0,18.0,5.0,1,211.0,2.0,40.0,1,0,0
4390,48.0,1.0,18.0,2.0,1,49.0,0.0,40.0,0,1,1
12938,55.0,1.0,20.0,1.0,0,49.0,1.0,25.0,0,1,0
692,26.0,4.0,18.0,1.0,2,53.0,1.0,12.0,0,1,0
9133,19.0,1.0,19.0,5.0,4,32.0,2.0,40.0,1,1,0
1277,44.0,1.0,19.0,1.0,4,49.0,1.0,40.0,1,1,1
11090,18.0,1.0,19.0,5.0,1,49.0,2.0,40.0,1,1,0
8636,64.0,1.0,19.0,1.0,2,49.0,1.0,40.0,1,1,1
6882,33.0,1.0,22.0,1.0,0,49.0,1.0,45.0,1,1,1
6773,57.0,2.0,21.0,1.0,0,32.0,1.0,45.0,1,1,1
1537,18.0,3.0,14.0,5.0,2,49.0,2.0,20.0,0,1,0
3443,57.0,1.0,19.0,1.0,3,49.0,1.0,42.0,1,1,1
2791,19.0,1.0,18.0,5.0,0,233.0,0.0,40.0,1,0,0
6803,55.0,1.0,24.0,1.0,0,49.0,1.0,60.0,1,1,1
6691,52.0,1.0,22.0,1.0,0,49.0,0.0,30.0,0,1,0
7124,37.0,1.0,16.0,3.0,2,17.0,0.0,50.0,1,1,1
1302,24.0,1.0,20.0,5.0,1,49.0,13.0,56.0,1,1,1
9650,28.0,3.0,16.0,5.0,0,217.0,2.0,40.0,1,0,0
3800,66.0,1.0,15.0,1.0,2,48.0,1.0,25.0,0,1,0
787,28.0,1.0,22.0,5.0,0,49.0,13.0,40.0,0,1,1
12564,28.0,3.0,19.0,1.0,2,49.0,1.0,30.0,0,1,0
9112,30.0,3.0,21.0,1.0,0,49.0,1.0,40.0,1,1,0
5976,29.0,1.0,13.0,1.0,2,49.0,9.0,45.0,1,1,1
9939,38.0,1.0,17.0,1.0,4,49.0,0.0,40.0,1,1,1
1374,48.0,7.0,16.0,1.0,3,6.0,1.0,60.0,1,1,1
1148,27.0,1.0,21.0,5.0,2,207.0,4.0,40.0,0,0,0
1588,18.0,1.0,19.0,5.0,1,448.0,12.0,25.0,1,1,0
10419,58.0,1.0,21.0,1.0,0,303.0,1.0,50.0,1,1,1
4782,25.0,1.0,16.0,1.0,3,247.0,1.0,40.0,1,0,0
6660,65.0,5.0,19.0,1.0,0,8.0,0.0,50.0,0,1,1
3636,47.0,1.0,21.0,1.0,2,49.0,1.0,52.0,0,1,1
9642,41.0,1.0,19.0,1.0,0,49.0,1.0,48.0,1,1,1
1478,34.0,1.0,21.0,5.0,0,23.0,0.0,40.0,1,1,1
4927,42.0,7.0,21.0,1.0,1,32.0,1.0,60.0,1,1,1
7235,52.0,2.0,20.0,3.0,0,49.0,0.0,40.0,1,1,0
13056,21.0,4.0,21.0,5.0,1,49.0,2.0,25.0,0,1,0
106,38.0,1.0,18.0,3.0,1,49.0,0.0,10.0,0,1,0
2858,26.0,1.0,18.0,5.0,0,29.0,0.0,50.0,1,1,1
12649,54.0,1.0,12.0,1.0,4,49.0,1.0,40.0,1,1,1
3762,31.0,1.0,18.0,3.0,3,215.0,0.0,45.0,1,1,1
7075,61.0,7.0,16.0,1.0,2,49.0,0.0,32.0,0,1,0
8231,32.0,1.0,20.0,1.0,2,49.0,9.0,50.0,0,1,1
7173,50.0,2.0,19.0,5.0,0,12.0,13.0,40.0,0,1,1
2934,46.0,4.0,18.0,3.0,4,16.0,0.0,42.0,1,1,0
12116,66.0,1.0,19.0,1.0,0,49.0,0.0,40.0,0,1,1
11066,45.0,2.0,21.0,1.0,0,303.0,1.0,32.0,0,0,0
5737,46.0,1.0,14.0,1.0,4,12.0,0.0,40.0,0,1,0
6071,27.0,1.0,16.0,1.0,2,48.0,0.0,40.0,0,1,0
11688,43.0,1.0,21.0,4.0,4,49.0,9.0,60.0,1,1,1
8954,23.0,1.0,16.0,5.0,2,49.0,2.0,20.0,0,0,0
414,18.0,7.0,15.0,1.0,-1,49.0,16.0,40.0,1,1,0
6762,29.0,1.0,16.0,5.0,3,49.0,0.0,30.0,1,1,1
12961,56.0,1.0,16.0,1.0,4,303.0,1.0,3.0,1,1,0
9736,64.0,1.0,17.0,1.0,0,49.0,0.0,40.0,1,1,0
7598,29.0,4.0,16.0,1.0,2,49.0,0.0,38.0,0,0,0
12255,28.0,1.0,17.0,1.0,2,6.0,0.0,42.0,1,0,0
12620,34.0,6.0,23.0,1.0,0,49.0,0.0,40.0,1,1,1
4028,35.0,1.0,18.0,1.0,2,49.0,0.0,40.0,1,1,1
7814,39.0,1.0,19.0,3.0,1,4.0,0.0,60.0,1,1,0
3953,32.0,7.0,19.0,1.0,1,49.0,1.0,45.0,0,1,1
11108,61.0,1.0,22.0,1.0,0,49.0,0.0,40.0,1,1,1
7831,66.0,4.0,16.0,1.0,0,49.0,1.0,40.0,1,1,1
3063,29.0,1.0,20.0,1.0,3,56.0,0.0,50.0,1,1,1
10728,60.0,1.0,16.0,1.0,4,6.0,1.0,52.0,0,1,1
5881,44.0,1.0,19.0,1.0,0,16.0,0.0,40.0,1,1,1
2508,41.0,1.0,19.0,1.0,3,49.0,0.0,40.0,1,1,1
4339,37.0,1.0,19.0,1.0,4,49.0,0.0,48.0,1,1,1
12480,21.0,1.0,19.0,5.0,0,60.0,17.0,15.0,0,0,0
4457,41.0,1.0,21.0,1.0,1,49.0,1.0,40.0,1,1,1
10377,34.0,1.0,21.0,5.0,2,16.0,2.0,8.0,0,1,0
7530,63.0,1.0,22.0,1.0,0,49.0,0.0,36.0,0,1,1
12805,22.0,1.0,15.0,3.0,3,49.0,8.0,40.0,0,1,1
6646,47.0,1.0,20.0,1.0,0,55.0,0.0,40.0,0,1,1
9066,24.0,1.0,14.0,5.0,0,49.0,7.0,50.0,1,1,0
2572,62.0,1.0,22.0,1.0,0,6.0,0.0,65.0,1,1,1
6670,17.0,1.0,19.0,5.0,0,49.0,2.0,3.0,0,1,0
2597,29.0,1.0,18.0,1.0,0,8.0,1.0,28.0,0,0,0
5540,57.0,7.0,18.0,1.0,2,6.0,1.0,40.0,0,1,0
5163,64.0,1.0,20.0,1.0,2,370.0,0.0,40.0,1,0,1
1963,28.0,1.0,16.0,3.0,2,49.0,0.0,40.0,0,1,1
439,42.0,4.0,19.0,5.0,2,49.0,10.0,40.0,0,1,0
511,30.0,6.0,19.0,1.0,1,49.0,1.0,40.0,1,1,1
4100,21.0,1.0,14.0,5.0,3,211.0,0.0,40.0,1,0,0
6134,33.0,1.0,19.0,5.0,1,45.0,2.0,48.0,1,0,1
6497,60.0,1.0,22.0,1.0,0,49.0,0.0,40.0,0,1,0
8120,37.0,2.0,21.0,1.0,2,49.0,0.0,58.0,1,1,0
12063,54.0,6.0,16.0,1.0,0,49.0,0.0,40.0,1,1,0
12691,63.0,4.0,21.0,1.0,0,49.0,0.0,50.0,0,1,1
10873,45.0,6.0,22.0,1.0,0,49.0,9.0,60.0,1,1,1
11478,22.0,1.0,18.0,5.0,1,49.0,2.0,35.0,0,1,0
3421,47.0,1.0,24.0,1.0,0,12.0,0.0,35.0,1,1,1
4316,27.0,1.0,22.0,1.0,0,49.0,1.0,55.0,1,1,1
11321,41.0,1.0,19.0,1.0,0,49.0,0.0,30.0,0,1,0
88,43.0,1.0,18.0,1.0,4,49.0,1.0,50.0,1,1,1
922,63.0,1.0,21.0,1.0,1,49.0,1.0,52.0,0,1,1
2748,40.0,4.0,21.0,1.0,0,6.0,1.0,45.0,1,1,1
318,54.0,1.0,19.0,3.0,3,303.0,0.0,20.0,1,1,0
5011,55.0,1.0,16.0,3.0,0,36.0,0.0,50.0,0,1,1
9385,56.0,1.0,16.0,1.0,4,26.0,0.0,20.0,0,1,0
5649,41.0,1.0,20.0,1.0,4,6.0,0.0,99.0,1,1,1
8742,58.0,1.0,21.0,1.0,0,49.0,1.0,40.0,0,0,1
3908,52.0,1.0,19.0,1.0,0,49.0,0.0,40.0,1,1,1
2986,53.0,1.0,17.0,1.0,3,501.0,0.0,40.0,1,1,1
8634,47.0,4.0,19.0,1.0,0,6.0,0.0,50.0,1,1,1
12356,57.0,2.0,18.0,3.0,0,49.0,0.0,5.0,0,1,0
1645,19.0,3.0,19.0,4.0,1,361.0,2.0,25.0,0,1,0
9205,62.0,5.0,21.0,3.0,0,49.0,0.0,40.0,0,1,1
9894,26.0,1.0,20.0,1.0,0,53.0,0.0,45.0,1,1,1
6257,40.0,1.0,19.0,1.0,2,49.0,0.0,10.0,0,1,0
6003,46.0,1.0,16.0,3.0,4,128.0,0.0,50.0,1,1,1
12770,24.0,1.0,16.0,1.0,1,49.0,1.0,36.0,0,1,0
8654,47.0,3.0,19.0,5.0,0,247.0,0.0,40.0,1,0,0
8042,46.0,1.0,21.0,5.0,0,164.0,0.0,40.0,0,0,1
11714,19.0,5.0,16.0,5.0,2,6.0,2.0,60.0,1,1,0
6377,23.0,1.0,23.0,5.0,0,6.0,2.0,42.0,1,1,1
3539,33.0,1.0,19.0,1.0,0,49.0,0.0,40.0,1,1,1
8850,55.0,1.0,19.0,1.0,1,4.0,1.0,43.0,1,1,1
7723,29.0,3.0,16.0,1.0,2,49.0,0.0,40.0,0,1,0
4388,30.0,1.0,16.0,1.0,4,16.0,0.0,45.0,1,1,1
9312,36.0,1.0,19.0,1.0,1,49.0,1.0,40.0,0,1,0
9777,66.0,1.0,16.0,1.0,0,49.0,0.0,20.0,0,1,0
11097,57.0,1.0,21.0,1.0,2,120.0,1.0,20.0,0,0,0
8716,49.0,1.0,21.0,1.0,0,49.0,1.0,35.0,0,1,1
9507,73.0,1.0,18.0,2.0,4,49.0,0.0,50.0,1,1,1
5464,46.0,3.0,21.0,1.0,1,49.0,0.0,45.0,0,1,1
6876,69.0,1.0,24.0,1.0,0,448.0,1.0,40.0,1,1,1
8659,26.0,3.0,21.0,1.0,0,56.0,0.0,40.0,1,1,1
1951,28.0,1.0,18.0,1.0,2,49.0,0.0,40.0,0,1,0
9905,51.0,2.0,21.0,1.0,0,49.0,0.0,50.0,1,1,1
618,55.0,1.0,21.0,1.0,0,49.0,0.0,48.0,1,1,1
6647,64.0,1.0,22.0,1.0,0,49.0,1.0,42.0,0,1,1
10470,22.0,1.0,16.0,1.0,2,49.0,0.0,30.0,0,1,0
12670,43.0,1.0,19.0,1.0,2,6.0,1.0,40.0,0,0,0
1504,58.0,1.0,21.0,1.0,0,16.0,1.0,40.0,1,1,1
1642,24.0,6.0,19.0,1.0,3,47.0,15.0,30.0,1,0,0
10279,35.0,1.0,21.0,3.0,2,49.0,0.0,40.0,0,1,1
3917,23.0,5.0,20.0,1.0,0,4.0,0.0,2.0,0,1,0
893,39.0,1.0,19.0,1.0,4,49.0,1.0,40.0,1,1,1
712,37.0,1.0,19.0,3.0,1,150.0,0.0,25.0,0,1,0
2577,33.0,3.0,16.0,5.0,1,49.0,2.0,42.0,0,1,0
5596,19.0,1.0,14.0,5.0,1,49.0,13.0,40.0,0,1,0
11945,52.0,2.0,15.0,5.0,0,303.0,2.0,10.0,0,0,0
10479,32.0,1.0,16.0,5.0,2,53.0,2.0,40.0,1,1,0
9149,20.0,3.0,19.0,5.0,2,49.0,0.0,18.0,0,1,0
12367,23.0,1.0,16.0,5.0,3,49.0,2.0,40.0,1,1,0
29,17.0,1.0,18.0,5.0,2,17.0,2.0,15.0,0,1,0
2308,52.0,1.0,22.0,1.0,0,49.0,0.0,40.0,1,1,1
9299,59.0,1.0,19.0,1.0,2,303.0,1.0,17.0,0,0,0
11317,72.0,1.0,20.0,2.0,2,49.0,0.0,16.0,0,1,1
1555,38.0,6.0,20.0,1.0,0,13.0,1.0,40.0,1,1,0
11647,30.0,1.0,20.0,5.0,1,6.0,2.0,40.0,1,1,0
12008,41.0,2.0,21.0,1.0,0,39.0,0.0,40.0,1,1,1
6837,30.0,3.0,22.0,1.0,0,30.0,0.0,44.0,0,1,1
4970,39.0,1.0,19.0,1.0,2,49.0,2.0,29.0,0,1,0
8778,55.0,2.0,20.0,1.0,2,16.0,0.0,40.0,0,1,1
6525,22.0,3.0,21.0,1.0,4,26.0,0.0,18.0,1,1,0
1134,26.0,4.0,19.0,1.0,0,17.0,0.0,20.0,0,1,0
1502,28.0,7.0,1.0,5.0,1,49.0,2.0,15.0,1,1,0
567,47.0,6.0,21.0,1.0,1,49.0,2.0,30.0,0,1,0
2702,23.0,1.0,22.0,5.0,0,6.0,2.0,20.0,0,1,0
4612,61.0,7.0,21.0,1.0,0,49.0,1.0,40.0,1,1,1
12244,48.0,5.0,22.0,1.0,0,49.0,0.0,45.0,1,1,1
2489,36.0,1.0,14.0,5.0,4,49.0,2.0,40.0,1,1,1
9812,24.0,1.0,19.0,5.0,2,12.0,4.0,24.0,1,1,0
7429,34.0,1.0,16.0,5.0,2,49.0,12.0,40.0,0,1,0
7115,38.0,2.0,16.0,1.0,0,49.0,1.0,30.0,0,1,0
4407,30.0,7.0,19.0,1.0,0,49.0,1.0,40.0,1,1,1
1177,41.0,1.0,21.0,1.0,0,49.0,0.0,40.0,1,1,1
625,50.0,1.0,22.0,3.0,0,49.0,0.0,40.0,1,1,1
361,37.0,8.0,20.0,1.0,1,6.0,1.0,6.0,0,1,0
639,58.0,3.0,16.0,1.0,1,49.0,0.0,15.0,0,1,0
3274,19.0,1.0,21.0,5.0,1,49.0,2.0,40.0,1,0,0
7615,61.0,2.0,21.0,5.0,0,27.0,0.0,50.0,0,1,1
11194,40.0,1.0,16.0,1.0,3,49.0,1.0,20.0,1,1,0
3297,18.0,1.0,19.0,5.0,2,49.0,2.0,30.0,0,0,0
11069,33.0,1.0,19.0,1.0,3,49.0,0.0,40.0,1,1,1
3474,36.0,1.0,19.0,1.0,0,49.0,0.0,25.0,1,1,1
1069,22.0,1.0,16.0,1.0,2,8.0,2.0,29.0,0,1,0
4720,20.0,1.0,14.0,5.0,1,49.0,2.0,32.0,1,1,0
12619,23.0,2.0,22.0,5.0,0,49.0,0.0,40.0,0,1,1
2467,30.0,1.0,12.0,1.0,1,49.0,15.0,40.0,0,1,0
5230,21.0,1.0,16.0,5.0,3,49.0,4.0,40.0,1,1,0
10381,18.0,1.0,20.0,5.0,4,28.0,13.0,50.0,1,1,0
3023,43.0,1.0,20.0,1.0,1,49.0,1.0,40.0,1,1,1
3704,68.0,1.0,20.0,1.0,2,303.0,1.0,15.0,0,0,0
10351,64.0,1.0,16.0,5.0,3,49.0,0.0,40.0,1,1,1
3486,38.0,6.0,19.0,1.0,1,51.0,1.0,8.0,0,1,0
6550,36.0,1.0,16.0,1.0,4,49.0,1.0,40.0,1,1,1
11455,54.0,1.0,21.0,1.0,0,49.0,0.0,40.0,1,1,1
7693,66.0,1.0,18.0,1.0,3,49.0,0.0,15.0,1,1,0
12125,35.0,1.0,16.0,1.0,2,30.0,1.0,24.0,0,1,0
12952,22.0,1.0,20.0,1.0,1,49.0,1.0,38.0,1,1,0
10305,25.0,3.0,14.0,5.0,3,29.0,2.0,40.0,1,1,0
4188,29.0,1.0,19.0,5.0,0,49.0,13.0,50.0,1,1,1
12065,18.0,1.0,16.0,5.0,3,49.0,2.0,40.0,0,1,0
11333,32.0,6.0,18.0,1.0,1,49.0,1.0,50.0,1,1,0
8083,24.0,1.0,16.0,5.0,2,49.0,11.0,16.0,0,1,0
3321,54.0,1.0,18.0,1.0,0,49.0,0.0,40.0,0,1,1
2707,25.0,1.0,13.0,5.0,1,1.0,2.0,30.0,0,1,0
5826,54.0,5.0,16.0,1.0,3,6.0,0.0,20.0,1,1,1
12370,36.0,1.0,16.0,5.0,1,6.0,17.0,40.0,0,1,0
1428,24.0,1.0,18.0,5.0,2,56.0,2.0,40.0,1,1,0
10365,21.0,1.0,19.0,5.0,3,49.0,4.0,40.0,1,1,0
10364,25.0,1.0,16.0,1.0,1,49.0,0.0,40.0,1,1,1
9529,36.0,5.0,22.0,1.0,0,6.0,0.0,40.0,1,1,1
8246,42.0,3.0,16.0,1.0,0,30.0,0.0,60.0,1,0,1
7069,46.0,2.0,22.0,1.0,0,49.0,0.0,40.0,0,1,1
12156,56.0,1.0,20.0,3.0,2,4.0,0.0,40.0,0,1,0
9479,32.0,2.0,19.0,5.0,1,56.0,10.0,12.0,0,1,0
2241,43.0,1.0,19.0,1.0,0,233.0,0.0,56.0,1,0,1
7469,62.0,1.0,18.0,5.0,4,49.0,17.0,30.0,0,1,1
7249,24.0,1.0,19.0,5.0,2,49.0,2.0,40.0,0,1,0
12234,65.0,2.0,21.0,1.0,0,49.0,0.0,55.0,0,1,1
3927,48.0,1.0,18.0,1.0,2,49.0,0.0,50.0,0,1,1
10097,24.0,4.0,19.0,5.0,4,49.0,2.0,35.0,0,1,0
8567,60.0,1.0,19.0,1.0,0,49.0,0.0,60.0,1,1,1
6275,33.0,1.0,16.0,1.0,3,49.0,0.0,45.0,1,1,1
5644,28.0,1.0,19.0,5.0,0,49.0,11.0,20.0,0,1,0
2311,46.0,2.0,20.0,1.0,2,49.0,0.0,22.0,0,1,1
9928,62.0,1.0,19.0,1.0,-1,30.0,0.0,55.0,1,1,1
11057,26.0,7.0,20.0,1.0,1,49.0,1.0,18.0,1,1,0
7227,50.0,1.0,20.0,1.0,0,49.0,1.0,33.0,0,0,0
9847,66.0,1.0,19.0,1.0,0,49.0,0.0,40.0,0,1,1
7066,49.0,4.0,16.0,1.0,2,49.0,0.0,25.0,0,0,0
11528,65.0,7.0,22.0,1.0,0,49.0,10.0,60.0,1,1,1
11764,78.0,6.0,18.0,4.0,1,49.0,0.0,40.0,0,1,0
4584,36.0,1.0,14.0,5.0,2,26.0,0.0,40.0,1,1,1
9170,20.0,1.0,19.0,5.0,4,49.0,17.0,40.0,1,1,0
5120,22.0,1.0,16.0,5.0,2,303.0,15.0,15.0,1,0,0
12857,22.0,1.0,20.0,5.0,3,49.0,2.0,40.0,1,1,0
7582,30.0,1.0,19.0,3.0,2,49.0,11.0,20.0,0,1,0
1388,18.0,1.0,23.0,5.0,0,49.0,12.0,40.0,1,1,0
6361,45.0,1.0,20.0,1.0,2,49.0,1.0,8.0,0,1,0
11199,32.0,1.0,16.0,5.0,2,49.0,2.0,45.0,0,1,1
2456,27.0,1.0,19.0,1.0,0,49.0,1.0,40.0,0,1,0
9975,33.0,4.0,22.0,1.0,0,49.0,1.0,50.0,1,1,1
9111,52.0,2.0,19.0,3.0,2,49.0,0.0,54.0,0,1,1
5964,21.0,1.0,19.0,5.0,3,49.0,17.0,36.0,1,0,0
5871,64.0,1.0,23.0,1.0,0,49.0,1.0,52.0,0,1,1
5268,59.0,7.0,14.0,1.0,3,6.0,0.0,80.0,1,1,1
2094,49.0,1.0,21.0,1.0,2,49.0,1.0,30.0,0,1,0
12102,27.0,1.0,19.0,5.0,0,49.0,2.0,60.0,1,1,1
3971,27.0,5.0,22.0,5.0,5,49.0,17.0,40.0,1,1,1
12739,64.0,1.0,19.0,1.0,4,31.0,9.0,40.0,1,0,0
12336,41.0,8.0,21.0,1.0,0,49.0,1.0,42.0,1,1,0
3395,26.0,1.0,16.0,1.0,3,41.0,0.0,40.0,1,0,1
9705,54.0,3.0,23.0,1.0,0,49.0,0.0,65.0,1,1,1
6805,56.0,1.0,16.0,1.0,2,49.0,0.0,12.0,0,1,0
10093,57.0,6.0,21.0,1.0,2,49.0,0.0,50.0,1,1,1
12794,44.0,7.0,19.0,1.0,0,49.0,1.0,30.0,1,1,1
12734,26.0,7.0,19.0,5.0,3,49.0,2.0,30.0,1,1,0
7182,19.0,2.0,15.0,5.0,0,6.0,15.0,40.0,0,1,0
7576,41.0,1.0,18.0,1.0,0,6.0,0.0,50.0,1,1,1
1259,34.0,2.0,20.0,5.0,2,42.0,11.0,25.0,0,1,0
4925,31.0,7.0,18.0,1.0,3,6.0,1.0,40.0,1,1,1
1768,42.0,5.0,21.0,1.0,2,207.0,1.0,70.0,1,0,1
3416,25.0,1.0,19.0,1.0,4,106.0,1.0,20.0,1,1,0
5133,41.0,1.0,13.0,3.0,1,6.0,2.0,40.0,1,1,0
1990,26.0,6.0,19.0,1.0,0,49.0,0.0,50.0,0,1,1
2230,27.0,1.0,18.0,5.0,2,49.0,0.0,6.0,0,1,0
3925,18.0,1.0,13.0,5.0,4,215.0,17.0,40.0,1,1,0
5141,43.0,1.0,19.0,1.0,0,16.0,1.0,50.0,0,1,1
11129,37.0,1.0,14.0,1.0,4,49.0,1.0,40.0,1,1,1
1965,19.0,1.0,19.0,5.0,2,56.0,0.0,35.0,1,1,0
7541,60.0,1.0,16.0,1.0,1,53.0,9.0,35.0,1,1,0
398,39.0,1.0,14.0,5.0,2,49.0,0.0,40.0,0,1,1
9871,49.0,1.0,19.0,3.0,1,6.0,10.0,40.0,0,1,0
4177,46.0,4.0,19.0,1.0,0,49.0,1.0,40.0,0,1,1
9931,44.0,2.0,23.0,1.0,0,49.0,1.0,3.0,1,0,1
10968,49.0,1.0,21.0,1.0,2,23.0,1.0,50.0,1,0,1
3098,24.0,1.0,18.0,5.0,2,26.0,2.0,40.0,1,1,0
9655,76.0,4.0,22.0,1.0,0,49.0,0.0,40.0,1,1,1
716,62.0,1.0,19.0,5.0,2,49.0,0.0,18.0,0,1,1
3240,62.0,1.0,16.0,1.0,3,49.0,1.0,3.0,0,1,1
7356,55.0,1.0,21.0,3.0,2,49.0,0.0,40.0,1,1,1
1194,35.0,7.0,16.0,1.0,2,49.0,1.0,42.0,0,1,1
4447,56.0,4.0,13.0,1.0,1,13.0,0.0,30.0,0,0,0
6037,37.0,1.0,19.0,1.0,0,303.0,0.0,20.0,0,0,0
9537,43.0,1.0,21.0,1.0,0,28.0,0.0,40.0,0,1,1
7957,51.0,1.0,23.0,1.0,0,49.0,16.0,15.0,0,1,0
2586,59.0,1.0,20.0,1.0,2,30.0,0.0,32.0,0,1,0
7290,42.0,1.0,15.0,1.0,2,49.0,1.0,30.0,0,1,0
11091,35.0,4.0,19.0,1.0,2,49.0,0.0,96.0,0,1,1
8890,29.0,7.0,20.0,1.0,0,6.0,1.0,40.0,1,1,1
3823,46.0,1.0,19.0,1.0,4,49.0,0.0,40.0,0,1,0
7998,20.0,1.0,16.0,5.0,2,49.0,12.0,30.0,0,1,0
464,37.0,2.0,21.0,1.0,1,49.0,2.0,27.0,0,1,0
6127,58.0,1.0,19.0,5.0,3,49.0,12.0,45.0,1,1,0
6815,21.0,1.0,20.0,5.0,2,53.0,2.0,30.0,1,1,0
9144,20.0,3.0,17.0,5.0,2,29.0,2.0,40.0,0,1,0
12213,18.0,1.0,18.0,5.0,2,51.0,2.0,50.0,0,1,0
8005,37.0,6.0,21.0,1.0,0,49.0,1.0,40.0,1,1,1
7495,59.0,1.0,16.0,1.0,1,373.0,0.0,35.0,0,1,1
8714,71.0,1.0,22.0,1.0,0,49.0,1.0,70.0,1,1,1
8617,26.0,1.0,24.0,1.0,0,49.0,0.0,45.0,1,1,0
1181,54.0,4.0,19.0,1.0,2,127.0,0.0,55.0,1,1,1
4608,36.0,1.0,16.0,1.0,1,421.0,1.0,35.0,1,0,0
6353,26.0,4.0,19.0,1.0,2,49.0,0.0,40.0,0,1,1
9768,62.0,6.0,17.0,1.0,3,303.0,1.0,40.0,1,0,0
8515,22.0,1.0,19.0,5.0,2,49.0,2.0,22.0,1,1,0
2765,30.0,4.0,16.0,5.0,0,36.0,12.0,45.0,1,1,1
9413,54.0,7.0,18.0,3.0,3,49.0,0.0,40.0,1,1,1
12378,32.0,1.0,19.0,1.0,2,42.0,1.0,40.0,1,1,1
8089,22.0,1.0,15.0,5.0,1,49.0,0.0,40.0,0,1,0
1197,54.0,1.0,21.0,1.0,2,120.0,2.0,50.0,1,0,0
10613,50.0,7.0,21.0,1.0,0,49.0,1.0,40.0,1,1,1
7346,53.0,1.0,19.0,1.0,2,49.0,0.0,45.0,1,1,1
6172,47.0,1.0,19.0,1.0,4,49.0,0.0,28.0,0,1,0
11818,48.0,4.0,24.0,1.0,0,49.0,1.0,50.0,0,1,1
12392,47.0,2.0,20.0,1.0,0,18.0,1.0,40.0,0,1,1
6595,60.0,1.0,23.0,1.0,-1,1.0,0.0,50.0,1,1,1
1832,34.0,2.0,19.0,3.0,3,49.0,0.0,65.0,1,1,1
1152,41.0,1.0,20.0,1.0,1,49.0,0.0,32.0,0,1,0
3042,24.0,1.0,19.0,5.0,2,49.0,17.0,20.0,1,1,0
6721,25.0,4.0,20.0,4.0,2,49.0,0.0,25.0,0,1,0
840,29.0,1.0,21.0,5.0,0,49.0,0.0,40.0,0,1,1
5802,18.0,1.0,21.0,5.0,0,34.0,0.0,40.0,1,1,0
5,54.0,2.0,21.0,1.0,0,49.0,1.0,20.0,0,1,0
6861,55.0,1.0,22.0,1.0,0,211.0,0.0,40.0,1,0,1
11499,26.0,1.0,19.0,5.0,1,49.0,2.0,35.0,1,1,0
5628,29.0,1.0,21.0,5.0,0,8.0,12.0,33.0,0,1,0
197,39.0,7.0,19.0,1.0,1,49.0,0.0,45.0,1,1,0
5415,21.0,1.0,16.0,5.0,0,49.0,17.0,26.0,0,1,0
947,27.0,1.0,20.0,1.0,2,48.0,1.0,35.0,1,1,0
3036,58.0,3.0,19.0,1.0,0,49.0,2.0,38.0,0,1,0
13058,57.0,6.0,16.0,1.0,1,110.0,6.0,20.0,0,1,0
8538,42.0,1.0,20.0,1.0,2,49.0,9.0,40.0,0,1,0
10832,24.0,4.0,19.0,5.0,1,16.0,2.0,30.0,0,1,0
7187,24.0,7.0,19.0,1.0,2,49.0,1.0,40.0,1,1,0
1829,45.0,1.0,21.0,1.0,0,36.0,0.0,2.0,0,1,0
4471,55.0,1.0,24.0,1.0,0,4.0,1.0,50.0,0,1,1
10028,36.0,3.0,19.0,1.0,2,49.0,1.0,24.0,0,1,0
1569,45.0,1.0,18.0,1.0,4,18.0,1.0,50.0,1,0,1
2472,60.0,1.0,21.0,5.0,0,49.0,12.0,45.0,1,1,1
1540,41.0,1.0,18.0,1.0,2,49.0,0.0,40.0,1,1,1
6687,53.0,4.0,19.0,1.0,3,49.0,0.0,20.0,1,1,0
7024,61.0,4.0,19.0,3.0,0,49.0,0.0,40.0,0,1,1
1468,48.0,1.0,16.0,1.0,1,361.0,0.0,40.0,1,1,1
596,67.0,1.0,16.0,1.0,2,49.0,0.0,40.0,0,1,1
9257,47.0,1.0,22.0,1.0,0,6.0,0.0,48.0,1,1,1
7401,62.0,1.0,22.0,1.0,0,6.0,0.0,45.0,1,1,1
12192,39.0,1.0,19.0,1.0,2,49.0,0.0,40.0,1,1,0
8874,29.0,1.0,24.0,1.0,0,236.0,0.0,35.0,1,1,1
7562,23.0,2.0,22.0,5.0,2,303.0,0.0,55.0,0,0,0
6627,21.0,1.0,16.0,5.0,4,49.0,2.0,40.0,1,1,0
11637,42.0,1.0,19.0,5.0,1,303.0,17.0,10.0,0,0,0
2876,34.0,1.0,21.0,1.0,0,49.0,1.0,55.0,1,1,1
11485,33.0,1.0,19.0,5.0,3,49.0,2.0,40.0,1,1,1
9475,53.0,1.0,19.0,1.0,0,49.0,9.0,40.0,1,1,0
11059,47.0,2.0,20.0,1.0,2,49.0,0.0,20.0,1,1,1
10608,41.0,1.0,21.0,1.0,0,408.0,0.0,44.0,1,1,1
4137,42.0,1.0,19.0,1.0,4,372.0,0.0,42.0,1,1,1
9044,62.0,7.0,19.0,1.0,0,49.0,1.0,40.0,1,1,1
10502,42.0,5.0,20.0,3.0,0,49.0,11.0,38.0,0,1,1
5919,33.0,1.0,17.0,1.0,3,49.0,1.0,40.0,1,1,0
5501,19.0,1.0,14.0,5.0,1,49.0,2.0,20.0,0,1,0
11747,22.0,1.0,14.0,5.0,2,49.0,17.0,40.0,0,1,0
10764,52.0,6.0,14.0,1.0,2,49.0,1.0,18.0,0,1,0
6614,50.0,1.0,18.0,5.0,0,49.0,0.0,30.0,0,1,0
10449,67.0,4.0,23.0,1.0,0,49.0,1.0,40.0,1,1,1
3047,50.0,1.0,22.0,1.0,0,49.0,0.0,50.0,1,1,1
10190,41.0,1.0,19.0,1.0,1,6.0,2.0,10.0,0,1,0
4568,40.0,2.0,16.0,1.0,3,16.0,0.0,40.0,1,1,1
3424,25.0,1.0,19.0,5.0,0,16.0,2.0,6.0,0,1,0
13014,48.0,1.0,19.0,1.0,0,303.0,0.0,46.0,1,1,1
4725,31.0,1.0,20.0,1.0,0,49.0,0.0,40.0,1,1,1
5824,74.0,1.0,21.0,1.0,4,49.0,0.0,48.0,1,1,1
5247,20.0,3.0,19.0,5.0,0,18.0,12.0,5.0,0,1,0
2107,46.0,2.0,18.0,3.0,2,49.0,0.0,66.0,1,1,1
4366,65.0,6.0,21.0,1.0,2,49.0,0.0,55.0,1,1,1
10489,25.0,1.0,19.0,5.0,2,49.0,3.0,20.0,1,1,0
13018,34.0,1.0,16.0,1.0,2,128.0,0.0,40.0,1,1,0
5426,24.0,1.0,20.0,1.0,4,49.0,0.0,40.0,1,1,1
6283,36.0,1.0,18.0,1.0,4,49.0,0.0,12.0,1,1,0
3118,61.0,1.0,20.0,5.0,4,49.0,2.0,40.0,1,1,1
3250,25.0,4.0,21.0,1.0,0,49.0,0.0,50.0,1,1,1
3865,50.0,1.0,19.0,1.0,4,56.0,1.0,48.0,1,1,0
8878,46.0,1.0,21.0,1.0,0,49.0,0.0,16.0,0,0,1
11854,49.0,6.0,19.0,1.0,1,110.0,0.0,40.0,1,1,1
5879,35.0,1.0,16.0,1.0,2,49.0,0.0,42.0,0,1,0
10936,26.0,3.0,20.0,1.0,2,49.0,1.0,50.0,0,1,0
6330,60.0,1.0,22.0,1.0,0,215.0,9.0,40.0,0,1,1
5223,49.0,1.0,21.0,5.0,0,49.0,0.0,44.0,0,1,0
10216,79.0,1.0,11.0,3.0,3,49.0,2.0,15.0,1,0,0
10891,35.0,1.0,18.0,1.0,1,370.0,0.0,50.0,1,1,1
1826,22.0,6.0,16.0,1.0,1,39.0,1.0,29.0,0,1,0
1702,21.0,1.0,18.0,5.0,0,49.0,0.0,52.0,0,1,0
7771,63.0,2.0,16.0,3.0,1,49.0,12.0,25.0,0,1,0
6734,30.0,1.0,22.0,5.0,2,49.0,16.0,60.0,1,1,0
8886,75.0,1.0,11.0,3.0,1,49.0,12.0,30.0,1,1,0
12434,68.0,3.0,21.0,1.0,0,17.0,0.0,40.0,1,1,1
7910,41.0,1.0,23.0,1.0,0,49.0,0.0,40.0,1,1,1
5796,37.0,1.0,18.0,1.0,2,209.0,1.0,50.0,0,0,1
11522,57.0,1.0,21.0,1.0,4,6.0,1.0,30.0,0,1,0
3117,39.0,2.0,21.0,3.0,0,49.0,0.0,40.0,1,1,1
11711,20.0,1.0,18.0,5.0,3,49.0,2.0,20.0,1,1,0
8184,33.0,1.0,21.0,1.0,2,6.0,0.0,35.0,1,1,1
11722,27.0,1.0,17.0,3.0,0,29.0,0.0,40.0,0,1,1
2166,61.0,4.0,21.0,3.0,0,49.0,0.0,42.0,0,1,1
12970,43.0,1.0,21.0,1.0,0,20.0,1.0,60.0,1,1,1
6402,55.0,1.0,20.0,1.0,2,303.0,0.0,40.0,0,0,1
2132,29.0,3.0,22.0,5.0,0,49.0,17.0,30.0,0,1,0
4382,40.0,1.0,21.0,1.0,0,6.0,0.0,40.0,0,1,1
11944,35.0,1.0,19.0,1.0,0,18.0,0.0,40.0,1,1,1
9323,43.0,3.0,21.0,1.0,2,49.0,1.0,16.0,1,1,1
12495,45.0,1.0,20.0,5.0,0,209.0,7.0,10.0,1,0,0
2382,48.0,1.0,19.0,1.0,3,110.0,1.0,40.0,1,1,0
9048,56.0,1.0,21.0,1.0,0,49.0,1.0,40.0,1,1,1
9469,51.0,1.0,16.0,1.0,1,8.0,1.0,40.0,0,1,1
10831,31.0,2.0,21.0,1.0,0,49.0,0.0,28.0,0,1,0
11580,27.0,1.0,21.0,1.0,0,49.0,0.0,36.0,0,0,0
2913,39.0,5.0,16.0,1.0,3,49.0,9.0,50.0,1,0,1
8707,38.0,3.0,18.0,1.0,1,48.0,9.0,32.0,0,1,0
7894,50.0,1.0,21.0,1.0,1,49.0,0.0,40.0,1,1,1
1204,18.0,5.0,16.0,5.0,4,49.0,5.0,30.0,1,1,0
10896,30.0,4.0,21.0,1.0,0,53.0,1.0,36.0,0,1,0
11050,60.0,4.0,19.0,1.0,4,49.0,1.0,40.0,1,1,1
5309,47.0,1.0,19.0,1.0,2,49.0,1.0,40.0,0,1,0
4555,72.0,1.0,20.0,1.0,0,36.0,0.0,40.0,0,1,1
10246,76.0,1.0,16.0,3.0,0,51.0,0.0,40.0,1,1,1
4266,59.0,1.0,16.0,1.0,1,49.0,0.0,20.0,1,1,0
12091,60.0,1.0,20.0,2.0,2,49.0,0.0,45.0,1,1,1
2795,76.0,7.0,21.0,1.0,0,25.0,0.0,50.0,1,1,1
653,35.0,1.0,18.0,1.0,3,49.0,0.0,40.0,1,1,1
6563,61.0,1.0,21.0,3.0,0,49.0,0.0,16.0,0,0,1
5170,54.0,1.0,17.0,1.0,0,49.0,0.0,30.0,0,1,1
11274,54.0,7.0,18.0,1.0,1,49.0,0.0,40.0,1,1,1
1903,28.0,1.0,19.0,1.0,2,303.0,1.0,40.0,1,1,1
7327,22.0,1.0,19.0,5.0,0,49.0,2.0,30.0,0,1,0
7935,65.0,1.0,19.0,3.0,2,39.0,0.0,52.0,0,1,1
12078,22.0,1.0,20.0,5.0,2,6.0,2.0,50.0,0,1,0
1794,22.0,1.0,22.0,1.0,0,49.0,1.0,10.0,1,1,0
209,21.0,1.0,19.0,5.0,1,16.0,2.0,5.0,1,1,0
4216,56.0,1.0,20.0,1.0,0,8.0,0.0,60.0,1,1,1
9004,29.0,1.0,14.0,1.0,2,16.0,1.0,40.0,0,1,0
6596,22.0,1.0,19.0,3.0,1,56.0,0.0,40.0,0,1,0
12922,26.0,1.0,21.0,1.0,1,242.0,1.0,90.0,1,0,0
10296,49.0,1.0,16.0,1.0,2,6.0,9.0,40.0,0,1,0
1398,46.0,4.0,20.0,1.0,0,16.0,1.0,40.0,0,1,0
10158,54.0,1.0,21.0,1.0,0,49.0,0.0,40.0,0,1,1
9751,27.0,3.0,16.0,5.0,0,49.0,16.0,50.0,0,1,0
5529,68.0,4.0,22.0,1.0,0,49.0,1.0,40.0,1,1,1
5438,50.0,1.0,19.0,1.0,0,49.0,1.0,50.0,1,1,1
10024,51.0,6.0,19.0,1.0,2,4.0,0.0,25.0,0,1,0
7600,37.0,2.0,14.0,1.0,4,301.0,0.0,40.0,1,1,1
8660,31.0,3.0,18.0,1.0,2,41.0,0.0,40.0,1,1,1
9707,31.0,3.0,14.0,5.0,1,49.0,2.0,16.0,0,1,0
2253,49.0,1.0,23.0,1.0,0,49.0,0.0,40.0,0,1,1
10540,42.0,5.0,21.0,1.0,-1,17.0,15.0,40.0,1,1,1
3610,56.0,1.0,19.0,1.0,1,6.0,0.0,25.0,1,1,0
793,23.0,1.0,21.0,5.0,0,36.0,15.0,10.0,0,1,0
11462,20.0,1.0,18.0,5.0,1,49.0,12.0,40.0,0,1,0
1612,60.0,4.0,22.0,1.0,0,6.0,0.0,10.0,0,1,0
4548,19.0,1.0,19.0,5.0,0,42.0,2.0,40.0,1,1,0
10666,60.0,4.0,22.0,1.0,1,49.0,1.0,60.0,0,0,1
4623,29.0,1.0,14.0,5.0,3,8.0,2.0,20.0,1,1,0
3018,38.0,1.0,16.0,3.0,2,49.0,13.0,49.0,0,1,1
3837,17.0,1.0,14.0,5.0,2,49.0,0.0,40.0,0,1,0
11238,47.0,1.0,22.0,1.0,2,49.0,0.0,40.0,0,1,1
948,26.0,1.0,18.0,1.0,0,49.0,0.0,40.0,1,1,0
1657,59.0,6.0,16.0,1.0,0,46.0,0.0,6.0,0,1,0
2819,58.0,5.0,19.0,1.0,-1,30.0,0.0,45.0,1,1,1
566,57.0,1.0,16.0,1.0,3,25.0,0.0,60.0,1,1,1
4831,32.0,1.0,17.0,1.0,0,49.0,7.0,40.0,1,1,0
474,17.0,1.0,14.0,5.0,2,6.0,4.0,10.0,1,1,0
9930,38.0,6.0,16.0,1.0,0,16.0,0.0,45.0,1,1,1
7760,29.0,3.0,20.0,1.0,0,51.0,1.0,40.0,0,1,0
10520,19.0,1.0,16.0,5.0,2,49.0,3.0,40.0,0,0,0
1572,53.0,6.0,17.0,3.0,3,48.0,16.0,12.0,1,1,0
4815,47.0,4.0,21.0,1.0,0,49.0,1.0,20.0,0,1,0
5179,55.0,1.0,16.0,2.0,2,49.0,0.0,65.0,0,1,1
1291,27.0,1.0,21.0,1.0,0,49.0,0.0,60.0,1,1,1
3210,49.0,1.0,21.0,1.0,2,49.0,0.0,40.0,0,1,1
940,39.0,1.0,21.0,1.0,0,303.0,1.0,40.0,1,1,1
6315,64.0,8.0,21.0,1.0,0,16.0,1.0,20.0,1,1,0
1150,37.0,3.0,22.0,1.0,0,49.0,0.0,40.0,1,1,1
5471,61.0,4.0,23.0,4.0,0,49.0,12.0,40.0,0,1,1
6787,22.0,3.0,20.0,1.0,1,6.0,1.0,50.0,0,1,0
2515,58.0,1.0,19.0,1.0,2,49.0,0.0,40.0,1,0,1
4318,60.0,1.0,16.0,1.0,0,49.0,1.0,20.0,0,1,0
5458,24.0,1.0,23.0,5.0,0,6.0,2.0,40.0,1,1,1
8903,43.0,1.0,17.0,1.0,2,49.0,1.0,45.0,0,1,1
2615,49.0,7.0,21.0,1.0,0,207.0,0.0,52.0,0,0,1
8526,56.0,1.0,19.0,1.0,4,136.0,0.0,42.0,1,1,1
7062,39.0,3.0,21.0,1.0,0,49.0,0.0,40.0,0,1,0
10054,19.0,1.0,16.0,5.0,4,49.0,4.0,40.0,1,1,0
2990,43.0,1.0,21.0,5.0,0,49.0,0.0,40.0,1,1,1
8917,23.0,1.0,16.0,5.0,3,49.0,2.0,40.0,1,1,0
4876,57.0,1.0,21.0,1.0,0,32.0,1.0,60.0,1,1,1
1470,70.0,8.0,20.0,4.0,1,49.0,9.0,30.0,0,1,0
4396,51.0,6.0,21.0,1.0,3,49.0,6.0,30.0,1,1,0
6281,45.0,1.0,16.0,1.0,4,49.0,0.0,40.0,1,1,1
1198,39.0,1.0,17.0,3.0,2,49.0,0.0,35.0,0,1,0
1220,75.0,1.0,16.0,3.0,0,49.0,0.0,40.0,1,1,1
3152,37.0,1.0,22.0,1.0,0,27.0,0.0,40.0,1,1,1
5935,22.0,1.0,17.0,5.0,1,55.0,2.0,40.0,1,1,0
3727,19.0,3.0,19.0,5.0,1,49.0,2.0,10.0,0,1,0
1249,23.0,1.0,18.0,5.0,0,49.0,0.0,90.0,1,0,0
10108,25.0,1.0,19.0,1.0,3,49.0,1.0,44.0,1,1,1
2089,21.0,1.0,19.0,5.0,0,301.0,12.0,35.0,0,1,0
4935,67.0,1.0,16.0,1.0,3,49.0,0.0,50.0,1,1,1
1380,32.0,1.0,16.0,1.0,0,29.0,0.0,40.0,0,1,1
5045,44.0,1.0,18.0,1.0,1,49.0,1.0,40.0,0,1,0
6925,41.0,1.0,20.0,1.0,0,51.0,0.0,50.0,1,1,1
1467,25.0,1.0,16.0,5.0,2,6.0,12.0,40.0,1,1,0
7934,24.0,1.0,16.0,5.0,2,49.0,2.0,17.0,0,1,0
8514,26.0,1.0,20.0,1.0,2,49.0,1.0,20.0,0,1,0
6769,42.0,2.0,19.0,1.0,0,49.0,1.0,45.0,1,1,1
5835,20.0,1.0,13.0,5.0,1,49.0,17.0,40.0,1,1,0
5681,42.0,3.0,21.0,1.0,2,30.0,1.0,28.0,0,1,0
6845,46.0,1.0,21.0,5.0,3,53.0,2.0,40.0,1,1,0
5334,65.0,4.0,23.0,1.0,0,8.0,1.0,42.0,0,1,1
4036,42.0,6.0,19.0,1.0,1,110.0,0.0,35.0,0,1,0
11138,41.0,1.0,19.0,1.0,0,49.0,0.0,60.0,1,1,1
2250,24.0,1.0,19.0,5.0,0,4.0,2.0,20.0,0,1,0
5267,22.0,3.0,20.0,1.0,2,49.0,0.0,40.0,0,1,0
7717,20.0,1.0,20.0,5.0,0,148.0,12.0,17.0,0,1,0
2991,49.0,2.0,20.0,1.0,0,49.0,0.0,45.0,1,1,1
11111,65.0,1.0,21.0,5.0,0,49.0,0.0,50.0,1,1,1
3702,33.0,7.0,19.0,1.0,3,49.0,1.0,45.0,1,1,1
3514,45.0,7.0,22.0,1.0,0,49.0,0.0,55.0,1,1,1
12164,36.0,3.0,20.0,1.0,0,4.0,0.0,40.0,1,1,1
1466,46.0,1.0,19.0,1.0,2,468.0,1.0,30.0,0,1,1
2662,46.0,1.0,19.0,1.0,2,49.0,1.0,45.0,1,1,1
8077,37.0,1.0,19.0,3.0,3,49.0,2.0,40.0,1,1,0
162,68.0,7.0,22.0,1.0,0,49.0,1.0,40.0,0,1,1
8016,47.0,1.0,19.0,5.0,2,49.0,2.0,30.0,1,1,0
2319,21.0,1.0,16.0,5.0,2,49.0,2.0,32.0,0,1,0
1705,64.0,1.0,20.0,1.0,0,49.0,1.0,40.0,0,1,0
1427,48.0,1.0,21.0,1.0,2,49.0,0.0,40.0,1,1,1
8267,18.0,1.0,18.0,5.0,2,49.0,15.0,30.0,1,1,0
10058,23.0,6.0,19.0,1.0,4,49.0,0.0,40.0,1,1,0
1107,58.0,7.0,21.0,1.0,2,42.0,1.0,45.0,1,1,1
9933,61.0,1.0,21.0,1.0,0,49.0,0.0,40.0,1,1,1
562,70.0,6.0,18.0,2.0,0,49.0,0.0,35.0,0,1,0
5199,53.0,2.0,24.0,1.0,0,103.0,0.0,45.0,1,1,1
10400,29.0,1.0,15.0,5.0,1,49.0,17.0,29.0,0,1,0
12163,55.0,1.0,20.0,1.0,2,49.0,0.0,10.0,1,1,0
4630,59.0,3.0,23.0,1.0,0,49.0,0.0,40.0,1,1,1
2562,25.0,6.0,16.0,1.0,3,49.0,16.0,38.0,1,1,0
4142,53.0,4.0,17.0,1.0,2,53.0,1.0,10.0,1,1,0
6989,21.0,1.0,19.0,5.0,0,373.0,10.0,20.0,1,1,0
10202,28.0,1.0,21.0,1.0,0,49.0,1.0,16.0,0,1,0
10763,50.0,1.0,21.0,1.0,2,4.0,0.0,40.0,0,0,1
13047,43.0,1.0,20.0,1.0,0,49.0,1.0,50.0,1,0,0
3662,22.0,1.0,16.0,1.0,2,49.0,0.0,35.0,0,1,0
8179,19.0,1.0,16.0,5.0,4,49.0,2.0,35.0,0,1,0
7931,39.0,2.0,24.0,1.0,0,49.0,0.0,55.0,1,1,1
2924,37.0,1.0,16.0,1.0,4,128.0,1.0,40.0,1,1,1
8529,64.0,7.0,21.0,1.0,0,49.0,0.0,40.0,1,1,1
1629,47.0,1.0,16.0,5.0,1,421.0,12.0,30.0,1,0,0
110,51.0,4.0,23.0,1.0,0,4.0,1.0,40.0,1,1,1
12538,63.0,6.0,16.0,1.0,0,49.0,0.0,45.0,1,1,1
8422,18.0,4.0,15.0,5.0,1,247.0,2.0,29.0,0,0,0
5677,23.0,3.0,19.0,5.0,1,49.0,13.0,20.0,0,1,0
5374,28.0,3.0,24.0,1.0,0,49.0,1.0,40.0,1,1,1
6678,30.0,1.0,16.0,1.0,2,6.0,0.0,30.0,1,1,0
2368,53.0,3.0,21.0,1.0,1,49.0,1.0,40.0,1,1,1
2276,31.0,1.0,19.0,1.0,4,35.0,1.0,45.0,1,1,1
2901,22.0,5.0,21.0,5.0,0,6.0,12.0,40.0,0,1,1
2490,22.0,2.0,21.0,1.0,0,4.0,0.0,5.0,1,1,0
6097,40.0,3.0,19.0,4.0,2,49.0,0.0,29.0,0,1,0
1304,56.0,5.0,16.0,3.0,1,13.0,12.0,44.0,1,1,1
11777,54.0,1.0,16.0,3.0,4,49.0,13.0,40.0,1,1,1
8498,27.0,6.0,20.0,1.0,3,49.0,0.0,25.0,1,1,0
4126,64.0,1.0,21.0,1.0,0,49.0,0.0,20.0,0,1,0
10453,30.0,1.0,19.0,5.0,0,6.0,12.0,20.0,0,1,0
2628,18.0,1.0,21.0,5.0,0,16.0,12.0,40.0,1,1,0
10883,45.0,1.0,19.0,1.0,0,16.0,1.0,40.0,1,1,1
11480,21.0,1.0,22.0,5.0,0,49.0,2.0,40.0,0,1,0
1372,55.0,1.0,22.0,1.0,-1,8.0,0.0,40.0,1,1,1
5538,21.0,1.0,19.0,5.0,4,13.0,12.0,43.0,1,1,0
2920,49.0,4.0,23.0,1.0,0,49.0,1.0,43.0,0,1,1
11008,80.0,1.0,20.0,2.0,2,6.0,0.0,40.0,0,0,1
3342,25.0,2.0,23.0,1.0,0,49.0,14.0,65.0,1,1,1
8297,41.0,1.0,22.0,1.0,1,60.0,0.0,60.0,1,0,1
7220,31.0,6.0,16.0,1.0,1,49.0,1.0,12.0,0,1,0
1258,38.0,1.0,16.0,5.0,4,49.0,0.0,40.0,1,1,1
3214,44.0,2.0,10.0,3.0,1,209.0,0.0,40.0,1,0,1
2465,40.0,1.0,21.0,5.0,0,32.0,2.0,40.0,0,1,1
2260,61.0,1.0,21.0,1.0,0,508.0,1.0,40.0,1,0,1
1061,42.0,5.0,20.0,5.0,5,21.0,3.0,40.0,1,1,1
11699,19.0,6.0,19.0,5.0,0,6.0,17.0,30.0,0,1,0
10238,58.0,1.0,19.0,1.0,0,13.0,1.0,40.0,1,1,1
13035,40.0,1.0,21.0,3.0,0,31.0,0.0,40.0,1,1,1
9402,27.0,7.0,19.0,5.0,0,49.0,17.0,30.0,1,1,0
4616,34.0,1.0,19.0,1.0,3,49.0,1.0,40.0,1,1,1
5078,68.0,1.0,21.0,1.0,2,49.0,0.0,45.0,1,1,1
2782,25.0,4.0,19.0,5.0,0,49.0,2.0,15.0,0,1,0
4900,18.0,1.0,14.0,5.0,1,49.0,12.0,20.0,0,1,0
886,24.0,1.0,21.0,1.0,2,28.0,17.0,40.0,1,1,0
726,47.0,1.0,21.0,1.0,0,36.0,0.0,40.0,1,1,0
12966,43.0,1.0,21.0,1.0,4,6.0,1.0,50.0,1,1,1
10323,41.0,3.0,21.0,1.0,0,508.0,0.0,45.0,0,0,1
12717,52.0,1.0,19.0,3.0,1,49.0,8.0,30.0,0,1,1
9965,18.0,1.0,14.0,5.0,1,49.0,2.0,25.0,0,1,0
6201,29.0,1.0,16.0,1.0,1,49.0,0.0,40.0,1,1,0
7055,46.0,3.0,18.0,5.0,1,49.0,17.0,40.0,0,1,0
4025,70.0,1.0,4.0,4.0,3,49.0,0.0,40.0,0,1,1
325,32.0,1.0,19.0,1.0,2,49.0,1.0,25.0,1,0,1
10171,56.0,1.0,19.0,1.0,2,49.0,1.0,40.0,0,1,1
6504,25.0,1.0,24.0,1.0,0,41.0,0.0,40.0,1,1,1
4394,61.0,4.0,21.0,1.0,1,49.0,1.0,30.0,0,1,0
7213,24.0,1.0,19.0,5.0,4,42.0,2.0,30.0,0,1,0
7494,26.0,1.0,16.0,1.0,4,16.0,1.0,60.0,1,1,1
12457,24.0,1.0,18.0,5.0,0,49.0,0.0,30.0,0,1,0
6514,21.0,1.0,18.0,1.0,2,215.0,10.0,40.0,0,1,0
11762,22.0,5.0,16.0,5.0,2,13.0,2.0,15.0,1,1,0
2590,24.0,1.0,19.0,5.0,2,18.0,2.0,18.0,0,0,0
12062,27.0,1.0,16.0,1.0,4,49.0,1.0,8.0,0,1,0
5352,26.0,1.0,14.0,5.0,1,49.0,2.0,18.0,0,1,0
8898,21.0,1.0,22.0,1.0,2,49.0,1.0,43.0,0,1,0
4750,44.0,6.0,19.0,3.0,2,49.0,2.0,40.0,0,1,0
2016,18.0,1.0,19.0,5.0,2,49.0,2.0,40.0,0,0,0
4391,20.0,2.0,19.0,5.0,0,49.0,0.0,30.0,0,1,0
3217,18.0,1.0,16.0,5.0,1,56.0,12.0,30.0,0,1,0
8463,26.0,2.0,20.0,1.0,2,49.0,1.0,15.0,0,1,0
1666,27.0,1.0,18.0,5.0,4,49.0,2.0,10.0,0,1,0
3170,30.0,7.0,21.0,1.0,1,373.0,1.0,40.0,0,0,1
12748,35.0,1.0,16.0,5.0,3,448.0,0.0,20.0,0,1,0
149,38.0,6.0,17.0,2.0,3,49.0,16.0,20.0,0,1,0
1151,53.0,3.0,20.0,1.0,1,16.0,1.0,20.0,0,1,0
1436,18.0,1.0,16.0,5.0,3,6.0,2.0,35.0,1,1,0
717,51.0,4.0,21.0,4.0,0,16.0,0.0,40.0,0,1,1
5810,23.0,6.0,21.0,5.0,0,49.0,5.0,40.0,1,1,0
12346,41.0,1.0,21.0,1.0,0,49.0,1.0,22.0,1,1,1
1627,39.0,3.0,21.0,1.0,0,49.0,1.0,50.0,1,1,0
9476,22.0,4.0,19.0,5.0,1,211.0,17.0,45.0,1,0,0
4979,22.0,1.0,21.0,5.0,0,49.0,2.0,20.0,0,1,0
231,48.0,3.0,19.0,1.0,1,49.0,0.0,32.0,0,1,0
864,51.0,1.0,10.0,3.0,1,38.0,0.0,40.0,1,0,1
6950,18.0,1.0,19.0,5.0,2,49.0,2.0,20.0,1,1,0
3123,39.0,3.0,16.0,1.0,1,16.0,1.0,45.0,0,1,0
3002,25.0,2.0,21.0,1.0,1,242.0,1.0,35.0,0,0,0
12789,71.0,1.0,15.0,1.0,1,49.0,0.0,20.0,1,1,0
11783,56.0,1.0,21.0,1.0,0,49.0,1.0,40.0,1,1,1
12552,37.0,7.0,23.0,1.0,0,49.0,0.0,40.0,1,1,1
1079,19.0,8.0,16.0,4.0,3,6.0,7.0,40.0,1,1,0
9240,33.0,3.0,16.0,1.0,2,16.0,1.0,30.0,0,1,0
12814,70.0,1.0,18.0,1.0,2,30.0,0.0,60.0,1,1,1
4751,57.0,1.0,16.0,1.0,0,6.0,1.0,10.0,1,1,0
12344,29.0,1.0,16.0,5.0,2,49.0,17.0,35.0,0,1,0
4647,24.0,1.0,15.0,5.0,2,49.0,0.0,45.0,1,1,1
11379,37.0,1.0,16.0,5.0,1,38.0,2.0,40.0,1,1,1
9951,30.0,3.0,21.0,1.0,0,49.0,1.0,40.0,1,1,1
5364,39.0,1.0,20.0,2.0,1,53.0,0.0,30.0,0,1,0
2527,71.0,3.0,21.0,1.0,0,49.0,0.0,40.0,0,1,0
144,21.0,6.0,19.0,1.0,2,49.0,0.0,20.0,1,1,0
13012,45.0,7.0,21.0,1.0,0,49.0,1.0,50.0,0,1,1
4206,37.0,1.0,20.0,1.0,1,6.0,1.0,40.0,0,1,0
12070,58.0,1.0,18.0,1.0,2,49.0,0.0,40.0,0,1,0
10623,27.0,1.0,23.0,5.0,0,32.0,17.0,52.0,1,1,1
1677,20.0,1.0,21.0,5.0,3,49.0,12.0,35.0,1,1,0
11845,35.0,1.0,21.0,1.0,1,6.0,0.0,50.0,1,1,1
5844,79.0,2.0,19.0,3.0,2,49.0,0.0,40.0,0,1,0
9944,43.0,1.0,21.0,1.0,0,215.0,0.0,46.0,1,1,1
2892,35.0,1.0,21.0,1.0,0,49.0,0.0,20.0,0,1,0
5758,18.0,3.0,16.0,5.0,2,49.0,17.0,30.0,0,1,0
11770,22.0,1.0,14.0,5.0,1,26.0,17.0,20.0,0,1,0
3088,49.0,3.0,19.0,1.0,0,49.0,6.0,8.0,0,1,0
1032,24.0,1.0,20.0,5.0,0,49.0,12.0,26.0,0,1,0
6816,56.0,1.0,22.0,1.0,0,49.0,1.0,60.0,0,1,1
8176,21.0,2.0,21.0,5.0,0,49.0,12.0,20.0,0,1,0
5848,33.0,1.0,19.0,1.0,2,48.0,0.0,40.0,0,0,1
9357,34.0,5.0,21.0,1.0,4,49.0,1.0,50.0,0,1,1
6335,70.0,1.0,11.0,1.0,3,49.0,1.0,20.0,1,0,0
2223,40.0,1.0,22.0,1.0,0,49.0,1.0,40.0,1,1,1
11290,36.0,1.0,20.0,1.0,2,49.0,0.0,40.0,0,1,0
5463,52.0,4.0,19.0,1.0,2,51.0,1.0,40.0,1,1,1
1481,70.0,7.0,21.0,3.0,0,49.0,8.0,40.0,0,1,1
7325,40.0,1.0,19.0,5.0,0,6.0,17.0,20.0,1,1,0
8547,61.0,1.0,19.0,3.0,1,49.0,2.0,25.0,0,1,0
12647,32.0,1.0,22.0,1.0,0,49.0,0.0,25.0,0,1,0
2607,30.0,5.0,21.0,1.0,2,49.0,1.0,35.0,0,1,0
4131,45.0,1.0,21.0,1.0,0,6.0,1.0,40.0,1,1,1
7112,44.0,4.0,21.0,1.0,0,49.0,0.0,35.0,1,1,1
11329,51.0,4.0,23.0,1.0,0,49.0,0.0,40.0,1,1,1
483,47.0,1.0,22.0,1.0,0,49.0,0.0,40.0,1,1,1
7365,44.0,1.0,19.0,5.0,0,49.0,0.0,40.0,0,1,0
607,18.0,3.0,21.0,5.0,1,49.0,17.0,40.0,0,1,0
7222,26.0,1.0,18.0,1.0,3,49.0,2.0,14.0,1,1,0
9516,28.0,6.0,19.0,1.0,2,49.0,0.0,20.0,0,1,0
10403,44.0,1.0,22.0,1.0,0,49.0,1.0,40.0,1,1,1
589,28.0,1.0,20.0,1.0,2,6.0,1.0,16.0,0,1,1
550,37.0,1.0,18.0,5.0,2,48.0,0.0,30.0,1,1,0
2786,28.0,1.0,18.0,1.0,3,49.0,1.0,50.0,1,1,1
12969,31.0,1.0,21.0,1.0,0,6.0,1.0,40.0,0,1,1
8000,31.0,1.0,21.0,1.0,2,55.0,1.0,40.0,0,1,1
12839,21.0,1.0,19.0,5.0,1,49.0,2.0,82.0,1,1,0
813,37.0,7.0,22.0,1.0,0,56.0,0.0,45.0,1,1,1
1809,22.0,1.0,14.0,5.0,2,53.0,2.0,40.0,1,1,0
11641,59.0,7.0,21.0,1.0,1,49.0,1.0,40.0,1,1,0
3572,26.0,1.0,20.0,5.0,1,49.0,0.0,10.0,0,1,0
12804,27.0,1.0,20.0,4.0,2,49.0,2.0,40.0,0,0,0
2359,48.0,3.0,20.0,4.0,0,49.0,17.0,10.0,0,1,0
599,38.0,1.0,21.0,5.0,2,45.0,0.0,32.0,0,0,1
8596,25.0,1.0,16.0,5.0,2,49.0,0.0,40.0,1,1,1
3817,20.0,1.0,16.0,5.0,1,49.0,17.0,40.0,0,1,0
188,17.0,2.0,18.0,5.0,0,47.0,2.0,40.0,1,1,0
10522,53.0,3.0,19.0,1.0,1,49.0,1.0,3.0,0,1,0
12090,24.0,1.0,21.0,1.0,0,56.0,0.0,40.0,1,1,1
4094,60.0,1.0,14.0,1.0,4,49.0,9.0,24.0,1,1,0
1811,17.0,1.0,14.0,5.0,1,49.0,17.0,28.0,1,1,0
7116,26.0,1.0,19.0,5.0,1,49.0,0.0,60.0,1,1,0
9885,17.0,1.0,16.0,5.0,2,49.0,17.0,17.0,1,1,0
12238,42.0,1.0,21.0,1.0,4,49.0,1.0,40.0,0,1,0
7080,73.0,1.0,19.0,2.0,4,35.0,0.0,32.0,1,1,0
11053,48.0,6.0,16.0,1.0,1,49.0,0.0,20.0,0,1,0
10993,25.0,1.0,20.0,5.0,1,36.0,2.0,23.0,1,1,0
381,50.0,1.0,20.0,1.0,3,49.0,0.0,20.0,0,1,0
10159,48.0,1.0,21.0,1.0,2,6.0,0.0,52.0,0,1,1
7312,41.0,1.0,12.0,2.0,3,16.0,0.0,20.0,0,1,0
7478,19.0,1.0,16.0,5.0,1,49.0,2.0,24.0,0,1,0
10261,49.0,1.0,15.0,1.0,1,49.0,7.0,40.0,0,1,0
10626,76.0,1.0,24.0,1.0,0,303.0,0.0,50.0,1,0,1
5144,26.0,3.0,21.0,1.0,0,49.0,0.0,29.0,0,1,0
3871,66.0,1.0,16.0,1.0,3,34.0,0.0,3.0,1,1,1
2295,22.0,5.0,21.0,1.0,0,49.0,0.0,40.0,1,1,1
7455,40.0,1.0,22.0,1.0,0,49.0,1.0,45.0,1,1,1
1180,22.0,1.0,16.0,5.0,1,4.0,2.0,40.0,0,0,0
9651,18.0,3.0,20.0,5.0,0,16.0,2.0,15.0,0,1,0
565,37.0,1.0,16.0,1.0,3,49.0,0.0,45.0,1,1,1
11255,17.0,1.0,19.0,5.0,3,49.0,0.0,40.0,1,1,0
3298,39.0,1.0,21.0,1.0,0,31.0,1.0,15.0,0,1,0
11414,40.0,1.0,16.0,4.0,3,12.0,0.0,40.0,1,1,1
2479,23.0,1.0,16.0,5.0,2,49.0,2.0,35.0,0,1,0
8754,21.0,1.0,19.0,5.0,2,32.0,3.0,30.0,1,1,0
8688,21.0,1.0,6.0,5.0,0,164.0,2.0,30.0,1,0,0
604,18.0,1.0,19.0,5.0,3,49.0,13.0,20.0,1,1,0
1920,44.0,4.0,16.0,1.0,2,49.0,0.0,40.0,0,1,1
8274,21.0,3.0,19.0,5.0,1,49.0,12.0,10.0,0,1,0
4107,26.0,3.0,21.0,5.0,0,49.0,0.0,20.0,0,1,0
79,24.0,1.0,19.0,1.0,2,49.0,1.0,50.0,0,1,0
9008,30.0,1.0,19.0,1.0,2,49.0,0.0,40.0,1,1,1
2235,55.0,4.0,20.0,1.0,0,49.0,0.0,15.0,1,1,0
12126,18.0,1.0,22.0,5.0,2,26.0,2.0,36.0,0,1,0
10550,20.0,1.0,16.0,5.0,3,49.0,2.0,30.0,1,1,0
11035,19.0,1.0,21.0,5.0,0,49.0,0.0,40.0,0,1,0
4766,52.0,1.0,14.0,1.0,4,49.0,0.0,20.0,1,1,1
7691,55.0,1.0,23.0,1.0,0,51.0,0.0,99.0,1,1,1
1690,70.0,1.0,21.0,1.0,3,49.0,0.0,40.0,1,1,1
10175,28.0,3.0,17.0,1.0,0,41.0,15.0,40.0,1,1,0
7380,41.0,4.0,19.0,2.0,0,49.0,0.0,40.0,0,1,1
1417,68.0,1.0,19.0,1.0,2,49.0,1.0,40.0,1,1,1
9661,43.0,7.0,19.0,3.0,2,49.0,0.0,20.0,0,1,0
533,34.0,5.0,13.0,5.0,5,41.0,2.0,40.0,1,1,1
8486,73.0,1.0,5.0,2.0,2,49.0,0.0,50.0,1,1,1
6634,48.0,7.0,17.0,1.0,1,49.0,0.0,46.0,0,1,1
3104,37.0,3.0,21.0,5.0,0,6.0,15.0,30.0,1,1,0
2265,30.0,7.0,21.0,1.0,0,49.0,0.0,40.0,1,1,1
12265,18.0,1.0,19.0,5.0,2,49.0,2.0,40.0,1,1,0
5569,47.0,1.0,21.0,3.0,0,6.0,0.0,55.0,1,1,1
10046,23.0,2.0,16.0,5.0,1,49.0,17.0,17.0,0,1,0
9045,36.0,1.0,16.0,3.0,3,49.0,13.0,25.0,0,1,0
10606,49.0,4.0,16.0,1.0,2,372.0,1.0,40.0,0,1,0
5379,33.0,1.0,20.0,1.0,2,49.0,1.0,55.0,0,1,1
4701,32.0,1.0,20.0,1.0,1,6.0,0.0,48.0,1,1,1
12879,64.0,1.0,16.0,5.0,2,49.0,0.0,18.0,0,1,0
5693,22.0,1.0,19.0,5.0,0,27.0,17.0,40.0,1,1,0
3277,21.0,3.0,21.0,1.0,0,303.0,0.0,20.0,1,0,0
7247,63.0,2.0,21.0,1.0,0,49.0,1.0,60.0,0,1,1
8437,37.0,1.0,22.0,1.0,0,6.0,0.0,38.0,1,1,1
838,43.0,1.0,16.0,1.0,4,6.0,1.0,40.0,0,1,0
2806,18.0,1.0,20.0,5.0,0,110.0,2.0,3.0,0,1,0
7176,49.0,5.0,13.0,5.0,5,49.0,17.0,50.0,1,1,1
7945,19.0,1.0,21.0,5.0,0,223.0,2.0,25.0,0,0,0
1600,43.0,1.0,23.0,1.0,0,49.0,0.0,40.0,1,1,1
3972,41.0,7.0,22.0,1.0,0,49.0,0.0,48.0,1,1,1
6381,26.0,1.0,22.0,1.0,0,49.0,15.0,29.0,0,1,0
10569,39.0,1.0,9.0,1.0,3,6.0,0.0,45.0,1,0,1
9733,77.0,6.0,16.0,3.0,3,49.0,6.0,40.0,0,1,0
11357,31.0,1.0,16.0,1.0,3,56.0,0.0,40.0,1,1,1
7701,50.0,7.0,24.0,1.0,0,49.0,0.0,40.0,1,1,1
1393,39.0,1.0,16.0,2.0,2,49.0,4.0,40.0,0,1,0
10300,19.0,1.0,21.0,5.0,0,49.0,2.0,25.0,0,1,0
10022,31.0,1.0,16.0,5.0,2,49.0,2.0,40.0,1,1,0
11651,57.0,3.0,21.0,1.0,0,49.0,0.0,60.0,1,1,1
2181,33.0,1.0,19.0,5.0,1,120.0,0.0,50.0,1,1,1
8409,44.0,3.0,18.0,1.0,1,49.0,1.0,40.0,0,1,1
7027,57.0,6.0,24.0,1.0,0,6.0,0.0,40.0,1,1,1
13055,39.0,1.0,18.0,1.0,3,49.0,1.0,40.0,1,1,1
301,57.0,1.0,21.0,3.0,2,49.0,6.0,20.0,0,1,0
9628,36.0,1.0,16.0,1.0,4,41.0,0.0,10.0,1,0,0
3022,28.0,1.0,21.0,1.0,2,4.0,1.0,55.0,1,1,1
1779,64.0,1.0,21.0,1.0,0,49.0,1.0,40.0,1,1,1
11026,63.0,1.0,21.0,1.0,2,128.0,1.0,52.0,0,1,1
12986,36.0,1.0,21.0,1.0,0,49.0,0.0,20.0,1,1,0
2219,50.0,1.0,20.0,5.0,1,128.0,2.0,40.0,1,0,0
771,60.0,3.0,19.0,1.0,0,49.0,0.0,40.0,0,1,1
5573,21.0,1.0,18.0,5.0,4,49.0,2.0,40.0,1,1,0
11632,56.0,1.0,22.0,1.0,0,49.0,0.0,40.0,1,0,1
11186,32.0,1.0,16.0,5.0,1,49.0,2.0,30.0,1,1,0
9584,37.0,1.0,22.0,1.0,0,18.0,1.0,40.0,0,1,1
9078,58.0,7.0,21.0,1.0,0,6.0,0.0,60.0,1,1,1
1771,21.0,1.0,14.0,5.0,4,49.0,5.0,40.0,1,1,0
7669,27.0,3.0,18.0,5.0,1,6.0,2.0,15.0,1,1,0
8295,61.0,1.0,21.0,1.0,0,49.0,1.0,21.0,0,1,1
9874,28.0,2.0,22.0,1.0,0,49.0,0.0,25.0,1,1,1
10129,62.0,1.0,19.0,1.0,0,49.0,0.0,40.0,0,1,0
7986,36.0,1.0,21.0,1.0,0,49.0,0.0,50.0,1,1,1
469,41.0,1.0,20.0,3.0,4,4.0,0.0,35.0,1,1,1
12273,26.0,4.0,14.0,5.0,0,49.0,12.0,2.0,0,1,0
11872,45.0,1.0,18.0,1.0,2,12.0,1.0,20.0,0,1,0
7090,20.0,6.0,16.0,5.0,4,51.0,2.0,32.0,1,0,0
7279,63.0,2.0,16.0,5.0,1,25.0,2.0,12.0,0,1,0
11411,51.0,1.0,18.0,1.0,2,16.0,1.0,30.0,0,1,0
4871,34.0,1.0,16.0,3.0,4,49.0,2.0,40.0,1,1,0
6981,31.0,1.0,14.0,1.0,2,363.0,0.0,50.0,1,0,1
11291,56.0,1.0,16.0,1.0,3,49.0,0.0,40.0,1,1,1
5484,54.0,1.0,16.0,3.0,4,6.0,0.0,40.0,0,1,1
2494,19.0,1.0,17.0,5.0,4,128.0,2.0,40.0,1,1,0
7503,17.0,1.0,19.0,5.0,1,303.0,0.0,35.0,1,1,0
6890,35.0,1.0,19.0,5.0,0,49.0,0.0,60.0,1,1,1
9269,39.0,4.0,16.0,1.0,2,49.0,0.0,50.0,0,1,1
11885,22.0,1.0,19.0,5.0,2,49.0,13.0,27.0,0,1,0
8019,70.0,7.0,19.0,1.0,0,150.0,1.0,40.0,1,1,1
2450,29.0,1.0,20.0,5.0,1,6.0,13.0,40.0,0,1,0
12477,26.0,1.0,19.0,1.0,0,49.0,1.0,50.0,1,1,1
8488,28.0,1.0,17.0,5.0,3,10.0,5.0,40.0,1,0,1
634,28.0,1.0,16.0,1.0,4,49.0,1.0,45.0,1,1,0
1287,20.0,1.0,18.0,5.0,1,136.0,2.0,30.0,0,1,0
11383,34.0,2.0,21.0,1.0,0,49.0,1.0,30.0,0,1,0
1487,24.0,1.0,19.0,1.0,1,49.0,1.0,40.0,1,1,0
1881,32.0,1.0,13.0,5.0,1,49.0,2.0,40.0,1,0,0
5748,55.0,1.0,24.0,1.0,0,6.0,0.0,10.0,1,0,1
7009,28.0,1.0,22.0,1.0,0,49.0,0.0,30.0,1,1,1
10915,64.0,1.0,22.0,1.0,0,49.0,0.0,40.0,1,1,1
11718,60.0,1.0,21.0,1.0,1,49.0,1.0,40.0,0,1,1
8768,40.0,7.0,22.0,1.0,0,13.0,1.0,40.0,0,1,0
2821,21.0,3.0,19.0,5.0,1,49.0,2.0,40.0,0,1,0
2244,18.0,1.0,16.0,5.0,2,49.0,13.0,8.0,0,1,0
10030,23.0,1.0,1.0,5.0,2,6.0,2.0,30.0,1,1,0
4651,22.0,1.0,19.0,5.0,0,49.0,2.0,10.0,0,1,0
9647,38.0,4.0,23.0,1.0,0,314.0,1.0,40.0,1,1,1
12721,30.0,1.0,19.0,1.0,0,49.0,0.0,40.0,0,1,1
3039,45.0,1.0,18.0,3.0,4,49.0,13.0,40.0,1,1,0
4257,67.0,6.0,22.0,1.0,0,49.0,1.0,40.0,0,1,1
10257,62.0,5.0,21.0,1.0,3,49.0,0.0,50.0,1,1,1
7607,41.0,1.0,19.0,3.0,4,28.0,16.0,12.0,0,1,0
273,23.0,1.0,22.0,5.0,0,49.0,12.0,30.0,0,1,0
1402,47.0,1.0,20.0,1.0,4,20.0,0.0,40.0,0,1,0
12501,31.0,1.0,21.0,1.0,4,49.0,1.0,40.0,0,0,0
10413,73.0,5.0,16.0,1.0,0,147.0,1.0,40.0,1,0,0
5944,40.0,6.0,21.0,1.0,1,49.0,17.0,40.0,0,1,0
7467,55.0,1.0,21.0,1.0,0,49.0,0.0,30.0,0,1,1
1584,38.0,3.0,22.0,1.0,0,8.0,0.0,60.0,0,1,1
1456,27.0,1.0,16.0,1.0,3,214.0,0.0,96.0,1,0,1
1445,35.0,1.0,13.0,1.0,3,303.0,1.0,60.0,1,0,1
12359,25.0,1.0,16.0,5.0,1,49.0,17.0,50.0,1,1,0
1349,50.0,3.0,4.0,3.0,-1,49.0,3.0,35.0,0,1,1
12405,33.0,1.0,19.0,1.0,0,49.0,0.0,40.0,0,1,0
7030,68.0,3.0,18.0,1.0,0,49.0,0.0,25.0,0,1,1
1571,27.0,5.0,20.0,1.0,2,49.0,1.0,30.0,0,1,0
6272,68.0,1.0,16.0,5.0,1,8.0,12.0,43.0,0,1,0
8206,59.0,3.0,22.0,1.0,0,49.0,0.0,40.0,0,1,1
4190,55.0,1.0,21.0,3.0,0,49.0,0.0,40.0,0,1,1
7407,59.0,4.0,21.0,1.0,0,49.0,17.0,40.0,1,1,1
6724,32.0,2.0,21.0,5.0,0,49.0,0.0,45.0,0,1,1
3417,34.0,1.0,21.0,5.0,0,49.0,0.0,50.0,1,1,1
5254,37.0,1.0,18.0,1.0,4,49.0,0.0,60.0,1,1,1
8847,40.0,4.0,20.0,3.0,0,49.0,0.0,40.0,1,1,1
5112,67.0,1.0,16.0,1.0,4,16.0,0.0,20.0,1,1,1
9997,20.0,1.0,19.0,5.0,4,49.0,15.0,60.0,1,0,0
7728,17.0,1.0,14.0,5.0,1,49.0,7.0,40.0,1,1,0
11709,20.0,1.0,16.0,5.0,2,6.0,2.0,40.0,1,1,0
1365,63.0,1.0,16.0,3.0,2,49.0,0.0,35.0,0,0,1
1780,22.0,1.0,16.0,5.0,4,49.0,2.0,50.0,1,1,0
5986,58.0,1.0,22.0,1.0,-1,55.0,0.0,40.0,1,1,1
8950,42.0,4.0,19.0,1.0,1,49.0,1.0,40.0,0,1,0
3515,44.0,1.0,22.0,1.0,0,17.0,0.0,50.0,1,1,1
13026,19.0,1.0,19.0,5.0,0,16.0,13.0,12.0,1,1,0
4735,76.0,1.0,19.0,1.0,2,49.0,1.0,35.0,0,1,0
9956,21.0,1.0,20.0,5.0,2,49.0,12.0,30.0,0,1,0
10169,50.0,7.0,20.0,1.0,0,49.0,0.0,40.0,1,1,1
3778,54.0,1.0,16.0,3.0,0,49.0,0.0,40.0,0,1,1
364,49.0,1.0,16.0,1.0,1,49.0,1.0,35.0,0,1,0
7587,44.0,2.0,22.0,1.0,2,49.0,1.0,50.0,1,0,1
7052,55.0,1.0,21.0,1.0,2,6.0,0.0,45.0,1,1,1
1005,58.0,7.0,22.0,1.0,0,49.0,1.0,40.0,1,1,1
9587,32.0,1.0,19.0,5.0,3,49.0,16.0,40.0,1,1,0
6789,57.0,1.0,18.0,3.0,2,24.0,2.0,40.0,0,1,0
9252,22.0,1.0,14.0,5.0,1,303.0,5.0,20.0,1,0,0
8391,59.0,7.0,1.0,1.0,-1,49.0,0.0,40.0,1,1,1
5668,49.0,1.0,22.0,1.0,0,16.0,1.0,45.0,1,1,1
4590,39.0,6.0,18.0,1.0,0,9.0,1.0,40.0,1,1,1
10741,28.0,4.0,16.0,5.0,1,247.0,10.0,10.0,0,0,0
5798,60.0,3.0,20.0,1.0,0,49.0,1.0,40.0,0,1,1
1221,23.0,2.0,1.0,5.0,4,49.0,5.0,45.0,1,1,0
12828,36.0,1.0,16.0,5.0,4,49.0,17.0,40.0,0,1,0
4743,25.0,1.0,16.0,5.0,1,34.0,0.0,40.0,1,1,1
6843,55.0,5.0,19.0,3.0,1,6.0,8.0,40.0,0,1,0
961,58.0,1.0,16.0,1.0,2,49.0,0.0,20.0,1,1,0
3894,41.0,3.0,21.0,1.0,0,6.0,1.0,40.0,0,1,1
5410,46.0,7.0,16.0,1.0,2,49.0,0.0,55.0,1,1,1
10247,25.0,1.0,14.0,5.0,4,1.0,2.0,40.0,1,1,0
943,52.0,1.0,22.0,1.0,0,41.0,1.0,30.0,0,1,1
11600,36.0,3.0,16.0,1.0,1,49.0,9.0,50.0,0,1,0
6416,61.0,2.0,16.0,1.0,0,32.0,0.0,50.0,1,1,1
10034,38.0,1.0,20.0,1.0,1,49.0,9.0,16.0,0,1,0
9987,18.0,1.0,19.0,5.0,2,49.0,12.0,25.0,0,1,0
6586,39.0,1.0,19.0,5.0,4,49.0,15.0,6.0,0,1,0
6690,57.0,2.0,21.0,1.0,0,8.0,0.0,40.0,1,1,1
12608,35.0,4.0,20.0,1.0,0,49.0,1.0,65.0,1,1,1
8491,27.0,1.0,19.0,5.0,3,49.0,2.0,30.0,1,1,0
2879,18.0,2.0,19.0,5.0,0,49.0,17.0,20.0,1,1,0
12874,48.0,1.0,21.0,1.0,0,49.0,1.0,40.0,1,1,1
10292,27.0,6.0,19.0,1.0,0,205.0,1.0,40.0,1,0,0
9415,21.0,1.0,20.0,1.0,2,233.0,0.0,29.0,0,0,0
10591,27.0,2.0,21.0,1.0,0,49.0,0.0,40.0,1,1,1
3009,76.0,3.0,19.0,1.0,0,49.0,0.0,40.0,1,1,1
6629,49.0,6.0,16.0,1.0,4,49.0,0.0,40.0,1,1,0
7347,46.0,7.0,19.0,1.0,1,49.0,1.0,40.0,1,1,1
7385,83.0,1.0,18.0,1.0,3,49.0,0.0,40.0,1,1,1
2176,66.0,1.0,20.0,1.0,4,49.0,0.0,40.0,1,1,1
2631,22.0,1.0,1.0,5.0,4,6.0,2.0,40.0,1,1,0
2238,37.0,1.0,19.0,1.0,2,49.0,1.0,30.0,0,1,0
5103,50.0,5.0,16.0,1.0,3,40.0,0.0,48.0,1,1,1
2021,33.0,3.0,20.0,1.0,0,49.0,0.0,40.0,1,1,1
3334,59.0,4.0,21.0,1.0,4,49.0,1.0,30.0,0,1,1
8048,76.0,1.0,21.0,1.0,2,16.0,0.0,60.0,1,1,1
5358,50.0,1.0,22.0,1.0,0,49.0,0.0,40.0,1,1,1
8087,24.0,1.0,16.0,1.0,3,49.0,1.0,60.0,1,1,1
421,41.0,5.0,18.0,1.0,3,49.0,0.0,40.0,1,1,0
635,50.0,1.0,16.0,1.0,4,49.0,1.0,40.0,1,1,1
1725,63.0,1.0,22.0,1.0,0,4.0,0.0,40.0,0,1,1
4141,65.0,1.0,23.0,1.0,0,363.0,1.0,40.0,1,0,1
4405,22.0,2.0,18.0,5.0,2,16.0,7.0,25.0,0,1,0
12416,19.0,1.0,22.0,5.0,0,49.0,2.0,40.0,1,1,0
324,52.0,7.0,16.0,1.0,3,55.0,1.0,40.0,1,1,1
12258,27.0,4.0,24.0,1.0,0,49.0,1.0,30.0,0,1,1
8431,71.0,3.0,17.0,3.0,0,6.0,13.0,20.0,0,1,0
11626,63.0,1.0,16.0,1.0,4,49.0,0.0,40.0,1,1,1
8189,23.0,1.0,19.0,5.0,1,6.0,2.0,35.0,1,1,0
9888,37.0,1.0,22.0,1.0,0,6.0,0.0,40.0,0,1,1
3690,19.0,4.0,19.0,5.0,2,49.0,0.0,32.0,0,1,0
1916,35.0,1.0,22.0,1.0,0,49.0,0.0,40.0,1,1,1
4642,29.0,1.0,18.0,5.0,2,49.0,2.0,15.0,0,1,0
11087,49.0,1.0,21.0,1.0,1,49.0,1.0,35.0,0,1,0
11399,59.0,3.0,19.0,1.0,0,49.0,0.0,24.0,0,1,1
6673,33.0,1.0,19.0,1.0,2,6.0,1.0,60.0,1,1,1
6168,65.0,1.0,24.0,1.0,0,6.0,1.0,50.0,1,1,1
4794,38.0,1.0,16.0,1.0,1,49.0,2.0,25.0,0,1,0
2699,21.0,1.0,20.0,5.0,1,53.0,17.0,28.0,0,1,0
733,57.0,1.0,19.0,1.0,1,49.0,0.0,20.0,0,1,0
7251,55.0,5.0,16.0,1.0,0,29.0,0.0,50.0,1,1,1
6554,61.0,4.0,16.0,4.0,2,48.0,0.0,40.0,0,1,1
8631,34.0,2.0,18.0,5.0,1,49.0,2.0,20.0,1,1,0
9938,27.0,1.0,19.0,5.0,4,49.0,7.0,60.0,1,1,0
571,45.0,6.0,22.0,1.0,0,8.0,1.0,45.0,1,1,1
4200,44.0,1.0,19.0,1.0,0,49.0,0.0,18.0,0,1,0
6865,61.0,2.0,19.0,5.0,3,49.0,2.0,40.0,1,1,1
385,37.0,5.0,19.0,3.0,5,26.0,3.0,55.0,1,1,1
1795,41.0,1.0,21.0,1.0,0,49.0,0.0,5.0,0,1,0
9107,71.0,1.0,16.0,3.0,1,303.0,0.0,16.0,0,0,0
12406,47.0,1.0,16.0,1.0,2,56.0,0.0,40.0,1,1,1
12964,50.0,6.0,20.0,1.0,3,247.0,1.0,40.0,1,1,1
2993,39.0,2.0,19.0,1.0,0,49.0,0.0,15.0,1,1,0
8889,67.0,1.0,21.0,1.0,0,6.0,0.0,40.0,1,0,1
12446,41.0,1.0,21.0,1.0,0,49.0,0.0,40.0,1,1,0
12287,57.0,1.0,18.0,3.0,2,303.0,2.0,30.0,1,1,0
11212,19.0,1.0,19.0,5.0,2,49.0,0.0,40.0,1,1,0
5918,26.0,1.0,14.0,1.0,1,49.0,1.0,20.0,0,1,0
4440,38.0,7.0,21.0,1.0,0,49.0,1.0,55.0,1,1,1
5870,48.0,1.0,19.0,1.0,2,6.0,1.0,20.0,0,1,0
7526,58.0,1.0,18.0,3.0,4,49.0,0.0,45.0,1,1,1
3949,37.0,1.0,24.0,1.0,0,49.0,0.0,70.0,1,1,1
10917,47.0,1.0,21.0,1.0,2,6.0,0.0,40.0,1,1,1
8587,70.0,4.0,16.0,1.0,0,49.0,1.0,42.0,1,1,1
1066,27.0,1.0,18.0,4.0,0,32.0,0.0,20.0,0,1,0
2573,23.0,1.0,19.0,5.0,2,49.0,2.0,25.0,1,1,0
4933,35.0,1.0,16.0,5.0,3,370.0,15.0,40.0,1,0,0
11427,44.0,1.0,20.0,3.0,0,49.0,0.0,40.0,0,1,1
3768,49.0,7.0,22.0,1.0,0,303.0,0.0,50.0,1,0,1
591,36.0,4.0,21.0,1.0,0,48.0,1.0,40.0,1,1,1
13011,25.0,1.0,19.0,1.0,0,49.0,1.0,40.0,1,1,0
4850,42.0,5.0,17.0,3.0,4,303.0,12.0,15.0,0,0,0
7532,30.0,1.0,16.0,5.0,0,49.0,0.0,45.0,1,1,1
7398,75.0,2.0,21.0,3.0,0,49.0,0.0,40.0,1,1,1
5750,35.0,1.0,15.0,1.0,0,49.0,0.0,60.0,1,1,1
10875,45.0,1.0,19.0,1.0,4,49.0,1.0,50.0,1,1,1
9886,48.0,1.0,20.0,1.0,0,49.0,1.0,60.0,1,1,1
8378,35.0,1.0,23.0,1.0,0,4.0,0.0,50.0,1,1,1
283,20.0,6.0,16.0,5.0,1,49.0,2.0,28.0,0,1,0
2972,25.0,3.0,19.0,1.0,2,53.0,1.0,15.0,0,1,0
3087,63.0,7.0,18.0,1.0,1,39.0,1.0,25.0,0,1,0
5265,53.0,2.0,22.0,1.0,2,49.0,0.0,40.0,1,1,1
12754,64.0,1.0,16.0,1.0,1,49.0,1.0,16.0,1,1,1
9853,23.0,1.0,20.0,1.0,0,49.0,1.0,10.0,0,1,0
6617,19.0,2.0,19.0,5.0,2,8.0,17.0,30.0,0,1,0
411,23.0,1.0,19.0,1.0,2,47.0,0.0,38.0,0,1,0
9559,34.0,7.0,21.0,1.0,2,49.0,0.0,40.0,1,1,1
360,64.0,1.0,21.0,1.0,1,49.0,1.0,15.0,0,1,0
6329,54.0,1.0,22.0,1.0,2,12.0,0.0,50.0,0,1,1
5616,58.0,1.0,16.0,1.0,1,49.0,1.0,70.0,1,1,1
11959,58.0,7.0,22.0,1.0,0,49.0,1.0,55.0,0,1,1
9388,63.0,1.0,7.0,1.0,1,164.0,0.0,45.0,1,0,1
1671,53.0,2.0,21.0,1.0,0,49.0,1.0,20.0,0,1,0
3731,43.0,1.0,18.0,5.0,0,49.0,17.0,40.0,0,1,0
3561,61.0,7.0,21.0,1.0,0,49.0,0.0,36.0,0,1,1
839,22.0,2.0,21.0,1.0,2,49.0,0.0,40.0,1,1,0
12240,28.0,1.0,20.0,5.0,0,18.0,0.0,40.0,0,1,1
3647,57.0,1.0,21.0,3.0,0,6.0,0.0,40.0,1,1,1
1339,18.0,1.0,16.0,5.0,4,8.0,7.0,20.0,0,1,0
8743,48.0,3.0,21.0,1.0,0,49.0,0.0,40.0,0,1,1
9295,53.0,1.0,19.0,1.0,3,49.0,0.0,50.0,1,0,1
5008,64.0,4.0,22.0,1.0,4,49.0,1.0,45.0,1,1,1
3459,52.0,1.0,22.0,3.0,0,301.0,0.0,40.0,1,1,1
5302,33.0,1.0,20.0,5.0,2,49.0,2.0,14.0,0,1,0
12304,57.0,7.0,21.0,1.0,0,49.0,0.0,40.0,1,1,1
5724,46.0,1.0,21.0,5.0,0,49.0,2.0,25.0,0,1,0
9193,52.0,1.0,18.0,1.0,0,49.0,0.0,47.0,1,1,1
3260,18.0,1.0,14.0,5.0,2,49.0,2.0,1.0,0,1,0
1282,43.0,1.0,21.0,3.0,0,49.0,0.0,40.0,0,1,1
9497,48.0,4.0,21.0,1.0,0,49.0,1.0,40.0,0,1,1
11386,28.0,1.0,21.0,5.0,0,6.0,0.0,45.0,1,1,1
1138,39.0,6.0,16.0,2.0,1,49.0,0.0,50.0,1,0,0
184,31.0,5.0,21.0,1.0,0,16.0,0.0,40.0,0,1,1
10120,29.0,1.0,16.0,5.0,3,49.0,11.0,75.0,0,1,1
5892,37.0,1.0,21.0,1.0,0,39.0,1.0,12.0,1,1,0
9018,47.0,1.0,19.0,1.0,4,6.0,1.0,40.0,1,1,1
4501,60.0,2.0,18.0,1.0,2,49.0,1.0,20.0,0,1,0
561,59.0,1.0,16.0,3.0,2,247.0,0.0,40.0,1,0,0
1699,26.0,2.0,22.0,1.0,0,6.0,1.0,40.0,1,0,1
4693,20.0,1.0,19.0,5.0,3,49.0,17.0,36.0,1,1,0
4916,37.0,1.0,22.0,1.0,2,303.0,0.0,60.0,1,1,1
7018,60.0,1.0,21.0,1.0,1,49.0,0.0,20.0,0,1,0
4698,25.0,1.0,20.0,1.0,0,6.0,1.0,25.0,1,1,1
9059,45.0,7.0,21.0,1.0,0,103.0,1.0,48.0,0,1,1
354,37.0,1.0,20.0,1.0,0,4.0,0.0,35.0,1,0,1
10283,61.0,1.0,22.0,1.0,0,49.0,1.0,50.0,0,1,1
1366,48.0,3.0,21.0,1.0,0,49.0,0.0,28.0,0,1,1
7237,32.0,2.0,20.0,5.0,1,207.0,0.0,40.0,0,0,0
276,60.0,1.0,16.0,1.0,4,49.0,1.0,16.0,1,1,0
632,45.0,1.0,16.0,1.0,3,49.0,2.0,38.0,1,1,0
3077,55.0,4.0,19.0,1.0,0,25.0,1.0,45.0,1,1,1
10671,42.0,6.0,19.0,1.0,0,6.0,0.0,50.0,1,1,1
8748,68.0,7.0,16.0,1.0,3,32.0,0.0,40.0,1,1,0
5277,32.0,1.0,19.0,1.0,2,6.0,1.0,36.0,0,0,0
5606,18.0,1.0,18.0,5.0,4,36.0,2.0,20.0,1,1,0
9573,51.0,6.0,19.0,3.0,1,49.0,0.0,40.0,0,1,0
7051,21.0,1.0,18.0,1.0,2,148.0,0.0,30.0,0,1,0
2183,69.0,1.0,20.0,3.0,3,49.0,0.0,40.0,1,1,1
4235,29.0,6.0,21.0,1.0,0,303.0,0.0,29.0,0,0,0
2698,32.0,1.0,22.0,1.0,0,49.0,1.0,40.0,0,1,1
5026,18.0,1.0,20.0,5.0,2,49.0,2.0,10.0,1,1,0
12818,35.0,7.0,19.0,1.0,0,49.0,0.0,42.0,1,1,1
8640,64.0,2.0,21.0,1.0,2,6.0,1.0,72.0,0,1,1
12202,18.0,3.0,19.0,5.0,1,23.0,17.0,8.0,0,1,0
3761,20.0,1.0,21.0,5.0,0,49.0,5.0,40.0,0,1,0
9816,35.0,1.0,20.0,1.0,0,106.0,1.0,40.0,0,1,1
10458,21.0,1.0,18.0,5.0,2,49.0,17.0,35.0,0,0,0
908,49.0,1.0,16.0,1.0,2,49.0,1.0,2.0,0,1,0
8506,31.0,1.0,20.0,1.0,1,49.0,0.0,20.0,1,0,0
11470,58.0,2.0,18.0,1.0,1,49.0,0.0,40.0,0,1,0
1168,21.0,1.0,21.0,5.0,2,132.0,10.0,15.0,0,1,0
10947,42.0,1.0,18.0,5.0,3,49.0,5.0,40.0,1,1,0
10133,48.0,1.0,21.0,1.0,0,150.0,0.0,40.0,1,0,1
11761,61.0,1.0,19.0,1.0,3,6.0,1.0,50.0,1,1,1
9296,29.0,6.0,23.0,1.0,0,26.0,1.0,42.0,1,1,1
9303,61.0,1.0,22.0,3.0,0,49.0,0.0,35.0,0,1,1
7887,30.0,6.0,20.0,1.0,4,49.0,1.0,40.0,0,1,0
12129,54.0,1.0,21.0,1.0,0,49.0,0.0,40.0,1,1,1
3954,74.0,1.0,20.0,5.0,0,6.0,0.0,40.0,1,1,1
3103,46.0,1.0,21.0,1.0,4,4.0,10.0,40.0,1,1,1
4773,20.0,1.0,16.0,5.0,4,370.0,4.0,40.0,0,0,0
5985,50.0,1.0,21.0,1.0,0,25.0,0.0,40.0,1,1,1
10866,41.0,1.0,19.0,1.0,0,49.0,1.0,27.0,0,1,0
12069,68.0,2.0,19.0,5.0,0,49.0,16.0,25.0,0,1,0
10789,69.0,1.0,15.0,1.0,2,49.0,1.0,40.0,0,1,0
7813,54.0,1.0,21.0,1.0,0,49.0,0.0,40.0,1,1,1
12716,29.0,1.0,18.0,5.0,3,32.0,0.0,40.0,0,1,1
7687,38.0,1.0,14.0,5.0,0,49.0,12.0,40.0,0,1,0
6198,41.0,3.0,23.0,1.0,0,49.0,0.0,40.0,0,1,1
7343,58.0,1.0,20.0,1.0,2,49.0,1.0,40.0,0,1,1
1506,26.0,1.0,20.0,1.0,0,16.0,0.0,38.0,0,1,0
611,31.0,1.0,13.0,5.0,3,39.0,0.0,40.0,1,1,1
9536,49.0,1.0,21.0,1.0,0,35.0,1.0,40.0,1,1,1
228,43.0,6.0,18.0,4.0,0,421.0,0.0,40.0,0,0,1
5009,43.0,4.0,20.0,1.0,0,49.0,0.0,40.0,1,1,0
6896,58.0,1.0,22.0,1.0,0,49.0,0.0,15.0,0,1,0
1513,43.0,1.0,22.0,1.0,0,49.0,1.0,40.0,1,1,1
5692,22.0,1.0,9.0,5.0,4,60.0,2.0,30.0,1,0,0
9619,58.0,7.0,21.0,1.0,0,468.0,0.0,50.0,1,1,1
5071,43.0,3.0,16.0,4.0,4,51.0,9.0,40.0,0,1,0
9725,17.0,1.0,19.0,5.0,0,38.0,2.0,10.0,0,0,0
7474,22.0,2.0,22.0,1.0,0,49.0,0.0,40.0,1,1,1
2565,46.0,5.0,22.0,1.0,-1,44.0,0.0,40.0,0,0,1
11319,35.0,1.0,20.0,1.0,0,49.0,1.0,32.0,0,1,0
1355,44.0,1.0,18.0,5.0,1,49.0,12.0,30.0,0,1,1
1547,28.0,2.0,24.0,5.0,0,49.0,0.0,40.0,0,0,1
6106,80.0,1.0,22.0,5.0,0,36.0,10.0,40.0,0,1,1
12220,38.0,3.0,21.0,1.0,0,49.0,0.0,40.0,0,1,0
1531,43.0,1.0,16.0,1.0,2,39.0,1.0,85.0,0,1,1
5756,62.0,1.0,20.0,5.0,1,150.0,17.0,29.0,0,1,0
8959,19.0,2.0,21.0,5.0,0,49.0,0.0,8.0,0,1,0
4753,44.0,2.0,22.0,1.0,0,136.0,0.0,35.0,0,1,0
11000,63.0,1.0,19.0,1.0,3,49.0,1.0,40.0,1,1,1
4017,27.0,1.0,17.0,1.0,4,49.0,1.0,9.0,1,1,0
8685,45.0,1.0,18.0,1.0,2,49.0,0.0,20.0,1,1,1
12010,70.0,1.0,19.0,3.0,0,49.0,0.0,50.0,1,1,1
10240,87.0,1.0,19.0,5.0,2,303.0,0.0,40.0,1,0,1
7842,21.0,1.0,14.0,5.0,1,48.0,2.0,40.0,0,1,0
2576,45.0,1.0,17.0,1.0,3,49.0,1.0,99.0,1,1,0
12821,21.0,1.0,19.0,5.0,0,49.0,2.0,40.0,0,1,0
389,55.0,3.0,20.0,1.0,0,49.0,1.0,5.0,0,1,0
11275,56.0,7.0,21.0,1.0,0,49.0,1.0,55.0,1,1,0
6055,42.0,1.0,16.0,1.0,2,49.0,0.0,40.0,1,1,1
5197,23.0,1.0,16.0,1.0,2,49.0,1.0,50.0,1,1,1
10800,70.0,5.0,21.0,1.0,2,49.0,1.0,20.0,0,1,0
1660,60.0,1.0,16.0,3.0,2,49.0,12.0,15.0,0,1,0
8839,46.0,7.0,21.0,1.0,4,49.0,0.0,40.0,1,1,0
11170,21.0,1.0,14.0,5.0,2,49.0,2.0,90.0,1,1,0
8692,26.0,1.0,8.0,5.0,2,49.0,13.0,40.0,1,1,1
6246,20.0,6.0,16.0,1.0,1,49.0,0.0,28.0,0,1,0
10637,33.0,1.0,16.0,5.0,1,49.0,17.0,35.0,0,0,0
11680,34.0,1.0,21.0,1.0,0,49.0,0.0,40.0,1,1,1
12776,50.0,1.0,23.0,1.0,0,49.0,0.0,42.0,1,1,1
7654,31.0,1.0,20.0,5.0,4,49.0,2.0,40.0,1,1,1
10380,25.0,7.0,19.0,1.0,0,36.0,0.0,45.0,1,1,1
3256,36.0,2.0,21.0,1.0,0,49.0,0.0,45.0,0,1,1
1621,23.0,1.0,19.0,5.0,2,49.0,0.0,40.0,0,1,0
4802,17.0,1.0,20.0,5.0,0,49.0,4.0,35.0,1,1,0
12532,40.0,1.0,19.0,1.0,0,36.0,0.0,50.0,1,1,1
2600,58.0,1.0,12.0,1.0,1,49.0,1.0,40.0,0,1,0
9129,21.0,1.0,16.0,5.0,1,49.0,2.0,50.0,1,1,0
10498,53.0,5.0,21.0,3.0,0,49.0,0.0,40.0,1,1,1
9446,40.0,1.0,19.0,1.0,1,6.0,0.0,18.0,0,1,0
2454,56.0,1.0,18.0,1.0,3,49.0,1.0,28.0,1,0,0
6684,35.0,1.0,18.0,1.0,1,49.0,1.0,40.0,0,0,0
11410,56.0,1.0,21.0,3.0,0,49.0,0.0,60.0,0,1,1
9187,33.0,5.0,1.0,5.0,5,49.0,17.0,40.0,1,1,0
12305,36.0,1.0,19.0,1.0,2,49.0,0.0,30.0,0,1,0
4381,23.0,2.0,18.0,5.0,0,49.0,0.0,40.0,1,1,1
4086,34.0,1.0,22.0,1.0,0,41.0,0.0,40.0,0,1,1
12409,54.0,1.0,19.0,1.0,1,49.0,1.0,40.0,0,1,0
11821,48.0,5.0,16.0,1.0,3,39.0,0.0,60.0,1,1,1
12079,30.0,2.0,21.0,1.0,0,301.0,0.0,40.0,1,1,1
1615,45.0,4.0,21.0,3.0,0,49.0,0.0,40.0,0,1,1
1638,54.0,1.0,18.0,1.0,4,49.0,0.0,50.0,0,1,1
4957,44.0,1.0,18.0,3.0,2,51.0,6.0,40.0,0,1,0
2177,29.0,1.0,21.0,1.0,0,49.0,1.0,40.0,0,1,1
6640,35.0,1.0,21.0,1.0,1,448.0,2.0,40.0,0,1,0
554,41.0,1.0,16.0,3.0,1,49.0,2.0,30.0,1,1,0
1753,42.0,1.0,20.0,5.0,0,370.0,2.0,15.0,1,1,0
11002,27.0,1.0,19.0,5.0,4,49.0,17.0,40.0,1,1,0
5839,23.0,7.0,19.0,1.0,1,49.0,0.0,55.0,1,1,1
7786,23.0,1.0,18.0,5.0,2,49.0,2.0,36.0,0,1,0
267,55.0,1.0,20.0,3.0,4,49.0,0.0,15.0,0,1,0
12357,75.0,1.0,16.0,3.0,2,56.0,0.0,55.0,1,1,1
9381,38.0,1.0,19.0,1.0,0,41.0,0.0,40.0,1,1,1
3771,44.0,1.0,16.0,3.0,1,49.0,0.0,40.0,0,1,0
10561,18.0,1.0,19.0,5.0,0,39.0,16.0,5.0,0,1,0
11930,36.0,4.0,16.0,1.0,2,49.0,1.0,45.0,0,1,1
3178,25.0,1.0,22.0,1.0,0,6.0,1.0,50.0,1,1,1
5187,27.0,1.0,19.0,5.0,2,49.0,2.0,45.0,0,1,1
90,33.0,1.0,16.0,3.0,0,49.0,0.0,40.0,1,1,0
9062,36.0,1.0,16.0,5.0,2,49.0,16.0,20.0,0,0,0
1536,19.0,1.0,18.0,5.0,2,18.0,2.0,40.0,0,1,0
11381,29.0,4.0,22.0,1.0,0,49.0,1.0,25.0,0,1,0
7141,33.0,1.0,19.0,1.0,3,303.0,1.0,32.0,1,1,0
9542,48.0,2.0,22.0,1.0,0,6.0,0.0,50.0,1,1,1
12191,36.0,1.0,16.0,1.0,1,34.0,1.0,40.0,0,1,0
3472,24.0,1.0,14.0,5.0,1,49.0,2.0,30.0,0,0,0
5969,40.0,1.0,20.0,1.0,0,49.0,1.0,40.0,1,1,1
12013,60.0,1.0,22.0,1.0,0,17.0,1.0,55.0,1,1,1
8709,35.0,1.0,19.0,1.0,4,49.0,0.0,10.0,0,1,0
507,31.0,2.0,16.0,1.0,1,6.0,1.0,40.0,0,1,0
6454,22.0,3.0,19.0,5.0,1,49.0,2.0,10.0,0,1,0
6395,17.0,1.0,19.0,5.0,1,49.0,2.0,40.0,0,1,0
5243,18.0,2.0,21.0,5.0,0,49.0,2.0,15.0,0,1,0
1127,39.0,7.0,21.0,1.0,0,6.0,1.0,40.0,1,1,1
7522,40.0,5.0,16.0,3.0,3,49.0,0.0,40.0,1,1,1
7893,33.0,1.0,19.0,1.0,3,49.0,1.0,40.0,1,1,1
11445,55.0,7.0,20.0,1.0,0,49.0,0.0,15.0,1,1,0
11234,46.0,4.0,22.0,1.0,0,49.0,1.0,5.0,0,1,0
4765,50.0,1.0,20.0,1.0,1,49.0,0.0,4.0,0,1,0
2292,54.0,1.0,24.0,1.0,0,49.0,0.0,45.0,1,1,1
11513,49.0,3.0,20.0,1.0,0,8.0,0.0,40.0,0,1,1
11282,21.0,1.0,20.0,5.0,3,49.0,2.0,25.0,1,1,0
2188,33.0,4.0,21.0,3.0,0,30.0,0.0,40.0,1,1,1
5492,60.0,7.0,16.0,1.0,0,49.0,0.0,15.0,1,1,0
6225,42.0,2.0,19.0,3.0,0,49.0,0.0,16.0,0,1,0
4087,39.0,1.0,16.0,1.0,2,41.0,0.0,50.0,0,0,0
427,70.0,4.0,19.0,1.0,0,29.0,0.0,40.0,0,1,1
9352,59.0,3.0,20.0,1.0,3,49.0,0.0,40.0,1,1,1
4940,33.0,4.0,18.0,1.0,0,49.0,0.0,40.0,1,1,1
2290,56.0,2.0,19.0,1.0,2,103.0,0.0,30.0,0,1,0
12810,25.0,1.0,19.0,1.0,2,25.0,2.0,16.0,0,1,0
8157,59.0,1.0,24.0,1.0,0,49.0,1.0,40.0,0,0,0
5804,36.0,1.0,19.0,1.0,0,49.0,1.0,40.0,0,1,1
8932,57.0,1.0,21.0,1.0,2,49.0,0.0,40.0,0,1,0
9610,34.0,3.0,21.0,1.0,0,49.0,0.0,45.0,1,1,1
4898,21.0,1.0,14.0,5.0,4,49.0,2.0,25.0,1,1,0
6872,24.0,6.0,21.0,1.0,1,8.0,0.0,40.0,0,1,0
10239,17.0,1.0,16.0,5.0,1,314.0,0.0,40.0,0,1,0
13008,28.0,1.0,21.0,1.0,0,40.0,0.0,40.0,1,1,1
3725,59.0,2.0,23.0,3.0,0,303.0,0.0,40.0,0,1,1
10740,60.0,1.0,14.0,5.0,4,49.0,0.0,20.0,0,1,0
4517,35.0,1.0,24.0,1.0,0,49.0,1.0,40.0,0,1,1
471,44.0,1.0,18.0,1.0,0,6.0,1.0,75.0,0,1,1
9936,49.0,1.0,21.0,1.0,0,132.0,0.0,20.0,0,1,0
8021,49.0,1.0,19.0,1.0,0,49.0,0.0,30.0,0,1,0
9039,21.0,1.0,19.0,5.0,4,49.0,15.0,40.0,1,1,0
5419,17.0,3.0,14.0,1.0,0,49.0,0.0,25.0,0,1,0
10478,24.0,1.0,16.0,5.0,1,231.0,2.0,15.0,1,1,0
4105,19.0,1.0,19.0,1.0,2,56.0,0.0,1.0,1,1,0
5333,59.0,6.0,17.0,3.0,3,49.0,0.0,48.0,1,1,1
2018,44.0,4.0,21.0,1.0,0,6.0,0.0,35.0,0,1,0
9523,23.0,1.0,16.0,1.0,1,26.0,1.0,26.0,0,1,0
11341,17.0,1.0,7.0,5.0,1,49.0,7.0,60.0,1,0,0
21,28.0,1.0,22.0,1.0,0,49.0,1.0,50.0,0,1,1
2692,18.0,1.0,18.0,5.0,4,49.0,16.0,40.0,1,0,0
10609,23.0,1.0,1.0,1.0,4,49.0,0.0,40.0,1,1,0
7240,49.0,4.0,18.0,4.0,2,508.0,0.0,8.0,0,0,0
2633,37.0,1.0,19.0,1.0,0,49.0,0.0,20.0,1,1,0
4807,67.0,1.0,18.0,1.0,4,45.0,0.0,30.0,0,1,0
4881,23.0,4.0,21.0,1.0,0,49.0,0.0,40.0,0,1,1
5196,17.0,1.0,19.0,5.0,1,49.0,2.0,21.0,0,1,0
1412,62.0,5.0,19.0,1.0,2,16.0,0.0,50.0,0,1,1
1796,36.0,1.0,21.0,1.0,0,37.0,1.0,25.0,0,1,0
6759,21.0,1.0,21.0,5.0,0,49.0,2.0,5.0,0,1,0
2040,25.0,1.0,14.0,5.0,3,49.0,17.0,20.0,0,1,0
1524,74.0,1.0,22.0,1.0,0,49.0,0.0,45.0,1,1,1
10074,38.0,3.0,19.0,3.0,0,17.0,0.0,30.0,0,1,0
172,17.0,1.0,17.0,5.0,2,119.0,12.0,20.0,0,0,0
1982,28.0,1.0,18.0,1.0,2,49.0,1.0,40.0,0,1,0
10951,40.0,1.0,19.0,1.0,3,49.0,1.0,50.0,1,1,0
11235,37.0,1.0,22.0,1.0,0,49.0,0.0,40.0,0,1,1
5609,43.0,1.0,21.0,3.0,0,49.0,0.0,80.0,0,1,1
7078,20.0,1.0,18.0,5.0,1,6.0,2.0,1.0,1,0,0
4183,28.0,1.0,16.0,1.0,4,16.0,0.0,45.0,1,1,1
5981,34.0,1.0,21.0,1.0,0,32.0,1.0,45.0,1,1,1
933,30.0,1.0,18.0,1.0,4,49.0,0.0,40.0,1,1,1
3357,23.0,2.0,21.0,1.0,0,13.0,0.0,40.0,1,1,1
75,35.0,1.0,16.0,2.0,2,6.0,0.0,33.0,0,0,0
6186,39.0,5.0,16.0,1.0,3,49.0,1.0,42.0,1,1,1
11322,70.0,8.0,20.0,4.0,3,49.0,0.0,15.0,1,1,0
8169,43.0,4.0,22.0,1.0,2,49.0,0.0,50.0,0,1,1
11318,42.0,1.0,20.0,1.0,2,49.0,0.0,40.0,1,1,1
11803,39.0,1.0,21.0,1.0,0,49.0,1.0,20.0,0,1,1
6564,22.0,1.0,16.0,5.0,2,49.0,12.0,12.0,1,1,0
3477,36.0,1.0,16.0,1.0,1,6.0,1.0,40.0,1,1,1
6049,52.0,1.0,21.0,5.0,0,48.0,0.0,40.0,0,1,1
9386,69.0,4.0,16.0,3.0,0,49.0,0.0,40.0,1,1,1
15,22.0,1.0,21.0,1.0,0,6.0,0.0,99.0,1,1,1
4673,25.0,6.0,19.0,1.0,2,6.0,1.0,15.0,1,1,0
7540,25.0,1.0,16.0,5.0,0,49.0,0.0,20.0,0,1,0
6667,38.0,1.0,21.0,2.0,0,49.0,0.0,40.0,0,1,1
5698,47.0,1.0,21.0,1.0,0,49.0,0.0,40.0,1,1,1
11848,33.0,7.0,16.0,1.0,1,127.0,0.0,20.0,1,1,1
10109,32.0,4.0,21.0,1.0,0,32.0,17.0,35.0,0,1,1
5611,54.0,1.0,20.0,1.0,4,32.0,1.0,35.0,0,1,1
12650,68.0,2.0,18.0,1.0,0,49.0,0.0,45.0,0,1,1
2745,43.0,2.0,17.0,1.0,0,49.0,1.0,40.0,0,1,0
11132,58.0,1.0,17.0,3.0,1,6.0,0.0,15.0,0,1,0
8326,36.0,1.0,20.0,1.0,2,17.0,1.0,30.0,0,1,0
8960,77.0,1.0,20.0,3.0,3,49.0,8.0,40.0,0,1,0
9123,61.0,1.0,21.0,1.0,0,49.0,0.0,48.0,1,1,1
5061,17.0,2.0,19.0,5.0,4,49.0,2.0,30.0,0,1,0
5080,87.0,1.0,21.0,5.0,0,40.0,0.0,45.0,1,1,1
2459,47.0,1.0,19.0,1.0,3,49.0,0.0,80.0,1,1,1
10723,59.0,1.0,20.0,1.0,1,6.0,0.0,40.0,1,1,1
3626,54.0,6.0,21.0,1.0,0,49.0,0.0,60.0,1,1,1
11588,37.0,1.0,22.0,1.0,0,49.0,1.0,40.0,1,1,1
2581,21.0,1.0,14.0,5.0,2,49.0,0.0,18.0,1,1,0
5734,46.0,7.0,17.0,1.0,0,49.0,1.0,40.0,1,0,1
2348,51.0,1.0,21.0,1.0,0,49.0,1.0,45.0,1,1,1
9662,31.0,1.0,21.0,1.0,0,49.0,1.0,40.0,1,1,1
3914,31.0,1.0,15.0,5.0,1,49.0,4.0,40.0,0,1,0
10040,27.0,1.0,23.0,5.0,0,49.0,15.0,30.0,0,1,0
11649,39.0,1.0,16.0,1.0,4,303.0,0.0,50.0,1,0,1
2530,34.0,1.0,19.0,1.0,3,49.0,1.0,50.0,1,1,1
12229,20.0,1.0,19.0,5.0,1,49.0,17.0,32.0,0,1,0
19,30.0,1.0,21.0,1.0,1,49.0,0.0,40.0,1,1,1
5629,39.0,4.0,24.0,4.0,0,6.0,0.0,45.0,0,1,1
11720,29.0,1.0,14.0,5.0,0,49.0,13.0,45.0,1,1,1
11152,31.0,1.0,16.0,5.0,4,6.0,2.0,25.0,1,1,0
6568,30.0,3.0,23.0,1.0,0,303.0,0.0,40.0,1,0,1
3589,56.0,5.0,22.0,1.0,0,49.0,9.0,40.0,1,1,1
3531,38.0,1.0,16.0,1.0,2,32.0,1.0,40.0,0,1,0
7681,58.0,1.0,17.0,1.0,4,35.0,1.0,25.0,0,0,0
3624,47.0,2.0,21.0,1.0,0,49.0,0.0,40.0,0,1,1
9697,18.0,1.0,19.0,5.0,0,6.0,0.0,21.0,1,1,0
5047,27.0,3.0,20.0,1.0,0,242.0,1.0,20.0,0,0,0
2609,27.0,2.0,20.0,1.0,2,49.0,1.0,15.0,0,1,0
11589,58.0,5.0,21.0,1.0,0,49.0,0.0,40.0,1,1,1
11304,23.0,2.0,21.0,1.0,0,49.0,1.0,45.0,1,1,1
9907,22.0,3.0,16.0,5.0,1,49.0,12.0,60.0,0,1,0
708,30.0,1.0,19.0,1.0,2,12.0,0.0,28.0,1,1,0
7395,68.0,4.0,19.0,1.0,0,6.0,1.0,30.0,0,1,1
7565,19.0,1.0,19.0,5.0,3,53.0,11.0,50.0,0,1,0
8074,28.0,3.0,16.0,1.0,4,30.0,1.0,20.0,0,1,0
10578,20.0,1.0,21.0,1.0,2,49.0,1.0,22.0,0,1,0
8008,35.0,3.0,20.0,1.0,0,16.0,1.0,30.0,0,1,1
6710,37.0,1.0,19.0,5.0,2,49.0,2.0,40.0,1,1,0
10617,39.0,1.0,19.0,1.0,1,42.0,0.0,20.0,1,1,1
1603,27.0,1.0,23.0,1.0,0,49.0,1.0,40.0,0,1,1
11483,32.0,1.0,20.0,1.0,2,49.0,0.0,40.0,0,1,0
379,33.0,1.0,19.0,1.0,0,55.0,1.0,40.0,1,1,0
5351,23.0,1.0,16.0,5.0,3,49.0,2.0,40.0,1,1,0
6782,23.0,1.0,21.0,1.0,1,6.0,1.0,40.0,0,1,0
4449,71.0,5.0,20.0,1.0,2,49.0,1.0,40.0,0,1,0
889,30.0,1.0,18.0,5.0,2,209.0,12.0,40.0,0,0,1
3234,36.0,1.0,19.0,1.0,-1,37.0,0.0,60.0,1,1,1
2583,54.0,1.0,13.0,1.0,2,49.0,0.0,24.0,0,1,0
6518,48.0,1.0,21.0,3.0,2,9.0,0.0,40.0,0,1,1
12822,42.0,2.0,19.0,5.0,0,49.0,0.0,40.0,0,1,1
3045,20.0,1.0,15.0,5.0,4,49.0,0.0,10.0,0,1,0
9376,33.0,1.0,18.0,1.0,2,6.0,0.0,40.0,1,1,1
7033,69.0,1.0,19.0,1.0,2,56.0,0.0,46.0,0,1,1
3995,46.0,1.0,20.0,1.0,0,6.0,1.0,45.0,1,1,1
1906,48.0,1.0,16.0,1.0,2,16.0,0.0,40.0,0,1,1
7036,42.0,1.0,17.0,1.0,2,23.0,0.0,35.0,0,1,0
845,52.0,1.0,18.0,3.0,0,24.0,0.0,40.0,1,1,1
9327,61.0,1.0,16.0,3.0,2,49.0,0.0,40.0,0,1,1
10360,29.0,1.0,16.0,1.0,4,49.0,1.0,50.0,0,1,0
880,24.0,1.0,22.0,5.0,0,48.0,2.0,50.0,1,1,1
5786,48.0,1.0,21.0,1.0,2,16.0,1.0,2.0,0,1,0
7577,46.0,1.0,20.0,1.0,4,49.0,0.0,40.0,0,1,1
9561,25.0,1.0,19.0,5.0,1,242.0,0.0,29.0,0,0,0
10274,64.0,7.0,16.0,3.0,2,49.0,0.0,50.0,1,1,1
668,35.0,7.0,11.0,3.0,1,49.0,16.0,25.0,1,1,0
3657,25.0,1.0,18.0,1.0,2,49.0,0.0,20.0,1,1,0
9356,61.0,3.0,19.0,5.0,0,49.0,0.0,40.0,0,1,1
8420,51.0,1.0,21.0,1.0,0,26.0,1.0,40.0,0,1,0
11912,68.0,1.0,19.0,5.0,0,49.0,15.0,16.0,0,1,0
10553,34.0,1.0,22.0,1.0,0,49.0,1.0,40.0,1,1,1
6268,50.0,1.0,21.0,5.0,2,49.0,17.0,50.0,0,1,1
9806,40.0,7.0,16.0,1.0,3,45.0,1.0,40.0,1,1,1
1207,28.0,1.0,21.0,1.0,1,6.0,1.0,40.0,0,1,0
3929,19.0,1.0,20.0,1.0,4,49.0,0.0,21.0,1,1,0
9435,25.0,1.0,15.0,1.0,2,49.0,0.0,5.0,1,1,0
9487,68.0,1.0,18.0,1.0,1,49.0,1.0,40.0,0,1,0
8811,52.0,3.0,20.0,1.0,1,16.0,0.0,41.0,0,1,1
2627,50.0,2.0,19.0,1.0,3,6.0,1.0,40.0,1,1,1
12514,55.0,3.0,21.0,1.0,2,49.0,0.0,40.0,0,1,1
1598,25.0,1.0,19.0,4.0,4,51.0,0.0,40.0,1,1,1
7232,40.0,1.0,21.0,1.0,2,49.0,0.0,40.0,0,1,0
3497,55.0,1.0,20.0,1.0,3,48.0,0.0,40.0,0,1,1
6228,24.0,1.0,16.0,5.0,1,49.0,2.0,40.0,1,1,0
6929,48.0,1.0,21.0,1.0,2,6.0,1.0,40.0,0,1,1
12593,38.0,1.0,18.0,1.0,2,56.0,1.0,80.0,0,1,0
329,35.0,1.0,16.0,1.0,0,49.0,1.0,25.0,0,1,0
12905,44.0,1.0,13.0,3.0,1,49.0,0.0,40.0,0,0,0
3781,24.0,1.0,16.0,1.0,2,53.0,1.0,4.0,1,1,0
2163,45.0,1.0,19.0,1.0,1,49.0,0.0,32.0,1,1,1
12178,28.0,2.0,22.0,1.0,0,13.0,0.0,45.0,0,1,1
5031,54.0,2.0,19.0,1.0,1,6.0,1.0,24.0,0,0,0
8941,32.0,1.0,21.0,1.0,0,49.0,0.0,40.0,1,1,1
11749,55.0,2.0,22.0,1.0,0,233.0,1.0,40.0,1,0,1
5158,37.0,1.0,22.0,1.0,0,18.0,0.0,40.0,1,1,1
13042,60.0,7.0,21.0,1.0,0,49.0,1.0,40.0,1,1,1
12414,25.0,6.0,21.0,1.0,2,16.0,1.0,29.0,0,1,0
9530,47.0,1.0,21.0,1.0,3,53.0,0.0,45.0,1,1,1
8058,53.0,1.0,16.0,1.0,4,49.0,1.0,40.0,1,1,1
3598,37.0,1.0,21.0,1.0,0,8.0,0.0,40.0,1,1,0
4055,46.0,5.0,21.0,1.0,1,49.0,0.0,40.0,0,1,1
4702,41.0,1.0,20.0,3.0,3,49.0,8.0,40.0,0,1,1
55,38.0,4.0,18.0,1.0,1,49.0,0.0,40.0,0,1,1
1890,41.0,5.0,21.0,1.0,0,49.0,1.0,40.0,0,1,1
1004,26.0,1.0,15.0,5.0,3,49.0,0.0,60.0,1,1,1
1782,65.0,3.0,21.0,3.0,0,49.0,0.0,40.0,0,1,1
3834,19.0,5.0,14.0,5.0,4,49.0,2.0,40.0,0,1,0
178,36.0,2.0,16.0,1.0,1,41.0,6.0,40.0,0,0,0
2056,24.0,1.0,21.0,5.0,4,32.0,13.0,60.0,1,1,1
8877,39.0,2.0,21.0,1.0,0,49.0,0.0,40.0,1,1,1
2503,37.0,1.0,18.0,5.0,1,49.0,17.0,40.0,0,1,0
1676,24.0,1.0,16.0,5.0,0,49.0,12.0,40.0,1,1,1
6095,30.0,6.0,21.0,1.0,1,33.0,1.0,8.0,0,1,0
11158,30.0,5.0,16.0,1.0,3,12.0,6.0,45.0,1,1,0
3223,24.0,1.0,21.0,1.0,0,233.0,1.0,25.0,0,0,0
1093,31.0,1.0,19.0,5.0,1,49.0,2.0,35.0,0,1,0
10680,32.0,1.0,16.0,1.0,4,13.0,1.0,45.0,1,1,0
3579,39.0,4.0,21.0,1.0,0,6.0,1.0,35.0,0,0,0
10485,35.0,2.0,20.0,1.0,0,31.0,1.0,12.0,0,1,0
7539,35.0,1.0,23.0,1.0,0,6.0,0.0,60.0,1,1,1
6914,22.0,1.0,16.0,5.0,2,49.0,2.0,20.0,1,1,0
8557,61.0,1.0,22.0,1.0,0,46.0,0.0,55.0,1,1,1
7172,27.0,1.0,16.0,1.0,3,48.0,1.0,70.0,1,1,1
9002,19.0,1.0,19.0,5.0,4,24.0,2.0,40.0,1,1,0
4098,27.0,1.0,22.0,1.0,0,49.0,0.0,50.0,1,1,1
7547,70.0,1.0,16.0,3.0,2,49.0,2.0,20.0,1,1,0
11512,18.0,1.0,13.0,5.0,3,49.0,16.0,60.0,0,1,0
3399,26.0,1.0,16.0,1.0,1,49.0,0.0,40.0,0,1,0
3322,40.0,1.0,23.0,3.0,0,53.0,0.0,30.0,0,1,1
1176,32.0,2.0,18.0,1.0,0,16.0,0.0,6.0,1,1,0
7972,56.0,2.0,24.0,1.0,0,49.0,0.0,40.0,1,1,1
10089,34.0,5.0,19.0,1.0,2,49.0,1.0,35.0,0,1,0
809,62.0,1.0,22.0,5.0,0,49.0,2.0,60.0,1,1,1
9400,53.0,1.0,18.0,1.0,4,49.0,1.0,45.0,1,1,1
9611,27.0,1.0,19.0,4.0,4,49.0,9.0,45.0,1,1,0
3498,58.0,1.0,21.0,1.0,0,6.0,0.0,30.0,1,1,1
3309,47.0,1.0,18.0,1.0,1,49.0,0.0,40.0,1,1,0
1835,53.0,1.0,15.0,3.0,4,49.0,0.0,18.0,1,1,1
12083,25.0,3.0,20.0,4.0,0,49.0,9.0,10.0,0,1,0
3128,75.0,1.0,21.0,4.0,2,6.0,2.0,40.0,1,1,1
13027,20.0,1.0,19.0,5.0,0,32.0,12.0,17.0,0,1,0
4001,33.0,1.0,20.0,1.0,0,49.0,0.0,40.0,0,1,0
2499,36.0,2.0,20.0,1.0,0,6.0,0.0,16.0,1,1,1
4493,44.0,4.0,21.0,1.0,0,6.0,1.0,44.0,1,1,1
1218,59.0,4.0,21.0,1.0,0,49.0,0.0,45.0,0,1,1
2464,49.0,4.0,20.0,1.0,2,49.0,0.0,40.0,0,1,1
2429,66.0,1.0,13.0,5.0,2,49.0,2.0,50.0,1,1,0
11677,42.0,1.0,23.0,1.0,0,25.0,1.0,40.0,0,1,1
6103,22.0,6.0,21.0,1.0,2,49.0,0.0,25.0,0,1,0
11790,72.0,1.0,19.0,1.0,-1,49.0,0.0,40.0,1,1,1
1008,73.0,6.0,19.0,2.0,1,205.0,0.0,36.0,0,0,0
5549,24.0,1.0,16.0,5.0,1,36.0,2.0,20.0,1,1,0
8691,40.0,1.0,18.0,1.0,1,49.0,0.0,37.0,1,1,0
4722,47.0,3.0,18.0,1.0,2,49.0,0.0,20.0,0,1,0
4553,19.0,1.0,19.0,5.0,4,49.0,2.0,35.0,1,0,0
1384,48.0,1.0,21.0,1.0,2,49.0,0.0,30.0,0,1,0
3025,45.0,1.0,18.0,3.0,0,49.0,0.0,32.0,0,1,1
798,56.0,1.0,20.0,1.0,2,12.0,0.0,50.0,1,1,1
11877,20.0,1.0,19.0,5.0,0,49.0,2.0,40.0,1,1,0
12425,25.0,1.0,14.0,1.0,4,49.0,1.0,40.0,1,1,0
9985,19.0,1.0,19.0,5.0,0,16.0,12.0,20.0,1,1,0
12469,18.0,1.0,19.0,5.0,4,211.0,2.0,40.0,1,0,0
9819,43.0,7.0,16.0,1.0,2,6.0,1.0,40.0,1,1,1
2554,36.0,1.0,20.0,1.0,0,32.0,0.0,40.0,0,1,1
4601,55.0,1.0,19.0,3.0,0,49.0,0.0,30.0,1,1,1
6080,44.0,3.0,18.0,1.0,2,49.0,1.0,45.0,1,1,0
8833,61.0,4.0,18.0,3.0,0,49.0,0.0,45.0,1,1,1
11366,40.0,1.0,22.0,1.0,0,49.0,1.0,55.0,0,1,1
8888,17.0,1.0,14.0,5.0,3,6.0,15.0,40.0,1,0,0
12841,30.0,3.0,16.0,1.0,2,49.0,0.0,40.0,0,1,0
11171,20.0,2.0,19.0,5.0,1,53.0,12.0,10.0,0,1,0
7788,38.0,3.0,21.0,1.0,0,49.0,1.0,40.0,0,1,1
5618,22.0,2.0,18.0,5.0,2,49.0,2.0,22.0,0,1,0
7791,58.0,1.0,21.0,1.0,0,6.0,0.0,30.0,0,1,0
10818,37.0,7.0,19.0,1.0,3,6.0,0.0,40.0,1,1,1
4241,36.0,1.0,14.0,5.0,3,49.0,0.0,50.0,1,1,1
2809,21.0,1.0,19.0,5.0,0,120.0,12.0,3.0,1,0,0
1575,39.0,1.0,16.0,1.0,4,49.0,0.0,40.0,1,1,1
6677,70.0,6.0,19.0,1.0,1,49.0,2.0,40.0,1,1,0
663,71.0,4.0,19.0,1.0,4,49.0,1.0,20.0,1,1,0
8534,66.0,1.0,24.0,1.0,0,49.0,1.0,36.0,0,1,0
8480,35.0,1.0,19.0,1.0,0,49.0,1.0,40.0,1,1,1
8990,55.0,2.0,21.0,1.0,2,49.0,1.0,40.0,0,1,1
11936,34.0,1.0,19.0,1.0,2,51.0,0.0,20.0,1,1,0
998,31.0,1.0,21.0,1.0,1,38.0,0.0,20.0,1,1,0
9306,45.0,1.0,21.0,1.0,0,49.0,1.0,30.0,0,1,0
5016,29.0,1.0,24.0,1.0,3,49.0,2.0,40.0,1,1,1
817,55.0,7.0,22.0,1.0,0,49.0,0.0,60.0,1,1,1
5307,46.0,1.0,19.0,3.0,1,49.0,8.0,12.0,0,1,0
7061,55.0,1.0,16.0,1.0,0,49.0,1.0,30.0,1,1,0
9442,53.0,1.0,19.0,1.0,3,233.0,1.0,40.0,1,0,1
1003,71.0,1.0,19.0,1.0,2,49.0,1.0,40.0,1,1,0
4123,21.0,3.0,19.0,1.0,0,49.0,1.0,2.0,0,1,0
4966,44.0,1.0,15.0,1.0,1,242.0,0.0,40.0,1,0,1
8278,32.0,2.0,22.0,1.0,0,49.0,0.0,40.0,0,1,1
6692,55.0,1.0,16.0,1.0,1,48.0,0.0,40.0,0,1,1
3265,37.0,1.0,15.0,5.0,3,210.0,0.0,40.0,1,0,1
6303,53.0,1.0,19.0,3.0,2,205.0,0.0,40.0,1,0,1
11178,59.0,1.0,16.0,3.0,4,53.0,5.0,45.0,1,1,0
4023,72.0,1.0,22.0,1.0,0,49.0,0.0,50.0,1,1,1
1343,69.0,1.0,22.0,1.0,0,49.0,1.0,70.0,1,1,1
10983,58.0,1.0,21.0,1.0,1,233.0,1.0,40.0,0,0,1
146,22.0,5.0,20.0,5.0,0,6.0,17.0,20.0,0,1,0
11958,51.0,1.0,21.0,1.0,3,49.0,0.0,45.0,1,1,1
8804,24.0,1.0,22.0,5.0,0,49.0,2.0,45.0,1,1,1
4525,21.0,6.0,21.0,1.0,2,49.0,0.0,5.0,1,1,0
11606,31.0,1.0,22.0,1.0,0,6.0,0.0,45.0,1,1,1
7359,55.0,1.0,22.0,1.0,0,6.0,0.0,50.0,1,1,1
2525,60.0,1.0,19.0,5.0,2,6.0,11.0,16.0,0,1,0
11950,26.0,1.0,18.0,5.0,1,49.0,2.0,40.0,0,1,0
5455,28.0,1.0,20.0,5.0,1,6.0,17.0,10.0,1,1,0
10643,41.0,1.0,19.0,1.0,0,49.0,0.0,40.0,1,1,0
11989,53.0,1.0,23.0,1.0,0,49.0,1.0,24.0,0,1,0
4300,44.0,1.0,19.0,1.0,2,34.0,1.0,40.0,0,1,0
1087,62.0,1.0,18.0,5.0,4,32.0,0.0,40.0,1,1,1
6428,29.0,1.0,21.0,1.0,4,17.0,9.0,36.0,1,1,1
12886,45.0,1.0,21.0,3.0,1,49.0,0.0,60.0,1,1,1
6615,20.0,1.0,19.0,5.0,2,49.0,17.0,40.0,0,1,0
1075,40.0,1.0,21.0,1.0,0,49.0,1.0,30.0,1,1,0
12173,17.0,2.0,21.0,5.0,2,4.0,17.0,40.0,0,1,0
12296,59.0,2.0,22.0,1.0,3,49.0,1.0,40.0,0,1,1
2708,35.0,1.0,18.0,5.0,2,49.0,0.0,20.0,0,1,0
11327,48.0,1.0,20.0,1.0,1,16.0,1.0,20.0,0,1,0
2221,44.0,6.0,21.0,1.0,0,49.0,1.0,40.0,1,1,1
12232,27.0,4.0,19.0,1.0,2,6.0,0.0,30.0,0,1,0
6104,39.0,2.0,21.0,1.0,0,6.0,1.0,40.0,0,0,1
1644,63.0,1.0,21.0,1.0,0,49.0,1.0,50.0,1,1,1
8076,59.0,1.0,21.0,3.0,2,49.0,0.0,42.0,1,1,1
5927,27.0,1.0,18.0,1.0,2,49.0,1.0,24.0,1,1,1
12843,39.0,1.0,1.0,2.0,-1,207.0,16.0,25.0,0,0,0
6582,18.0,1.0,18.0,5.0,4,49.0,17.0,40.0,1,0,0
8475,71.0,1.0,19.0,1.0,0,26.0,1.0,40.0,1,1,0
2592,52.0,4.0,21.0,1.0,0,26.0,1.0,40.0,0,1,1
4120,27.0,1.0,19.0,1.0,3,49.0,1.0,40.0,1,1,0
4968,19.0,1.0,21.0,5.0,1,49.0,2.0,10.0,0,1,0
1129,22.0,7.0,21.0,1.0,0,53.0,10.0,15.0,0,1,0
5135,62.0,1.0,19.0,3.0,2,303.0,0.0,40.0,1,1,1
2805,24.0,1.0,20.0,1.0,2,49.0,1.0,30.0,0,1,0
1656,30.0,1.0,19.0,1.0,2,32.0,0.0,40.0,0,1,1
10614,43.0,1.0,16.0,1.0,2,49.0,0.0,60.0,1,1,0
768,24.0,1.0,19.0,1.0,1,49.0,0.0,6.0,0,1,0
3285,32.0,1.0,21.0,1.0,0,26.0,1.0,42.0,1,1,1
12388,54.0,1.0,20.0,1.0,4,1.0,0.0,40.0,1,1,0
9686,57.0,6.0,21.0,3.0,0,8.0,2.0,10.0,0,1,0
4962,56.0,1.0,16.0,3.0,0,49.0,0.0,40.0,0,1,1
9146,18.0,1.0,19.0,5.0,0,49.0,0.0,23.0,0,1,0
6401,57.0,1.0,22.0,1.0,0,49.0,0.0,45.0,0,0,1
10173,18.0,1.0,18.0,5.0,1,49.0,11.0,40.0,0,1,0
7004,33.0,4.0,24.0,1.0,0,8.0,0.0,40.0,1,1,1
5238,37.0,2.0,20.0,1.0,0,49.0,0.0,50.0,0,1,1
7224,64.0,6.0,21.0,1.0,0,49.0,1.0,40.0,1,1,0
5282,44.0,5.0,21.0,1.0,4,49.0,0.0,35.0,1,1,1
9937,21.0,1.0,13.0,5.0,1,49.0,2.0,36.0,0,1,0
221,61.0,1.0,18.0,1.0,4,42.0,1.0,20.0,0,1,1
5939,28.0,1.0,17.0,1.0,3,25.0,1.0,30.0,1,1,0
9126,58.0,1.0,16.0,1.0,4,42.0,1.0,42.0,1,1,1
7948,21.0,1.0,19.0,5.0,4,40.0,17.0,53.0,1,1,0
4961,61.0,1.0,20.0,3.0,3,49.0,0.0,50.0,1,1,1
2204,44.0,1.0,17.0,1.0,3,55.0,1.0,40.0,1,1,1
5391,41.0,1.0,21.0,1.0,0,24.0,1.0,70.0,0,1,1
39,60.0,1.0,22.0,1.0,0,49.0,0.0,40.0,0,1,1
3369,51.0,1.0,10.0,3.0,1,6.0,0.0,48.0,1,0,1
9821,30.0,2.0,21.0,1.0,0,49.0,1.0,26.0,0,1,0
8177,47.0,2.0,21.0,1.0,0,6.0,0.0,40.0,0,1,1
2952,30.0,1.0,18.0,1.0,2,421.0,1.0,4.0,0,0,0
1474,28.0,3.0,18.0,1.0,1,8.0,1.0,20.0,0,1,0
12655,19.0,1.0,19.0,5.0,4,49.0,13.0,85.0,1,1,0
9481,48.0,1.0,16.0,1.0,3,56.0,0.0,40.0,1,1,1
12894,17.0,1.0,16.0,5.0,2,42.0,2.0,50.0,1,1,0
10977,54.0,1.0,20.0,1.0,2,42.0,0.0,37.0,0,1,0
6648,42.0,1.0,19.0,1.0,4,468.0,1.0,40.0,1,1,1
9362,25.0,1.0,22.0,5.0,2,6.0,12.0,40.0,0,1,0
2634,55.0,4.0,21.0,1.0,0,49.0,1.0,40.0,1,1,1
11788,24.0,2.0,22.0,5.0,0,49.0,12.0,40.0,1,1,1
9135,28.0,1.0,16.0,5.0,1,49.0,2.0,40.0,0,1,0
356,18.0,1.0,19.0,5.0,2,49.0,12.0,20.0,0,1,0
12254,18.0,6.0,14.0,5.0,2,303.0,12.0,40.0,0,0,0
6016,28.0,1.0,16.0,3.0,3,104.0,2.0,25.0,1,0,0
8250,43.0,1.0,19.0,1.0,3,49.0,2.0,30.0,1,1,0
12028,56.0,5.0,21.0,1.0,0,6.0,1.0,40.0,1,1,1
785,30.0,1.0,21.0,1.0,4,49.0,0.0,48.0,1,0,1
10815,60.0,2.0,21.0,1.0,0,6.0,0.0,20.0,1,1,1
9630,27.0,1.0,19.0,1.0,3,36.0,0.0,35.0,1,1,0
10964,49.0,1.0,20.0,1.0,2,49.0,1.0,60.0,1,1,1
4704,49.0,1.0,20.0,1.0,0,6.0,0.0,10.0,1,1,1
12497,27.0,6.0,21.0,5.0,1,18.0,2.0,40.0,1,1,0
1154,23.0,1.0,19.0,5.0,3,215.0,0.0,20.0,1,1,0
5696,32.0,6.0,20.0,1.0,3,49.0,1.0,40.0,1,1,0
9782,26.0,1.0,16.0,5.0,2,49.0,5.0,30.0,1,1,0
2400,35.0,1.0,18.0,1.0,2,49.0,0.0,12.0,1,1,0
12526,43.0,1.0,20.0,1.0,3,49.0,0.0,40.0,1,1,1
10421,36.0,1.0,19.0,1.0,0,25.0,0.0,60.0,1,1,1
3106,48.0,1.0,20.0,1.0,2,49.0,1.0,15.0,0,1,0
9383,56.0,1.0,19.0,1.0,0,6.0,10.0,40.0,1,1,1
9417,44.0,1.0,22.0,1.0,0,373.0,1.0,40.0,1,1,1
8849,47.0,1.0,16.0,3.0,4,303.0,0.0,36.0,0,1,0
11650,36.0,1.0,21.0,3.0,2,32.0,0.0,30.0,0,1,0
7305,52.0,1.0,22.0,1.0,0,49.0,1.0,45.0,1,1,1
6657,27.0,6.0,16.0,1.0,1,34.0,1.0,40.0,0,1,0
12920,54.0,6.0,21.0,1.0,0,51.0,0.0,40.0,0,1,0
3015,57.0,1.0,21.0,3.0,4,203.0,2.0,60.0,1,0,1
3352,23.0,6.0,18.0,1.0,4,49.0,1.0,40.0,1,1,0
4443,28.0,1.0,11.0,1.0,3,370.0,0.0,20.0,1,0,0
4724,53.0,3.0,21.0,1.0,0,8.0,1.0,45.0,1,1,1
1147,38.0,1.0,16.0,3.0,4,49.0,2.0,35.0,0,1,0
3629,39.0,1.0,21.0,1.0,4,36.0,0.0,22.0,1,1,1
3073,39.0,6.0,18.0,1.0,0,49.0,1.0,40.0,1,1,1
5829,22.0,1.0,16.0,5.0,2,53.0,17.0,20.0,0,1,0
5931,38.0,1.0,19.0,1.0,2,6.0,1.0,20.0,0,1,0
8516,23.0,4.0,21.0,5.0,0,49.0,17.0,40.0,0,1,0
167,27.0,1.0,13.0,5.0,2,242.0,2.0,35.0,0,0,0
12611,25.0,1.0,19.0,5.0,0,35.0,0.0,40.0,0,1,0
7208,34.0,1.0,21.0,1.0,2,49.0,0.0,40.0,1,1,1
1933,40.0,1.0,21.0,1.0,0,49.0,0.0,50.0,1,1,1
6995,61.0,7.0,16.0,1.0,1,53.0,0.0,45.0,1,1,1
6510,23.0,4.0,16.0,5.0,3,49.0,2.0,40.0,1,1,0
2962,19.0,1.0,21.0,5.0,1,42.0,12.0,15.0,0,1,0
5444,35.0,7.0,21.0,1.0,1,42.0,0.0,2.0,0,1,0
1311,37.0,1.0,20.0,5.0,4,48.0,13.0,50.0,1,1,1
801,47.0,6.0,23.0,1.0,3,49.0,1.0,48.0,1,1,1
1623,28.0,7.0,18.0,1.0,0,49.0,0.0,10.0,0,1,0
1822,66.0,4.0,18.0,4.0,2,49.0,2.0,30.0,0,1,0
8432,30.0,1.0,19.0,1.0,1,26.0,0.0,45.0,1,1,0
8059,38.0,1.0,16.0,1.0,0,49.0,0.0,27.0,0,1,0
4947,41.0,1.0,20.0,1.0,0,49.0,0.0,40.0,1,1,0
12161,43.0,1.0,19.0,1.0,3,49.0,1.0,20.0,1,1,0
10230,37.0,2.0,22.0,1.0,0,49.0,0.0,50.0,1,1,1
1565,45.0,6.0,19.0,1.0,0,49.0,1.0,28.0,0,1,0
11983,35.0,4.0,22.0,3.0,0,33.0,0.0,50.0,0,1,1
11442,22.0,1.0,19.0,1.0,4,49.0,0.0,20.0,1,1,0
5954,68.0,1.0,22.0,1.0,0,49.0,0.0,35.0,1,1,1
8532,48.0,3.0,21.0,1.0,0,49.0,0.0,45.0,0,0,1
9351,28.0,1.0,16.0,1.0,1,49.0,1.0,20.0,0,1,0
2847,66.0,1.0,21.0,1.0,2,17.0,1.0,40.0,1,1,1
5716,35.0,1.0,16.0,1.0,1,49.0,1.0,20.0,0,1,0
4223,63.0,1.0,19.0,1.0,0,49.0,0.0,50.0,0,1,1
4862,54.0,2.0,16.0,1.0,4,12.0,0.0,40.0,1,1,1
10688,39.0,6.0,21.0,1.0,0,49.0,1.0,25.0,0,1,0
10843,61.0,1.0,19.0,3.0,3,49.0,0.0,42.0,1,1,1
3717,40.0,1.0,18.0,3.0,3,4.0,0.0,40.0,1,1,1
9519,40.0,1.0,1.0,5.0,2,6.0,0.0,45.0,1,0,1
4949,22.0,1.0,19.0,5.0,1,4.0,2.0,40.0,0,1,0
1635,35.0,4.0,22.0,1.0,0,53.0,1.0,40.0,0,1,1
6062,28.0,6.0,16.0,5.0,0,47.0,17.0,21.0,0,1,0
6754,24.0,2.0,17.0,1.0,0,49.0,1.0,40.0,1,1,0
4184,45.0,5.0,22.0,1.0,5,56.0,14.0,45.0,1,1,1
428,42.0,1.0,19.0,1.0,2,147.0,0.0,38.0,0,0,1
7142,37.0,1.0,17.0,5.0,3,49.0,4.0,40.0,0,0,0
7301,43.0,1.0,21.0,1.0,2,26.0,0.0,60.0,1,1,1
3763,38.0,1.0,16.0,1.0,3,6.0,0.0,85.0,1,0,1
7982,30.0,1.0,18.0,1.0,3,53.0,0.0,40.0,1,1,1
10952,51.0,1.0,19.0,1.0,3,25.0,1.0,50.0,1,1,1
9460,34.0,1.0,18.0,3.0,2,49.0,13.0,15.0,0,1,0
11187,23.0,4.0,21.0,1.0,2,49.0,1.0,35.0,0,1,0
9115,24.0,5.0,16.0,1.0,4,16.0,1.0,48.0,1,1,0
9373,20.0,1.0,18.0,5.0,0,49.0,2.0,10.0,1,1,0
8552,54.0,1.0,20.0,1.0,2,49.0,1.0,40.0,0,1,0
2046,18.0,1.0,16.0,5.0,3,56.0,2.0,6.0,1,1,0
10766,23.0,1.0,19.0,1.0,2,49.0,1.0,36.0,0,1,0
8961,28.0,1.0,16.0,5.0,3,49.0,5.0,38.0,1,1,0
1739,36.0,1.0,16.0,1.0,2,49.0,0.0,70.0,1,1,1
5604,63.0,4.0,20.0,1.0,1,49.0,1.0,25.0,0,1,0
5039,37.0,1.0,16.0,1.0,0,215.0,1.0,40.0,0,1,1
5583,23.0,1.0,16.0,5.0,4,49.0,2.0,25.0,0,1,0
10856,55.0,1.0,16.0,1.0,2,49.0,0.0,40.0,0,1,1
2769,26.0,1.0,21.0,5.0,0,49.0,2.0,25.0,1,1,0
3432,25.0,1.0,20.0,1.0,1,6.0,1.0,5.0,0,1,0
6733,19.0,1.0,16.0,5.0,2,49.0,10.0,15.0,0,0,0
9258,42.0,6.0,22.0,1.0,0,8.0,0.0,4.0,1,1,0
5239,32.0,8.0,12.0,1.0,3,49.0,0.0,50.0,1,1,0
4162,37.0,1.0,21.0,5.0,2,34.0,2.0,50.0,1,1,1
4922,20.0,1.0,20.0,5.0,2,49.0,11.0,20.0,0,1,0
2978,60.0,1.0,22.0,1.0,0,49.0,0.0,40.0,1,1,1
5048,17.0,1.0,18.0,5.0,1,49.0,10.0,40.0,1,1,0
12430,36.0,1.0,13.0,3.0,4,49.0,13.0,16.0,0,1,0
7930,37.0,3.0,20.0,1.0,0,49.0,0.0,40.0,0,1,1
12853,24.0,1.0,21.0,1.0,0,49.0,0.0,40.0,0,1,1
2418,20.0,1.0,19.0,5.0,3,55.0,0.0,40.0,1,1,0
10560,52.0,1.0,19.0,1.0,3,136.0,1.0,45.0,1,1,1
5348,26.0,1.0,16.0,5.0,4,49.0,0.0,50.0,1,1,1
9182,26.0,1.0,20.0,5.0,4,49.0,13.0,50.0,1,1,1
13004,28.0,1.0,16.0,5.0,2,24.0,0.0,4.0,1,1,0
11993,28.0,4.0,22.0,1.0,0,363.0,0.0,40.0,1,0,1
10543,28.0,7.0,21.0,1.0,0,16.0,0.0,40.0,1,1,1
8456,31.0,1.0,21.0,1.0,0,49.0,1.0,38.0,0,1,0
6319,33.0,1.0,19.0,5.0,2,6.0,2.0,25.0,0,0,0
1722,42.0,2.0,22.0,1.0,0,49.0,1.0,40.0,0,1,1
6099,66.0,4.0,16.0,5.0,1,49.0,0.0,20.0,0,1,0
5682,34.0,1.0,18.0,3.0,0,4.0,0.0,50.0,1,1,1
5714,27.0,1.0,16.0,1.0,2,372.0,1.0,40.0,1,0,1
9961,33.0,1.0,21.0,1.0,0,49.0,1.0,8.0,0,1,0
9102,53.0,1.0,22.0,1.0,0,207.0,1.0,40.0,1,0,1
12968,39.0,1.0,22.0,1.0,2,49.0,1.0,40.0,1,1,1
2053,57.0,7.0,16.0,1.0,1,56.0,1.0,30.0,0,1,1
9504,62.0,5.0,23.0,3.0,-1,49.0,3.0,99.0,1,1,1
7411,53.0,1.0,16.0,1.0,2,49.0,1.0,12.0,0,1,0
7058,52.0,1.0,22.0,1.0,1,6.0,1.0,40.0,0,1,0
7287,25.0,1.0,16.0,5.0,1,49.0,2.0,15.0,1,1,0
2103,56.0,1.0,20.0,1.0,2,55.0,1.0,40.0,0,1,1
12788,52.0,1.0,16.0,1.0,2,49.0,0.0,20.0,0,1,0
1952,66.0,1.0,21.0,1.0,0,6.0,1.0,40.0,1,1,1
12214,41.0,1.0,17.0,3.0,4,49.0,13.0,25.0,0,1,0
1482,53.0,1.0,19.0,1.0,4,34.0,0.0,40.0,1,1,0
3161,19.0,6.0,16.0,1.0,2,48.0,0.0,40.0,0,1,0
2054,46.0,1.0,17.0,5.0,2,49.0,2.0,40.0,0,1,0
528,63.0,5.0,19.0,1.0,2,49.0,2.0,24.0,0,1,0
5887,31.0,2.0,21.0,5.0,1,1.0,12.0,35.0,0,1,0
10067,33.0,5.0,21.0,1.0,0,13.0,0.0,40.0,1,1,1
1351,36.0,1.0,22.0,1.0,0,49.0,0.0,50.0,0,1,1
7486,54.0,6.0,18.0,1.0,1,49.0,0.0,32.0,0,1,0
10459,64.0,6.0,22.0,1.0,0,49.0,0.0,40.0,0,1,1
2595,44.0,4.0,23.0,1.0,0,49.0,1.0,40.0,0,1,1
3194,24.0,1.0,21.0,1.0,0,49.0,1.0,60.0,0,1,1
6781,56.0,2.0,21.0,1.0,0,49.0,0.0,40.0,1,1,1
12976,32.0,6.0,19.0,1.0,3,49.0,0.0,20.0,0,1,0
9861,35.0,6.0,19.0,2.0,1,49.0,0.0,25.0,0,1,0
11996,22.0,1.0,16.0,5.0,2,21.0,2.0,40.0,0,1,0
3268,51.0,1.0,16.0,1.0,4,207.0,0.0,40.0,1,0,1
7093,25.0,1.0,16.0,5.0,1,49.0,12.0,40.0,1,1,0
12545,25.0,1.0,16.0,5.0,0,6.0,2.0,48.0,1,1,0
2663,46.0,2.0,21.0,5.0,0,49.0,0.0,40.0,0,1,1
9267,50.0,1.0,16.0,1.0,4,48.0,1.0,40.0,0,1,1
5446,39.0,1.0,18.0,3.0,1,136.0,2.0,40.0,0,1,0
3402,35.0,4.0,22.0,2.0,2,508.0,0.0,40.0,0,0,1
3545,46.0,1.0,14.0,5.0,3,49.0,2.0,40.0,1,1,0
6957,28.0,4.0,23.0,1.0,0,12.0,1.0,25.0,0,1,0
7544,30.0,3.0,17.0,1.0,0,49.0,0.0,55.0,1,1,1
2575,43.0,1.0,20.0,1.0,0,6.0,0.0,40.0,1,1,0
7450,19.0,1.0,16.0,5.0,4,49.0,2.0,35.0,1,1,0
10361,39.0,1.0,21.0,1.0,2,6.0,1.0,8.0,0,1,0
191,31.0,1.0,19.0,5.0,2,49.0,7.0,40.0,1,1,0
3650,70.0,3.0,16.0,4.0,1,164.0,5.0,40.0,1,0,1
2202,61.0,1.0,1.0,3.0,-1,370.0,3.0,60.0,1,0,1
12527,60.0,1.0,21.0,1.0,4,31.0,0.0,40.0,1,1,1
2106,27.0,1.0,21.0,1.0,4,49.0,0.0,8.0,0,1,0
11977,39.0,3.0,21.0,1.0,0,247.0,1.0,40.0,0,1,0
3086,28.0,1.0,14.0,5.0,1,6.0,0.0,20.0,0,1,0
2192,39.0,1.0,18.0,5.0,0,16.0,17.0,10.0,0,1,0
1583,62.0,1.0,16.0,1.0,3,49.0,0.0,40.0,1,1,1
807,40.0,1.0,22.0,3.0,3,49.0,0.0,40.0,1,1,1
3095,32.0,1.0,21.0,1.0,0,49.0,0.0,40.0,0,1,0
4963,24.0,1.0,16.0,5.0,1,49.0,0.0,40.0,1,1,0
2246,40.0,1.0,10.0,3.0,1,132.0,0.0,42.0,1,0,1
10255,64.0,1.0,20.0,1.0,2,303.0,1.0,20.0,0,0,0
7812,57.0,2.0,19.0,1.0,1,49.0,0.0,50.0,1,1,1
12246,28.0,1.0,16.0,5.0,3,303.0,2.0,1.0,1,0,0
8137,29.0,5.0,18.0,1.0,3,49.0,1.0,40.0,1,1,1
2557,45.0,1.0,16.0,3.0,3,49.0,0.0,50.0,1,1,1
6492,28.0,1.0,16.0,1.0,2,49.0,0.0,18.0,0,0,0
4259,24.0,1.0,16.0,1.0,2,49.0,10.0,20.0,0,0,0
5095,17.0,1.0,21.0,5.0,0,13.0,12.0,40.0,0,0,0
3441,35.0,1.0,1.0,5.0,4,6.0,2.0,40.0,1,1,1
1631,50.0,1.0,19.0,1.0,0,49.0,9.0,60.0,1,1,1
6190,46.0,1.0,21.0,1.0,4,49.0,1.0,40.0,1,1,1
12703,57.0,2.0,22.0,1.0,0,49.0,1.0,45.0,1,1,1
2213,53.0,5.0,1.0,1.0,-1,408.0,0.0,52.0,1,0,1
8979,49.0,1.0,17.0,1.0,0,45.0,1.0,40.0,1,1,1
5727,43.0,2.0,21.0,1.0,0,49.0,1.0,40.0,0,1,1
10805,26.0,3.0,13.0,5.0,1,47.0,12.0,15.0,0,0,0
991,31.0,2.0,18.0,5.0,2,49.0,2.0,15.0,1,1,0
9118,28.0,1.0,20.0,1.0,0,16.0,0.0,30.0,0,1,0
6417,73.0,1.0,19.0,2.0,0,49.0,16.0,40.0,0,1,0
9350,45.0,1.0,16.0,3.0,4,49.0,0.0,25.0,1,1,0
11027,18.0,2.0,14.0,5.0,1,303.0,5.0,40.0,1,0,0
10320,28.0,6.0,22.0,3.0,0,17.0,0.0,45.0,1,1,1
5363,21.0,5.0,19.0,5.0,2,49.0,0.0,45.0,0,1,0
7476,60.0,2.0,19.0,1.0,2,6.0,1.0,30.0,0,0,0
11556,38.0,7.0,18.0,1.0,1,49.0,0.0,25.0,1,1,1
6959,44.0,4.0,21.0,1.0,0,6.0,1.0,40.0,0,1,1
12113,36.0,2.0,20.0,1.0,2,16.0,1.0,40.0,0,1,1
5266,75.0,5.0,19.0,1.0,0,48.0,0.0,45.0,1,1,1
5684,52.0,1.0,23.0,1.0,0,49.0,1.0,27.0,0,1,0
6817,45.0,4.0,21.0,3.0,0,49.0,0.0,45.0,0,1,1
1469,24.0,1.0,18.0,5.0,1,49.0,12.0,20.0,0,1,0
3969,53.0,1.0,23.0,1.0,0,215.0,0.0,50.0,1,1,1
580,32.0,7.0,20.0,1.0,1,49.0,0.0,50.0,1,1,1
509,50.0,1.0,20.0,3.0,1,49.0,2.0,8.0,0,1,0
2277,70.0,3.0,21.0,4.0,0,49.0,0.0,50.0,0,1,1
8540,25.0,4.0,21.0,1.0,0,6.0,0.0,40.0,0,1,1
1062,21.0,1.0,21.0,5.0,2,26.0,12.0,35.0,1,1,0
2601,24.0,1.0,20.0,5.0,2,49.0,2.0,20.0,0,1,0
8075,44.0,2.0,21.0,1.0,0,49.0,1.0,50.0,0,1,1
895,70.0,1.0,24.0,4.0,0,49.0,0.0,40.0,0,1,1
12084,21.0,2.0,16.0,5.0,1,120.0,16.0,40.0,0,0,0
2151,33.0,7.0,24.0,1.0,0,49.0,0.0,44.0,1,1,1
5437,38.0,1.0,20.0,5.0,1,303.0,17.0,12.0,0,1,0
12438,50.0,1.0,19.0,5.0,2,17.0,2.0,40.0,0,1,0
5811,18.0,1.0,19.0,5.0,0,49.0,2.0,40.0,1,1,0
740,78.0,1.0,19.0,3.0,2,49.0,0.0,15.0,1,1,0
9734,27.0,1.0,20.0,1.0,1,6.0,1.0,30.0,0,1,0
9783,23.0,1.0,18.0,5.0,3,49.0,2.0,40.0,1,1,0
4274,33.0,4.0,19.0,1.0,0,49.0,1.0,40.0,0,1,1
4627,38.0,1.0,21.0,1.0,2,49.0,1.0,40.0,0,1,1
5706,49.0,1.0,18.0,1.0,1,42.0,1.0,40.0,1,1,1
5136,37.0,1.0,22.0,1.0,0,49.0,1.0,50.0,0,1,1
13016,31.0,1.0,24.0,1.0,0,49.0,0.0,20.0,0,1,1
10325,42.0,1.0,16.0,1.0,4,49.0,1.0,50.0,1,1,1
5084,29.0,1.0,20.0,1.0,0,49.0,1.0,41.0,0,1,1
12741,62.0,1.0,18.0,1.0,0,49.0,1.0,32.0,0,1,1
5055,47.0,1.0,16.0,3.0,4,6.0,0.0,25.0,1,1,1
11659,43.0,7.0,19.0,1.0,2,49.0,0.0,28.0,1,0,0
12864,40.0,3.0,19.0,1.0,0,49.0,0.0,45.0,1,1,1
1886,18.0,1.0,16.0,5.0,4,49.0,4.0,40.0,1,1,0
1828,59.0,1.0,17.0,1.0,0,49.0,1.0,50.0,0,1,0
11565,48.0,3.0,19.0,1.0,0,49.0,0.0,16.0,0,1,0
7517,17.0,1.0,16.0,5.0,0,49.0,10.0,40.0,0,1,0
4186,54.0,3.0,21.0,1.0,0,49.0,1.0,25.0,0,1,1
10981,64.0,3.0,14.0,5.0,4,6.0,2.0,36.0,1,1,0
8680,52.0,4.0,21.0,1.0,0,16.0,0.0,35.0,0,1,0
1100,49.0,4.0,21.0,1.0,0,49.0,1.0,10.0,0,1,1
8281,56.0,2.0,21.0,1.0,0,6.0,0.0,40.0,1,1,1
9746,26.0,6.0,19.0,1.0,1,6.0,1.0,40.0,1,1,0
8825,60.0,1.0,16.0,1.0,4,6.0,1.0,30.0,0,1,0
10718,54.0,1.0,16.0,1.0,0,106.0,1.0,60.0,0,1,1
4264,26.0,5.0,16.0,1.0,2,13.0,1.0,60.0,1,1,1
9343,45.0,6.0,19.0,3.0,2,49.0,0.0,40.0,0,1,1
2796,23.0,2.0,21.0,5.0,0,49.0,2.0,30.0,0,1,0
12493,65.0,1.0,21.0,1.0,0,412.0,0.0,40.0,0,1,1
11461,20.0,1.0,19.0,5.0,2,13.0,17.0,6.0,0,1,0
8242,57.0,2.0,18.0,1.0,4,49.0,0.0,35.0,1,1,0
12362,31.0,1.0,21.0,1.0,0,31.0,1.0,40.0,1,1,1
2803,42.0,1.0,16.0,3.0,3,6.0,0.0,40.0,1,1,0
8642,49.0,1.0,24.0,1.0,0,6.0,0.0,10.0,0,1,0
6987,65.0,1.0,22.0,1.0,0,205.0,0.0,50.0,0,0,1
10604,41.0,1.0,16.0,1.0,4,233.0,0.0,40.0,1,0,1
4474,28.0,1.0,17.0,5.0,1,49.0,2.0,30.0,0,0,0
3470,24.0,1.0,18.0,5.0,1,205.0,2.0,16.0,0,1,0
5896,25.0,1.0,21.0,5.0,2,6.0,2.0,30.0,0,1,0
2672,44.0,1.0,19.0,1.0,1,49.0,0.0,10.0,1,1,0
7558,69.0,1.0,21.0,1.0,2,448.0,0.0,40.0,1,1,1
4047,30.0,1.0,16.0,1.0,4,12.0,0.0,20.0,0,1,0
789,28.0,1.0,20.0,1.0,0,49.0,1.0,40.0,1,1,0
3879,23.0,1.0,18.0,5.0,0,49.0,12.0,40.0,0,1,0
8733,19.0,1.0,16.0,5.0,4,49.0,12.0,40.0,1,1,0
12289,69.0,1.0,19.0,1.0,2,6.0,0.0,48.0,1,0,1
6332,42.0,1.0,20.0,1.0,0,8.0,0.0,60.0,1,1,1
9277,34.0,1.0,18.0,1.0,2,16.0,1.0,35.0,0,1,0
9840,25.0,3.0,19.0,5.0,1,6.0,0.0,40.0,1,1,0
6939,24.0,1.0,16.0,5.0,0,49.0,0.0,20.0,0,0,0
7302,50.0,1.0,20.0,1.0,0,421.0,0.0,40.0,1,0,0
8174,60.0,1.0,16.0,1.0,3,6.0,1.0,60.0,1,1,1
6557,55.0,1.0,9.0,1.0,3,41.0,1.0,40.0,1,0,1
11389,55.0,1.0,21.0,3.0,4,303.0,12.0,50.0,1,1,1
1389,23.0,1.0,16.0,1.0,2,49.0,0.0,30.0,0,0,0
1191,43.0,1.0,19.0,1.0,2,49.0,1.0,42.0,1,1,1
8964,21.0,1.0,19.0,5.0,4,30.0,0.0,40.0,1,1,0
11498,55.0,1.0,21.0,1.0,0,49.0,1.0,20.0,0,1,0
8533,29.0,6.0,16.0,1.0,1,6.0,1.0,33.0,0,1,0
7990,57.0,1.0,20.0,1.0,1,49.0,0.0,45.0,1,1,1
10037,24.0,1.0,19.0,1.0,0,49.0,1.0,55.0,1,1,1
5904,52.0,1.0,19.0,1.0,2,49.0,0.0,10.0,0,1,0
3744,19.0,1.0,19.0,5.0,2,49.0,2.0,48.0,1,1,0
9040,18.0,1.0,19.0,5.0,1,49.0,0.0,40.0,0,1,0
11475,37.0,2.0,20.0,1.0,4,8.0,1.0,45.0,1,1,1
4082,29.0,2.0,21.0,5.0,0,49.0,2.0,40.0,0,1,0
2042,28.0,6.0,16.0,1.0,2,31.0,0.0,40.0,1,1,1
7663,25.0,1.0,17.0,5.0,2,49.0,2.0,40.0,0,1,1
9571,28.0,1.0,19.0,1.0,0,49.0,1.0,45.0,1,1,1
699,60.0,2.0,19.0,1.0,1,29.0,0.0,25.0,0,1,0
2140,37.0,1.0,19.0,5.0,1,49.0,2.0,32.0,0,1,0
4511,20.0,2.0,21.0,5.0,2,303.0,0.0,6.0,0,0,0
1834,22.0,3.0,18.0,5.0,0,49.0,17.0,10.0,0,1,0
9505,48.0,1.0,20.0,1.0,4,6.0,14.0,32.0,1,1,1
9913,73.0,7.0,20.0,1.0,0,41.0,0.0,35.0,0,1,0
4880,65.0,1.0,19.0,1.0,0,29.0,1.0,40.0,1,1,1
10583,31.0,1.0,23.0,1.0,0,39.0,0.0,30.0,1,1,1
7008,43.0,1.0,19.0,1.0,0,53.0,0.0,40.0,0,1,1
11971,28.0,2.0,19.0,1.0,3,49.0,0.0,32.0,0,1,0
6988,77.0,7.0,18.0,3.0,2,327.0,2.0,45.0,1,1,0
1267,28.0,1.0,21.0,1.0,2,49.0,1.0,20.0,0,1,0
63,39.0,4.0,22.0,1.0,0,49.0,1.0,40.0,1,1,1
4424,18.0,1.0,17.0,5.0,2,49.0,12.0,40.0,0,1,0
866,44.0,4.0,16.0,1.0,2,49.0,1.0,40.0,1,1,1
7064,32.0,1.0,14.0,5.0,3,49.0,2.0,45.0,1,1,0
8591,18.0,1.0,16.0,5.0,4,49.0,2.0,15.0,1,0,0
1527,22.0,6.0,16.0,5.0,1,36.0,2.0,25.0,0,1,0
10044,60.0,1.0,21.0,1.0,2,49.0,0.0,40.0,1,1,1
3936,17.0,1.0,19.0,5.0,2,26.0,2.0,20.0,1,1,0
5406,19.0,1.0,16.0,5.0,2,49.0,2.0,20.0,0,1,0
959,35.0,6.0,21.0,1.0,0,6.0,0.0,40.0,1,1,1
10986,56.0,7.0,21.0,3.0,1,53.0,0.0,20.0,1,1,0
254,23.0,1.0,21.0,3.0,2,39.0,10.0,50.0,1,1,1
5600,41.0,1.0,21.0,1.0,0,53.0,0.0,30.0,0,1,0
3482,20.0,1.0,16.0,5.0,3,48.0,2.0,45.0,1,1,0
3062,61.0,1.0,22.0,1.0,0,49.0,1.0,50.0,0,1,1
6936,49.0,1.0,13.0,5.0,4,128.0,17.0,40.0,1,0,0
11337,51.0,1.0,19.0,1.0,3,16.0,0.0,32.0,1,1,0
11920,30.0,1.0,22.0,1.0,0,49.0,0.0,50.0,1,1,1
5275,35.0,6.0,21.0,1.0,3,370.0,1.0,40.0,1,0,1
8374,63.0,1.0,18.0,1.0,2,49.0,0.0,16.0,0,1,0
6365,43.0,7.0,21.0,1.0,1,39.0,0.0,40.0,0,1,0
2393,18.0,2.0,22.0,5.0,0,49.0,13.0,5.0,1,0,0
11501,28.0,2.0,19.0,5.0,0,41.0,12.0,40.0,0,0,1
12402,56.0,1.0,5.0,2.0,2,49.0,0.0,50.0,0,1,1
1386,38.0,7.0,24.0,1.0,0,49.0,0.0,40.0,1,1,1
3247,17.0,7.0,18.0,5.0,4,6.0,12.0,12.0,0,1,0
12618,38.0,4.0,15.0,3.0,0,440.0,2.0,10.0,0,1,0
8147,25.0,1.0,14.0,5.0,1,41.0,2.0,20.0,0,1,0
7698,18.0,1.0,19.0,5.0,1,49.0,2.0,30.0,0,1,0
11422,64.0,1.0,21.0,1.0,4,49.0,0.0,18.0,0,0,0
1431,33.0,1.0,20.0,5.0,0,49.0,2.0,40.0,0,1,1
5258,53.0,1.0,17.0,2.0,1,49.0,0.0,45.0,0,1,0
10194,30.0,6.0,19.0,1.0,1,26.0,0.0,20.0,1,1,0
6535,17.0,1.0,16.0,5.0,4,6.0,17.0,40.0,1,1,0
4812,29.0,7.0,20.0,5.0,0,16.0,2.0,40.0,1,1,1
5321,21.0,1.0,15.0,5.0,4,49.0,17.0,43.0,1,1,0
7826,18.0,1.0,19.0,5.0,2,6.0,2.0,25.0,1,0,0
1023,18.0,6.0,19.0,5.0,1,370.0,0.0,40.0,0,1,0
3714,27.0,2.0,20.0,1.0,0,6.0,1.0,2.0,0,1,0
7175,17.0,1.0,19.0,5.0,4,233.0,12.0,40.0,1,0,0
3735,65.0,2.0,21.0,1.0,0,49.0,1.0,40.0,0,1,1
2248,38.0,1.0,16.0,1.0,4,223.0,9.0,40.0,1,0,0
12867,35.0,6.0,22.0,1.0,0,6.0,0.0,45.0,1,1,1
4152,27.0,1.0,21.0,1.0,0,16.0,0.0,40.0,0,1,1
61,27.0,1.0,16.0,1.0,2,49.0,0.0,40.0,0,1,0
3930,28.0,1.0,18.0,1.0,4,49.0,1.0,40.0,1,1,0
10954,34.0,2.0,19.0,1.0,0,49.0,0.0,45.0,1,1,1
8056,19.0,1.0,16.0,1.0,0,49.0,1.0,40.0,0,0,0
10078,66.0,2.0,23.0,3.0,0,49.0,0.0,40.0,1,1,1
6588,53.0,3.0,16.0,1.0,2,49.0,1.0,40.0,0,1,1
8376,29.0,1.0,18.0,1.0,2,6.0,0.0,1.0,0,1,0
891,36.0,1.0,19.0,5.0,1,370.0,2.0,40.0,1,1,1
919,54.0,1.0,14.0,1.0,1,13.0,1.0,5.0,0,1,0
4037,18.0,7.0,19.0,5.0,2,18.0,0.0,40.0,1,1,0
5392,63.0,1.0,14.0,3.0,2,1.0,0.0,40.0,1,1,1
2812,20.0,1.0,17.0,5.0,2,49.0,17.0,33.0,0,1,0
7713,61.0,2.0,23.0,5.0,2,6.0,2.0,40.0,1,1,1
12634,46.0,1.0,21.0,1.0,1,49.0,1.0,30.0,0,1,0
6792,53.0,1.0,21.0,1.0,0,32.0,0.0,52.0,0,1,1
2432,55.0,4.0,21.0,3.0,0,49.0,0.0,80.0,0,1,1
8776,32.0,1.0,18.0,1.0,2,103.0,0.0,42.0,1,1,0
3278,38.0,5.0,21.0,1.0,0,6.0,0.0,40.0,1,1,1
2556,44.0,1.0,22.0,1.0,0,49.0,1.0,60.0,1,1,1
12510,40.0,1.0,20.0,1.0,0,6.0,1.0,45.0,1,1,1
5402,29.0,1.0,18.0,5.0,3,49.0,0.0,40.0,1,1,1
11962,33.0,2.0,21.0,5.0,0,49.0,0.0,45.0,1,1,1
11844,41.0,1.0,21.0,1.0,0,53.0,1.0,40.0,0,1,0
10179,30.0,1.0,16.0,5.0,4,49.0,0.0,22.0,0,0,0
9266,29.0,6.0,19.0,5.0,0,49.0,2.0,40.0,1,0,1
358,22.0,2.0,19.0,5.0,1,103.0,12.0,10.0,1,1,0
888,29.0,3.0,21.0,5.0,2,8.0,4.0,17.0,0,1,0
7042,22.0,1.0,20.0,5.0,1,49.0,2.0,2.0,0,1,0
171,61.0,1.0,18.0,1.0,4,49.0,1.0,40.0,1,1,1
12951,34.0,1.0,16.0,1.0,3,49.0,0.0,20.0,0,1,0
6082,42.0,3.0,21.0,1.0,0,49.0,0.0,40.0,1,1,1
11063,51.0,1.0,18.0,3.0,4,30.0,0.0,48.0,1,1,1
3336,24.0,1.0,19.0,5.0,1,148.0,2.0,40.0,0,1,0
11250,36.0,2.0,21.0,1.0,0,49.0,1.0,8.0,0,1,0
3816,63.0,1.0,21.0,1.0,0,49.0,0.0,40.0,1,1,1
7682,63.0,1.0,20.0,1.0,2,25.0,1.0,15.0,0,1,0
6486,37.0,2.0,20.0,1.0,2,49.0,0.0,40.0,0,1,0
340,37.0,1.0,22.0,1.0,0,49.0,0.0,40.0,0,1,1
9321,36.0,1.0,17.0,3.0,4,16.0,5.0,10.0,1,1,1
12499,68.0,8.0,21.0,1.0,0,49.0,0.0,25.0,0,1,0
8697,60.0,1.0,16.0,1.0,2,6.0,1.0,40.0,1,1,1
6224,19.0,6.0,19.0,1.0,2,16.0,1.0,36.0,0,1,0
10601,40.0,1.0,16.0,3.0,2,49.0,0.0,40.0,0,1,0
2330,63.0,1.0,19.0,1.0,0,17.0,0.0,40.0,1,1,1
2239,49.0,2.0,19.0,1.0,0,49.0,0.0,20.0,1,1,0
7409,45.0,1.0,21.0,1.0,2,6.0,1.0,40.0,0,1,0
4473,35.0,1.0,16.0,1.0,3,49.0,0.0,45.0,1,1,1
6700,53.0,1.0,16.0,1.0,4,53.0,0.0,40.0,1,1,1
3962,46.0,3.0,16.0,1.0,2,49.0,0.0,10.0,1,1,0
4155,21.0,7.0,21.0,1.0,0,49.0,1.0,40.0,1,1,0
1993,28.0,4.0,21.0,1.0,1,132.0,1.0,40.0,0,0,1
11424,22.0,1.0,21.0,3.0,0,55.0,6.0,2.0,0,1,0
7509,30.0,1.0,19.0,1.0,2,16.0,1.0,40.0,0,1,1
6123,31.0,7.0,17.0,1.0,3,4.0,1.0,48.0,1,1,1
9313,41.0,7.0,21.0,1.0,-1,49.0,1.0,40.0,1,1,1
11481,42.0,1.0,1.0,1.0,2,49.0,0.0,50.0,1,1,1
8243,22.0,3.0,19.0,5.0,0,49.0,0.0,42.0,0,1,0
7911,29.0,1.0,21.0,1.0,0,39.0,0.0,40.0,1,1,1
11731,59.0,6.0,20.0,1.0,3,49.0,0.0,40.0,1,1,1
1383,63.0,2.0,21.0,1.0,0,49.0,0.0,20.0,1,1,1
6031,22.0,1.0,13.0,5.0,1,6.0,17.0,15.0,1,1,0
7710,22.0,1.0,19.0,5.0,2,16.0,13.0,40.0,1,1,0
610,60.0,1.0,21.0,1.0,0,31.0,1.0,45.0,0,1,1
7735,44.0,1.0,21.0,3.0,0,49.0,0.0,55.0,1,1,1
9682,24.0,1.0,16.0,1.0,2,16.0,0.0,25.0,1,1,0
1624,63.0,1.0,13.0,1.0,1,49.0,0.0,40.0,1,1,1
1143,61.0,1.0,22.0,5.0,0,49.0,0.0,60.0,1,1,1
8412,36.0,3.0,21.0,1.0,2,9.0,0.0,50.0,1,1,1
5873,51.0,1.0,22.0,1.0,0,49.0,1.0,65.0,1,1,1
7198,54.0,6.0,16.0,1.0,3,49.0,0.0,40.0,1,1,0
5635,58.0,1.0,22.0,1.0,0,16.0,0.0,38.0,1,1,1
2925,40.0,4.0,21.0,1.0,0,49.0,0.0,40.0,1,0,1
9940,60.0,1.0,19.0,1.0,1,49.0,1.0,15.0,0,1,0
7556,28.0,4.0,19.0,5.0,2,303.0,13.0,20.0,0,0,0
6476,64.0,1.0,13.0,5.0,4,242.0,13.0,36.0,0,0,0
1223,20.0,1.0,18.0,5.0,3,49.0,0.0,40.0,1,1,1
4325,58.0,6.0,20.0,1.0,0,6.0,1.0,40.0,0,1,0
3976,63.0,1.0,21.0,1.0,0,49.0,1.0,30.0,0,1,1
12677,24.0,3.0,21.0,1.0,0,49.0,0.0,40.0,0,1,1
8647,51.0,1.0,18.0,1.0,0,49.0,1.0,45.0,0,1,1
4118,59.0,1.0,14.0,3.0,1,49.0,0.0,3.0,0,1,0
5852,92.0,1.0,16.0,3.0,3,210.0,0.0,50.0,1,0,1
5951,52.0,1.0,19.0,1.0,3,49.0,1.0,40.0,1,1,1
8723,63.0,3.0,20.0,1.0,2,48.0,1.0,43.0,0,1,1
8800,40.0,7.0,19.0,5.0,1,49.0,15.0,30.0,0,1,0
3236,38.0,1.0,21.0,1.0,0,49.0,1.0,10.0,0,1,0
1030,56.0,1.0,18.0,1.0,3,373.0,0.0,40.0,1,1,1
942,70.0,1.0,15.0,1.0,4,49.0,0.0,3.0,0,1,0
6219,23.0,1.0,19.0,1.0,1,6.0,1.0,10.0,0,1,0
9280,53.0,7.0,22.0,1.0,0,30.0,1.0,40.0,1,1,1
6060,52.0,1.0,18.0,1.0,0,16.0,0.0,48.0,1,1,0
9869,47.0,1.0,13.0,3.0,2,49.0,0.0,40.0,0,1,1
1839,42.0,1.0,14.0,5.0,1,29.0,13.0,40.0,1,1,1
7110,29.0,1.0,18.0,1.0,2,49.0,0.0,40.0,0,1,1
3968,37.0,2.0,14.0,1.0,1,247.0,1.0,12.0,1,0,0
10592,43.0,7.0,22.0,1.0,2,49.0,0.0,20.0,1,1,1
10464,24.0,3.0,22.0,1.0,1,49.0,9.0,40.0,1,1,0
1514,27.0,1.0,17.0,1.0,3,49.0,0.0,25.0,0,1,1
2800,71.0,4.0,21.0,3.0,0,49.0,0.0,40.0,0,1,1
12421,43.0,6.0,24.0,1.0,0,33.0,0.0,40.0,0,1,0
7855,19.0,1.0,18.0,5.0,0,6.0,2.0,25.0,0,1,0
123,28.0,1.0,18.0,1.0,0,49.0,0.0,60.0,1,1,1
3549,49.0,5.0,22.0,1.0,0,49.0,1.0,40.0,0,1,1
12881,43.0,1.0,18.0,1.0,1,164.0,9.0,10.0,0,0,0
6560,35.0,1.0,18.0,1.0,0,49.0,1.0,50.0,1,1,1
6180,41.0,1.0,9.0,1.0,-1,242.0,1.0,40.0,1,0,1
2873,46.0,4.0,20.0,1.0,0,128.0,0.0,40.0,0,1,1
2233,50.0,1.0,22.0,1.0,0,6.0,1.0,32.0,1,1,1
11956,21.0,1.0,15.0,1.0,1,136.0,1.0,40.0,0,1,0
6432,27.0,1.0,21.0,1.0,3,49.0,1.0,50.0,1,1,1
3878,23.0,1.0,16.0,5.0,2,31.0,0.0,27.0,0,0,0
8797,49.0,6.0,19.0,1.0,0,49.0,2.0,40.0,0,1,0
12461,51.0,1.0,20.0,1.0,4,49.0,2.0,40.0,1,1,0
5890,21.0,1.0,1.0,5.0,4,49.0,5.0,40.0,1,1,0
12094,38.0,2.0,22.0,1.0,0,49.0,1.0,40.0,1,1,1
10830,26.0,1.0,16.0,5.0,3,49.0,7.0,20.0,1,0,0
6285,59.0,1.0,24.0,1.0,0,49.0,1.0,40.0,1,1,1
8905,40.0,1.0,24.0,1.0,0,6.0,1.0,60.0,1,1,1
5134,21.0,1.0,19.0,5.0,0,20.0,12.0,40.0,0,1,0
710,61.0,1.0,21.0,1.0,0,49.0,0.0,40.0,1,1,1
9026,43.0,2.0,19.0,3.0,0,49.0,0.0,60.0,1,1,0
8667,71.0,1.0,17.0,1.0,4,49.0,1.0,40.0,0,1,1
8813,55.0,4.0,21.0,1.0,0,49.0,1.0,40.0,1,1,1
11507,59.0,1.0,15.0,1.0,4,49.0,1.0,50.0,1,1,1
9971,55.0,6.0,18.0,3.0,2,303.0,0.0,35.0,0,1,0
12076,46.0,1.0,20.0,3.0,0,35.0,0.0,40.0,0,1,0
6841,30.0,1.0,18.0,5.0,4,17.0,15.0,40.0,1,1,0
3032,17.0,1.0,19.0,5.0,2,49.0,2.0,40.0,1,1,0
7709,36.0,5.0,19.0,1.0,4,49.0,1.0,55.0,1,1,1
5338,60.0,1.0,19.0,1.0,2,24.0,0.0,40.0,1,1,0
5950,28.0,1.0,16.0,5.0,2,49.0,0.0,40.0,0,1,0
8861,31.0,5.0,19.0,1.0,4,49.0,1.0,40.0,1,1,1
3502,25.0,1.0,15.0,5.0,2,49.0,17.0,20.0,1,1,0
1592,26.0,4.0,21.0,1.0,0,49.0,0.0,40.0,1,1,0
624,19.0,1.0,16.0,5.0,2,49.0,16.0,40.0,0,1,0
5408,46.0,1.0,21.0,1.0,0,49.0,0.0,40.0,1,1,1
2566,18.0,1.0,21.0,5.0,2,49.0,2.0,40.0,1,1,0
12128,19.0,3.0,6.0,4.0,0,6.0,12.0,10.0,1,0,0
11575,67.0,1.0,16.0,1.0,0,49.0,0.0,45.0,1,1,1
3494,38.0,6.0,21.0,1.0,0,49.0,2.0,40.0,1,1,0
12965,60.0,3.0,18.0,1.0,2,49.0,1.0,40.0,0,1,1
12811,33.0,1.0,20.0,1.0,2,32.0,0.0,40.0,0,1,0
2802,27.0,1.0,22.0,5.0,0,6.0,0.0,30.0,1,1,1
5694,18.0,1.0,16.0,5.0,3,6.0,13.0,40.0,1,0,0
7883,43.0,2.0,21.0,1.0,0,6.0,1.0,45.0,0,1,1
917,18.0,7.0,16.0,5.0,1,26.0,13.0,12.0,0,1,0
10137,56.0,3.0,21.0,1.0,4,49.0,1.0,40.0,1,1,1
6255,22.0,1.0,19.0,5.0,3,49.0,12.0,10.0,1,1,0
11438,61.0,1.0,21.0,3.0,0,49.0,0.0,40.0,1,1,1
7284,31.0,2.0,15.0,1.0,0,49.0,1.0,20.0,0,1,0
9483,59.0,1.0,16.0,1.0,4,49.0,0.0,20.0,1,1,0
7126,71.0,5.0,22.0,1.0,0,49.0,1.0,50.0,1,1,1
12837,19.0,4.0,16.0,5.0,2,48.0,3.0,30.0,0,1,0
6527,25.0,2.0,14.0,5.0,1,49.0,17.0,18.0,1,1,0
1821,74.0,3.0,16.0,5.0,3,49.0,2.0,40.0,1,1,1
7899,17.0,1.0,21.0,5.0,0,49.0,2.0,45.0,0,1,0
2720,41.0,1.0,20.0,1.0,2,49.0,0.0,58.0,1,1,0
10796,73.0,1.0,16.0,2.0,1,49.0,0.0,17.0,0,1,0
4230,43.0,2.0,22.0,1.0,0,49.0,1.0,42.0,0,1,1
2938,37.0,1.0,15.0,1.0,3,49.0,0.0,40.0,1,1,1
6118,18.0,1.0,18.0,5.0,1,16.0,2.0,20.0,0,1,0
399,34.0,1.0,16.0,1.0,2,49.0,0.0,45.0,0,1,1
8637,25.0,6.0,21.0,5.0,0,49.0,2.0,25.0,0,1,0
3428,47.0,2.0,21.0,1.0,0,49.0,0.0,22.0,0,1,1
713,50.0,1.0,18.0,1.0,2,6.0,1.0,40.0,0,1,0
3356,21.0,1.0,16.0,5.0,1,49.0,2.0,25.0,0,1,0
11364,28.0,2.0,21.0,1.0,0,49.0,0.0,4.0,0,1,0
5859,52.0,1.0,21.0,1.0,0,49.0,0.0,40.0,1,1,1
2614,58.0,4.0,19.0,1.0,2,49.0,10.0,35.0,0,1,0
4646,41.0,8.0,16.0,1.0,2,49.0,1.0,15.0,1,1,0
3774,47.0,4.0,20.0,1.0,0,18.0,0.0,45.0,1,1,1
10963,54.0,1.0,16.0,1.0,2,49.0,1.0,40.0,0,0,1
11404,57.0,1.0,19.0,1.0,1,49.0,0.0,45.0,0,1,1
10932,34.0,1.0,19.0,1.0,2,49.0,1.0,15.0,0,1,0
11980,44.0,1.0,16.0,1.0,3,128.0,1.0,60.0,1,0,1
2116,43.0,6.0,16.0,3.0,3,49.0,0.0,20.0,1,1,0
9470,37.0,4.0,21.0,1.0,0,49.0,0.0,40.0,1,1,0
2563,26.0,1.0,21.0,1.0,2,6.0,0.0,25.0,1,1,0
4333,58.0,1.0,19.0,1.0,0,49.0,9.0,40.0,1,1,0
10662,60.0,1.0,20.0,1.0,2,49.0,1.0,25.0,0,1,0
3020,18.0,1.0,20.0,5.0,2,6.0,5.0,20.0,1,1,0
9592,28.0,1.0,17.0,5.0,2,31.0,0.0,20.0,1,1,0
1336,46.0,4.0,20.0,1.0,1,49.0,0.0,45.0,1,1,1
7153,18.0,1.0,14.0,5.0,1,18.0,2.0,12.0,0,0,0
4811,17.0,1.0,19.0,5.0,2,49.0,2.0,30.0,0,1,0
5510,32.0,3.0,16.0,1.0,1,233.0,1.0,22.0,0,0,0
11603,63.0,1.0,21.0,1.0,2,49.0,0.0,40.0,0,1,1
4731,44.0,1.0,24.0,1.0,0,209.0,1.0,45.0,1,0,1
4269,21.0,3.0,16.0,5.0,1,13.0,12.0,20.0,0,0,0
12452,55.0,6.0,18.0,3.0,0,49.0,2.0,45.0,1,1,1
6968,32.0,1.0,21.0,1.0,1,49.0,1.0,41.0,0,1,1
10500,52.0,1.0,16.0,3.0,1,49.0,2.0,20.0,0,1,0
350,75.0,4.0,24.0,1.0,0,12.0,0.0,32.0,1,1,1
12914,44.0,1.0,21.0,1.0,0,6.0,0.0,20.0,0,1,0
5452,38.0,1.0,16.0,1.0,4,8.0,1.0,20.0,0,1,0
9889,29.0,8.0,16.0,1.0,2,49.0,0.0,20.0,1,1,0
3241,53.0,4.0,22.0,3.0,0,41.0,13.0,40.0,0,1,1
1396,52.0,3.0,20.0,5.0,1,49.0,17.0,40.0,0,1,0
2039,33.0,1.0,16.0,3.0,0,6.0,0.0,36.0,1,1,1
1877,51.0,1.0,20.0,5.0,0,24.0,0.0,40.0,0,1,0
11775,43.0,2.0,21.0,1.0,0,16.0,0.0,45.0,1,1,1
8792,33.0,1.0,20.0,1.0,0,49.0,0.0,45.0,1,0,1
9895,59.0,1.0,21.0,1.0,0,49.0,0.0,22.0,1,1,0
3769,40.0,1.0,18.0,1.0,2,49.0,1.0,30.0,0,1,0
6800,67.0,1.0,21.0,1.0,0,53.0,1.0,10.0,0,1,0
557,49.0,1.0,22.0,1.0,0,48.0,1.0,35.0,0,1,1
1620,22.0,1.0,16.0,5.0,0,49.0,12.0,25.0,0,1,0
3554,25.0,1.0,19.0,1.0,2,49.0,1.0,20.0,1,1,0
2085,56.0,4.0,24.0,1.0,0,16.0,0.0,40.0,0,1,1
2448,30.0,1.0,19.0,5.0,2,49.0,2.0,30.0,1,1,0
10131,34.0,2.0,21.0,1.0,0,49.0,0.0,20.0,1,1,1
4159,22.0,5.0,16.0,5.0,0,49.0,2.0,40.0,1,1,0
4917,27.0,3.0,16.0,5.0,1,303.0,5.0,35.0,0,0,0
3509,55.0,1.0,16.0,1.0,2,49.0,1.0,45.0,1,1,1
7946,65.0,1.0,21.0,1.0,2,49.0,1.0,36.0,0,1,1
4579,25.0,2.0,18.0,1.0,1,49.0,0.0,40.0,0,1,0
3454,60.0,1.0,14.0,5.0,4,49.0,10.0,40.0,1,0,0
4304,63.0,2.0,17.0,1.0,2,49.0,0.0,20.0,0,1,0
11933,34.0,1.0,1.0,5.0,4,49.0,2.0,40.0,1,1,0
3076,48.0,2.0,21.0,1.0,0,49.0,1.0,40.0,1,1,1
11416,31.0,1.0,16.0,5.0,3,4.0,2.0,25.0,1,1,0
2933,62.0,1.0,18.0,1.0,4,26.0,1.0,40.0,1,1,1
4204,26.0,1.0,19.0,5.0,4,49.0,3.0,40.0,1,1,0
3323,45.0,6.0,16.0,1.0,1,49.0,1.0,40.0,1,1,0
1847,53.0,1.0,19.0,1.0,2,49.0,1.0,50.0,0,1,0
11184,47.0,1.0,21.0,1.0,2,508.0,0.0,60.0,1,1,1
3887,65.0,6.0,10.0,3.0,1,49.0,0.0,40.0,1,0,1
9328,26.0,1.0,21.0,1.0,0,49.0,1.0,40.0,0,1,1
12735,40.0,1.0,21.0,1.0,2,16.0,1.0,15.0,0,1,0
8755,31.0,1.0,22.0,1.0,0,49.0,0.0,45.0,1,1,1
12389,27.0,1.0,22.0,1.0,0,49.0,1.0,14.0,1,1,1
11240,54.0,4.0,18.0,1.0,3,49.0,0.0,40.0,1,1,1
8598,27.0,2.0,21.0,1.0,0,49.0,1.0,31.0,0,1,0
1586,33.0,1.0,16.0,1.0,4,209.0,1.0,40.0,1,0,1
1297,54.0,1.0,19.0,1.0,4,49.0,1.0,40.0,1,1,1
8702,60.0,1.0,18.0,1.0,1,53.0,4.0,30.0,1,1,0
6515,49.0,1.0,21.0,5.0,0,49.0,0.0,40.0,1,1,1
10185,55.0,1.0,21.0,1.0,0,49.0,1.0,20.0,1,1,1
11623,24.0,1.0,16.0,5.0,3,49.0,2.0,18.0,1,1,0
1241,50.0,1.0,19.0,1.0,2,49.0,0.0,40.0,1,1,1
1921,49.0,1.0,19.0,5.0,4,49.0,2.0,32.0,1,1,0
5884,38.0,1.0,19.0,1.0,1,49.0,1.0,25.0,1,1,0
9698,47.0,4.0,21.0,1.0,1,49.0,0.0,40.0,0,1,1
12260,17.0,1.0,16.0,5.0,2,49.0,0.0,17.0,0,1,0
7660,48.0,7.0,21.0,1.0,0,49.0,0.0,36.0,0,1,0
8524,66.0,1.0,16.0,1.0,1,25.0,1.0,12.0,0,1,0
11960,41.0,1.0,24.0,1.0,0,49.0,0.0,45.0,1,1,1
5226,21.0,1.0,16.0,5.0,1,49.0,2.0,45.0,0,1,0
5371,40.0,1.0,16.0,4.0,3,51.0,5.0,40.0,1,0,1
8359,51.0,5.0,18.0,1.0,0,49.0,1.0,40.0,1,1,1
11518,48.0,1.0,22.0,1.0,-1,6.0,0.0,40.0,1,1,1
11679,19.0,1.0,19.0,5.0,2,49.0,13.0,33.0,0,1,0
7322,19.0,1.0,13.0,5.0,1,6.0,12.0,30.0,0,1,0
4855,45.0,7.0,23.0,1.0,0,49.0,0.0,50.0,1,1,1
3749,18.0,1.0,22.0,5.0,0,16.0,7.0,20.0,1,1,0
5857,32.0,1.0,22.0,5.0,0,48.0,0.0,60.0,1,1,1
4128,58.0,1.0,16.0,1.0,2,39.0,0.0,45.0,1,1,1
6484,35.0,1.0,8.0,5.0,2,106.0,5.0,40.0,1,1,1
11464,57.0,1.0,19.0,1.0,4,49.0,0.0,40.0,1,1,1
4479,46.0,3.0,21.0,1.0,0,51.0,1.0,40.0,0,1,0
1415,36.0,2.0,23.0,1.0,0,6.0,0.0,55.0,1,1,1
3620,34.0,1.0,19.0,1.0,2,17.0,1.0,42.0,0,1,0
11157,38.0,1.0,21.0,1.0,2,49.0,0.0,20.0,0,1,0
4607,39.0,1.0,21.0,1.0,4,303.0,1.0,50.0,1,1,1
3643,37.0,1.0,21.0,1.0,0,49.0,1.0,60.0,1,1,1
4640,39.0,7.0,19.0,5.0,2,49.0,2.0,40.0,0,1,0
3393,26.0,3.0,18.0,1.0,1,49.0,1.0,25.0,0,1,0
10707,35.0,3.0,21.0,5.0,0,49.0,17.0,40.0,0,1,0
12301,42.0,4.0,22.0,1.0,0,17.0,0.0,32.0,1,1,1
2078,26.0,4.0,18.0,1.0,0,49.0,0.0,32.0,0,1,0
7501,24.0,1.0,19.0,5.0,1,49.0,2.0,30.0,1,1,0
4346,20.0,4.0,19.0,5.0,0,49.0,0.0,40.0,0,1,0
5429,50.0,1.0,16.0,1.0,4,13.0,9.0,45.0,1,1,1
1219,31.0,7.0,19.0,1.0,2,49.0,0.0,40.0,1,1,1
8116,52.0,1.0,21.0,5.0,0,49.0,0.0,21.0,0,1,0
1778,45.0,1.0,21.0,1.0,0,48.0,1.0,15.0,0,1,0
2976,50.0,1.0,21.0,5.0,1,24.0,17.0,40.0,0,1,0
9921,20.0,1.0,19.0,5.0,4,16.0,2.0,35.0,1,1,0
1859,35.0,1.0,21.0,1.0,3,55.0,9.0,40.0,1,1,1
11396,46.0,3.0,23.0,1.0,0,6.0,1.0,30.0,0,1,1
9463,29.0,1.0,18.0,1.0,0,49.0,0.0,40.0,1,1,1
9068,40.0,2.0,21.0,1.0,0,23.0,9.0,50.0,1,1,1
6421,26.0,1.0,16.0,1.0,1,49.0,1.0,40.0,1,1,0
8358,29.0,1.0,23.0,1.0,0,6.0,0.0,40.0,0,1,1
6895,56.0,1.0,20.0,3.0,0,53.0,13.0,45.0,1,1,1
1544,43.0,1.0,24.0,1.0,0,6.0,0.0,40.0,1,1,1
8003,53.0,1.0,20.0,1.0,0,49.0,1.0,40.0,1,1,0
7705,56.0,1.0,21.0,1.0,2,236.0,1.0,40.0,0,1,1
6537,20.0,2.0,13.0,5.0,2,6.0,17.0,1.0,1,1,0
4013,31.0,4.0,20.0,5.0,0,49.0,0.0,40.0,1,1,1
2475,29.0,1.0,19.0,5.0,3,215.0,0.0,40.0,1,1,1
5123,43.0,1.0,18.0,1.0,0,49.0,1.0,20.0,0,1,0
3261,35.0,1.0,21.0,5.0,0,49.0,13.0,40.0,1,1,1
12176,27.0,2.0,21.0,5.0,0,49.0,13.0,40.0,0,1,0
12844,30.0,1.0,20.0,1.0,0,6.0,0.0,40.0,1,1,1
12088,44.0,1.0,21.0,1.0,0,35.0,1.0,35.0,0,0,1
6774,17.0,2.0,18.0,5.0,1,417.0,2.0,45.0,0,0,0
6243,27.0,1.0,12.0,1.0,3,49.0,0.0,20.0,1,1,0
9024,23.0,1.0,13.0,5.0,1,49.0,5.0,27.0,1,1,0
5768,27.0,1.0,21.0,1.0,0,27.0,0.0,60.0,1,1,1
10640,61.0,1.0,20.0,3.0,2,49.0,10.0,25.0,0,1,1
11339,21.0,1.0,19.0,5.0,1,49.0,2.0,40.0,1,1,0
4816,80.0,4.0,18.0,4.0,2,205.0,2.0,40.0,0,1,1
10359,55.0,2.0,21.0,1.0,0,23.0,1.0,40.0,0,1,1
5291,59.0,1.0,19.0,1.0,0,501.0,1.0,40.0,0,1,0
12114,36.0,1.0,19.0,5.0,2,49.0,2.0,35.0,0,1,0
5229,22.0,1.0,18.0,5.0,3,49.0,2.0,40.0,0,1,0
12613,31.0,1.0,18.0,5.0,2,49.0,2.0,30.0,1,1,0
8495,62.0,1.0,21.0,1.0,2,53.0,0.0,55.0,1,1,1
2531,46.0,1.0,19.0,5.0,1,49.0,12.0,55.0,0,1,0
6306,56.0,1.0,20.0,1.0,2,18.0,0.0,40.0,0,1,0
9758,54.0,1.0,21.0,1.0,0,372.0,0.0,80.0,1,1,1
7271,57.0,1.0,21.0,3.0,0,32.0,0.0,45.0,1,1,1
9645,32.0,1.0,14.0,1.0,1,6.0,1.0,20.0,1,0,0
8287,59.0,3.0,18.0,1.0,2,49.0,1.0,38.0,0,1,0
522,22.0,1.0,19.0,5.0,3,49.0,17.0,50.0,1,1,0
5994,29.0,4.0,20.0,5.0,2,18.0,0.0,20.0,0,0,1
7229,43.0,1.0,18.0,1.0,1,49.0,1.0,40.0,0,1,0
2367,41.0,6.0,21.0,1.0,2,41.0,0.0,40.0,1,0,1
12643,23.0,1.0,21.0,5.0,2,49.0,2.0,6.0,1,1,0
4169,48.0,5.0,16.0,1.0,2,303.0,0.0,40.0,0,1,0
2178,38.0,7.0,22.0,5.0,0,49.0,0.0,50.0,1,1,1
5754,29.0,1.0,20.0,1.0,4,49.0,0.0,15.0,1,1,0
3575,27.0,2.0,18.0,1.0,0,26.0,0.0,40.0,1,1,1
4797,27.0,2.0,22.0,1.0,0,49.0,0.0,40.0,0,1,0
5633,36.0,6.0,16.0,1.0,0,49.0,0.0,50.0,1,1,1
10050,21.0,1.0,19.0,5.0,0,6.0,0.0,40.0,0,1,0
12795,43.0,3.0,16.0,4.0,1,56.0,17.0,15.0,0,1,0
4844,45.0,5.0,21.0,1.0,0,49.0,0.0,40.0,1,1,1
10068,26.0,1.0,20.0,1.0,1,49.0,9.0,8.0,1,1,0
8812,40.0,4.0,17.0,1.0,0,6.0,0.0,40.0,0,1,1
10012,37.0,3.0,19.0,1.0,0,49.0,0.0,40.0,1,0,1
6206,33.0,4.0,20.0,1.0,0,26.0,1.0,20.0,1,1,1
3339,39.0,1.0,18.0,1.0,2,49.0,0.0,43.0,1,1,1
2414,51.0,1.0,22.0,1.0,-1,49.0,0.0,40.0,1,1,1
556,34.0,3.0,16.0,3.0,0,49.0,0.0,45.0,0,1,0
4643,18.0,1.0,15.0,5.0,4,49.0,17.0,38.0,0,1,0
4897,30.0,1.0,16.0,1.0,0,16.0,0.0,45.0,1,1,1
4823,29.0,1.0,20.0,1.0,3,223.0,1.0,50.0,1,1,1
5111,61.0,4.0,21.0,1.0,0,49.0,1.0,40.0,1,1,1
3276,62.0,1.0,19.0,1.0,0,49.0,1.0,40.0,0,1,1
9688,80.0,3.0,21.0,4.0,2,49.0,0.0,45.0,0,0,1
2162,46.0,1.0,21.0,1.0,0,49.0,0.0,20.0,1,1,1
1041,23.0,1.0,7.0,5.0,1,164.0,4.0,40.0,1,0,0
8013,56.0,1.0,21.0,3.0,4,6.0,0.0,50.0,1,1,1
799,38.0,7.0,22.0,1.0,0,10.0,0.0,40.0,1,1,1
5903,64.0,1.0,18.0,1.0,0,49.0,1.0,45.0,1,1,1
12933,67.0,1.0,16.0,1.0,4,49.0,1.0,40.0,1,1,1
3813,25.0,8.0,20.0,4.0,1,49.0,0.0,60.0,1,0,0
10481,27.0,1.0,16.0,1.0,3,49.0,1.0,40.0,1,1,0
1028,62.0,7.0,20.0,1.0,1,56.0,1.0,45.0,0,1,0
5102,26.0,1.0,17.0,1.0,3,16.0,0.0,40.0,1,1,0
11473,30.0,1.0,22.0,5.0,0,49.0,0.0,50.0,1,1,1
8777,32.0,5.0,18.0,1.0,3,49.0,0.0,60.0,1,1,1
3526,48.0,1.0,21.0,1.0,0,49.0,0.0,50.0,0,1,1
12925,66.0,3.0,21.0,5.0,0,49.0,0.0,40.0,1,1,1
6366,67.0,6.0,22.0,1.0,2,46.0,0.0,40.0,0,1,1
5286,46.0,1.0,21.0,5.0,0,4.0,0.0,50.0,1,1,1
5800,33.0,2.0,19.0,1.0,0,49.0,9.0,50.0,1,1,1
266,21.0,1.0,19.0,5.0,0,33.0,2.0,25.0,0,1,0
12601,57.0,5.0,21.0,1.0,2,49.0,1.0,45.0,0,1,1
410,43.0,1.0,22.0,1.0,0,30.0,1.0,40.0,0,1,1
2201,42.0,1.0,20.0,1.0,3,370.0,1.0,50.0,1,0,1
105,43.0,1.0,18.0,1.0,2,49.0,0.0,40.0,0,1,0
11301,62.0,4.0,20.0,1.0,2,231.0,0.0,20.0,0,1,0
960,52.0,3.0,22.0,1.0,0,42.0,2.0,50.0,0,1,1
2147,55.0,1.0,22.0,1.0,0,6.0,0.0,45.0,1,1,1
10045,35.0,3.0,19.0,1.0,0,49.0,0.0,40.0,0,1,0
6572,66.0,7.0,19.0,1.0,0,49.0,1.0,60.0,1,1,1
2594,62.0,7.0,20.0,1.0,0,26.0,1.0,40.0,1,1,1
755,36.0,4.0,22.0,1.0,2,363.0,1.0,15.0,0,0,0
6645,57.0,4.0,20.0,1.0,0,49.0,0.0,40.0,1,1,1
12851,31.0,2.0,21.0,1.0,0,49.0,1.0,50.0,1,1,1
10266,30.0,3.0,21.0,1.0,0,49.0,0.0,45.0,0,1,1
1815,52.0,1.0,20.0,1.0,0,49.0,0.0,20.0,0,1,0
12919,27.0,2.0,19.0,1.0,4,49.0,0.0,50.0,1,1,1
3913,52.0,2.0,16.0,1.0,4,49.0,1.0,45.0,1,0,1
1001,40.0,1.0,20.0,1.0,0,49.0,1.0,32.0,0,1,0
7416,29.0,1.0,18.0,5.0,3,127.0,0.0,50.0,1,1,1
8162,29.0,2.0,16.0,5.0,0,6.0,12.0,20.0,0,1,0
5261,21.0,1.0,18.0,5.0,2,6.0,2.0,29.0,0,1,0
1477,21.0,1.0,16.0,5.0,2,49.0,11.0,40.0,0,1,0
3396,26.0,1.0,15.0,2.0,2,49.0,16.0,40.0,0,1,0
7519,26.0,6.0,23.0,1.0,0,49.0,0.0,40.0,1,1,1
331,48.0,1.0,17.0,1.0,2,4.0,0.0,40.0,0,1,0
2469,26.0,2.0,16.0,1.0,0,303.0,0.0,35.0,0,0,0
12134,53.0,2.0,22.0,1.0,0,49.0,1.0,40.0,0,1,1
10370,67.0,2.0,19.0,1.0,2,408.0,0.0,50.0,0,1,1
9472,63.0,5.0,19.0,1.0,2,56.0,0.0,40.0,1,1,1
12588,37.0,6.0,18.0,1.0,1,49.0,0.0,15.0,0,1,0
2930,18.0,1.0,21.0,5.0,2,16.0,2.0,1.0,1,1,0
2907,23.0,2.0,21.0,1.0,0,49.0,0.0,49.0,0,1,1
1871,40.0,1.0,20.0,3.0,0,49.0,12.0,40.0,0,1,0
6307,32.0,1.0,19.0,5.0,2,49.0,2.0,35.0,0,1,0
8448,26.0,2.0,19.0,5.0,0,49.0,2.0,25.0,0,0,0
4769,31.0,1.0,21.0,1.0,0,4.0,0.0,43.0,1,1,1
924,49.0,1.0,19.0,1.0,0,49.0,0.0,60.0,1,1,1
2574,51.0,1.0,20.0,1.0,2,49.0,0.0,40.0,1,1,1
9835,19.0,1.0,16.0,5.0,0,53.0,0.0,40.0,1,1,0
5400,54.0,4.0,19.0,1.0,0,37.0,0.0,40.0,0,1,1
9868,53.0,1.0,18.0,1.0,2,48.0,0.0,40.0,0,1,0
11752,31.0,1.0,19.0,5.0,2,49.0,12.0,20.0,0,1,0
3867,43.0,1.0,16.0,1.0,3,49.0,0.0,40.0,1,1,1
2455,35.0,1.0,19.0,5.0,1,49.0,15.0,40.0,0,1,0
5715,28.0,2.0,18.0,1.0,0,49.0,0.0,50.0,1,0,1
7268,53.0,6.0,17.0,1.0,1,39.0,2.0,44.0,1,1,0
12536,29.0,1.0,16.0,5.0,1,49.0,12.0,45.0,1,0,0
10029,60.0,2.0,16.0,1.0,0,49.0,1.0,40.0,1,1,1
4488,29.0,1.0,21.0,1.0,4,49.0,1.0,30.0,1,1,0
7860,50.0,5.0,20.0,1.0,0,6.0,0.0,50.0,0,1,1
9509,35.0,7.0,21.0,1.0,0,49.0,0.0,50.0,1,1,1
6273,63.0,1.0,19.0,1.0,2,25.0,0.0,40.0,0,1,1
11159,53.0,1.0,19.0,2.0,2,16.0,0.0,40.0,0,1,1
9072,42.0,1.0,19.0,3.0,4,49.0,12.0,30.0,0,1,1
9915,55.0,2.0,24.0,1.0,0,205.0,1.0,40.0,1,0,1
10166,23.0,6.0,21.0,5.0,1,303.0,2.0,20.0,0,0,0
3343,21.0,1.0,8.0,5.0,2,17.0,2.0,30.0,1,1,0
470,63.0,6.0,21.0,1.0,0,17.0,1.0,20.0,0,1,0
7670,78.0,1.0,16.0,3.0,3,49.0,13.0,10.0,1,1,0
2862,27.0,4.0,16.0,5.0,0,49.0,0.0,70.0,1,1,0
6094,62.0,1.0,18.0,1.0,4,49.0,0.0,5.0,0,1,0
7485,43.0,5.0,21.0,1.0,0,128.0,0.0,40.0,1,0,1
8122,37.0,1.0,21.0,5.0,0,49.0,0.0,50.0,1,1,1
10454,30.0,1.0,19.0,1.0,2,49.0,0.0,20.0,0,1,0
4984,20.0,1.0,19.0,5.0,2,49.0,12.0,50.0,0,1,0
9520,58.0,1.0,20.0,1.0,2,6.0,0.0,30.0,0,1,1
8679,56.0,1.0,22.0,1.0,0,1.0,0.0,45.0,1,1,1
1792,62.0,1.0,21.0,3.0,3,128.0,0.0,18.0,1,1,1
4711,30.0,1.0,16.0,5.0,0,36.0,13.0,40.0,0,1,1
4981,22.0,6.0,14.0,3.0,1,25.0,2.0,45.0,1,1,0
11505,25.0,1.0,19.0,4.0,3,53.0,0.0,40.0,1,1,1
5255,33.0,1.0,22.0,1.0,0,8.0,0.0,60.0,1,1,1
1742,58.0,7.0,21.0,1.0,0,6.0,0.0,25.0,0,1,0
2251,44.0,1.0,19.0,1.0,2,49.0,0.0,45.0,1,1,1
5593,21.0,1.0,19.0,1.0,0,49.0,1.0,30.0,0,1,0
6270,26.0,1.0,12.0,1.0,1,16.0,1.0,40.0,1,1,1
4901,46.0,1.0,18.0,1.0,2,49.0,0.0,40.0,0,1,0
4593,24.0,2.0,21.0,5.0,2,49.0,13.0,40.0,1,1,0
2291,71.0,1.0,16.0,3.0,4,49.0,0.0,20.0,0,1,0
1024,40.0,6.0,23.0,1.0,0,37.0,0.0,3.0,0,1,1
6541,56.0,1.0,22.0,1.0,0,49.0,1.0,40.0,1,1,1
9427,43.0,1.0,20.0,1.0,0,49.0,1.0,75.0,0,1,1
7445,24.0,2.0,20.0,5.0,0,303.0,2.0,40.0,0,1,0
467,40.0,3.0,20.0,4.0,5,49.0,17.0,40.0,1,1,1
11133,30.0,1.0,19.0,5.0,4,49.0,17.0,40.0,1,1,0
6259,34.0,1.0,16.0,1.0,-1,49.0,0.0,50.0,1,1,1
6018,39.0,1.0,22.0,1.0,0,49.0,0.0,5.0,0,1,1
9957,48.0,1.0,21.0,1.0,2,49.0,1.0,40.0,1,1,1
4161,29.0,1.0,21.0,1.0,0,49.0,0.0,43.0,1,1,1
573,64.0,1.0,23.0,3.0,0,49.0,0.0,40.0,1,1,1
1268,19.0,1.0,21.0,5.0,2,49.0,0.0,40.0,0,1,0
9410,24.0,4.0,21.0,5.0,0,49.0,0.0,25.0,0,1,1
1120,45.0,2.0,22.0,1.0,0,207.0,0.0,45.0,1,0,1
12481,54.0,1.0,12.0,3.0,1,49.0,2.0,50.0,1,1,1
8155,27.0,1.0,16.0,5.0,1,49.0,0.0,15.0,0,1,0
5435,20.0,1.0,19.0,5.0,1,6.0,2.0,10.0,0,1,0
7675,40.0,1.0,18.0,1.0,4,53.0,1.0,30.0,1,1,0
5543,25.0,1.0,16.0,5.0,2,408.0,2.0,29.0,0,1,0
7720,50.0,6.0,19.0,1.0,0,49.0,0.0,25.0,1,1,0
10913,33.0,1.0,19.0,1.0,0,6.0,0.0,10.0,0,1,0
11126,22.0,1.0,21.0,1.0,1,49.0,0.0,40.0,0,1,0
10363,34.0,1.0,19.0,1.0,2,49.0,1.0,40.0,0,1,0
9659,37.0,1.0,15.0,1.0,3,49.0,1.0,40.0,1,1,1
7606,18.0,1.0,19.0,5.0,0,4.0,2.0,60.0,1,0,0
10791,31.0,1.0,16.0,5.0,2,49.0,2.0,45.0,1,1,1
3151,41.0,1.0,19.0,1.0,2,49.0,1.0,40.0,0,1,0
12294,33.0,1.0,19.0,1.0,3,6.0,0.0,36.0,1,1,0
8336,44.0,1.0,19.0,1.0,3,49.0,0.0,40.0,0,1,1
11401,45.0,6.0,16.0,1.0,2,303.0,0.0,50.0,1,0,1
8053,51.0,1.0,20.0,1.0,0,49.0,0.0,20.0,1,1,1
8202,55.0,1.0,10.0,3.0,1,6.0,0.0,55.0,1,0,1
2315,20.0,1.0,18.0,5.0,2,32.0,17.0,30.0,0,1,0
728,37.0,1.0,19.0,1.0,4,6.0,0.0,40.0,0,1,0
12085,22.0,1.0,16.0,5.0,2,49.0,2.0,48.0,1,0,0
11552,29.0,7.0,22.0,1.0,0,49.0,0.0,40.0,1,1,1
11292,43.0,6.0,19.0,1.0,3,49.0,0.0,45.0,1,1,1
605,41.0,6.0,19.0,1.0,4,36.0,10.0,18.0,0,1,0
11493,30.0,7.0,21.0,1.0,0,49.0,0.0,40.0,1,1,0
1203,64.0,1.0,19.0,1.0,3,501.0,0.0,40.0,1,1,1
1687,44.0,1.0,19.0,1.0,2,49.0,0.0,30.0,0,1,0
8946,50.0,1.0,20.0,3.0,4,25.0,2.0,30.0,0,1,0
894,36.0,7.0,22.0,1.0,-1,49.0,15.0,50.0,1,1,1
11514,33.0,1.0,18.0,1.0,0,49.0,0.0,40.0,0,1,1
8187,60.0,4.0,22.0,1.0,0,303.0,1.0,40.0,0,0,1
8474,52.0,2.0,19.0,1.0,0,49.0,1.0,40.0,0,1,1
4784,23.0,1.0,16.0,5.0,0,6.0,17.0,20.0,0,1,0
10033,19.0,1.0,16.0,5.0,1,16.0,2.0,40.0,0,1,0
5019,56.0,2.0,16.0,1.0,0,49.0,0.0,40.0,1,1,0
12932,31.0,6.0,21.0,1.0,1,49.0,1.0,40.0,0,1,0
12926,46.0,1.0,16.0,1.0,2,49.0,0.0,45.0,1,1,1
3708,42.0,1.0,19.0,1.0,3,6.0,0.0,50.0,1,0,1
2410,20.0,1.0,14.0,5.0,4,49.0,13.0,10.0,0,1,0
8025,31.0,1.0,22.0,5.0,0,49.0,0.0,45.0,1,1,1
7490,53.0,8.0,21.0,1.0,0,8.0,0.0,30.0,1,1,0
1895,21.0,7.0,16.0,5.0,0,370.0,0.0,60.0,1,1,0
4924,35.0,1.0,15.0,1.0,4,49.0,0.0,40.0,1,0,1
6312,17.0,1.0,24.0,5.0,0,6.0,0.0,40.0,0,1,0
11352,23.0,1.0,22.0,1.0,0,49.0,0.0,16.0,1,1,0
4745,22.0,1.0,19.0,5.0,1,128.0,2.0,40.0,1,0,0
6967,78.0,1.0,16.0,3.0,2,49.0,0.0,40.0,1,1,0
4692,45.0,2.0,21.0,1.0,0,16.0,0.0,60.0,0,1,1
12275,65.0,7.0,20.0,3.0,1,49.0,0.0,45.0,0,1,1
11693,19.0,6.0,19.0,5.0,1,49.0,2.0,30.0,1,1,0
7295,40.0,3.0,21.0,1.0,0,49.0,0.0,50.0,1,1,1
5997,21.0,1.0,14.0,5.0,1,6.0,12.0,20.0,0,1,0
3386,50.0,1.0,22.0,1.0,0,449.0,1.0,21.0,0,1,1
6503,34.0,3.0,22.0,1.0,0,49.0,0.0,43.0,1,1,1
10410,39.0,4.0,19.0,1.0,0,49.0,9.0,40.0,0,1,0
4620,24.0,1.0,18.0,1.0,4,49.0,1.0,60.0,1,1,1
1057,55.0,1.0,20.0,1.0,3,136.0,0.0,60.0,1,1,1
11370,64.0,7.0,20.0,1.0,2,41.0,0.0,12.0,1,1,0
10126,24.0,2.0,21.0,1.0,1,49.0,0.0,30.0,0,1,0
7974,53.0,4.0,21.0,2.0,2,6.0,0.0,20.0,0,1,0
8191,37.0,4.0,20.0,1.0,0,49.0,0.0,50.0,1,1,1
7354,59.0,1.0,22.0,1.0,0,49.0,0.0,40.0,1,1,1
11916,41.0,1.0,22.0,1.0,0,49.0,1.0,40.0,1,1,1
3613,62.0,3.0,22.0,1.0,0,49.0,0.0,50.0,0,1,1
10894,26.0,3.0,1.0,5.0,2,49.0,2.0,50.0,0,1,1
9310,41.0,1.0,19.0,1.0,2,49.0,1.0,20.0,0,1,0
10528,18.0,1.0,19.0,5.0,0,49.0,13.0,40.0,0,1,0
1269,20.0,1.0,19.0,5.0,1,32.0,2.0,40.0,1,1,0
6620,32.0,1.0,21.0,3.0,0,49.0,0.0,36.0,0,1,0
2980,22.0,1.0,18.0,5.0,4,49.0,17.0,20.0,1,1,0
1146,64.0,7.0,18.0,1.0,1,49.0,2.0,30.0,1,1,0
6870,25.0,1.0,22.0,1.0,0,4.0,0.0,40.0,1,1,0
7996,19.0,1.0,14.0,5.0,2,16.0,2.0,20.0,1,1,0
8288,64.0,1.0,19.0,3.0,0,49.0,0.0,3.0,0,1,0
10852,58.0,7.0,20.0,1.0,2,49.0,1.0,40.0,0,1,0
6750,24.0,2.0,14.0,1.0,1,49.0,0.0,40.0,1,1,0
6827,37.0,6.0,16.0,1.0,1,17.0,0.0,40.0,0,1,0
5481,29.0,1.0,19.0,1.0,2,17.0,0.0,40.0,0,1,0
8943,55.0,4.0,16.0,2.0,2,49.0,16.0,40.0,0,1,0
2739,38.0,1.0,17.0,3.0,2,49.0,6.0,40.0,0,1,0
2249,22.0,1.0,16.0,5.0,2,49.0,0.0,12.0,0,1,0
5941,42.0,6.0,21.0,1.0,0,26.0,0.0,12.0,0,1,0
10826,55.0,4.0,21.0,1.0,2,49.0,1.0,55.0,0,1,1
5872,38.0,6.0,18.0,1.0,2,55.0,1.0,30.0,0,1,0
3686,41.0,1.0,19.0,3.0,0,6.0,6.0,25.0,0,1,0
11398,53.0,1.0,18.0,1.0,4,110.0,0.0,40.0,1,1,1
9850,36.0,2.0,22.0,5.0,0,49.0,0.0,40.0,1,1,1
7552,39.0,1.0,16.0,1.0,3,512.0,0.0,40.0,1,0,1
9477,25.0,2.0,16.0,1.0,2,49.0,1.0,30.0,1,1,0
1192,75.0,1.0,17.0,3.0,0,49.0,2.0,20.0,1,1,0
8458,39.0,1.0,14.0,5.0,1,8.0,2.0,24.0,0,1,0
5526,18.0,3.0,17.0,5.0,3,34.0,2.0,32.0,1,1,0
1716,39.0,2.0,21.0,1.0,0,49.0,0.0,40.0,1,1,1
6394,20.0,1.0,20.0,5.0,3,49.0,11.0,30.0,0,1,0
6220,64.0,1.0,19.0,1.0,2,17.0,1.0,52.0,0,1,1
12170,66.0,6.0,21.0,1.0,0,49.0,0.0,40.0,0,1,1
2538,27.0,1.0,21.0,1.0,1,49.0,1.0,40.0,0,1,0
2144,70.0,1.0,19.0,3.0,4,49.0,0.0,40.0,1,1,1
2066,52.0,5.0,21.0,1.0,0,6.0,0.0,40.0,1,1,1
374,22.0,1.0,19.0,5.0,2,8.0,17.0,21.0,0,1,0
8618,20.0,1.0,16.0,5.0,2,49.0,2.0,40.0,0,1,0
3203,17.0,1.0,20.0,5.0,4,40.0,0.0,30.0,1,1,0
852,26.0,1.0,18.0,1.0,4,49.0,0.0,40.0,1,1,1
907,21.0,1.0,18.0,5.0,0,30.0,17.0,40.0,1,1,0
5117,38.0,1.0,21.0,1.0,2,49.0,2.0,35.0,0,1,0
8913,57.0,3.0,16.0,3.0,0,49.0,0.0,40.0,1,1,1
670,47.0,1.0,22.0,1.0,0,18.0,0.0,40.0,1,1,1
386,56.0,1.0,21.0,1.0,0,26.0,0.0,3.0,0,1,1
8602,54.0,1.0,16.0,1.0,2,23.0,1.0,40.0,0,1,0
2281,24.0,1.0,20.0,5.0,2,6.0,17.0,20.0,0,1,0
7081,64.0,3.0,20.0,1.0,1,8.0,0.0,29.0,0,1,0
13036,59.0,1.0,21.0,1.0,3,132.0,0.0,40.0,1,1,1
9014,44.0,1.0,20.0,1.0,2,49.0,0.0,50.0,0,1,1
4461,48.0,7.0,21.0,1.0,0,4.0,1.0,40.0,0,1,0
10961,43.0,3.0,16.0,1.0,1,49.0,0.0,40.0,0,1,1
7706,36.0,1.0,18.0,1.0,0,49.0,1.0,20.0,0,1,0
4633,73.0,4.0,16.0,2.0,1,49.0,4.0,40.0,0,1,0
644,59.0,1.0,16.0,1.0,3,49.0,1.0,40.0,1,1,1
10638,50.0,1.0,21.0,1.0,0,103.0,0.0,45.0,1,1,1
4926,43.0,3.0,18.0,1.0,3,127.0,10.0,20.0,0,1,0
8375,36.0,1.0,12.0,1.0,3,49.0,0.0,45.0,1,1,1
4707,32.0,1.0,18.0,1.0,3,373.0,9.0,50.0,1,0,1
3974,59.0,1.0,16.0,3.0,2,42.0,0.0,40.0,0,1,0
9282,24.0,6.0,20.0,1.0,1,41.0,0.0,40.0,0,1,0
2985,49.0,3.0,21.0,1.0,0,49.0,0.0,60.0,1,1,1
7428,61.0,6.0,19.0,1.0,0,303.0,0.0,40.0,1,0,1
915,40.0,2.0,19.0,1.0,0,49.0,1.0,50.0,1,1,1
682,58.0,1.0,16.0,1.0,3,32.0,1.0,45.0,1,1,0
10136,57.0,6.0,21.0,1.0,0,30.0,1.0,30.0,0,1,0
8535,23.0,1.0,19.0,5.0,2,49.0,17.0,50.0,1,1,0
7793,53.0,2.0,22.0,1.0,0,48.0,1.0,18.0,1,1,0
4500,25.0,1.0,19.0,1.0,3,42.0,1.0,40.0,1,1,1
9976,33.0,1.0,21.0,5.0,2,49.0,2.0,40.0,0,1,0
2923,62.0,1.0,19.0,5.0,4,49.0,0.0,40.0,1,1,1
7351,28.0,1.0,16.0,1.0,0,303.0,0.0,48.0,0,1,1
7321,58.0,5.0,21.0,1.0,0,31.0,0.0,50.0,0,1,1
10399,45.0,3.0,18.0,1.0,2,49.0,0.0,10.0,0,1,0
2570,46.0,1.0,23.0,1.0,0,49.0,9.0,40.0,1,1,1
2075,27.0,1.0,18.0,1.0,1,49.0,1.0,35.0,1,1,0
1158,29.0,4.0,23.0,1.0,0,303.0,0.0,50.0,1,1,1
5745,29.0,5.0,22.0,5.0,5,301.0,17.0,40.0,1,1,1
1244,40.0,1.0,21.0,3.0,2,49.0,0.0,55.0,0,1,1
1055,26.0,1.0,16.0,1.0,1,55.0,0.0,60.0,1,1,0
1303,21.0,1.0,16.0,5.0,4,49.0,5.0,40.0,1,1,0
64,52.0,7.0,21.0,1.0,2,49.0,1.0,43.0,1,1,1
472,64.0,2.0,22.0,1.0,0,49.0,1.0,50.0,0,1,1
12751,33.0,5.0,16.0,1.0,3,49.0,1.0,99.0,1,1,1
181,58.0,5.0,22.0,1.0,0,39.0,0.0,40.0,0,1,1
4788,41.0,3.0,20.0,1.0,2,49.0,10.0,40.0,1,1,1
6830,39.0,1.0,19.0,5.0,1,25.0,2.0,40.0,1,1,0
6089,80.0,4.0,16.0,5.0,0,49.0,0.0,55.0,1,1,1
1819,50.0,1.0,21.0,1.0,0,49.0,0.0,50.0,0,1,1
779,32.0,1.0,17.0,1.0,0,150.0,1.0,20.0,0,1,0
12693,55.0,1.0,19.0,3.0,0,49.0,0.0,55.0,1,1,1
3476,23.0,6.0,21.0,1.0,2,303.0,0.0,28.0,0,0,0
11216,18.0,1.0,16.0,5.0,4,6.0,0.0,40.0,0,1,0
5126,26.0,1.0,21.0,5.0,4,6.0,2.0,50.0,1,1,1
3700,75.0,3.0,20.0,1.0,1,49.0,0.0,42.0,0,1,1
4445,23.0,1.0,19.0,5.0,2,49.0,0.0,50.0,1,1,0
5636,34.0,2.0,21.0,1.0,0,49.0,0.0,40.0,0,1,1
10446,27.0,4.0,19.0,1.0,1,53.0,1.0,22.0,1,1,0
9887,51.0,1.0,18.0,3.0,0,6.0,4.0,40.0,1,1,0
11500,37.0,2.0,19.0,1.0,0,49.0,0.0,40.0,0,1,0
2200,38.0,1.0,22.0,1.0,0,49.0,1.0,40.0,0,1,1
5883,56.0,6.0,12.0,2.0,1,32.0,0.0,50.0,0,1,1
9560,23.0,1.0,16.0,1.0,1,49.0,1.0,33.0,0,1,0
245,49.0,2.0,1.0,1.0,-1,26.0,1.0,40.0,1,1,1
441,18.0,5.0,20.0,5.0,0,49.0,12.0,45.0,1,1,0
2644,35.0,4.0,21.0,1.0,0,49.0,1.0,40.0,1,1,1
4147,40.0,5.0,20.0,3.0,2,36.0,0.0,40.0,0,1,1
2771,20.0,1.0,19.0,5.0,3,49.0,2.0,40.0,1,1,0
6501,35.0,1.0,19.0,3.0,2,8.0,0.0,45.0,1,1,1
5819,50.0,6.0,19.0,1.0,2,327.0,0.0,35.0,0,0,1
5487,31.0,1.0,21.0,5.0,0,6.0,13.0,40.0,0,1,1
8942,22.0,1.0,18.0,5.0,2,8.0,2.0,30.0,1,1,0
6864,62.0,1.0,16.0,1.0,4,49.0,1.0,40.0,1,1,0
2142,25.0,3.0,20.0,1.0,1,49.0,0.0,2.0,0,1,0
9430,58.0,1.0,20.0,1.0,2,49.0,0.0,20.0,0,1,0
1358,41.0,1.0,21.0,1.0,1,49.0,0.0,60.0,1,1,1
12548,17.0,1.0,21.0,5.0,0,6.0,0.0,43.0,1,0,0
7708,59.0,1.0,20.0,1.0,0,6.0,0.0,72.0,1,1,1
6133,30.0,1.0,22.0,1.0,2,49.0,0.0,40.0,0,1,1
3145,24.0,3.0,16.0,5.0,0,49.0,13.0,36.0,0,1,0
8592,32.0,3.0,21.0,1.0,0,49.0,0.0,30.0,1,1,1
1719,28.0,1.0,17.0,1.0,3,4.0,0.0,37.0,1,1,0
12300,48.0,1.0,19.0,5.0,0,6.0,0.0,40.0,0,1,1
6618,24.0,1.0,20.0,1.0,3,49.0,1.0,40.0,1,1,0
4538,51.0,1.0,17.0,1.0,4,49.0,1.0,66.0,0,1,1
10697,57.0,5.0,21.0,1.0,0,49.0,1.0,40.0,1,1,1
2641,49.0,6.0,21.0,1.0,0,35.0,0.0,15.0,0,0,0
4320,53.0,1.0,21.0,1.0,1,48.0,0.0,40.0,0,1,1
76,63.0,2.0,19.0,1.0,0,53.0,0.0,40.0,1,1,1
11110,35.0,1.0,16.0,5.0,4,49.0,5.0,40.0,1,1,1
7909,22.0,3.0,20.0,5.0,0,49.0,0.0,22.0,0,1,0
6599,42.0,4.0,21.0,1.0,0,6.0,0.0,40.0,0,0,1
10352,31.0,1.0,21.0,5.0,2,6.0,2.0,60.0,1,1,1
215,45.0,1.0,19.0,3.0,3,16.0,3.0,50.0,1,1,1
1252,23.0,1.0,16.0,5.0,3,303.0,2.0,45.0,1,0,0
9800,17.0,1.0,16.0,5.0,1,363.0,2.0,60.0,1,0,0
9499,47.0,1.0,14.0,1.0,4,51.0,1.0,20.0,0,1,0
96,64.0,4.0,22.0,1.0,0,164.0,0.0,40.0,0,0,1
11634,58.0,4.0,16.0,1.0,4,49.0,1.0,35.0,0,1,0
2109,62.0,1.0,16.0,1.0,3,49.0,0.0,44.0,1,1,1
11835,51.0,1.0,18.0,1.0,4,53.0,0.0,40.0,1,1,1
1131,61.0,1.0,19.0,1.0,0,6.0,0.0,40.0,1,1,1
6628,32.0,1.0,20.0,1.0,4,49.0,1.0,65.0,1,1,1
912,61.0,1.0,22.0,1.0,0,49.0,0.0,40.0,0,1,1
1875,61.0,6.0,22.0,1.0,0,49.0,1.0,40.0,1,1,1
8151,51.0,1.0,19.0,5.0,3,49.0,2.0,80.0,1,1,1
3948,43.0,7.0,18.0,1.0,1,49.0,0.0,42.0,0,1,0
804,58.0,1.0,19.0,1.0,2,49.0,0.0,36.0,0,1,1
5743,20.0,1.0,20.0,5.0,0,51.0,2.0,3.0,1,1,0
8854,65.0,7.0,16.0,3.0,3,6.0,0.0,70.0,1,1,1
10308,22.0,1.0,19.0,5.0,0,49.0,0.0,29.0,0,1,0
12533,45.0,6.0,22.0,1.0,0,49.0,1.0,25.0,0,1,1
10619,25.0,3.0,18.0,4.0,2,49.0,0.0,28.0,0,1,0
8781,34.0,1.0,19.0,3.0,3,55.0,13.0,14.0,1,1,0
10443,17.0,1.0,18.0,5.0,2,42.0,2.0,40.0,1,1,0
7829,26.0,1.0,21.0,1.0,0,41.0,1.0,30.0,0,1,0
12849,49.0,7.0,19.0,1.0,3,49.0,1.0,40.0,1,1,1
155,44.0,1.0,17.0,5.0,1,440.0,2.0,40.0,0,0,0
10603,51.0,1.0,16.0,1.0,3,6.0,0.0,40.0,1,1,1
10615,51.0,3.0,19.0,1.0,1,39.0,0.0,40.0,0,1,1
9870,33.0,1.0,13.0,5.0,4,18.0,2.0,37.0,1,0,0
12577,41.0,3.0,19.0,3.0,2,6.0,0.0,10.0,1,1,0
3148,37.0,1.0,19.0,1.0,2,39.0,0.0,40.0,0,1,1
9286,30.0,7.0,15.0,1.0,3,42.0,1.0,40.0,1,1,1
1649,22.0,1.0,20.0,5.0,4,49.0,17.0,42.0,1,1,0
316,21.0,1.0,18.0,5.0,1,39.0,2.0,40.0,0,1,0
6302,22.0,1.0,19.0,5.0,2,12.0,2.0,40.0,0,1,0
7905,42.0,1.0,21.0,1.0,2,49.0,0.0,40.0,0,1,1
7508,75.0,1.0,18.0,3.0,1,49.0,0.0,45.0,1,1,1
7732,35.0,1.0,16.0,3.0,4,6.0,0.0,45.0,1,1,1
11611,40.0,4.0,21.0,5.0,0,12.0,2.0,40.0,1,1,1
1494,51.0,1.0,21.0,1.0,2,32.0,1.0,55.0,1,1,1
13046,39.0,1.0,19.0,1.0,0,49.0,0.0,25.0,0,1,0
2988,38.0,1.0,16.0,3.0,2,49.0,0.0,45.0,1,1,1
4369,42.0,7.0,16.0,3.0,1,49.0,0.0,40.0,1,1,1
8892,36.0,1.0,21.0,1.0,0,49.0,0.0,20.0,1,1,0
2617,50.0,1.0,21.0,3.0,0,49.0,0.0,55.0,1,1,1
6313,43.0,1.0,20.0,1.0,4,49.0,1.0,50.0,1,1,0
12766,45.0,4.0,21.0,1.0,0,49.0,6.0,60.0,1,1,1
3522,30.0,2.0,19.0,5.0,0,17.0,12.0,40.0,0,1,0
12058,79.0,1.0,6.0,4.0,5,6.0,17.0,35.0,1,0,0
8158,21.0,1.0,14.0,5.0,2,41.0,15.0,40.0,1,1,0
10018,37.0,1.0,17.0,1.0,0,12.0,0.0,40.0,1,1,1
1964,54.0,1.0,23.0,1.0,-1,32.0,1.0,43.0,1,1,1
7150,33.0,1.0,21.0,1.0,0,1.0,0.0,40.0,0,1,0
5393,40.0,2.0,16.0,1.0,3,49.0,1.0,40.0,1,1,1
3782,62.0,4.0,22.0,1.0,0,49.0,1.0,45.0,1,1,1
4104,43.0,7.0,19.0,1.0,2,49.0,1.0,40.0,1,1,1
1059,39.0,4.0,16.0,3.0,1,303.0,0.0,40.0,0,0,1
2829,56.0,4.0,19.0,3.0,0,408.0,0.0,10.0,0,1,0
11562,55.0,1.0,23.0,5.0,0,6.0,0.0,40.0,1,1,1
7248,24.0,2.0,20.0,1.0,0,49.0,1.0,40.0,0,1,0
9432,56.0,1.0,21.0,1.0,0,49.0,0.0,40.0,1,1,1
9036,22.0,1.0,19.0,5.0,3,6.0,2.0,40.0,1,1,0
8453,48.0,7.0,18.0,1.0,2,49.0,1.0,40.0,1,1,1
7798,49.0,1.0,19.0,1.0,1,49.0,0.0,35.0,0,1,0
7643,50.0,1.0,14.0,3.0,3,56.0,0.0,40.0,1,1,1
10420,51.0,1.0,21.0,1.0,2,303.0,0.0,40.0,0,1,1
9220,24.0,1.0,21.0,5.0,2,49.0,0.0,40.0,0,1,0
3197,53.0,1.0,20.0,1.0,4,207.0,1.0,45.0,1,0,1
10288,18.0,1.0,18.0,5.0,3,41.0,0.0,40.0,1,0,0
5876,36.0,1.0,9.0,5.0,3,303.0,12.0,16.0,1,0,1
6451,36.0,3.0,16.0,1.0,4,207.0,0.0,40.0,0,1,1
11502,22.0,1.0,19.0,5.0,4,6.0,2.0,40.0,1,0,1
9797,52.0,3.0,21.0,1.0,0,49.0,1.0,40.0,0,1,1
2492,37.0,7.0,18.0,1.0,3,49.0,0.0,40.0,1,1,1
2774,32.0,2.0,21.0,1.0,0,49.0,1.0,40.0,0,1,1
11169,32.0,7.0,12.0,1.0,3,6.0,1.0,40.0,1,1,1
12266,45.0,2.0,21.0,1.0,0,49.0,0.0,25.0,0,1,0
549,23.0,4.0,20.0,1.0,0,53.0,0.0,20.0,0,1,0
4516,25.0,1.0,22.0,1.0,0,25.0,0.0,20.0,0,1,0
8729,41.0,2.0,21.0,1.0,0,18.0,1.0,30.0,0,1,1
3734,20.0,1.0,14.0,5.0,4,49.0,13.0,10.0,1,0,0
1031,22.0,1.0,13.0,5.0,4,49.0,7.0,50.0,1,1,0
8285,47.0,1.0,19.0,5.0,0,49.0,0.0,40.0,1,1,0
1265,19.0,4.0,21.0,5.0,2,35.0,12.0,40.0,0,1,0
4716,53.0,2.0,24.0,1.0,0,49.0,0.0,40.0,1,1,1
6310,64.0,2.0,21.0,1.0,0,49.0,1.0,40.0,1,1,1
8770,41.0,1.0,21.0,1.0,0,49.0,1.0,20.0,0,1,0
8017,48.0,4.0,22.0,2.0,2,36.0,0.0,30.0,0,1,1
7077,24.0,3.0,21.0,5.0,2,49.0,12.0,36.0,1,1,0
2483,54.0,7.0,20.0,1.0,0,6.0,0.0,40.0,0,0,1
4867,48.0,1.0,17.0,1.0,1,49.0,1.0,40.0,1,1,1
7980,24.0,1.0,19.0,5.0,0,49.0,12.0,36.0,0,1,0
8756,46.0,1.0,19.0,1.0,1,49.0,0.0,40.0,0,1,1
4156,41.0,1.0,16.0,2.0,2,8.0,16.0,30.0,0,1,0
4353,65.0,2.0,22.0,1.0,0,49.0,1.0,30.0,0,1,1
1226,42.0,1.0,18.0,3.0,2,233.0,13.0,40.0,0,0,0
4497,54.0,5.0,18.0,1.0,4,6.0,1.0,40.0,1,1,1
6874,37.0,1.0,20.0,1.0,1,39.0,1.0,5.0,0,1,0
12720,50.0,5.0,20.0,1.0,0,6.0,0.0,40.0,1,1,1
756,43.0,1.0,22.0,1.0,0,49.0,1.0,45.0,1,1,1
7448,17.0,1.0,21.0,5.0,0,49.0,2.0,37.0,1,1,0
1943,68.0,1.0,21.0,1.0,4,508.0,1.0,55.0,1,0,1
486,45.0,2.0,20.0,1.0,1,49.0,1.0,20.0,0,1,0
2721,66.0,4.0,21.0,1.0,0,40.0,0.0,40.0,1,1,1
3114,35.0,1.0,15.0,1.0,3,49.0,0.0,28.0,1,1,0
10301,39.0,1.0,19.0,1.0,0,21.0,1.0,45.0,0,1,1
10577,43.0,1.0,16.0,1.0,2,49.0,0.0,45.0,0,1,0
2189,30.0,1.0,18.0,1.0,2,49.0,1.0,17.0,0,1,0
4532,22.0,1.0,18.0,1.0,0,49.0,0.0,9.0,1,1,0
2117,20.0,4.0,16.0,5.0,4,48.0,5.0,20.0,1,1,0
3566,42.0,1.0,18.0,1.0,2,16.0,1.0,40.0,0,1,1
7244,56.0,1.0,18.0,5.0,3,49.0,2.0,60.0,1,1,1
9627,17.0,1.0,19.0,5.0,2,6.0,2.0,60.0,0,1,0
2272,44.0,1.0,16.0,3.0,4,49.0,0.0,60.0,0,1,1
11668,18.0,2.0,16.0,5.0,1,242.0,0.0,40.0,0,0,0
8668,23.0,1.0,22.0,3.0,0,49.0,0.0,45.0,0,1,0
4719,30.0,1.0,16.0,5.0,1,164.0,0.0,30.0,1,0,0
3044,50.0,1.0,16.0,1.0,-1,148.0,0.0,32.0,1,1,1
11557,34.0,1.0,19.0,1.0,0,49.0,0.0,40.0,0,1,1
10949,24.0,1.0,19.0,1.0,0,49.0,1.0,15.0,0,1,0
9213,36.0,7.0,16.0,1.0,3,56.0,9.0,55.0,1,1,1
12470,29.0,1.0,21.0,1.0,0,16.0,1.0,20.0,0,1,0
2512,29.0,2.0,17.0,5.0,0,49.0,0.0,50.0,0,1,1
11,59.0,6.0,20.0,1.0,0,34.0,1.0,40.0,1,1,1
3973,60.0,1.0,18.0,1.0,3,46.0,1.0,6.0,1,1,0
4710,18.0,3.0,17.0,5.0,1,301.0,2.0,50.0,1,1,0
8452,21.0,2.0,20.0,5.0,0,41.0,2.0,16.0,0,1,0
5995,17.0,3.0,16.0,5.0,1,49.0,2.0,40.0,0,1,0
5762,46.0,4.0,19.0,1.0,0,49.0,0.0,30.0,0,1,0
7044,38.0,1.0,20.0,1.0,4,37.0,0.0,40.0,1,1,1
6994,43.0,1.0,21.0,1.0,0,4.0,1.0,10.0,1,1,0
8266,35.0,1.0,16.0,1.0,0,49.0,0.0,42.0,1,1,1
1245,18.0,1.0,15.0,5.0,1,49.0,2.0,10.0,1,1,0
8237,54.0,1.0,17.0,3.0,2,49.0,2.0,29.0,0,1,0
5409,33.0,6.0,22.0,1.0,0,6.0,0.0,50.0,1,1,1
7916,42.0,1.0,19.0,1.0,2,49.0,1.0,30.0,1,1,0
1556,64.0,2.0,22.0,1.0,0,9.0,1.0,40.0,1,1,1
1422,43.0,7.0,19.0,1.0,3,36.0,17.0,40.0,1,1,0
8920,20.0,1.0,16.0,5.0,3,34.0,12.0,35.0,1,1,0
1284,22.0,1.0,19.0,5.0,0,49.0,0.0,35.0,1,1,0
368,83.0,1.0,16.0,1.0,3,49.0,0.0,40.0,1,1,1
5457,17.0,6.0,20.0,5.0,1,303.0,0.0,40.0,0,0,0
8790,47.0,1.0,23.0,5.0,0,32.0,0.0,70.0,1,1,1
1802,69.0,1.0,22.0,3.0,3,53.0,16.0,16.0,1,1,0
1534,41.0,1.0,18.0,1.0,1,49.0,1.0,40.0,1,1,1
12704,61.0,1.0,18.0,1.0,3,49.0,0.0,70.0,1,1,1
371,26.0,1.0,7.0,5.0,1,13.0,13.0,40.0,1,0,0
8945,63.0,1.0,19.0,1.0,1,49.0,0.0,40.0,0,1,1
10965,31.0,1.0,21.0,1.0,0,49.0,1.0,40.0,1,1,0
12595,42.0,1.0,19.0,5.0,4,49.0,0.0,40.0,1,1,1
4085,31.0,1.0,19.0,5.0,1,49.0,17.0,99.0,1,1,0
7726,28.0,3.0,22.0,1.0,2,49.0,10.0,20.0,0,0,0
4983,57.0,1.0,21.0,1.0,0,49.0,0.0,40.0,1,1,1
11563,34.0,1.0,14.0,5.0,0,49.0,2.0,40.0,1,1,0
11823,25.0,1.0,22.0,1.0,0,49.0,1.0,30.0,0,0,0
4480,62.0,1.0,19.0,1.0,2,49.0,1.0,40.0,0,1,0
7261,60.0,1.0,19.0,1.0,1,49.0,1.0,40.0,1,1,1
5072,45.0,1.0,21.0,3.0,0,38.0,0.0,40.0,0,1,1
3331,47.0,2.0,21.0,1.0,0,32.0,0.0,40.0,1,1,1
8342,53.0,3.0,21.0,1.0,0,49.0,1.0,40.0,0,1,0
244,52.0,1.0,20.0,1.0,2,49.0,0.0,40.0,0,1,0
2664,25.0,3.0,21.0,1.0,0,512.0,0.0,15.0,0,0,0
12140,53.0,1.0,20.0,1.0,3,40.0,0.0,25.0,1,1,0
2691,71.0,1.0,19.0,1.0,2,49.0,0.0,20.0,0,1,0
8542,27.0,1.0,21.0,1.0,0,49.0,0.0,20.0,1,1,0
1790,21.0,1.0,18.0,5.0,1,49.0,13.0,6.0,0,1,0
1528,40.0,1.0,22.0,1.0,0,49.0,1.0,30.0,0,1,1
9161,20.0,1.0,18.0,5.0,4,370.0,2.0,15.0,1,1,0
10848,38.0,1.0,16.0,1.0,0,49.0,1.0,15.0,0,1,0
11728,40.0,6.0,16.0,5.0,0,49.0,0.0,40.0,1,1,1
5863,37.0,3.0,16.0,1.0,3,211.0,1.0,40.0,1,0,0
10654,17.0,1.0,16.0,5.0,2,6.0,2.0,35.0,0,1,0
165,54.0,1.0,16.0,1.0,1,53.0,0.0,40.0,0,1,1
7378,58.0,1.0,21.0,3.0,4,49.0,0.0,50.0,1,1,0
2902,23.0,1.0,16.0,5.0,3,49.0,2.0,40.0,1,1,0
10589,39.0,6.0,21.0,4.0,2,49.0,2.0,10.0,1,1,0
8525,25.0,6.0,16.0,1.0,3,49.0,0.0,45.0,1,1,1
6771,59.0,1.0,21.0,1.0,2,49.0,0.0,20.0,1,1,0
6217,26.0,1.0,13.0,5.0,4,210.0,13.0,9.0,1,0,0
1038,33.0,1.0,19.0,5.0,1,16.0,0.0,50.0,1,1,1
12146,21.0,4.0,22.0,1.0,1,16.0,0.0,20.0,0,1,0
5270,23.0,1.0,22.0,5.0,0,303.0,0.0,36.0,0,1,1
823,17.0,1.0,17.0,5.0,2,53.0,10.0,40.0,0,1,0
11222,47.0,1.0,19.0,1.0,3,49.0,1.0,40.0,1,1,1
10644,42.0,1.0,21.0,1.0,2,49.0,1.0,25.0,0,1,0
12498,24.0,1.0,21.0,1.0,0,49.0,1.0,40.0,0,1,1
11476,21.0,1.0,19.0,1.0,0,39.0,0.0,40.0,1,1,0
13015,29.0,1.0,18.0,1.0,2,303.0,1.0,20.0,0,1,0
12729,34.0,2.0,24.0,1.0,0,370.0,0.0,40.0,1,1,1
8356,62.0,2.0,21.0,1.0,0,16.0,0.0,40.0,1,1,1
12907,63.0,2.0,15.0,1.0,1,53.0,1.0,20.0,0,1,1
4237,32.0,4.0,20.0,1.0,0,49.0,0.0,40.0,0,1,1
10406,28.0,1.0,20.0,1.0,0,49.0,1.0,40.0,1,1,1
109,41.0,1.0,21.0,1.0,0,49.0,0.0,50.0,0,1,1
7023,30.0,3.0,19.0,1.0,0,55.0,0.0,55.0,1,1,1
12753,17.0,1.0,16.0,5.0,1,49.0,13.0,12.0,0,1,0
225,40.0,3.0,22.0,1.0,0,32.0,1.0,20.0,0,1,0
9301,60.0,1.0,19.0,1.0,1,6.0,1.0,25.0,1,0,0
5456,21.0,1.0,16.0,5.0,2,24.0,12.0,10.0,1,1,0
10474,26.0,7.0,21.0,1.0,0,49.0,0.0,40.0,1,1,0
10492,29.0,3.0,21.0,1.0,2,42.0,0.0,60.0,1,1,1
9490,33.0,1.0,21.0,5.0,0,8.0,0.0,40.0,1,1,1
1301,37.0,1.0,19.0,1.0,2,6.0,0.0,24.0,1,0,0
11371,51.0,1.0,19.0,1.0,-1,49.0,17.0,37.0,1,1,0
7900,63.0,1.0,20.0,1.0,2,49.0,17.0,30.0,0,1,0
5632,24.0,1.0,19.0,1.0,1,49.0,1.0,40.0,0,1,0
49,25.0,1.0,19.0,5.0,2,49.0,2.0,40.0,1,1,1
8589,22.0,1.0,16.0,5.0,1,49.0,2.0,35.0,0,1,0
3048,41.0,1.0,21.0,1.0,0,56.0,0.0,40.0,1,1,1
10319,92.0,7.0,16.0,3.0,3,49.0,13.0,40.0,1,1,1
9028,42.0,1.0,19.0,5.0,2,49.0,17.0,45.0,1,1,1
2560,64.0,1.0,21.0,1.0,0,49.0,0.0,30.0,0,1,1
113,64.0,1.0,21.0,1.0,0,49.0,0.0,80.0,1,1,1
2608,30.0,1.0,20.0,5.0,3,49.0,17.0,40.0,1,1,0
1937,22.0,6.0,21.0,1.0,0,6.0,17.0,20.0,0,1,0
2394,33.0,1.0,22.0,1.0,0,49.0,1.0,50.0,1,1,1
11929,42.0,1.0,21.0,1.0,0,205.0,1.0,20.0,0,0,1
11391,48.0,1.0,21.0,1.0,2,8.0,0.0,40.0,1,1,0
3312,31.0,2.0,18.0,1.0,0,49.0,0.0,10.0,0,1,0
5005,19.0,1.0,16.0,5.0,3,49.0,15.0,20.0,1,1,0
336,29.0,1.0,19.0,1.0,1,49.0,0.0,60.0,1,1,1
4547,40.0,1.0,17.0,1.0,3,49.0,1.0,40.0,1,1,1
4836,51.0,4.0,20.0,1.0,0,49.0,1.0,40.0,0,1,1
4073,24.0,1.0,20.0,5.0,4,49.0,13.0,48.0,0,0,0
289,50.0,1.0,19.0,5.0,2,223.0,2.0,20.0,0,0,0
3666,79.0,1.0,22.0,3.0,0,49.0,0.0,30.0,0,1,0
3375,34.0,7.0,16.0,1.0,1,49.0,1.0,36.0,0,1,1
11010,53.0,1.0,12.0,1.0,3,4.0,1.0,40.0,1,1,1
6415,67.0,5.0,19.0,1.0,3,37.0,0.0,40.0,1,1,1
6443,48.0,1.0,19.0,1.0,0,49.0,0.0,60.0,1,1,1
5597,68.0,1.0,23.0,1.0,0,49.0,1.0,45.0,1,1,1
1048,58.0,1.0,16.0,1.0,0,56.0,0.0,40.0,1,1,1
9178,42.0,1.0,19.0,1.0,1,49.0,0.0,40.0,1,1,0
3407,31.0,2.0,14.0,5.0,2,16.0,2.0,10.0,0,1,0
1989,49.0,5.0,21.0,1.0,0,49.0,1.0,40.0,0,1,1
4481,56.0,1.0,16.0,1.0,0,36.0,0.0,80.0,1,1,1
2719,23.0,6.0,19.0,5.0,2,13.0,5.0,40.0,0,1,0
7807,56.0,6.0,19.0,1.0,1,29.0,0.0,25.0,0,1,0
8521,19.0,1.0,19.0,1.0,1,12.0,1.0,48.0,0,1,0
3201,70.0,1.0,12.0,2.0,3,303.0,0.0,10.0,1,1,1
11062,39.0,1.0,16.0,2.0,4,4.0,16.0,16.0,0,0,0
4335,56.0,2.0,24.0,1.0,0,42.0,0.0,12.0,0,1,0
12448,39.0,1.0,20.0,3.0,3,49.0,0.0,60.0,1,1,1
11828,36.0,2.0,22.0,1.0,0,49.0,1.0,45.0,0,1,1
7088,42.0,1.0,19.0,3.0,0,53.0,12.0,40.0,1,1,1
9927,37.0,1.0,20.0,1.0,2,49.0,0.0,40.0,1,1,1
9926,43.0,1.0,17.0,1.0,3,421.0,0.0,6.0,0,0,0
8275,47.0,1.0,19.0,1.0,0,6.0,2.0,40.0,1,1,0
9057,37.0,1.0,19.0,1.0,1,49.0,0.0,40.0,0,0,1
502,50.0,4.0,16.0,1.0,0,8.0,1.0,40.0,0,1,0
4124,40.0,1.0,16.0,1.0,2,49.0,0.0,18.0,1,1,0
3488,33.0,1.0,21.0,5.0,0,49.0,0.0,40.0,1,1,1
425,50.0,1.0,21.0,1.0,2,209.0,0.0,40.0,1,0,1
9243,64.0,3.0,19.0,1.0,0,32.0,0.0,50.0,1,1,1
12295,44.0,2.0,21.0,1.0,0,49.0,1.0,40.0,1,1,1
7379,18.0,6.0,20.0,5.0,0,49.0,16.0,40.0,0,1,0
12204,36.0,2.0,21.0,1.0,0,49.0,1.0,50.0,0,1,1
3447,58.0,2.0,21.0,1.0,0,49.0,0.0,40.0,0,1,1
2830,48.0,4.0,22.0,1.0,0,49.0,0.0,30.0,1,1,1
7667,32.0,4.0,21.0,1.0,0,49.0,0.0,12.0,0,1,0
6426,46.0,1.0,21.0,1.0,0,49.0,0.0,40.0,0,1,1
2591,20.0,1.0,16.0,5.0,2,49.0,0.0,35.0,0,0,0
9145,42.0,3.0,21.0,1.0,1,49.0,0.0,24.0,1,1,0
658,30.0,1.0,20.0,1.0,2,1.0,1.0,10.0,0,1,0
2389,24.0,1.0,19.0,5.0,4,51.0,2.0,50.0,1,0,0
12544,47.0,6.0,18.0,1.0,1,6.0,1.0,40.0,1,1,1
7575,45.0,1.0,16.0,1.0,2,49.0,0.0,40.0,0,1,0
5533,48.0,1.0,16.0,1.0,2,53.0,0.0,35.0,1,1,1
5987,25.0,1.0,21.0,1.0,4,17.0,1.0,12.0,0,1,0
9740,61.0,4.0,18.0,3.0,2,49.0,0.0,40.0,0,1,1
9974,47.0,7.0,21.0,1.0,0,49.0,1.0,40.0,1,1,1
1566,48.0,3.0,21.0,1.0,0,49.0,0.0,40.0,1,1,1
6941,54.0,2.0,21.0,1.0,0,49.0,1.0,44.0,1,1,1
7951,42.0,1.0,21.0,5.0,0,49.0,2.0,40.0,1,1,1
1501,66.0,1.0,21.0,5.0,2,32.0,13.0,40.0,0,1,0
6294,50.0,2.0,21.0,1.0,2,49.0,1.0,45.0,1,1,1
4463,39.0,1.0,22.0,1.0,0,49.0,0.0,50.0,1,1,1
5359,57.0,1.0,20.0,1.0,1,49.0,1.0,30.0,0,1,0
9827,37.0,1.0,23.0,1.0,0,39.0,0.0,45.0,1,1,1
8863,26.0,6.0,23.0,1.0,0,49.0,0.0,40.0,0,1,0
7918,65.0,1.0,21.0,1.0,0,49.0,1.0,35.0,0,1,1
8590,66.0,1.0,23.0,1.0,0,49.0,1.0,50.0,1,1,1
5812,39.0,1.0,18.0,4.0,4,6.0,2.0,4.0,0,1,0
12771,41.0,3.0,21.0,1.0,0,49.0,0.0,40.0,1,1,1
10337,32.0,2.0,22.0,1.0,2,49.0,0.0,60.0,1,1,0
1410,71.0,1.0,18.0,3.0,3,49.0,12.0,20.0,1,1,0
370,62.0,7.0,20.0,1.0,0,49.0,1.0,50.0,1,1,1
2667,17.0,1.0,16.0,5.0,1,372.0,2.0,37.0,0,1,0
8794,56.0,3.0,20.0,1.0,2,49.0,1.0,40.0,0,1,1
2000,56.0,1.0,16.0,1.0,1,6.0,1.0,6.0,0,1,0
11726,66.0,4.0,18.0,4.0,4,49.0,0.0,40.0,0,1,1
5777,31.0,1.0,16.0,3.0,4,49.0,0.0,25.0,1,1,0
508,40.0,1.0,20.0,3.0,2,49.0,0.0,20.0,1,1,0
1036,53.0,1.0,20.0,3.0,0,49.0,0.0,40.0,0,1,0
12561,46.0,2.0,21.0,1.0,0,49.0,9.0,50.0,1,1,1
13010,75.0,5.0,16.0,3.0,4,35.0,0.0,60.0,1,0,1
956,22.0,1.0,21.0,5.0,1,49.0,12.0,40.0,1,1,0
5017,33.0,7.0,21.0,1.0,0,41.0,0.0,48.0,1,1,1
6175,40.0,1.0,21.0,5.0,0,303.0,0.0,30.0,0,1,0
11928,57.0,1.0,18.0,3.0,4,49.0,0.0,40.0,1,1,1
6051,21.0,1.0,1.0,5.0,2,49.0,0.0,45.0,1,1,0
1601,66.0,1.0,22.0,5.0,0,33.0,0.0,40.0,1,1,1
11154,21.0,5.0,17.0,5.0,0,49.0,0.0,40.0,1,1,0
10414,39.0,3.0,13.0,1.0,1,49.0,0.0,85.0,1,1,0
616,20.0,1.0,20.0,5.0,2,49.0,2.0,30.0,0,1,0
3360,26.0,1.0,16.0,5.0,4,16.0,2.0,40.0,1,1,0
6765,40.0,5.0,16.0,1.0,2,49.0,0.0,25.0,1,1,0
9334,22.0,1.0,14.0,5.0,1,49.0,17.0,40.0,0,1,0
10753,57.0,1.0,16.0,1.0,2,303.0,1.0,40.0,0,1,1
5468,28.0,7.0,22.0,1.0,0,303.0,0.0,65.0,1,0,1
5066,35.0,1.0,16.0,1.0,2,49.0,1.0,20.0,0,1,0
330,32.0,1.0,20.0,1.0,4,49.0,2.0,40.0,1,1,1
9562,39.0,4.0,22.0,1.0,0,421.0,0.0,40.0,0,0,1
6489,52.0,1.0,16.0,1.0,4,49.0,0.0,30.0,1,1,0
5186,30.0,1.0,19.0,1.0,4,25.0,1.0,15.0,1,1,0
351,23.0,1.0,1.0,5.0,4,49.0,15.0,40.0,1,1,0
2973,25.0,1.0,21.0,1.0,0,48.0,1.0,20.0,0,1,0
8214,36.0,1.0,18.0,1.0,2,49.0,1.0,96.0,0,1,0
4778,22.0,2.0,21.0,1.0,0,8.0,0.0,15.0,0,1,0
8095,36.0,1.0,22.0,1.0,0,132.0,0.0,40.0,1,1,1
7143,66.0,1.0,22.0,1.0,0,49.0,0.0,50.0,1,1,1
1619,28.0,1.0,21.0,5.0,3,303.0,5.0,40.0,1,1,1
1236,49.0,2.0,16.0,1.0,4,106.0,1.0,40.0,0,1,1
1480,36.0,1.0,21.0,1.0,0,49.0,1.0,30.0,0,1,0
6839,44.0,4.0,20.0,1.0,0,49.0,0.0,27.0,0,1,0
2245,39.0,7.0,19.0,1.0,1,49.0,0.0,1.0,0,1,0
871,21.0,1.0,19.0,5.0,0,6.0,17.0,40.0,0,1,0
7961,33.0,5.0,16.0,1.0,1,8.0,0.0,40.0,0,1,0
3251,37.0,1.0,22.0,5.0,0,49.0,2.0,40.0,1,1,1
8332,21.0,1.0,16.0,1.0,0,49.0,1.0,40.0,0,1,0
6790,24.0,6.0,23.0,1.0,0,41.0,1.0,3.0,1,1,0
9064,17.0,1.0,14.0,5.0,4,49.0,2.0,40.0,1,0,0
3199,32.0,1.0,21.0,1.0,0,42.0,1.0,50.0,1,1,1
4770,63.0,2.0,20.0,1.0,2,16.0,0.0,50.0,1,1,1
9602,48.0,1.0,19.0,1.0,3,6.0,0.0,40.0,1,1,1
9355,76.0,2.0,21.0,3.0,0,39.0,0.0,40.0,0,1,1
10342,46.0,4.0,22.0,1.0,0,49.0,1.0,45.0,0,1,1
9668,66.0,1.0,21.0,1.0,3,49.0,1.0,20.0,1,1,0
6248,20.0,1.0,16.0,5.0,1,16.0,0.0,20.0,1,1,0
3556,20.0,1.0,16.0,5.0,4,49.0,15.0,15.0,1,1,0
12515,25.0,1.0,18.0,1.0,2,6.0,1.0,20.0,0,1,0
9354,30.0,1.0,18.0,1.0,2,49.0,0.0,3.0,0,1,1
3220,25.0,1.0,20.0,5.0,3,49.0,0.0,50.0,1,1,0
408,54.0,1.0,18.0,1.0,4,6.0,1.0,40.0,1,1,1
5088,20.0,1.0,21.0,5.0,0,48.0,12.0,28.0,0,1,0
230,50.0,2.0,22.0,1.0,0,49.0,0.0,60.0,1,1,1
12823,39.0,1.0,22.0,1.0,0,49.0,0.0,45.0,1,1,1
3338,22.0,2.0,16.0,5.0,0,49.0,17.0,28.0,0,1,0
5110,56.0,1.0,21.0,1.0,0,49.0,0.0,40.0,0,1,1
9098,39.0,1.0,21.0,3.0,3,49.0,11.0,40.0,0,1,1
2552,24.0,1.0,16.0,1.0,1,49.0,0.0,40.0,1,1,1
7766,61.0,1.0,20.0,3.0,2,49.0,0.0,40.0,1,1,1
12118,27.0,4.0,19.0,5.0,2,49.0,2.0,5.0,0,1,0
1099,47.0,3.0,22.0,1.0,0,38.0,0.0,40.0,0,0,1
4482,27.0,1.0,19.0,1.0,4,6.0,0.0,46.0,1,1,1
1140,56.0,1.0,21.0,1.0,0,6.0,1.0,50.0,0,1,0
802,47.0,3.0,17.0,1.0,1,49.0,1.0,15.0,0,1,0
10759,29.0,1.0,16.0,5.0,2,49.0,2.0,20.0,0,1,0
14,54.0,1.0,16.0,3.0,2,49.0,13.0,50.0,0,1,1
12566,72.0,1.0,20.0,1.0,0,6.0,0.0,55.0,1,1,1
3756,61.0,1.0,22.0,5.0,0,10.0,0.0,40.0,1,1,1
6379,64.0,7.0,20.0,1.0,1,49.0,1.0,40.0,0,1,0
1945,30.0,1.0,21.0,5.0,2,49.0,13.0,40.0,0,1,0
9270,31.0,6.0,22.0,1.0,0,6.0,1.0,70.0,1,1,1
5160,45.0,7.0,20.0,1.0,2,49.0,0.0,40.0,1,1,1
4386,32.0,1.0,21.0,5.0,1,49.0,2.0,40.0,1,1,1
9202,27.0,3.0,23.0,4.0,0,49.0,0.0,40.0,1,1,1
8897,62.0,1.0,21.0,1.0,0,49.0,1.0,40.0,1,1,1
12819,39.0,1.0,23.0,1.0,0,49.0,0.0,40.0,0,1,1
6048,29.0,1.0,22.0,5.0,0,53.0,12.0,40.0,1,1,0
684,23.0,1.0,17.0,1.0,3,49.0,1.0,5.0,1,1,0
3160,52.0,7.0,23.0,1.0,-1,49.0,15.0,40.0,1,1,1
3775,25.0,2.0,21.0,1.0,0,49.0,0.0,40.0,1,1,0
9480,51.0,1.0,19.0,1.0,0,49.0,1.0,45.0,1,1,1
3333,40.0,1.0,16.0,5.0,2,6.0,0.0,36.0,0,1,0
11336,33.0,3.0,20.0,1.0,0,233.0,1.0,50.0,0,0,1
7423,19.0,1.0,21.0,1.0,0,49.0,1.0,40.0,1,1,0
5218,48.0,2.0,12.0,1.0,1,16.0,1.0,10.0,0,1,0
3364,46.0,1.0,18.0,1.0,4,49.0,0.0,30.0,1,1,0
8704,80.0,1.0,16.0,2.0,2,36.0,0.0,40.0,0,1,1
1395,62.0,1.0,16.0,1.0,0,4.0,0.0,40.0,1,1,1
9911,32.0,1.0,22.0,1.0,0,6.0,0.0,46.0,1,1,1
6291,73.0,1.0,18.0,1.0,3,36.0,1.0,40.0,1,1,1
7135,65.0,6.0,16.0,1.0,4,49.0,0.0,30.0,1,1,1
1128,20.0,1.0,16.0,5.0,0,49.0,0.0,6.0,1,1,0
12158,22.0,6.0,19.0,1.0,3,49.0,9.0,40.0,1,1,0
11685,41.0,1.0,17.0,1.0,4,49.0,1.0,35.0,0,1,0
4451,54.0,3.0,21.0,1.0,1,6.0,0.0,40.0,0,1,0
10423,49.0,6.0,23.0,1.0,0,49.0,0.0,50.0,1,1,1
7868,48.0,1.0,16.0,1.0,3,303.0,1.0,70.0,1,0,1
6828,18.0,1.0,17.0,5.0,0,51.0,7.0,12.0,0,0,0
8482,21.0,1.0,19.0,5.0,0,49.0,10.0,5.0,1,1,0
1940,46.0,1.0,22.0,3.0,0,49.0,2.0,20.0,1,1,0
3846,60.0,1.0,21.0,1.0,0,49.0,1.0,40.0,0,1,1
3682,54.0,1.0,16.0,3.0,4,16.0,0.0,84.0,0,1,0
7792,55.0,6.0,22.0,1.0,0,49.0,0.0,44.0,1,1,1
7680,38.0,1.0,20.0,1.0,2,49.0,1.0,20.0,0,1,0
11824,19.0,1.0,16.0,5.0,4,49.0,2.0,32.0,0,1,0
12327,18.0,1.0,16.0,5.0,0,49.0,12.0,40.0,0,1,0
12695,42.0,1.0,22.0,3.0,0,16.0,0.0,36.0,0,1,0
12990,53.0,6.0,22.0,1.0,0,363.0,1.0,45.0,1,0,1
1330,55.0,1.0,21.0,1.0,0,46.0,0.0,40.0,1,1,1
6863,22.0,1.0,16.0,5.0,3,49.0,15.0,40.0,1,1,0
3535,37.0,1.0,24.0,1.0,0,49.0,0.0,50.0,1,1,1
8227,64.0,1.0,19.0,1.0,0,49.0,0.0,80.0,0,1,0
7337,22.0,1.0,14.0,5.0,1,18.0,17.0,45.0,1,1,0
1123,33.0,2.0,16.0,3.0,0,49.0,0.0,50.0,0,1,1
2380,21.0,1.0,21.0,5.0,2,207.0,3.0,40.0,0,0,0
816,17.0,1.0,19.0,5.0,4,49.0,2.0,40.0,0,1,0
4641,32.0,3.0,19.0,1.0,1,49.0,1.0,40.0,1,1,0
10701,43.0,1.0,18.0,1.0,3,49.0,1.0,44.0,1,0,1
7543,39.0,2.0,19.0,1.0,0,36.0,1.0,30.0,1,1,1
2845,49.0,6.0,21.0,1.0,0,49.0,1.0,30.0,0,1,0
4173,54.0,1.0,19.0,1.0,0,49.0,1.0,15.0,0,1,0
603,41.0,1.0,19.0,1.0,0,49.0,1.0,20.0,0,1,0
12314,27.0,1.0,14.0,1.0,1,49.0,0.0,35.0,1,1,0
7794,25.0,3.0,20.0,1.0,0,49.0,0.0,40.0,0,1,0
10858,20.0,1.0,22.0,5.0,0,10.0,13.0,60.0,1,1,0
1064,40.0,4.0,19.0,1.0,2,49.0,0.0,40.0,1,1,0
601,85.0,2.0,17.0,5.0,1,37.0,2.0,50.0,1,1,0
6938,39.0,1.0,21.0,1.0,0,49.0,1.0,20.0,1,1,0
6453,52.0,1.0,22.0,1.0,0,49.0,0.0,55.0,1,1,1
9678,24.0,1.0,16.0,5.0,2,6.0,0.0,10.0,0,1,0
7898,53.0,3.0,17.0,1.0,0,49.0,2.0,25.0,0,1,0
10509,22.0,1.0,16.0,5.0,3,49.0,2.0,50.0,1,1,1
1507,25.0,1.0,14.0,5.0,1,49.0,0.0,40.0,0,1,1
11245,21.0,1.0,16.0,5.0,1,6.0,12.0,25.0,1,1,0
1406,42.0,1.0,21.0,1.0,2,301.0,1.0,40.0,0,1,0
12726,18.0,1.0,20.0,5.0,2,49.0,10.0,20.0,0,1,0
4289,59.0,1.0,16.0,3.0,0,49.0,0.0,40.0,1,1,1
1729,23.0,6.0,19.0,1.0,4,1.0,1.0,40.0,1,1,0
7861,18.0,1.0,16.0,5.0,2,233.0,2.0,40.0,0,0,0
3227,31.0,1.0,19.0,1.0,4,30.0,0.0,40.0,1,1,1
12235,62.0,3.0,16.0,1.0,1,49.0,0.0,40.0,1,1,0
12523,39.0,1.0,21.0,1.0,2,49.0,1.0,40.0,0,1,1
5610,31.0,1.0,21.0,1.0,4,39.0,1.0,42.0,1,1,1
11862,40.0,1.0,19.0,5.0,1,6.0,0.0,20.0,0,1,0
9067,58.0,1.0,11.0,1.0,1,120.0,0.0,40.0,1,0,0
1053,28.0,7.0,21.0,1.0,3,49.0,1.0,4.0,0,1,0
2500,31.0,1.0,19.0,1.0,2,49.0,1.0,40.0,0,1,0
4140,30.0,6.0,18.0,1.0,2,49.0,0.0,40.0,0,1,1
5738,37.0,6.0,18.0,1.0,1,6.0,0.0,60.0,0,0,0
8454,34.0,1.0,19.0,5.0,4,110.0,12.0,40.0,1,1,1
8367,60.0,1.0,20.0,1.0,0,4.0,1.0,40.0,0,0,1
6444,28.0,1.0,16.0,1.0,0,12.0,0.0,40.0,1,1,1
2956,48.0,1.0,19.0,1.0,2,6.0,0.0,40.0,1,1,1
2900,59.0,1.0,18.0,1.0,0,49.0,0.0,50.0,1,1,1
5189,21.0,1.0,18.0,5.0,2,49.0,15.0,40.0,0,1,0
3829,27.0,1.0,19.0,1.0,4,18.0,1.0,40.0,1,1,0
284,34.0,1.0,20.0,1.0,0,6.0,0.0,16.0,0,1,0
10466,21.0,1.0,16.0,5.0,1,233.0,2.0,40.0,0,0,0
12816,24.0,1.0,7.0,5.0,1,49.0,13.0,25.0,1,1,1
5979,17.0,1.0,19.0,5.0,1,53.0,12.0,16.0,0,1,0
4921,65.0,1.0,18.0,1.0,0,49.0,1.0,30.0,0,1,1
11242,48.0,7.0,21.0,3.0,0,49.0,0.0,40.0,0,1,1
7397,24.0,7.0,15.0,1.0,0,6.0,0.0,55.0,1,1,1
5389,37.0,1.0,17.0,1.0,0,49.0,0.0,50.0,1,1,1
10641,36.0,1.0,18.0,1.0,2,49.0,0.0,25.0,0,1,1
914,22.0,1.0,16.0,5.0,0,49.0,2.0,50.0,0,1,1
7085,47.0,1.0,16.0,1.0,2,6.0,0.0,35.0,0,0,0
12956,24.0,1.0,14.0,5.0,2,120.0,13.0,40.0,0,0,0
6442,46.0,1.0,21.0,1.0,0,49.0,0.0,60.0,1,1,1
12891,34.0,2.0,19.0,1.0,0,53.0,0.0,40.0,0,1,1
614,48.0,3.0,18.0,1.0,0,48.0,0.0,40.0,0,1,1
4980,39.0,1.0,20.0,1.0,2,127.0,0.0,45.0,1,1,1
1701,64.0,1.0,20.0,1.0,0,49.0,1.0,40.0,1,1,1
8822,27.0,1.0,19.0,5.0,2,49.0,0.0,40.0,1,1,1
12372,45.0,1.0,19.0,1.0,0,49.0,0.0,40.0,1,1,0
12513,24.0,1.0,17.0,5.0,1,164.0,2.0,40.0,0,0,0
1634,50.0,1.0,18.0,3.0,3,15.0,0.0,60.0,1,1,1
1695,38.0,7.0,22.0,1.0,0,34.0,0.0,60.0,1,1,1
10100,21.0,1.0,14.0,5.0,4,49.0,13.0,50.0,1,1,0
10781,38.0,1.0,16.0,1.0,2,49.0,1.0,25.0,0,0,0
4282,20.0,4.0,16.0,5.0,2,49.0,17.0,10.0,0,1,0
2730,34.0,2.0,21.0,1.0,0,6.0,1.0,72.0,1,1,1
6214,59.0,1.0,19.0,1.0,2,49.0,1.0,50.0,0,1,0
4334,31.0,1.0,24.0,5.0,0,49.0,12.0,40.0,1,1,1
490,21.0,1.0,16.0,5.0,3,31.0,0.0,40.0,1,1,0
10908,27.0,1.0,17.0,5.0,3,49.0,2.0,40.0,1,1,0
5242,19.0,1.0,16.0,5.0,2,303.0,0.0,40.0,0,0,0
9854,39.0,1.0,20.0,1.0,0,49.0,0.0,30.0,0,1,0
7121,73.0,1.0,16.0,2.0,2,49.0,16.0,40.0,0,1,0
5929,60.0,1.0,18.0,1.0,0,35.0,1.0,40.0,1,1,0
4755,72.0,1.0,20.0,1.0,0,8.0,1.0,70.0,1,1,1
9745,22.0,4.0,22.0,1.0,0,49.0,1.0,20.0,0,1,0
985,53.0,1.0,20.0,3.0,3,49.0,0.0,40.0,1,1,1
3132,40.0,1.0,18.0,4.0,3,49.0,2.0,40.0,0,1,1
4302,17.0,1.0,19.0,5.0,1,16.0,13.0,40.0,1,1,0
8329,30.0,7.0,19.0,1.0,1,6.0,1.0,10.0,0,0,0
11644,46.0,2.0,19.0,1.0,2,49.0,1.0,40.0,0,1,1
2822,24.0,7.0,21.0,5.0,0,48.0,12.0,10.0,0,1,0
1825,39.0,1.0,16.0,5.0,3,35.0,2.0,40.0,1,0,1
988,37.0,7.0,21.0,1.0,0,53.0,0.0,40.0,1,1,1
5149,26.0,3.0,21.0,1.0,2,49.0,1.0,40.0,0,1,1
1658,40.0,1.0,16.0,1.0,2,18.0,0.0,10.0,0,1,0
4227,47.0,1.0,16.0,1.0,3,49.0,1.0,45.0,1,1,1
541,79.0,4.0,19.0,4.0,1,49.0,2.0,30.0,0,1,0
10935,23.0,1.0,19.0,5.0,2,20.0,2.0,45.0,0,1,0
1541,31.0,4.0,16.0,1.0,0,48.0,0.0,50.0,1,1,0
2511,35.0,6.0,16.0,1.0,3,49.0,1.0,40.0,1,1,0
9317,28.0,4.0,22.0,5.0,0,49.0,0.0,40.0,0,1,1
10431,75.0,4.0,19.0,1.0,4,49.0,1.0,32.0,1,1,1
11615,61.0,1.0,18.0,5.0,2,49.0,12.0,50.0,0,1,1
4930,33.0,1.0,17.0,1.0,0,49.0,1.0,40.0,0,1,1
832,43.0,4.0,22.0,1.0,0,49.0,1.0,50.0,0,1,1
6474,56.0,4.0,19.0,1.0,0,49.0,1.0,40.0,1,1,1
8875,53.0,1.0,19.0,1.0,0,49.0,0.0,40.0,1,1,0
5423,18.0,1.0,18.0,5.0,2,10.0,2.0,18.0,0,1,0
3544,34.0,3.0,19.0,1.0,1,49.0,1.0,40.0,0,1,0
3681,41.0,7.0,18.0,1.0,0,49.0,1.0,40.0,1,1,0
6465,20.0,1.0,22.0,5.0,0,49.0,2.0,15.0,0,1,0
4297,75.0,7.0,20.0,3.0,0,49.0,0.0,32.0,1,1,1
7128,47.0,4.0,21.0,1.0,0,49.0,0.0,40.0,0,1,1
9051,31.0,4.0,22.0,1.0,0,53.0,0.0,40.0,0,1,1
10599,42.0,3.0,19.0,1.0,1,49.0,0.0,10.0,0,1,0
5323,60.0,1.0,16.0,1.0,3,301.0,1.0,40.0,1,1,1
11247,19.0,2.0,15.0,5.0,4,49.0,0.0,50.0,1,1,0
343,46.0,3.0,18.0,3.0,0,361.0,0.0,40.0,0,1,1
2555,23.0,1.0,19.0,5.0,3,28.0,2.0,50.0,1,1,1
7629,63.0,3.0,18.0,1.0,1,49.0,0.0,40.0,0,1,0
5330,31.0,1.0,19.0,3.0,1,49.0,4.0,30.0,1,1,0
6142,30.0,2.0,21.0,1.0,0,303.0,1.0,20.0,0,1,0
12705,69.0,1.0,18.0,3.0,4,6.0,0.0,30.0,0,0,1
3668,26.0,1.0,19.0,5.0,1,6.0,2.0,40.0,0,1,0
11058,22.0,5.0,19.0,3.0,2,49.0,0.0,40.0,0,1,0
1604,18.0,1.0,14.0,5.0,1,27.0,2.0,40.0,1,1,0
10521,29.0,1.0,21.0,1.0,4,49.0,0.0,25.0,1,1,1
1014,43.0,1.0,16.0,3.0,2,49.0,0.0,25.0,0,1,0
48,29.0,1.0,18.0,5.0,2,49.0,2.0,16.0,1,1,0
4422,59.0,1.0,16.0,1.0,2,49.0,17.0,35.0,0,1,0
790,52.0,5.0,21.0,1.0,2,49.0,0.0,40.0,1,1,1
4134,64.0,1.0,16.0,5.0,1,417.0,2.0,40.0,1,1,0
3292,49.0,1.0,18.0,1.0,1,49.0,1.0,40.0,1,1,1
1969,40.0,1.0,19.0,1.0,-1,49.0,1.0,70.0,1,1,1
11922,62.0,1.0,18.0,1.0,2,6.0,1.0,50.0,1,1,1
373,49.0,1.0,21.0,5.0,2,39.0,0.0,40.0,1,1,1
9332,51.0,3.0,21.0,1.0,0,56.0,0.0,25.0,0,1,1
1010,32.0,4.0,21.0,5.0,0,49.0,17.0,15.0,0,1,0
12524,59.0,1.0,15.0,1.0,4,49.0,0.0,32.0,1,1,1
11347,45.0,2.0,21.0,1.0,0,49.0,0.0,35.0,1,1,0
4271,49.0,3.0,21.0,1.0,0,16.0,0.0,45.0,1,1,1
138,40.0,1.0,18.0,3.0,4,49.0,0.0,40.0,0,1,0
4514,42.0,1.0,22.0,1.0,2,303.0,1.0,38.0,1,1,1
1409,33.0,4.0,19.0,1.0,2,49.0,0.0,35.0,0,1,0
2880,20.0,1.0,19.0,5.0,0,8.0,2.0,40.0,1,1,0
575,31.0,1.0,16.0,2.0,1,32.0,0.0,40.0,0,1,1
2943,23.0,5.0,21.0,5.0,0,40.0,0.0,40.0,1,1,1
2610,42.0,1.0,20.0,5.0,1,440.0,2.0,30.0,1,0,0
1465,31.0,7.0,21.0,1.0,0,49.0,1.0,50.0,0,1,1
3150,28.0,1.0,21.0,1.0,2,49.0,0.0,40.0,1,0,1
192,61.0,1.0,20.0,1.0,0,41.0,1.0,25.0,0,1,0
6548,44.0,1.0,20.0,1.0,0,49.0,1.0,40.0,1,1,1
10650,63.0,1.0,21.0,1.0,2,207.0,1.0,40.0,0,0,0
2210,64.0,3.0,21.0,1.0,0,30.0,1.0,85.0,0,1,0
10568,17.0,1.0,20.0,5.0,0,303.0,0.0,40.0,0,0,0
10011,18.0,1.0,14.0,5.0,2,6.0,2.0,80.0,1,1,0
622,43.0,4.0,21.0,4.0,0,49.0,0.0,40.0,0,1,1
9676,41.0,1.0,24.0,1.0,0,49.0,1.0,40.0,1,1,1
529,43.0,1.0,20.0,1.0,2,49.0,1.0,40.0,1,1,1
2903,44.0,4.0,20.0,3.0,0,49.0,0.0,60.0,1,1,1
9493,24.0,1.0,16.0,5.0,1,16.0,0.0,40.0,0,1,0
9535,18.0,1.0,19.0,5.0,2,32.0,2.0,28.0,0,1,0
6942,40.0,4.0,20.0,1.0,0,6.0,1.0,40.0,1,1,0
1313,26.0,7.0,22.0,1.0,0,49.0,0.0,40.0,1,1,1
11829,17.0,1.0,21.0,5.0,2,16.0,2.0,26.0,1,1,0
5670,17.0,1.0,7.0,5.0,1,49.0,5.0,20.0,1,1,0
10842,48.0,1.0,21.0,1.0,0,49.0,0.0,45.0,0,1,1
4067,37.0,3.0,21.0,1.0,1,48.0,0.0,28.0,1,1,1
4577,19.0,3.0,20.0,5.0,0,49.0,17.0,20.0,0,1,0
9012,39.0,1.0,2.0,5.0,1,49.0,13.0,40.0,1,1,1
8124,31.0,1.0,18.0,1.0,0,6.0,1.0,80.0,1,1,1
6107,72.0,1.0,19.0,1.0,2,49.0,1.0,40.0,0,1,1
5730,24.0,1.0,16.0,5.0,4,20.0,2.0,40.0,1,1,0
12948,52.0,7.0,19.0,1.0,1,49.0,1.0,40.0,0,1,1
4441,53.0,6.0,19.0,1.0,0,49.0,0.0,45.0,1,1,1
7344,25.0,4.0,21.0,1.0,0,6.0,0.0,21.0,0,1,0
6070,64.0,1.0,22.0,1.0,0,53.0,0.0,50.0,1,1,1
7595,19.0,3.0,20.0,4.0,1,26.0,12.0,20.0,0,1,0
2011,35.0,2.0,16.0,1.0,0,49.0,0.0,14.0,0,1,0
6487,65.0,1.0,21.0,1.0,4,16.0,2.0,20.0,1,1,1
5231,17.0,1.0,19.0,5.0,2,49.0,5.0,20.0,1,1,0
3422,64.0,8.0,20.0,1.0,0,20.0,1.0,30.0,0,1,0
4809,24.0,1.0,18.0,5.0,3,49.0,4.0,40.0,1,1,0
9156,28.0,3.0,16.0,1.0,1,49.0,1.0,6.0,0,1,0
4021,23.0,4.0,13.0,1.0,1,12.0,1.0,28.0,1,1,0
7676,40.0,1.0,20.0,5.0,0,215.0,12.0,2.0,0,1,0
2910,26.0,1.0,14.0,5.0,1,26.0,12.0,40.0,1,1,0
7394,26.0,1.0,22.0,5.0,0,49.0,0.0,25.0,0,1,1
3812,57.0,1.0,21.0,1.0,0,49.0,1.0,40.0,0,1,1
1397,34.0,1.0,24.0,1.0,0,49.0,1.0,50.0,0,1,1
1200,19.0,1.0,19.0,5.0,3,49.0,2.0,6.0,1,1,0
11007,42.0,4.0,21.0,1.0,0,49.0,1.0,40.0,1,1,1
4615,79.0,1.0,14.0,3.0,2,49.0,2.0,40.0,1,1,0
7656,40.0,1.0,21.0,1.0,1,49.0,1.0,60.0,1,1,0
5316,83.0,4.0,19.0,1.0,0,49.0,0.0,50.0,0,1,1
4077,19.0,1.0,21.0,5.0,1,49.0,2.0,22.0,1,1,0
11261,36.0,6.0,18.0,1.0,2,49.0,6.0,10.0,0,0,0
8299,24.0,1.0,23.0,5.0,0,49.0,15.0,40.0,1,1,1
1498,25.0,1.0,18.0,1.0,3,6.0,1.0,60.0,1,1,1
1387,23.0,1.0,16.0,1.0,2,49.0,0.0,40.0,0,1,0
11443,28.0,1.0,18.0,5.0,2,417.0,17.0,40.0,1,1,0
7272,45.0,1.0,19.0,1.0,2,49.0,0.0,40.0,1,1,1
600,37.0,5.0,16.0,1.0,2,31.0,1.0,40.0,0,1,1
6213,39.0,1.0,19.0,1.0,4,242.0,0.0,40.0,1,0,1
585,84.0,1.0,17.0,3.0,1,49.0,0.0,40.0,0,0,1
11308,62.0,7.0,16.0,1.0,2,6.0,1.0,3.0,0,0,0
5672,40.0,1.0,16.0,1.0,1,49.0,1.0,40.0,0,1,1
2350,59.0,1.0,18.0,1.0,1,49.0,0.0,30.0,1,1,1
2449,30.0,1.0,20.0,1.0,2,49.0,0.0,40.0,0,1,0
12640,27.0,1.0,21.0,5.0,2,164.0,2.0,43.0,1,0,0
9347,47.0,1.0,23.0,1.0,0,49.0,0.0,40.0,1,1,1
5421,18.0,4.0,21.0,5.0,0,49.0,17.0,20.0,0,1,0
9757,51.0,1.0,19.0,1.0,0,231.0,1.0,50.0,1,1,1
9117,26.0,1.0,14.0,5.0,1,49.0,12.0,40.0,0,1,0
8703,20.0,1.0,21.0,5.0,0,49.0,0.0,16.0,0,1,0
11077,29.0,1.0,16.0,1.0,0,32.0,1.0,30.0,0,1,0
3804,61.0,1.0,19.0,3.0,0,49.0,0.0,10.0,1,1,0
5736,39.0,1.0,20.0,1.0,1,13.0,1.0,40.0,1,1,1
3503,45.0,1.0,18.0,5.0,1,49.0,2.0,16.0,1,1,0
11859,46.0,1.0,22.0,1.0,3,6.0,0.0,40.0,1,1,1
6195,25.0,5.0,18.0,1.0,2,40.0,1.0,20.0,0,1,0
8002,23.0,4.0,19.0,1.0,0,49.0,0.0,15.0,0,1,0
2887,69.0,6.0,20.0,1.0,0,49.0,0.0,45.0,1,1,1
433,86.0,4.0,16.0,2.0,4,361.0,4.0,1.0,1,1,0
3295,42.0,1.0,21.0,5.0,0,49.0,0.0,30.0,0,1,0
11032,24.0,2.0,20.0,1.0,0,49.0,1.0,40.0,0,1,0
1585,56.0,7.0,19.0,3.0,3,49.0,5.0,15.0,1,1,0
4777,45.0,1.0,20.0,3.0,4,6.0,0.0,60.0,1,1,1
2550,62.0,1.0,20.0,1.0,4,53.0,0.0,45.0,1,1,1
12950,52.0,4.0,21.0,1.0,0,23.0,0.0,40.0,1,1,1
8701,17.0,1.0,21.0,5.0,0,49.0,2.0,20.0,1,1,0
4827,20.0,1.0,16.0,1.0,3,49.0,0.0,15.0,1,1,0
2712,58.0,1.0,21.0,1.0,0,49.0,1.0,40.0,1,1,1
2070,47.0,1.0,21.0,5.0,1,49.0,13.0,50.0,1,1,1
5403,18.0,1.0,16.0,5.0,4,41.0,17.0,20.0,0,0,0
3115,49.0,2.0,22.0,1.0,0,49.0,0.0,40.0,1,1,0
3919,58.0,1.0,21.0,1.0,1,49.0,1.0,20.0,0,1,0
4902,41.0,1.0,19.0,1.0,2,49.0,1.0,40.0,1,1,1
12400,47.0,4.0,21.0,1.0,0,23.0,0.0,40.0,1,1,0
11661,24.0,1.0,16.0,5.0,4,53.0,0.0,45.0,1,1,0
796,23.0,1.0,19.0,5.0,0,49.0,0.0,50.0,1,1,1
3779,44.0,1.0,19.0,1.0,4,49.0,1.0,40.0,1,1,1
9857,30.0,1.0,22.0,1.0,0,49.0,0.0,40.0,1,1,1
6090,18.0,1.0,18.0,5.0,1,49.0,4.0,40.0,0,1,0
3311,22.0,1.0,16.0,3.0,4,16.0,0.0,45.0,1,1,1
6574,17.0,1.0,16.0,5.0,1,49.0,2.0,10.0,1,1,0
12131,38.0,1.0,19.0,3.0,4,136.0,0.0,40.0,1,1,1
9527,41.0,1.0,19.0,1.0,0,49.0,0.0,3.0,0,1,1
3206,37.0,5.0,21.0,5.0,0,26.0,0.0,50.0,1,1,1
8232,32.0,1.0,16.0,5.0,1,49.0,5.0,20.0,1,1,0
1523,62.0,1.0,16.0,1.0,3,49.0,0.0,40.0,1,1,1
552,36.0,5.0,21.0,1.0,0,162.0,1.0,50.0,1,0,1
10156,20.0,6.0,18.0,1.0,2,49.0,2.0,30.0,1,1,0
941,64.0,1.0,21.0,3.0,1,49.0,0.0,32.0,0,1,0
7479,44.0,1.0,22.0,1.0,2,25.0,0.0,20.0,0,1,0
8711,63.0,6.0,21.0,1.0,4,17.0,1.0,40.0,1,1,1
12401,46.0,1.0,19.0,1.0,4,49.0,1.0,40.0,1,1,1
1787,30.0,4.0,23.0,1.0,0,13.0,0.0,35.0,0,1,0
4211,27.0,6.0,21.0,1.0,1,49.0,0.0,40.0,1,1,0
4632,66.0,5.0,21.0,1.0,2,49.0,0.0,45.0,0,1,1
9958,26.0,1.0,19.0,1.0,2,49.0,0.0,50.0,1,1,1
2187,49.0,1.0,18.0,5.0,2,49.0,2.0,16.0,0,1,0
11403,47.0,3.0,19.0,1.0,2,49.0,1.0,35.0,1,1,0
6961,62.0,1.0,20.0,1.0,0,49.0,0.0,40.0,0,1,1
11757,19.0,1.0,19.0,5.0,2,49.0,2.0,38.0,0,1,0
12270,39.0,1.0,16.0,3.0,4,48.0,15.0,30.0,0,1,0
4214,32.0,3.0,21.0,1.0,0,18.0,1.0,4.0,0,1,0
12709,58.0,1.0,16.0,1.0,4,37.0,1.0,20.0,1,1,0
5952,21.0,4.0,20.0,3.0,2,49.0,0.0,40.0,0,1,0
2302,72.0,2.0,17.0,1.0,0,49.0,0.0,40.0,0,1,1
141,39.0,6.0,20.0,1.0,1,49.0,0.0,22.0,0,1,0
2059,63.0,1.0,19.0,5.0,1,55.0,0.0,40.0,1,1,1
777,37.0,1.0,2.0,5.0,1,49.0,0.0,40.0,1,1,1
4117,17.0,1.0,1.0,5.0,2,209.0,12.0,25.0,1,0,0
11218,43.0,2.0,19.0,1.0,1,49.0,0.0,40.0,0,1,0
5638,53.0,4.0,19.0,2.0,2,25.0,0.0,40.0,0,1,1
1352,44.0,1.0,21.0,5.0,2,373.0,0.0,45.0,1,0,1
11287,36.0,1.0,14.0,5.0,0,56.0,12.0,40.0,0,1,0
2104,56.0,1.0,15.0,1.0,1,421.0,1.0,40.0,0,0,0
1404,36.0,1.0,21.0,1.0,2,6.0,1.0,3.0,0,0,0
7358,32.0,4.0,16.0,5.0,4,421.0,7.0,18.0,1,0,0
10272,28.0,3.0,16.0,5.0,1,16.0,13.0,40.0,0,1,0
1319,38.0,2.0,5.0,1.0,2,16.0,0.0,40.0,1,1,1
8092,63.0,1.0,18.0,1.0,2,49.0,0.0,1.0,0,1,1
7374,38.0,5.0,21.0,1.0,4,49.0,0.0,42.0,0,1,1
3616,22.0,1.0,16.0,5.0,4,26.0,7.0,5.0,1,1,0
8259,33.0,1.0,23.0,1.0,0,372.0,1.0,40.0,1,1,1
2564,31.0,2.0,21.0,1.0,2,6.0,1.0,40.0,0,1,0
1749,23.0,1.0,18.0,5.0,2,4.0,2.0,15.0,0,1,0
8556,21.0,1.0,18.0,5.0,1,49.0,0.0,38.0,1,1,0
4729,50.0,1.0,21.0,1.0,0,49.0,0.0,40.0,0,1,1
4063,20.0,3.0,20.0,5.0,0,16.0,2.0,40.0,0,1,0
3026,32.0,1.0,8.0,5.0,2,49.0,0.0,99.0,1,1,1
8612,32.0,2.0,18.0,5.0,2,127.0,2.0,36.0,0,1,0
3461,50.0,1.0,19.0,1.0,1,8.0,0.0,40.0,0,1,0
11814,43.0,1.0,20.0,1.0,3,301.0,0.0,45.0,1,1,1
6092,25.0,1.0,19.0,5.0,3,242.0,2.0,20.0,1,0,0
6207,44.0,1.0,16.0,1.0,4,8.0,1.0,40.0,0,1,0
180,37.0,1.0,17.0,3.0,0,48.0,2.0,40.0,1,1,0
8060,21.0,2.0,18.0,5.0,4,49.0,12.0,20.0,1,1,0
6340,27.0,1.0,19.0,1.0,4,49.0,0.0,10.0,1,1,1
1438,42.0,1.0,22.0,1.0,4,303.0,0.0,23.0,1,1,0
6857,58.0,1.0,21.0,1.0,0,41.0,1.0,32.0,0,1,1
4942,56.0,6.0,21.0,1.0,0,28.0,1.0,55.0,1,1,1
9618,56.0,3.0,21.0,1.0,0,49.0,1.0,33.0,0,1,0
2174,30.0,2.0,20.0,5.0,0,49.0,12.0,40.0,0,1,1
2984,29.0,1.0,7.0,5.0,1,48.0,0.0,40.0,1,0,1
1442,18.0,1.0,16.0,5.0,4,49.0,0.0,23.0,1,1,0
10286,52.0,7.0,19.0,1.0,3,370.0,1.0,45.0,1,1,1
6597,63.0,4.0,23.0,1.0,0,49.0,0.0,40.0,0,1,1
3951,37.0,4.0,22.0,1.0,0,49.0,0.0,40.0,1,1,1
7641,32.0,1.0,22.0,5.0,2,49.0,2.0,50.0,1,1,1
8938,21.0,1.0,19.0,5.0,4,48.0,5.0,35.0,1,1,0
10160,63.0,1.0,20.0,1.0,3,51.0,1.0,60.0,1,1,0
2922,57.0,7.0,20.0,3.0,0,303.0,0.0,40.0,1,1,1
7108,24.0,1.0,19.0,5.0,1,49.0,2.0,40.0,1,1,0
10878,37.0,1.0,19.0,1.0,1,49.0,0.0,20.0,1,1,0
12689,21.0,1.0,18.0,5.0,2,49.0,17.0,58.0,1,1,0
6393,41.0,3.0,21.0,1.0,0,303.0,1.0,40.0,0,1,1
4403,54.0,1.0,19.0,3.0,0,17.0,0.0,50.0,1,1,1
6536,44.0,1.0,21.0,1.0,0,49.0,0.0,45.0,1,1,1
9934,22.0,4.0,21.0,1.0,0,49.0,1.0,30.0,0,1,0
7003,28.0,1.0,18.0,1.0,0,49.0,1.0,40.0,1,1,1
12699,49.0,4.0,20.0,1.0,1,49.0,0.0,40.0,0,1,1
6727,53.0,1.0,23.0,1.0,0,49.0,1.0,40.0,0,1,1
5271,53.0,7.0,19.0,1.0,-1,49.0,15.0,20.0,1,1,0
9986,47.0,7.0,21.0,3.0,0,49.0,16.0,40.0,0,1,0
4277,53.0,1.0,16.0,1.0,4,48.0,0.0,25.0,1,1,0
11204,44.0,1.0,16.0,3.0,3,30.0,0.0,40.0,1,1,1
870,25.0,6.0,21.0,1.0,3,49.0,1.0,30.0,1,1,0
8368,35.0,1.0,21.0,1.0,2,49.0,0.0,36.0,0,1,0
11472,42.0,1.0,22.0,1.0,0,6.0,1.0,24.0,0,1,0
3493,43.0,5.0,21.0,1.0,0,49.0,0.0,15.0,0,1,0
8306,31.0,2.0,12.0,1.0,1,49.0,0.0,40.0,1,1,0
2126,51.0,1.0,19.0,1.0,0,49.0,1.0,40.0,0,1,1
12267,22.0,5.0,19.0,5.0,0,49.0,2.0,20.0,1,1,0
4275,20.0,2.0,14.0,5.0,4,6.0,0.0,40.0,1,1,0
2026,46.0,7.0,20.0,1.0,3,4.0,0.0,40.0,1,1,1
7749,34.0,1.0,20.0,1.0,0,468.0,0.0,50.0,1,1,1
4913,49.0,6.0,21.0,1.0,4,49.0,0.0,50.0,1,1,1
8993,78.0,4.0,16.0,3.0,1,6.0,0.0,35.0,0,1,0
4456,44.0,1.0,22.0,1.0,0,49.0,0.0,40.0,0,1,1
8318,49.0,3.0,23.0,1.0,0,132.0,0.0,40.0,1,1,1
8196,28.0,1.0,21.0,1.0,0,6.0,0.0,40.0,0,1,0
3400,41.0,1.0,19.0,1.0,2,6.0,0.0,15.0,1,0,0
9340,40.0,1.0,20.0,1.0,1,6.0,0.0,45.0,0,1,0
12887,17.0,1.0,15.0,5.0,2,55.0,4.0,40.0,0,1,0
3790,37.0,7.0,20.0,3.0,0,36.0,6.0,50.0,0,1,0
12737,42.0,1.0,19.0,3.0,2,49.0,0.0,70.0,0,1,0
6136,25.0,4.0,21.0,5.0,0,421.0,2.0,50.0,0,0,0
9125,28.0,1.0,19.0,5.0,1,49.0,0.0,40.0,0,1,0
3915,26.0,1.0,20.0,1.0,1,49.0,1.0,10.0,1,1,0
5369,21.0,1.0,18.0,5.0,0,49.0,2.0,30.0,0,1,0
1279,25.0,3.0,16.0,4.0,1,363.0,0.0,35.0,0,0,0
1786,35.0,1.0,22.0,5.0,0,49.0,2.0,60.0,1,1,1
4618,45.0,1.0,22.0,1.0,0,36.0,0.0,40.0,1,1,1
5662,42.0,1.0,19.0,1.0,4,49.0,1.0,40.0,0,1,1
334,34.0,2.0,19.0,1.0,0,60.0,1.0,45.0,1,0,1
7442,58.0,1.0,16.0,1.0,0,17.0,0.0,40.0,1,1,1
4985,56.0,1.0,19.0,1.0,3,49.0,0.0,16.0,1,1,0
9548,40.0,1.0,18.0,1.0,4,6.0,0.0,42.0,1,1,1
481,57.0,1.0,20.0,1.0,3,42.0,0.0,32.0,1,1,0
10758,26.0,3.0,23.0,1.0,0,49.0,0.0,32.0,1,1,0
3890,44.0,1.0,20.0,1.0,2,49.0,1.0,40.0,0,1,0
2199,48.0,1.0,16.0,1.0,2,49.0,0.0,20.0,0,1,0
6499,58.0,1.0,19.0,1.0,2,49.0,0.0,40.0,1,0,0
10375,31.0,7.0,19.0,1.0,3,36.0,0.0,40.0,1,1,1
7074,24.0,1.0,15.0,5.0,2,51.0,17.0,30.0,1,1,0
676,33.0,1.0,16.0,1.0,1,49.0,1.0,40.0,0,1,0
12375,48.0,1.0,21.0,1.0,1,53.0,1.0,40.0,0,1,1
10167,19.0,1.0,1.0,5.0,1,233.0,13.0,5.0,1,0,0
313,17.0,1.0,20.0,5.0,0,49.0,2.0,32.0,0,1,0
3861,67.0,6.0,21.0,1.0,0,412.0,0.0,40.0,1,0,1
937,30.0,1.0,19.0,5.0,0,49.0,2.0,40.0,1,1,1
3524,24.0,1.0,21.0,5.0,0,6.0,17.0,50.0,1,0,0
1984,44.0,5.0,20.0,1.0,0,49.0,0.0,40.0,1,1,1
9945,23.0,1.0,21.0,1.0,2,49.0,0.0,15.0,0,1,0
4969,37.0,6.0,18.0,5.0,1,49.0,2.0,20.0,1,1,0
11819,29.0,3.0,23.0,5.0,0,16.0,0.0,75.0,0,1,1
11118,70.0,1.0,16.0,1.0,3,8.0,1.0,40.0,1,1,0
6707,38.0,1.0,17.0,3.0,4,6.0,0.0,40.0,1,1,1
1994,50.0,1.0,20.0,1.0,1,49.0,2.0,15.0,0,1,0
8361,62.0,4.0,18.0,1.0,2,49.0,0.0,15.0,0,1,0
9977,44.0,1.0,21.0,3.0,0,6.0,0.0,50.0,1,1,1
12428,38.0,7.0,16.0,1.0,1,49.0,1.0,1.0,1,1,0
8972,46.0,1.0,18.0,1.0,3,49.0,1.0,45.0,1,1,1
8123,37.0,1.0,21.0,3.0,0,49.0,0.0,12.0,0,1,0
5293,51.0,1.0,18.0,1.0,4,34.0,1.0,48.0,1,1,1
5505,24.0,6.0,16.0,1.0,3,303.0,1.0,45.0,1,0,1
8803,34.0,1.0,20.0,1.0,0,49.0,0.0,55.0,1,1,1
1310,23.0,3.0,19.0,5.0,0,49.0,0.0,40.0,1,1,0
10582,36.0,1.0,16.0,1.0,2,6.0,0.0,66.0,1,1,1
8974,20.0,1.0,20.0,5.0,0,27.0,12.0,40.0,0,1,0
11228,51.0,3.0,20.0,1.0,2,4.0,1.0,36.0,0,1,1
97,23.0,1.0,21.0,5.0,0,49.0,0.0,40.0,1,1,1
2007,35.0,1.0,22.0,1.0,0,6.0,0.0,50.0,0,1,1
3578,41.0,1.0,20.0,1.0,0,49.0,0.0,40.0,1,1,1
6023,41.0,1.0,19.0,1.0,4,49.0,0.0,30.0,1,1,0
6669,24.0,1.0,19.0,5.0,2,4.0,2.0,40.0,1,1,0
8586,35.0,3.0,21.0,1.0,0,8.0,0.0,40.0,0,1,1
11120,42.0,1.0,19.0,1.0,4,49.0,0.0,50.0,1,1,1
9344,55.0,4.0,16.0,1.0,2,6.0,0.0,99.0,1,1,1
11698,23.0,1.0,14.0,5.0,2,49.0,2.0,40.0,1,1,0
5146,19.0,1.0,20.0,5.0,1,6.0,0.0,40.0,0,1,0
26,36.0,1.0,20.0,1.0,1,18.0,1.0,18.0,0,0,0
8426,59.0,7.0,19.0,1.0,2,148.0,1.0,40.0,0,1,1
854,42.0,1.0,16.0,5.0,3,110.0,5.0,16.0,1,1,1
5405,58.0,6.0,16.0,1.0,0,49.0,0.0,80.0,1,1,1
8543,21.0,1.0,1.0,5.0,4,49.0,12.0,40.0,1,1,0
10676,19.0,1.0,16.0,5.0,3,242.0,2.0,8.0,1,0,0
5478,49.0,4.0,18.0,1.0,0,4.0,1.0,52.0,0,1,1
6636,44.0,2.0,20.0,1.0,2,49.0,0.0,32.0,0,1,0
586,37.0,1.0,16.0,1.0,4,49.0,0.0,40.0,1,1,1
10085,22.0,1.0,20.0,5.0,1,303.0,2.0,10.0,0,0,0
8080,73.0,4.0,14.0,1.0,1,49.0,0.0,40.0,1,1,0
2914,36.0,2.0,23.0,1.0,0,49.0,0.0,22.0,1,1,1
6409,32.0,1.0,21.0,5.0,0,48.0,12.0,40.0,0,1,1
7695,22.0,1.0,16.0,3.0,3,6.0,0.0,40.0,1,1,0
11985,53.0,2.0,17.0,3.0,4,26.0,16.0,12.0,0,1,0
2585,21.0,3.0,21.0,5.0,0,49.0,2.0,6.0,1,1,0
10658,31.0,4.0,18.0,1.0,0,49.0,1.0,15.0,0,1,0
11125,48.0,1.0,20.0,3.0,0,16.0,0.0,40.0,1,1,1
4052,31.0,1.0,16.0,1.0,2,49.0,1.0,20.0,0,1,0
9049,28.0,4.0,16.0,5.0,4,49.0,0.0,40.0,1,0,1
12141,17.0,6.0,16.0,5.0,2,56.0,2.0,8.0,1,1,0
12183,22.0,7.0,16.0,3.0,2,370.0,0.0,18.0,0,1,0
6382,51.0,1.0,16.0,1.0,4,49.0,1.0,20.0,1,1,1
3318,21.0,1.0,1.0,5.0,4,49.0,2.0,36.0,1,1,0
10879,36.0,1.0,21.0,3.0,2,49.0,0.0,40.0,0,1,1
5386,59.0,1.0,22.0,1.0,2,247.0,0.0,40.0,1,0,1
12563,43.0,1.0,23.0,1.0,0,49.0,0.0,42.0,0,1,1
5064,37.0,2.0,22.0,5.0,0,31.0,0.0,60.0,1,1,1
12099,43.0,1.0,21.0,1.0,2,49.0,1.0,5.0,0,1,0
4099,44.0,1.0,21.0,1.0,2,49.0,0.0,40.0,0,1,1
124,43.0,6.0,15.0,1.0,0,49.0,0.0,40.0,0,1,0
7393,39.0,4.0,22.0,1.0,0,49.0,1.0,20.0,0,1,0
986,53.0,1.0,19.0,1.0,4,49.0,0.0,40.0,1,1,0
7070,61.0,3.0,20.0,1.0,1,49.0,1.0,6.0,0,1,0
9369,55.0,1.0,21.0,3.0,0,49.0,0.0,60.0,1,1,1
11332,33.0,7.0,22.0,1.0,0,16.0,0.0,45.0,1,1,1
6926,34.0,1.0,19.0,1.0,2,49.0,0.0,12.0,0,1,0
6908,46.0,6.0,20.0,5.0,2,36.0,0.0,40.0,0,1,1
11299,60.0,1.0,16.0,1.0,3,53.0,0.0,50.0,1,1,1
5767,30.0,4.0,23.0,1.0,0,48.0,0.0,40.0,1,1,1
11751,21.0,1.0,19.0,5.0,2,233.0,17.0,40.0,1,0,0
2064,24.0,1.0,19.0,5.0,0,45.0,0.0,48.0,1,1,0
7404,47.0,1.0,16.0,5.0,3,210.0,17.0,40.0,1,0,0
10941,17.0,1.0,16.0,5.0,3,49.0,0.0,40.0,1,1,0
2141,53.0,1.0,21.0,1.0,0,47.0,1.0,50.0,1,1,1
11729,24.0,2.0,21.0,1.0,0,48.0,0.0,40.0,1,1,1
8150,69.0,4.0,22.0,1.0,0,55.0,1.0,24.0,0,1,0
11106,31.0,4.0,21.0,5.0,0,49.0,0.0,40.0,0,1,1
1891,53.0,1.0,16.0,1.0,2,39.0,1.0,40.0,0,1,0
6269,42.0,2.0,18.0,3.0,1,49.0,8.0,40.0,0,1,0
2603,62.0,6.0,20.0,1.0,2,49.0,0.0,18.0,0,1,0
10201,53.0,1.0,16.0,1.0,2,49.0,0.0,16.0,0,1,0
9006,23.0,1.0,19.0,1.0,3,49.0,0.0,28.0,1,1,1
2535,21.0,1.0,16.0,5.0,4,49.0,2.0,40.0,1,1,0
7884,21.0,1.0,19.0,5.0,1,49.0,2.0,32.0,0,1,0
4674,33.0,4.0,20.0,1.0,0,39.0,10.0,60.0,0,1,1
11703,33.0,1.0,20.0,1.0,0,49.0,0.0,24.0,0,1,0
2186,24.0,1.0,1.0,5.0,2,49.0,0.0,15.0,0,1,0
6300,41.0,1.0,20.0,3.0,0,33.0,0.0,50.0,1,1,1
1609,61.0,3.0,20.0,1.0,0,23.0,0.0,50.0,0,1,1
9294,31.0,7.0,16.0,1.0,4,41.0,0.0,20.0,1,1,0
12531,56.0,4.0,21.0,1.0,0,49.0,0.0,40.0,0,1,1
1332,41.0,1.0,20.0,1.0,0,6.0,0.0,40.0,0,1,0
2851,26.0,1.0,20.0,5.0,2,8.0,2.0,20.0,0,1,0
4825,20.0,1.0,15.0,5.0,4,46.0,0.0,40.0,1,1,0
323,43.0,1.0,21.0,1.0,0,49.0,1.0,40.0,0,1,1
11419,23.0,1.0,21.0,1.0,1,49.0,1.0,40.0,1,1,0
9423,53.0,1.0,16.0,1.0,1,49.0,0.0,40.0,0,1,0
2629,22.0,1.0,18.0,5.0,2,49.0,0.0,40.0,0,1,0
11795,70.0,4.0,19.0,1.0,0,36.0,0.0,40.0,0,1,1
1698,59.0,1.0,18.0,1.0,0,49.0,1.0,40.0,1,1,1
2918,35.0,2.0,22.0,5.0,0,16.0,0.0,40.0,0,1,1
10813,19.0,1.0,20.0,5.0,4,49.0,17.0,42.0,0,1,0
11673,57.0,1.0,16.0,1.0,0,6.0,0.0,15.0,0,1,0
7186,28.0,1.0,19.0,1.0,3,55.0,0.0,40.0,1,1,1
3358,31.0,1.0,21.0,1.0,2,16.0,1.0,50.0,0,1,0
12967,17.0,1.0,15.0,5.0,0,4.0,2.0,18.0,1,1,0
4708,26.0,1.0,16.0,5.0,1,49.0,0.0,50.0,1,0,1
8976,41.0,3.0,21.0,1.0,0,49.0,0.0,40.0,1,1,0
5081,28.0,4.0,20.0,1.0,0,41.0,0.0,42.0,0,1,1
10112,21.0,1.0,18.0,5.0,0,10.0,2.0,6.0,1,1,0
3996,43.0,4.0,18.0,3.0,0,49.0,0.0,50.0,1,1,1
8940,42.0,1.0,19.0,1.0,3,41.0,0.0,50.0,1,1,0
3329,19.0,2.0,19.0,5.0,3,49.0,12.0,40.0,1,1,0
6429,18.0,1.0,21.0,5.0,2,49.0,0.0,29.0,0,1,0
7834,32.0,2.0,21.0,1.0,1,49.0,0.0,40.0,0,1,0
9019,21.0,4.0,21.0,5.0,0,49.0,2.0,8.0,0,1,0
12910,36.0,1.0,21.0,5.0,2,49.0,0.0,20.0,0,0,0
4421,62.0,5.0,21.0,1.0,1,49.0,10.0,40.0,1,1,1
8901,40.0,1.0,19.0,1.0,3,49.0,1.0,40.0,1,1,1
8831,22.0,1.0,16.0,5.0,1,49.0,2.0,40.0,1,1,0
6491,18.0,1.0,19.0,5.0,1,49.0,2.0,35.0,0,1,0
9025,42.0,1.0,16.0,3.0,4,6.0,13.0,66.0,0,1,1
3388,23.0,1.0,19.0,5.0,0,30.0,2.0,18.0,1,1,0
1841,21.0,7.0,13.0,1.0,4,370.0,0.0,35.0,1,0,0
1097,45.0,1.0,16.0,1.0,3,53.0,9.0,45.0,1,1,1
10646,38.0,7.0,19.0,1.0,2,49.0,1.0,50.0,1,1,1
11799,32.0,1.0,18.0,1.0,4,60.0,0.0,40.0,1,0,1
10505,37.0,1.0,22.0,1.0,0,49.0,0.0,50.0,1,1,1
71,55.0,4.0,22.0,1.0,0,49.0,0.0,45.0,0,1,1
10490,53.0,1.0,21.0,1.0,2,120.0,0.0,40.0,1,0,1
9492,19.0,3.0,19.0,5.0,0,49.0,2.0,40.0,1,1,0
6744,62.0,3.0,21.0,1.0,1,49.0,0.0,55.0,1,1,1
3200,23.0,1.0,19.0,5.0,0,49.0,17.0,22.0,1,1,0
11286,42.0,1.0,21.0,1.0,3,49.0,1.0,40.0,1,0,1
5216,62.0,5.0,21.0,1.0,0,49.0,1.0,30.0,1,1,1
9872,50.0,1.0,21.0,1.0,2,49.0,0.0,40.0,1,1,1
560,46.0,3.0,19.0,1.0,0,6.0,0.0,40.0,0,1,1
5679,52.0,1.0,21.0,1.0,2,49.0,0.0,30.0,1,1,0
3576,21.0,1.0,19.0,1.0,4,53.0,1.0,40.0,0,1,0
3216,39.0,1.0,16.0,5.0,2,16.0,0.0,45.0,1,1,1
1608,31.0,1.0,21.0,1.0,0,6.0,1.0,40.0,0,1,1
1114,22.0,5.0,14.0,5.0,1,49.0,17.0,40.0,1,1,0
7624,39.0,7.0,19.0,1.0,0,23.0,1.0,40.0,1,1,1
12311,34.0,1.0,18.0,5.0,0,49.0,17.0,20.0,0,1,0
6424,44.0,7.0,22.0,1.0,0,4.0,0.0,65.0,1,1,1
6326,21.0,5.0,19.0,5.0,2,6.0,17.0,40.0,0,1,0
487,41.0,6.0,16.0,1.0,0,6.0,0.0,28.0,0,1,0
4992,42.0,1.0,19.0,1.0,2,6.0,0.0,50.0,1,1,1
7408,55.0,1.0,22.0,1.0,0,372.0,0.0,40.0,0,1,1
9456,38.0,4.0,22.0,1.0,0,372.0,1.0,40.0,1,1,1
4995,55.0,1.0,15.0,3.0,0,49.0,13.0,46.0,1,1,1
2145,49.0,1.0,20.0,1.0,4,49.0,1.0,48.0,1,1,1
6298,29.0,1.0,15.0,5.0,3,49.0,12.0,24.0,1,1,0
12460,67.0,1.0,23.0,1.0,0,49.0,0.0,45.0,0,1,1
3975,43.0,5.0,15.0,1.0,2,6.0,0.0,40.0,1,0,1
773,30.0,3.0,16.0,5.0,0,26.0,2.0,40.0,1,1,0
8408,59.0,2.0,19.0,3.0,0,49.0,0.0,42.0,0,1,1
8014,35.0,1.0,16.0,1.0,4,16.0,0.0,38.0,1,1,0
3633,30.0,1.0,19.0,1.0,0,49.0,1.0,30.0,1,1,0
4741,21.0,1.0,14.0,1.0,4,42.0,7.0,32.0,1,1,0
1228,37.0,1.0,16.0,5.0,4,372.0,2.0,40.0,1,1,0
2180,28.0,1.0,16.0,5.0,2,49.0,2.0,40.0,0,1,0
12685,29.0,1.0,20.0,1.0,1,49.0,1.0,40.0,1,1,1
1750,28.0,3.0,21.0,1.0,0,49.0,1.0,40.0,0,1,0
8197,32.0,6.0,17.0,1.0,0,210.0,0.0,40.0,1,0,1
1009,56.0,3.0,22.0,1.0,0,49.0,0.0,50.0,1,1,1
11016,28.0,1.0,19.0,5.0,1,49.0,12.0,22.0,0,1,0
661,61.0,2.0,16.0,1.0,0,49.0,1.0,40.0,0,1,1
11949,35.0,1.0,16.0,1.0,2,49.0,0.0,40.0,1,1,1
6970,63.0,1.0,17.0,1.0,0,6.0,0.0,48.0,1,1,1
9194,64.0,2.0,21.0,1.0,0,49.0,0.0,40.0,0,1,1
10163,62.0,1.0,15.0,5.0,2,6.0,10.0,60.0,0,1,1
2051,21.0,1.0,18.0,5.0,1,49.0,2.0,30.0,0,1,0
4856,19.0,2.0,20.0,5.0,0,421.0,17.0,35.0,0,0,0
3910,24.0,1.0,19.0,5.0,2,39.0,2.0,50.0,1,1,1
319,25.0,1.0,21.0,1.0,1,49.0,0.0,40.0,1,1,0
11115,38.0,1.0,19.0,1.0,2,35.0,0.0,40.0,1,0,0
9308,33.0,4.0,22.0,1.0,0,49.0,0.0,36.0,0,1,0
2388,83.0,1.0,22.0,1.0,0,6.0,1.0,40.0,1,1,1
5150,27.0,1.0,21.0,1.0,2,49.0,1.0,20.0,0,1,0
2370,52.0,1.0,24.0,1.0,0,49.0,0.0,50.0,1,1,1
5339,42.0,1.0,15.0,1.0,4,303.0,1.0,40.0,1,0,0
12233,71.0,1.0,16.0,1.0,1,6.0,0.0,40.0,1,1,0
5079,55.0,1.0,16.0,1.0,2,4.0,0.0,43.0,0,1,0
2767,36.0,1.0,18.0,1.0,4,49.0,0.0,30.0,0,1,1
1323,38.0,1.0,19.0,1.0,2,6.0,0.0,52.0,0,1,1
10874,19.0,1.0,19.0,5.0,2,207.0,17.0,15.0,0,0,0
1018,59.0,1.0,16.0,1.0,4,128.0,1.0,20.0,0,1,0
3564,80.0,1.0,16.0,2.0,1,49.0,0.0,40.0,0,0,1
2826,35.0,7.0,21.0,1.0,0,6.0,0.0,70.0,1,1,1
1727,44.0,1.0,21.0,1.0,1,6.0,1.0,40.0,1,1,1
2128,48.0,2.0,22.0,1.0,2,49.0,1.0,40.0,0,1,1
12855,44.0,1.0,21.0,1.0,2,49.0,1.0,40.0,0,1,0
6189,40.0,1.0,21.0,3.0,1,49.0,0.0,35.0,0,1,0
4088,30.0,1.0,20.0,5.0,0,49.0,2.0,42.0,1,1,1
3168,58.0,1.0,21.0,1.0,1,6.0,1.0,16.0,0,1,0
5787,47.0,7.0,16.0,1.0,0,6.0,0.0,40.0,1,1,1
2810,46.0,1.0,16.0,1.0,4,49.0,8.0,40.0,0,1,1
11613,45.0,1.0,22.0,5.0,0,49.0,13.0,40.0,0,1,1
8687,34.0,1.0,21.0,5.0,0,49.0,2.0,40.0,0,1,0
5310,49.0,3.0,21.0,1.0,0,10.0,0.0,45.0,1,1,1
12623,46.0,1.0,16.0,1.0,3,303.0,1.0,40.0,1,0,1
7744,45.0,3.0,22.0,1.0,4,327.0,0.0,50.0,1,1,1
121,21.0,1.0,19.0,5.0,1,49.0,17.0,20.0,0,1,0
11559,67.0,4.0,21.0,1.0,0,49.0,0.0,40.0,0,1,1
10628,38.0,1.0,18.0,1.0,2,49.0,0.0,40.0,1,1,1
95,31.0,4.0,20.0,1.0,0,49.0,0.0,40.0,1,1,1
10526,37.0,1.0,21.0,1.0,1,48.0,1.0,50.0,1,1,1
6590,57.0,1.0,18.0,3.0,4,4.0,13.0,45.0,1,1,1
6522,64.0,1.0,22.0,1.0,0,49.0,1.0,35.0,0,1,0
6247,26.0,5.0,13.0,5.0,2,49.0,2.0,40.0,1,1,0
2770,57.0,2.0,21.0,1.0,0,164.0,1.0,45.0,1,0,1
8926,24.0,1.0,19.0,1.0,0,53.0,1.0,20.0,1,1,0
921,18.0,4.0,16.0,5.0,4,49.0,0.0,22.0,0,1,0
3909,43.0,1.0,16.0,1.0,2,49.0,0.0,18.0,1,1,0
7109,37.0,1.0,19.0,5.0,0,48.0,2.0,31.0,0,1,0
5775,40.0,1.0,24.0,5.0,0,32.0,0.0,40.0,1,1,1
8459,40.0,1.0,18.0,1.0,4,49.0,0.0,20.0,1,1,0
12022,30.0,3.0,16.0,4.0,3,49.0,0.0,52.0,0,1,1
7819,22.0,6.0,21.0,1.0,0,49.0,1.0,36.0,0,1,0
7203,19.0,5.0,13.0,5.0,2,303.0,15.0,20.0,0,0,0
12247,54.0,1.0,16.0,3.0,2,49.0,0.0,40.0,0,1,1
1711,45.0,3.0,20.0,1.0,0,38.0,0.0,50.0,1,1,0
6449,28.0,1.0,19.0,5.0,1,49.0,0.0,40.0,0,1,0
2110,21.0,1.0,16.0,5.0,1,45.0,4.0,3.0,0,0,0
5180,27.0,3.0,21.0,1.0,0,49.0,1.0,40.0,0,1,1
1632,28.0,1.0,18.0,5.0,2,49.0,0.0,60.0,0,1,1
9858,31.0,1.0,16.0,5.0,4,49.0,5.0,28.0,1,1,1
2363,41.0,4.0,18.0,1.0,4,49.0,0.0,44.0,1,1,1
6120,42.0,1.0,16.0,5.0,3,49.0,17.0,40.0,1,1,0
10151,48.0,2.0,19.0,1.0,1,32.0,1.0,30.0,0,1,0
211,48.0,2.0,20.0,1.0,1,49.0,0.0,40.0,1,1,1
10101,34.0,2.0,22.0,1.0,2,106.0,0.0,40.0,1,1,1
6455,52.0,1.0,20.0,5.0,0,6.0,0.0,60.0,1,1,1
3489,60.0,1.0,14.0,1.0,3,49.0,0.0,40.0,1,1,1
11324,64.0,3.0,20.0,1.0,0,25.0,1.0,32.0,0,1,1
9954,20.0,1.0,19.0,5.0,0,49.0,0.0,6.0,0,1,0
7973,17.0,1.0,17.0,5.0,4,49.0,2.0,25.0,1,1,0
3766,38.0,1.0,19.0,1.0,4,6.0,0.0,45.0,1,1,1
13032,32.0,1.0,14.0,5.0,4,49.0,15.0,45.0,1,1,1
7245,32.0,1.0,21.0,1.0,4,215.0,1.0,40.0,0,1,1
6658,53.0,3.0,21.0,1.0,0,49.0,0.0,40.0,0,1,1
2776,53.0,1.0,24.0,1.0,0,49.0,1.0,40.0,1,1,1
10618,40.0,1.0,18.0,1.0,2,49.0,0.0,40.0,0,1,1
1174,40.0,2.0,19.0,1.0,3,49.0,0.0,50.0,1,1,1
8333,25.0,1.0,19.0,1.0,2,49.0,0.0,40.0,0,1,0
12936,42.0,3.0,22.0,1.0,0,41.0,1.0,40.0,0,1,1
3463,56.0,1.0,21.0,1.0,0,36.0,0.0,55.0,0,1,1
6184,46.0,4.0,16.0,1.0,4,49.0,1.0,45.0,1,1,1
3993,19.0,1.0,21.0,5.0,1,16.0,2.0,20.0,0,1,0
8576,21.0,1.0,16.0,5.0,0,49.0,16.0,40.0,0,1,0
9896,36.0,7.0,18.0,1.0,1,49.0,0.0,40.0,1,1,1
6516,18.0,1.0,19.0,5.0,0,303.0,2.0,10.0,0,1,0
10900,33.0,1.0,19.0,1.0,2,42.0,1.0,20.0,1,1,0
9663,58.0,1.0,21.0,1.0,1,49.0,0.0,20.0,0,1,0
8465,29.0,1.0,9.0,1.0,-1,119.0,0.0,40.0,1,0,1
4587,43.0,1.0,20.0,1.0,4,49.0,0.0,30.0,0,0,0
9714,26.0,1.0,17.0,5.0,3,16.0,0.0,40.0,1,1,0
10330,45.0,2.0,21.0,1.0,0,49.0,1.0,30.0,1,1,0
12845,53.0,7.0,22.0,1.0,0,49.0,1.0,40.0,1,1,1
5953,67.0,1.0,19.0,1.0,0,49.0,0.0,14.0,0,1,0
8238,22.0,1.0,20.0,1.0,3,6.0,1.0,45.0,1,1,0
5980,20.0,1.0,14.0,5.0,0,56.0,2.0,40.0,1,1,0
12338,71.0,7.0,24.0,1.0,0,49.0,1.0,40.0,1,1,1
6176,39.0,1.0,22.0,1.0,0,127.0,1.0,40.0,0,1,1
214,27.0,1.0,18.0,1.0,2,49.0,9.0,10.0,0,1,0
10716,20.0,1.0,20.0,5.0,1,6.0,13.0,8.0,1,1,0
1924,33.0,2.0,21.0,5.0,1,41.0,2.0,45.0,1,1,1
8572,23.0,1.0,18.0,5.0,1,6.0,2.0,20.0,0,1,0
9679,51.0,4.0,4.0,4.0,3,49.0,0.0,40.0,0,1,1
8746,52.0,7.0,23.0,1.0,0,49.0,1.0,40.0,1,1,1
9058,67.0,1.0,19.0,1.0,2,49.0,1.0,50.0,1,1,1
11017,26.0,7.0,20.0,1.0,3,39.0,0.0,65.0,1,1,1
5956,29.0,1.0,17.0,1.0,4,49.0,1.0,50.0,1,1,1
6731,63.0,1.0,16.0,1.0,3,49.0,0.0,50.0,1,1,1
2569,29.0,1.0,18.0,1.0,3,49.0,1.0,40.0,1,1,1
1521,46.0,6.0,16.0,1.0,1,49.0,0.0,10.0,0,0,0
8121,17.0,1.0,19.0,5.0,3,49.0,5.0,85.0,1,0,0
9583,40.0,1.0,19.0,1.0,2,48.0,0.0,40.0,0,1,1
2369,69.0,6.0,19.0,1.0,3,6.0,1.0,40.0,1,0,1
5018,66.0,1.0,21.0,1.0,0,49.0,1.0,20.0,0,1,0
3378,47.0,1.0,20.0,1.0,1,16.0,1.0,40.0,0,1,0
1356,51.0,1.0,22.0,1.0,4,35.0,0.0,42.0,1,1,1
7997,67.0,7.0,20.0,1.0,4,49.0,0.0,40.0,1,1,1
6065,39.0,7.0,19.0,1.0,0,35.0,1.0,50.0,1,0,1
367,23.0,1.0,19.0,1.0,1,49.0,1.0,24.0,0,1,0
4270,56.0,6.0,20.0,1.0,0,49.0,1.0,20.0,0,1,0
5053,55.0,1.0,19.0,1.0,0,12.0,0.0,40.0,0,1,1
2596,25.0,7.0,16.0,5.0,1,49.0,2.0,40.0,1,1,1
721,57.0,4.0,16.0,3.0,1,6.0,6.0,20.0,0,1,0
11135,45.0,1.0,18.0,1.0,3,49.0,0.0,45.0,1,1,1
8981,53.0,1.0,19.0,2.0,1,16.0,0.0,8.0,0,1,0
11349,41.0,7.0,16.0,1.0,4,49.0,0.0,30.0,1,1,1
7259,51.0,6.0,21.0,4.0,0,508.0,0.0,40.0,0,0,0
10378,55.0,1.0,21.0,5.0,0,162.0,2.0,40.0,0,0,1
5122,49.0,1.0,20.0,1.0,1,49.0,0.0,40.0,1,1,0
4858,76.0,2.0,24.0,1.0,0,49.0,1.0,40.0,0,1,1
8134,47.0,6.0,19.0,3.0,0,8.0,0.0,40.0,0,1,0
8377,45.0,1.0,20.0,5.0,2,49.0,2.0,10.0,0,1,0
2374,25.0,1.0,19.0,5.0,1,49.0,2.0,25.0,1,1,0
5732,37.0,1.0,15.0,1.0,0,49.0,0.0,35.0,0,1,0
8390,30.0,1.0,19.0,5.0,4,41.0,2.0,50.0,1,1,1
5797,21.0,1.0,19.0,5.0,1,242.0,0.0,24.0,0,0,0
7270,29.0,5.0,21.0,1.0,0,49.0,1.0,40.0,1,1,1
7954,50.0,4.0,21.0,1.0,0,49.0,0.0,40.0,1,1,1
11078,48.0,3.0,21.0,1.0,2,303.0,1.0,40.0,0,1,1
7671,23.0,1.0,21.0,5.0,2,314.0,17.0,40.0,0,1,0
4589,34.0,1.0,14.0,1.0,3,37.0,1.0,60.0,1,1,1
2428,45.0,1.0,16.0,3.0,1,49.0,0.0,40.0,0,1,0
1597,26.0,1.0,18.0,5.0,4,49.0,15.0,50.0,1,1,0
11642,20.0,1.0,22.0,5.0,0,49.0,0.0,40.0,0,1,0
2268,31.0,1.0,21.0,1.0,0,6.0,17.0,28.0,0,1,0
3069,21.0,1.0,19.0,5.0,2,49.0,2.0,16.0,1,1,0
10588,36.0,1.0,21.0,1.0,0,303.0,0.0,70.0,1,0,1
7782,50.0,1.0,18.0,1.0,0,49.0,1.0,45.0,0,1,1
1714,71.0,1.0,16.0,1.0,1,49.0,0.0,40.0,0,1,1
776,21.0,1.0,19.0,5.0,1,6.0,17.0,20.0,1,1,0
3233,63.0,2.0,20.0,1.0,0,49.0,1.0,50.0,1,1,1
6686,21.0,1.0,16.0,5.0,3,205.0,12.0,48.0,1,0,0
5296,37.0,1.0,21.0,1.0,0,49.0,1.0,40.0,0,1,1
12585,54.0,1.0,18.0,1.0,4,49.0,0.0,40.0,1,1,0
5513,57.0,1.0,19.0,1.0,3,49.0,1.0,35.0,1,1,1
3147,19.0,1.0,20.0,5.0,0,1.0,2.0,40.0,1,1,0
4299,33.0,7.0,24.0,1.0,3,233.0,1.0,20.0,1,0,1
10002,50.0,1.0,20.0,1.0,3,49.0,1.0,20.0,1,1,1
102,46.0,3.0,18.0,5.0,0,8.0,0.0,46.0,0,1,1
2036,57.0,1.0,16.0,1.0,2,49.0,0.0,40.0,0,1,1
154,39.0,3.0,18.0,1.0,3,49.0,0.0,45.0,1,1,1
6991,17.0,1.0,19.0,5.0,1,49.0,0.0,40.0,1,1,0
2225,59.0,3.0,18.0,1.0,4,16.0,0.0,99.0,1,1,1
8882,50.0,1.0,20.0,5.0,1,49.0,13.0,15.0,0,1,0
12360,39.0,1.0,19.0,1.0,4,247.0,15.0,15.0,0,1,0
9283,43.0,1.0,16.0,1.0,4,49.0,0.0,40.0,1,1,1
10594,56.0,4.0,22.0,1.0,0,49.0,0.0,50.0,0,1,1
7962,20.0,1.0,19.0,5.0,0,49.0,0.0,25.0,0,1,0
516,28.0,1.0,16.0,1.0,3,4.0,2.0,40.0,1,1,0
7963,23.0,1.0,16.0,5.0,1,49.0,2.0,30.0,1,1,0
5688,28.0,1.0,18.0,1.0,2,49.0,1.0,40.0,0,1,0
6488,37.0,1.0,19.0,1.0,-1,49.0,0.0,42.0,1,1,1
7609,51.0,1.0,21.0,1.0,0,49.0,0.0,40.0,1,1,1
1182,23.0,1.0,16.0,5.0,1,49.0,2.0,25.0,0,1,0
5257,54.0,1.0,21.0,1.0,0,49.0,0.0,52.0,0,1,1
6517,59.0,1.0,16.0,1.0,1,49.0,1.0,40.0,1,1,1
11957,28.0,5.0,16.0,3.0,3,49.0,0.0,40.0,1,1,1
11506,26.0,1.0,18.0,5.0,0,42.0,0.0,20.0,1,1,0
3594,20.0,1.0,16.0,5.0,1,49.0,0.0,40.0,0,1,0
5646,63.0,1.0,18.0,1.0,4,49.0,9.0,25.0,1,1,0
9131,29.0,6.0,16.0,1.0,2,49.0,1.0,35.0,1,1,0
1452,30.0,1.0,16.0,1.0,2,49.0,1.0,40.0,0,1,1
10204,54.0,1.0,21.0,1.0,2,6.0,0.0,45.0,1,1,1
1215,40.0,1.0,18.0,5.0,1,215.0,2.0,50.0,1,1,0
11740,32.0,1.0,21.0,1.0,2,51.0,1.0,45.0,0,1,0
1748,22.0,1.0,12.0,1.0,3,1.0,0.0,40.0,1,1,0
896,56.0,2.0,16.0,1.0,4,49.0,1.0,16.0,0,1,0
6956,17.0,1.0,20.0,5.0,1,16.0,2.0,40.0,1,1,0
1953,29.0,1.0,20.0,1.0,0,49.0,0.0,25.0,0,1,0
12687,52.0,4.0,19.0,1.0,4,6.0,1.0,25.0,0,1,1
1210,57.0,1.0,21.0,1.0,0,207.0,0.0,40.0,0,0,0
430,54.0,1.0,21.0,3.0,2,49.0,0.0,50.0,0,1,0
5503,83.0,5.0,20.0,1.0,2,49.0,0.0,55.0,1,1,1
10524,62.0,1.0,16.0,1.0,3,8.0,0.0,40.0,1,1,1
5656,29.0,3.0,16.0,1.0,0,42.0,0.0,40.0,1,1,1
9867,23.0,1.0,16.0,5.0,4,49.0,2.0,40.0,1,1,0
12464,23.0,5.0,24.0,5.0,0,303.0,2.0,40.0,1,1,1
11524,19.0,2.0,16.0,5.0,1,49.0,12.0,18.0,0,1,0
10211,51.0,1.0,21.0,1.0,2,49.0,15.0,36.0,0,1,0
175,54.0,1.0,20.0,1.0,2,6.0,0.0,22.0,1,1,1
7714,43.0,1.0,18.0,1.0,4,49.0,7.0,18.0,0,1,0
8105,22.0,2.0,17.0,5.0,0,39.0,13.0,6.0,1,1,0
6266,52.0,1.0,19.0,5.0,4,49.0,2.0,40.0,1,1,0
1736,40.0,3.0,21.0,5.0,0,49.0,0.0,40.0,1,1,1
9761,20.0,1.0,19.0,5.0,4,49.0,2.0,40.0,1,1,0
4744,60.0,1.0,20.0,1.0,0,49.0,0.0,35.0,1,1,1
261,49.0,5.0,21.0,1.0,2,49.0,0.0,10.0,0,1,1
12059,27.0,1.0,19.0,1.0,3,42.0,0.0,60.0,1,1,1
3353,23.0,1.0,19.0,5.0,2,49.0,2.0,15.0,0,1,0
6148,50.0,1.0,16.0,1.0,3,6.0,1.0,40.0,1,0,1
2280,59.0,1.0,16.0,1.0,2,49.0,1.0,40.0,1,1,1
4609,30.0,1.0,17.0,5.0,4,49.0,0.0,40.0,1,1,1
6478,70.0,1.0,16.0,1.0,4,49.0,0.0,40.0,1,0,1
7308,32.0,1.0,21.0,1.0,0,49.0,1.0,40.0,0,1,1
7800,21.0,1.0,16.0,5.0,4,6.0,2.0,43.0,1,1,0
6811,24.0,2.0,19.0,5.0,2,49.0,2.0,40.0,1,1,1
9011,59.0,6.0,19.0,3.0,0,49.0,13.0,35.0,0,1,1
3882,31.0,6.0,22.0,3.0,1,49.0,0.0,32.0,0,1,0
2811,47.0,1.0,17.0,1.0,0,6.0,1.0,46.0,0,1,1
8513,25.0,1.0,16.0,5.0,3,25.0,16.0,38.0,1,1,0
2365,34.0,1.0,21.0,1.0,0,49.0,0.0,40.0,1,1,1
8649,34.0,4.0,19.0,5.0,3,6.0,13.0,40.0,0,1,1
5906,27.0,3.0,19.0,1.0,2,49.0,0.0,10.0,0,1,0
9461,25.0,1.0,14.0,5.0,4,49.0,2.0,40.0,1,1,0
5114,18.0,1.0,19.0,5.0,0,36.0,2.0,50.0,0,1,0
951,27.0,2.0,22.0,5.0,0,49.0,2.0,65.0,1,1,1
10036,30.0,1.0,16.0,1.0,4,26.0,1.0,40.0,1,1,0
2741,64.0,1.0,18.0,1.0,0,49.0,0.0,40.0,0,1,1
3609,37.0,6.0,17.0,1.0,3,49.0,0.0,15.0,1,1,0
2133,68.0,1.0,18.0,5.0,1,49.0,0.0,10.0,0,1,0
11735,46.0,7.0,16.0,5.0,2,49.0,0.0,40.0,0,1,1
10584,53.0,4.0,21.0,3.0,0,49.0,0.0,50.0,0,1,1
12591,36.0,1.0,20.0,5.0,0,303.0,12.0,15.0,0,0,0
444,29.0,1.0,20.0,1.0,2,35.0,1.0,25.0,0,0,0
11517,43.0,1.0,20.0,1.0,2,49.0,6.0,40.0,0,1,0
904,30.0,1.0,19.0,1.0,0,49.0,0.0,40.0,1,1,1
12031,49.0,4.0,21.0,1.0,0,49.0,0.0,40.0,0,1,1
11686,46.0,1.0,24.0,5.0,0,49.0,0.0,40.0,1,1,1
882,32.0,1.0,16.0,5.0,0,49.0,0.0,27.0,1,1,0
10946,36.0,1.0,16.0,1.0,0,6.0,0.0,40.0,1,1,1
5024,38.0,1.0,20.0,1.0,0,4.0,0.0,25.0,0,1,0
6408,18.0,1.0,16.0,5.0,2,417.0,2.0,6.0,0,1,0
5086,50.0,1.0,16.0,1.0,4,51.0,1.0,45.0,1,1,1
8918,62.0,1.0,12.0,1.0,3,49.0,1.0,60.0,1,1,1
10806,65.0,1.0,21.0,1.0,2,49.0,0.0,40.0,0,1,1
2661,22.0,1.0,21.0,5.0,0,49.0,15.0,40.0,1,1,0
11987,43.0,4.0,20.0,1.0,4,242.0,0.0,40.0,0,0,1
4009,17.0,1.0,20.0,5.0,2,49.0,13.0,35.0,1,1,0
8096,30.0,4.0,21.0,1.0,0,49.0,1.0,35.0,0,1,0
12555,46.0,1.0,16.0,5.0,1,48.0,0.0,40.0,1,0,1
10016,31.0,1.0,16.0,5.0,2,41.0,12.0,3.0,0,0,0
9788,56.0,5.0,20.0,1.0,1,49.0,1.0,40.0,1,1,1
3614,45.0,1.0,20.0,1.0,2,49.0,1.0,20.0,0,1,0
11262,60.0,1.0,20.0,1.0,1,49.0,0.0,40.0,1,1,1
4337,22.0,1.0,19.0,3.0,4,37.0,2.0,24.0,1,1,0
4644,56.0,6.0,20.0,5.0,3,49.0,11.0,20.0,0,0,0
7383,34.0,1.0,16.0,1.0,4,6.0,0.0,40.0,1,0,0
1579,41.0,7.0,20.0,1.0,0,6.0,0.0,15.0,0,1,0
7969,63.0,1.0,15.0,3.0,2,49.0,0.0,35.0,0,1,1
12873,35.0,1.0,21.0,1.0,0,372.0,0.0,40.0,1,1,1
12252,34.0,6.0,19.0,1.0,1,6.0,0.0,24.0,0,1,0
13060,36.0,5.0,21.0,1.0,0,49.0,0.0,40.0,0,1,0
477,33.0,1.0,20.0,5.0,0,49.0,10.0,40.0,0,1,0
606,31.0,1.0,18.0,1.0,2,49.0,1.0,25.0,0,1,1
9212,18.0,1.0,19.0,5.0,4,49.0,17.0,40.0,1,1,0
387,24.0,1.0,19.0,5.0,2,49.0,17.0,30.0,1,1,0
11715,58.0,1.0,18.0,1.0,1,6.0,1.0,20.0,0,1,0
12654,26.0,1.0,14.0,5.0,4,49.0,10.0,40.0,1,1,1
868,18.0,1.0,19.0,5.0,4,231.0,2.0,20.0,1,1,0
12736,24.0,1.0,19.0,5.0,4,49.0,5.0,43.0,1,1,0
12977,21.0,1.0,16.0,5.0,4,49.0,17.0,30.0,1,1,0
232,44.0,1.0,16.0,1.0,4,48.0,0.0,40.0,1,1,1
3140,25.0,1.0,19.0,5.0,0,49.0,2.0,40.0,1,1,0
12834,38.0,1.0,22.0,1.0,0,6.0,0.0,40.0,1,1,1
12468,51.0,1.0,16.0,1.0,4,49.0,1.0,50.0,0,1,1
10631,45.0,5.0,19.0,1.0,4,49.0,0.0,40.0,1,1,1
10645,41.0,1.0,19.0,1.0,2,49.0,1.0,60.0,0,1,0
7647,58.0,2.0,22.0,1.0,0,49.0,0.0,45.0,0,1,1
7412,73.0,4.0,20.0,2.0,0,49.0,0.0,40.0,0,1,1
7673,22.0,1.0,20.0,1.0,1,49.0,1.0,40.0,0,1,0
5077,37.0,2.0,23.0,1.0,0,49.0,0.0,60.0,1,1,1
11525,50.0,4.0,20.0,1.0,0,16.0,1.0,45.0,1,1,1
3538,26.0,1.0,16.0,5.0,4,49.0,0.0,40.0,1,1,1
11570,18.0,1.0,22.0,5.0,0,49.0,15.0,5.0,0,1,0
3807,53.0,1.0,21.0,1.0,0,31.0,2.0,60.0,0,1,0
9143,49.0,1.0,19.0,1.0,2,49.0,1.0,18.0,0,0,0
12,38.0,1.0,24.0,1.0,0,49.0,0.0,80.0,1,1,1
3049,39.0,1.0,21.0,1.0,0,49.0,1.0,50.0,1,1,1
10793,64.0,1.0,21.0,1.0,0,6.0,10.0,50.0,1,1,0
12319,43.0,1.0,21.0,1.0,0,48.0,0.0,65.0,1,1,1
2837,33.0,1.0,19.0,1.0,2,49.0,0.0,3.0,1,1,1
5496,21.0,1.0,20.0,5.0,1,49.0,12.0,40.0,0,1,0
6983,45.0,6.0,20.0,1.0,0,39.0,0.0,40.0,1,1,1
6054,38.0,3.0,21.0,1.0,0,5.0,1.0,35.0,0,1,0
9289,33.0,4.0,21.0,1.0,0,49.0,1.0,40.0,0,1,1
12762,23.0,1.0,18.0,1.0,4,303.0,9.0,29.0,0,1,0
8251,63.0,4.0,16.0,1.0,2,25.0,0.0,40.0,0,1,0
722,38.0,3.0,21.0,1.0,0,49.0,0.0,40.0,1,1,1
899,21.0,1.0,22.0,5.0,0,49.0,0.0,40.0,1,1,0
11153,40.0,3.0,20.0,1.0,0,215.0,1.0,40.0,0,1,1
9180,49.0,6.0,21.0,1.0,0,49.0,1.0,40.0,1,1,1
7083,18.0,1.0,16.0,5.0,1,49.0,17.0,40.0,1,1,0
7091,46.0,1.0,20.0,1.0,4,18.0,1.0,50.0,1,0,0
8999,61.0,1.0,16.0,1.0,4,49.0,1.0,50.0,1,1,1
12419,37.0,7.0,22.0,1.0,0,49.0,1.0,40.0,1,1,1
70,58.0,3.0,19.0,5.0,1,49.0,13.0,20.0,0,1,0
5862,49.0,1.0,20.0,1.0,1,49.0,1.0,38.0,0,1,0
2313,42.0,1.0,18.0,1.0,3,49.0,0.0,20.0,1,1,1
9522,18.0,1.0,21.0,5.0,1,49.0,12.0,40.0,1,1,0
1655,59.0,3.0,20.0,1.0,0,48.0,0.0,4.0,0,1,0
5420,22.0,1.0,21.0,1.0,1,49.0,0.0,45.0,1,1,1
9326,21.0,1.0,19.0,5.0,2,32.0,2.0,40.0,0,1,0
2105,24.0,6.0,19.0,5.0,1,303.0,2.0,60.0,1,0,0
4436,43.0,1.0,21.0,1.0,1,49.0,0.0,65.0,1,1,1
3082,27.0,1.0,18.0,1.0,2,49.0,1.0,20.0,1,1,0
12206,39.0,1.0,20.0,1.0,4,49.0,1.0,40.0,1,1,0
3683,52.0,1.0,21.0,5.0,0,49.0,12.0,80.0,1,1,1
7871,22.0,1.0,18.0,5.0,0,34.0,2.0,32.0,1,1,0
7161,34.0,1.0,19.0,1.0,3,12.0,1.0,40.0,1,1,1
4246,28.0,3.0,19.0,1.0,1,16.0,0.0,20.0,0,1,0
6730,45.0,6.0,19.0,1.0,2,31.0,0.0,55.0,1,1,1
4505,23.0,1.0,22.0,5.0,0,6.0,0.0,46.0,1,0,1
8057,54.0,2.0,16.0,1.0,0,49.0,1.0,55.0,0,1,1
1728,25.0,1.0,21.0,5.0,0,34.0,17.0,40.0,0,1,0
2258,46.0,1.0,19.0,3.0,2,49.0,0.0,45.0,1,1,1
3751,59.0,1.0,19.0,1.0,2,49.0,1.0,40.0,0,1,1
4315,31.0,1.0,16.0,3.0,3,49.0,2.0,48.0,1,1,1
12773,45.0,7.0,22.0,1.0,1,49.0,1.0,40.0,1,1,1
8165,61.0,1.0,21.0,1.0,0,49.0,0.0,40.0,1,1,1
7438,18.0,1.0,18.0,5.0,1,49.0,0.0,40.0,1,1,0
10696,39.0,1.0,21.0,1.0,0,49.0,1.0,15.0,0,1,0
8354,42.0,5.0,21.0,1.0,0,49.0,1.0,18.0,0,1,1
4379,59.0,7.0,16.0,1.0,2,49.0,1.0,40.0,1,1,1
12694,19.0,1.0,16.0,5.0,2,49.0,2.0,50.0,1,1,0
3537,42.0,1.0,19.0,1.0,2,49.0,1.0,40.0,1,1,0
6320,57.0,1.0,19.0,3.0,2,49.0,13.0,40.0,1,1,0
1084,23.0,1.0,16.0,5.0,3,49.0,0.0,70.0,1,1,1
7502,32.0,1.0,11.0,1.0,1,421.0,0.0,10.0,1,0,0
11457,50.0,1.0,20.0,1.0,4,242.0,0.0,50.0,1,0,1
1808,48.0,1.0,19.0,1.0,0,39.0,14.0,50.0,1,1,1
7257,55.0,1.0,21.0,1.0,0,49.0,0.0,40.0,0,1,1
10289,29.0,1.0,18.0,5.0,2,17.0,4.0,9.0,1,1,0
6392,40.0,3.0,18.0,1.0,0,49.0,1.0,30.0,0,1,0
577,47.0,5.0,19.0,1.0,0,49.0,0.0,20.0,0,0,0
6222,56.0,2.0,16.0,1.0,4,49.0,0.0,40.0,0,0,1
9392,21.0,1.0,21.0,3.0,0,6.0,0.0,15.0,0,1,0
5491,43.0,6.0,20.0,1.0,0,132.0,0.0,16.0,0,1,0
77,37.0,1.0,22.0,1.0,0,49.0,1.0,50.0,0,1,1
5805,32.0,1.0,18.0,5.0,2,49.0,17.0,40.0,0,1,0
4375,37.0,5.0,21.0,3.0,2,36.0,0.0,40.0,0,1,1
9229,42.0,1.0,13.0,5.0,1,223.0,2.0,30.0,0,0,0
7104,41.0,7.0,16.0,1.0,0,49.0,0.0,41.0,0,1,1
9849,51.0,1.0,21.0,3.0,0,49.0,2.0,20.0,0,1,1
4000,20.0,1.0,14.0,5.0,4,49.0,2.0,50.0,1,1,0
9898,33.0,1.0,14.0,1.0,2,23.0,10.0,40.0,1,1,0
12139,20.0,1.0,18.0,5.0,0,49.0,0.0,40.0,1,1,0
8071,32.0,2.0,19.0,1.0,2,49.0,0.0,30.0,0,1,0
6350,64.0,6.0,21.0,1.0,2,49.0,0.0,80.0,1,1,1
2169,30.0,1.0,20.0,1.0,2,35.0,1.0,40.0,1,1,1
2735,48.0,1.0,21.0,1.0,0,40.0,0.0,40.0,0,1,1
4292,18.0,1.0,19.0,5.0,2,6.0,2.0,96.0,0,1,0
9900,64.0,1.0,19.0,3.0,3,49.0,5.0,40.0,1,1,1
12245,28.0,1.0,16.0,5.0,1,303.0,4.0,40.0,1,0,0
2961,27.0,1.0,21.0,1.0,0,48.0,9.0,40.0,1,1,1
12018,23.0,1.0,14.0,5.0,1,42.0,2.0,45.0,1,1,0
3080,47.0,2.0,16.0,1.0,2,6.0,1.0,40.0,0,1,0
8553,52.0,1.0,19.0,5.0,1,49.0,2.0,40.0,1,1,0
12472,35.0,1.0,20.0,1.0,1,42.0,1.0,15.0,0,1,0
12487,26.0,1.0,19.0,1.0,0,6.0,1.0,18.0,0,1,0
8593,55.0,7.0,18.0,1.0,2,49.0,1.0,40.0,0,1,0
6619,55.0,6.0,19.0,5.0,4,49.0,2.0,20.0,0,1,0
12826,49.0,1.0,21.0,1.0,2,49.0,0.0,40.0,1,1,1
6052,19.0,1.0,16.0,5.0,2,6.0,2.0,40.0,1,1,0
8207,50.0,6.0,18.0,5.0,4,48.0,17.0,20.0,0,1,0
10761,43.0,4.0,23.0,1.0,0,17.0,1.0,40.0,1,1,1
1426,47.0,1.0,22.0,1.0,0,6.0,0.0,40.0,0,1,1
120,67.0,1.0,16.0,5.0,1,49.0,2.0,50.0,1,1,1
4494,62.0,1.0,21.0,1.0,0,49.0,1.0,65.0,1,1,1
10847,68.0,1.0,19.0,1.0,0,49.0,1.0,55.0,1,1,1
11131,43.0,1.0,21.0,1.0,1,36.0,10.0,5.0,0,1,0
10210,39.0,1.0,16.0,3.0,2,49.0,5.0,48.0,1,1,1
11176,22.0,4.0,20.0,5.0,0,6.0,0.0,45.0,1,0,1
1798,31.0,1.0,21.0,1.0,0,49.0,1.0,40.0,1,1,1
3856,76.0,1.0,19.0,3.0,2,53.0,0.0,40.0,0,1,0
9464,37.0,1.0,21.0,1.0,0,49.0,1.0,45.0,1,1,1
10675,44.0,7.0,16.0,1.0,4,49.0,1.0,60.0,1,1,1
5398,59.0,1.0,19.0,1.0,2,49.0,1.0,5.0,0,1,0
4636,56.0,3.0,23.0,1.0,0,49.0,0.0,40.0,1,1,1
12340,29.0,1.0,15.0,5.0,4,6.0,2.0,20.0,1,1,0
11805,70.0,2.0,16.0,3.0,0,303.0,0.0,45.0,1,0,1
3981,25.0,1.0,19.0,1.0,0,16.0,1.0,20.0,0,1,0
7551,55.0,1.0,16.0,3.0,4,30.0,13.0,40.0,1,1,1
3159,39.0,1.0,16.0,1.0,3,42.0,1.0,50.0,1,1,1
11511,37.0,1.0,16.0,5.0,2,49.0,11.0,45.0,0,1,1
12309,44.0,1.0,21.0,1.0,0,49.0,0.0,50.0,0,1,1
12760,25.0,7.0,13.0,5.0,1,303.0,12.0,30.0,1,0,0
11900,54.0,1.0,21.0,1.0,0,210.0,1.0,25.0,0,0,0
1153,46.0,1.0,22.0,3.0,2,49.0,2.0,40.0,0,1,1
11940,30.0,1.0,22.0,1.0,0,6.0,1.0,40.0,1,1,1
3111,35.0,1.0,20.0,5.0,0,231.0,2.0,40.0,0,1,0
1805,54.0,4.0,21.0,1.0,0,49.0,0.0,45.0,0,1,1
13038,26.0,1.0,15.0,5.0,4,49.0,17.0,10.0,1,1,0
9382,39.0,1.0,19.0,1.0,4,49.0,2.0,15.0,1,1,0
4252,52.0,1.0,16.0,1.0,3,8.0,0.0,45.0,1,1,1
6609,31.0,1.0,21.0,5.0,0,207.0,0.0,30.0,0,0,1
898,26.0,6.0,16.0,5.0,2,49.0,5.0,40.0,1,1,0
2062,61.0,6.0,16.0,1.0,3,49.0,0.0,40.0,1,1,1
10440,53.0,4.0,20.0,2.0,4,8.0,0.0,50.0,0,1,0
6271,53.0,1.0,19.0,3.0,1,49.0,0.0,40.0,1,1,0
4157,28.0,1.0,18.0,5.0,4,49.0,0.0,40.0,1,1,1
3574,43.0,1.0,18.0,1.0,4,26.0,0.0,55.0,1,1,1
3283,21.0,1.0,19.0,5.0,4,6.0,2.0,40.0,1,1,0
6059,71.0,1.0,20.0,1.0,4,12.0,0.0,40.0,1,1,0
8339,32.0,4.0,24.0,1.0,0,49.0,0.0,60.0,1,1,1
974,54.0,1.0,21.0,5.0,0,49.0,2.0,36.0,0,1,1
8561,21.0,1.0,18.0,5.0,3,6.0,2.0,26.0,1,1,0
6947,62.0,1.0,21.0,1.0,0,136.0,1.0,45.0,0,1,1
9160,60.0,7.0,19.0,1.0,0,1.0,1.0,40.0,0,1,1
9264,52.0,1.0,21.0,1.0,1,49.0,1.0,80.0,0,1,1
11808,24.0,1.0,22.0,1.0,0,242.0,1.0,48.0,1,0,1
4906,24.0,1.0,23.0,1.0,-1,303.0,1.0,40.0,0,1,1
6972,34.0,3.0,22.0,1.0,0,49.0,0.0,40.0,0,1,1
8479,19.0,1.0,16.0,5.0,0,49.0,12.0,43.0,0,1,0
2080,36.0,3.0,19.0,1.0,1,49.0,1.0,60.0,1,1,1
6993,52.0,1.0,19.0,1.0,3,49.0,0.0,40.0,1,1,1
5327,28.0,8.0,21.0,1.0,1,6.0,0.0,6.0,1,1,0
3307,30.0,7.0,17.0,1.0,3,6.0,0.0,20.0,1,1,1
8100,39.0,4.0,21.0,5.0,0,49.0,11.0,40.0,0,1,1
12632,61.0,3.0,20.0,1.0,1,49.0,1.0,40.0,1,1,0
12710,50.0,4.0,21.0,1.0,0,49.0,1.0,50.0,0,1,1
3099,18.0,1.0,21.0,5.0,4,49.0,15.0,3.0,1,1,0
8257,18.0,1.0,20.0,5.0,1,49.0,2.0,30.0,0,1,0
1591,35.0,1.0,21.0,1.0,0,6.0,1.0,80.0,1,1,1
4429,63.0,1.0,21.0,3.0,1,49.0,0.0,4.0,0,0,0
10146,52.0,1.0,19.0,1.0,2,49.0,2.0,40.0,1,1,0
9731,28.0,1.0,22.0,1.0,0,49.0,0.0,40.0,1,1,1
1851,71.0,7.0,22.0,1.0,0,56.0,0.0,55.0,1,1,1
8141,37.0,7.0,18.0,1.0,1,49.0,1.0,20.0,0,1,0
5155,47.0,1.0,9.0,5.0,4,247.0,17.0,30.0,0,0,0
5010,21.0,1.0,15.0,5.0,1,49.0,15.0,40.0,0,1,0
13007,53.0,4.0,19.0,1.0,1,49.0,9.0,40.0,1,1,1
7822,37.0,2.0,23.0,1.0,0,49.0,0.0,70.0,1,1,1
6971,40.0,1.0,16.0,1.0,4,49.0,1.0,20.0,1,0,1
4757,71.0,1.0,16.0,3.0,2,49.0,11.0,32.0,0,1,0
5482,20.0,1.0,16.0,5.0,3,49.0,2.0,40.0,1,1,0
6575,27.0,5.0,20.0,1.0,2,49.0,2.0,25.0,1,1,0
8774,37.0,1.0,21.0,5.0,1,48.0,13.0,40.0,0,0,0
4803,62.0,1.0,23.0,5.0,0,48.0,17.0,55.0,1,1,0
4734,36.0,1.0,21.0,3.0,0,303.0,0.0,45.0,0,1,1
6156,51.0,5.0,16.0,1.0,2,49.0,1.0,40.0,1,1,1
1488,37.0,2.0,21.0,1.0,0,41.0,1.0,40.0,0,1,1
8989,34.0,6.0,20.0,1.0,1,6.0,0.0,80.0,0,1,0
2491,17.0,1.0,21.0,5.0,2,55.0,2.0,6.0,1,1,0
5200,41.0,3.0,22.0,1.0,0,6.0,0.0,40.0,0,1,1
1763,40.0,1.0,21.0,1.0,0,49.0,0.0,50.0,0,1,1
9322,32.0,2.0,21.0,5.0,0,49.0,0.0,10.0,0,1,0
4534,48.0,7.0,21.0,1.0,3,49.0,1.0,60.0,1,1,1
13065,39.0,1.0,19.0,3.0,4,49.0,0.0,45.0,1,1,1
4604,28.0,6.0,15.0,3.0,1,8.0,13.0,2.0,0,1,0
11344,58.0,7.0,22.0,1.0,0,49.0,0.0,38.0,1,1,1
12412,31.0,1.0,20.0,5.0,0,150.0,0.0,40.0,1,0,1
7603,56.0,3.0,20.0,1.0,0,6.0,1.0,40.0,1,1,1
6644,18.0,1.0,16.0,5.0,2,19.0,13.0,26.0,0,1,0
2158,52.0,1.0,13.0,3.0,3,128.0,16.0,40.0,0,1,0
1813,47.0,1.0,20.0,1.0,3,49.0,1.0,30.0,1,1,1
9968,75.0,1.0,16.0,3.0,3,49.0,0.0,40.0,1,1,1
9188,29.0,1.0,18.0,5.0,1,49.0,0.0,40.0,1,1,1
10456,24.0,3.0,20.0,5.0,1,49.0,0.0,40.0,1,1,0
9088,57.0,5.0,21.0,1.0,2,49.0,1.0,40.0,1,1,1
1368,34.0,1.0,19.0,1.0,1,49.0,1.0,40.0,1,1,1
10711,58.0,1.0,21.0,1.0,0,4.0,0.0,50.0,1,1,1
3296,28.0,1.0,18.0,1.0,1,49.0,1.0,40.0,1,1,1
3310,55.0,1.0,19.0,1.0,4,6.0,1.0,40.0,1,1,1
12177,32.0,1.0,20.0,1.0,3,6.0,9.0,40.0,1,1,1
7280,36.0,2.0,22.0,1.0,0,49.0,1.0,2.0,0,1,0
2434,27.0,3.0,16.0,1.0,1,49.0,0.0,40.0,0,1,1
5874,30.0,1.0,15.0,5.0,4,49.0,0.0,45.0,0,1,1
8143,22.0,6.0,14.0,5.0,3,49.0,2.0,40.0,1,1,0
4792,25.0,1.0,19.0,5.0,2,16.0,2.0,5.0,1,1,0
11841,43.0,4.0,22.0,1.0,0,49.0,1.0,50.0,1,1,1
11523,32.0,1.0,18.0,5.0,2,53.0,17.0,40.0,0,1,0
10258,34.0,1.0,16.0,1.0,4,6.0,1.0,40.0,1,1,1
1976,26.0,7.0,21.0,1.0,0,49.0,0.0,40.0,1,1,1
8218,26.0,1.0,21.0,1.0,0,39.0,0.0,70.0,1,1,1
1202,21.0,1.0,20.0,5.0,3,49.0,2.0,15.0,1,1,0
10335,53.0,1.0,19.0,3.0,4,6.0,6.0,20.0,1,1,0
6711,61.0,1.0,18.0,3.0,4,16.0,6.0,35.0,0,1,0
413,22.0,1.0,18.0,5.0,2,49.0,0.0,40.0,0,1,0
1492,19.0,1.0,19.0,5.0,2,363.0,2.0,45.0,1,0,0
5854,35.0,1.0,21.0,3.0,0,56.0,13.0,40.0,0,0,0
10019,17.0,1.0,14.0,5.0,1,49.0,2.0,10.0,1,1,0
2722,20.0,1.0,16.0,5.0,0,49.0,2.0,25.0,0,1,0
3776,25.0,1.0,18.0,1.0,3,6.0,0.0,45.0,1,1,1
2678,51.0,1.0,24.0,1.0,0,106.0,0.0,40.0,0,1,1
7594,71.0,7.0,22.0,1.0,0,6.0,0.0,42.0,1,1,1
7239,75.0,1.0,20.0,3.0,4,49.0,0.0,40.0,1,1,1
5263,20.0,1.0,16.0,5.0,2,46.0,4.0,18.0,1,1,0
7506,21.0,1.0,16.0,5.0,2,15.0,12.0,18.0,0,0,0
7759,17.0,1.0,19.0,5.0,1,49.0,0.0,25.0,0,1,0
7228,46.0,1.0,19.0,5.0,4,49.0,2.0,50.0,1,1,0
8399,28.0,1.0,18.0,1.0,2,49.0,1.0,10.0,0,1,0
8012,52.0,1.0,19.0,1.0,3,49.0,0.0,29.0,0,1,0
3889,57.0,1.0,14.0,1.0,0,49.0,0.0,40.0,1,1,1
5404,46.0,1.0,22.0,1.0,0,327.0,0.0,40.0,1,1,1
12662,34.0,1.0,18.0,1.0,0,49.0,0.0,45.0,1,1,1
7500,38.0,6.0,22.0,1.0,0,49.0,0.0,45.0,1,1,1
841,37.0,1.0,19.0,1.0,4,49.0,2.0,30.0,1,1,0
1333,38.0,2.0,19.0,1.0,0,301.0,1.0,12.0,0,1,0
1791,17.0,1.0,16.0,5.0,4,128.0,2.0,35.0,1,0,0
4236,73.0,4.0,19.0,1.0,2,49.0,0.0,40.0,1,1,0
8983,52.0,4.0,22.0,1.0,0,233.0,1.0,30.0,0,0,1
5899,24.0,5.0,22.0,1.0,0,49.0,0.0,45.0,1,1,1
2884,60.0,1.0,21.0,1.0,2,49.0,0.0,45.0,1,1,1
10751,46.0,1.0,15.0,1.0,3,17.0,0.0,40.0,1,1,1
10870,34.0,1.0,20.0,3.0,4,34.0,0.0,48.0,1,1,1
4138,55.0,2.0,20.0,1.0,1,4.0,1.0,40.0,0,1,1
8199,54.0,5.0,18.0,1.0,4,49.0,1.0,20.0,0,1,0
6855,63.0,1.0,22.0,1.0,0,56.0,0.0,40.0,1,1,1
4341,34.0,1.0,21.0,1.0,0,49.0,0.0,45.0,0,1,1
11852,50.0,1.0,16.0,3.0,1,49.0,2.0,5.0,0,1,0
294,31.0,7.0,19.0,1.0,2,49.0,0.0,25.0,0,1,1
10655,53.0,1.0,21.0,1.0,1,49.0,0.0,20.0,0,1,0
7277,51.0,2.0,21.0,1.0,0,49.0,0.0,40.0,1,1,1
11690,37.0,4.0,23.0,1.0,0,6.0,0.0,40.0,1,1,1
12036,21.0,2.0,18.0,5.0,1,49.0,0.0,40.0,1,1,0
4939,29.0,1.0,20.0,1.0,4,49.0,0.0,40.0,1,1,1
1664,51.0,1.0,18.0,3.0,3,49.0,0.0,50.0,1,1,1
7936,65.0,1.0,22.0,1.0,0,103.0,1.0,40.0,1,1,1
11042,30.0,1.0,20.0,5.0,2,12.0,17.0,40.0,1,1,1
4629,23.0,1.0,1.0,5.0,2,49.0,4.0,2.0,0,1,0
4837,59.0,1.0,22.0,3.0,2,128.0,11.0,40.0,0,1,1
8039,52.0,4.0,21.0,1.0,0,49.0,1.0,43.0,1,1,1
12525,30.0,4.0,17.0,1.0,0,24.0,0.0,40.0,0,1,1
4699,53.0,1.0,16.0,1.0,4,49.0,1.0,45.0,1,1,1
3314,20.0,1.0,15.0,5.0,1,18.0,2.0,30.0,1,1,0
4843,66.0,1.0,24.0,1.0,0,49.0,0.0,40.0,0,1,1
12251,21.0,3.0,14.0,5.0,1,49.0,16.0,30.0,0,1,0
9763,64.0,1.0,22.0,1.0,0,6.0,0.0,44.0,0,1,1
3854,40.0,7.0,21.0,1.0,4,49.0,0.0,25.0,1,1,1
6322,31.0,1.0,21.0,1.0,0,49.0,1.0,20.0,1,1,0
1781,37.0,1.0,21.0,1.0,2,49.0,1.0,40.0,0,1,1
5356,61.0,6.0,16.0,1.0,1,49.0,1.0,50.0,1,1,1
11734,58.0,1.0,18.0,1.0,1,49.0,0.0,50.0,0,1,1
9256,36.0,1.0,21.0,1.0,0,6.0,0.0,40.0,1,1,1
12491,32.0,1.0,21.0,1.0,2,49.0,0.0,40.0,0,1,0
3571,41.0,3.0,23.0,1.0,0,29.0,1.0,30.0,1,1,1
2390,23.0,2.0,21.0,5.0,0,49.0,0.0,25.0,0,1,0
3540,59.0,1.0,21.0,3.0,0,49.0,0.0,40.0,1,1,1
3243,28.0,1.0,21.0,1.0,0,49.0,0.0,30.0,0,1,1
6317,34.0,4.0,18.0,5.0,0,49.0,12.0,29.0,0,1,0
9165,38.0,1.0,16.0,1.0,4,6.0,0.0,40.0,1,1,0
1367,56.0,7.0,16.0,1.0,3,49.0,0.0,55.0,1,1,1
1429,49.0,1.0,19.0,5.0,1,49.0,17.0,45.0,1,1,0
3796,42.0,1.0,16.0,1.0,1,49.0,1.0,45.0,1,1,1
4536,23.0,1.0,20.0,1.0,0,49.0,1.0,2.0,0,1,0
2271,44.0,1.0,21.0,1.0,2,42.0,0.0,38.0,1,1,0
7376,38.0,1.0,21.0,1.0,0,48.0,0.0,50.0,1,1,1
2732,48.0,4.0,20.0,1.0,2,6.0,0.0,30.0,0,1,1
2207,32.0,7.0,16.0,1.0,3,303.0,1.0,40.0,1,0,1
5963,17.0,1.0,16.0,5.0,2,49.0,12.0,32.0,0,1,0
12035,18.0,1.0,19.0,5.0,3,6.0,2.0,42.0,1,1,0
6907,67.0,1.0,19.0,1.0,2,49.0,0.0,40.0,0,1,1
3831,30.0,4.0,19.0,5.0,1,53.0,2.0,40.0,0,1,0
7296,30.0,1.0,21.0,1.0,1,6.0,0.0,2.0,0,0,0
12148,25.0,1.0,16.0,1.0,2,49.0,0.0,15.0,0,1,0
7241,25.0,1.0,16.0,5.0,3,49.0,2.0,60.0,1,1,1
4376,42.0,2.0,22.0,1.0,0,49.0,0.0,70.0,1,1,1
11826,31.0,7.0,21.0,1.0,2,303.0,0.0,20.0,0,0,1
5273,28.0,1.0,8.0,5.0,2,49.0,2.0,40.0,1,1,0
8129,35.0,1.0,15.0,1.0,3,4.0,1.0,40.0,1,1,0
25,37.0,1.0,16.0,1.0,2,51.0,0.0,40.0,1,1,1
10186,30.0,1.0,16.0,5.0,2,49.0,2.0,40.0,0,1,0
1922,29.0,1.0,16.0,5.0,0,49.0,17.0,40.0,1,1,0
6077,63.0,1.0,22.0,1.0,0,303.0,1.0,20.0,1,0,0
499,38.0,1.0,21.0,1.0,0,49.0,0.0,45.0,1,1,1
3368,34.0,5.0,21.0,5.0,0,53.0,0.0,45.0,1,1,1
193,21.0,1.0,19.0,5.0,0,6.0,4.0,40.0,1,1,0
1706,60.0,7.0,17.0,1.0,3,49.0,0.0,40.0,1,1,1
3464,18.0,4.0,21.0,5.0,0,49.0,0.0,16.0,0,1,0
5385,51.0,3.0,16.0,4.0,1,49.0,0.0,40.0,0,1,0
2139,28.0,1.0,16.0,5.0,1,49.0,0.0,40.0,1,0,0
6004,28.0,1.0,13.0,5.0,1,49.0,11.0,20.0,0,1,0
5930,59.0,2.0,16.0,3.0,2,9.0,0.0,20.0,0,1,0
5245,20.0,1.0,20.0,5.0,2,49.0,17.0,40.0,1,1,0
5869,54.0,1.0,22.0,1.0,2,41.0,0.0,40.0,0,1,1
1407,17.0,1.0,16.0,5.0,3,211.0,2.0,40.0,1,0,0
6713,54.0,4.0,16.0,1.0,3,136.0,1.0,40.0,1,1,1
6918,32.0,1.0,21.0,1.0,0,49.0,1.0,40.0,0,1,1
1286,21.0,1.0,19.0,5.0,2,51.0,2.0,35.0,0,0,0
9466,40.0,1.0,16.0,1.0,2,49.0,0.0,40.0,0,1,0
5867,20.0,1.0,19.0,5.0,0,49.0,2.0,20.0,0,1,0
3950,52.0,2.0,10.0,3.0,1,303.0,2.0,50.0,1,0,1
836,46.0,5.0,18.0,3.0,0,4.0,2.0,40.0,0,1,1
11535,17.0,1.0,14.0,5.0,2,49.0,2.0,4.0,0,1,0
51,61.0,1.0,19.0,1.0,3,6.0,1.0,60.0,1,1,0
1646,25.0,1.0,19.0,5.0,1,49.0,2.0,40.0,0,1,0
9095,68.0,1.0,16.0,1.0,2,49.0,1.0,6.0,0,1,0
4213,40.0,1.0,23.0,5.0,0,35.0,2.0,40.0,1,1,1
7580,23.0,1.0,21.0,5.0,4,26.0,7.0,15.0,1,1,0
7928,77.0,7.0,21.0,3.0,0,49.0,12.0,40.0,1,1,0
527,48.0,4.0,16.0,1.0,2,49.0,0.0,40.0,1,0,1
1842,52.0,5.0,21.0,1.0,0,303.0,1.0,40.0,0,1,1
9237,60.0,1.0,20.0,2.0,2,48.0,0.0,40.0,0,1,1
11390,24.0,1.0,23.0,1.0,0,49.0,0.0,40.0,0,1,1
3530,57.0,7.0,15.0,1.0,1,148.0,1.0,25.0,1,1,1
11128,19.0,1.0,19.0,5.0,0,26.0,17.0,20.0,0,1,0
8319,31.0,1.0,19.0,1.0,4,49.0,0.0,38.0,1,1,0
1190,71.0,1.0,16.0,1.0,1,205.0,1.0,40.0,1,1,0
4863,52.0,2.0,16.0,5.0,0,49.0,0.0,40.0,1,1,1
9130,38.0,4.0,21.0,1.0,2,42.0,1.0,40.0,0,1,0
9614,32.0,1.0,19.0,5.0,2,48.0,2.0,96.0,0,1,0
10280,20.0,1.0,18.0,5.0,1,103.0,2.0,20.0,0,1,0
3534,20.0,1.0,19.0,5.0,4,49.0,2.0,15.0,0,1,0
4003,53.0,2.0,21.0,1.0,0,242.0,0.0,60.0,1,0,1
11531,56.0,4.0,19.0,3.0,4,49.0,8.0,30.0,0,1,1
10953,26.0,1.0,19.0,5.0,2,6.0,17.0,4.0,0,0,0
4243,35.0,3.0,21.0,1.0,0,303.0,0.0,40.0,1,0,1
5808,33.0,1.0,16.0,1.0,4,6.0,0.0,60.0,1,1,1
11857,29.0,4.0,19.0,5.0,0,49.0,10.0,40.0,1,0,1
10328,54.0,4.0,16.0,3.0,0,6.0,0.0,50.0,1,1,0
12290,53.0,4.0,22.0,1.0,0,49.0,0.0,45.0,1,1,1
11968,31.0,1.0,19.0,1.0,0,6.0,0.0,40.0,0,1,0
3984,44.0,5.0,19.0,1.0,2,508.0,1.0,30.0,0,0,0
2681,39.0,1.0,20.0,3.0,0,49.0,0.0,50.0,1,1,1
621,85.0,1.0,15.0,5.0,4,49.0,0.0,40.0,1,1,1
2669,60.0,1.0,19.0,3.0,0,49.0,0.0,40.0,0,1,1
10997,46.0,1.0,18.0,3.0,4,49.0,0.0,50.0,1,1,1
4771,60.0,1.0,17.0,3.0,3,49.0,8.0,40.0,0,1,0
1437,37.0,1.0,19.0,5.0,2,49.0,2.0,40.0,1,0,0
4176,47.0,1.0,20.0,1.0,3,49.0,6.0,40.0,0,1,0
3517,42.0,7.0,10.0,3.0,1,303.0,5.0,40.0,1,0,1
1973,40.0,1.0,15.0,1.0,-1,6.0,0.0,45.0,1,1,1
1966,55.0,1.0,20.0,1.0,0,49.0,1.0,40.0,0,1,1
3120,52.0,1.0,21.0,1.0,0,49.0,1.0,52.0,0,1,1
10063,40.0,1.0,19.0,1.0,3,508.0,1.0,12.0,1,0,0
10411,23.0,4.0,16.0,5.0,4,49.0,2.0,12.0,1,1,0
7801,64.0,1.0,19.0,3.0,0,49.0,13.0,40.0,0,1,1
6147,29.0,1.0,16.0,5.0,3,6.0,5.0,4.0,1,0,0
5214,60.0,1.0,18.0,1.0,1,6.0,0.0,40.0,1,1,1
7178,27.0,1.0,18.0,1.0,0,49.0,0.0,28.0,0,1,0
8508,18.0,1.0,16.0,5.0,1,49.0,17.0,40.0,0,1,0
2127,37.0,1.0,14.0,1.0,1,49.0,0.0,20.0,0,0,0
4160,23.0,1.0,18.0,5.0,4,49.0,2.0,40.0,0,1,0
4242,29.0,4.0,20.0,1.0,1,49.0,0.0,40.0,1,1,1
12418,62.0,1.0,19.0,1.0,1,49.0,0.0,32.0,0,1,0
8235,24.0,1.0,14.0,5.0,1,36.0,2.0,36.0,0,1,0
7107,20.0,1.0,14.0,5.0,4,8.0,10.0,30.0,1,1,0
638,17.0,1.0,14.0,5.0,1,49.0,2.0,35.0,0,1,0
3511,21.0,1.0,16.0,5.0,1,49.0,2.0,37.0,0,1,0
11851,53.0,7.0,16.0,1.0,3,49.0,0.0,35.0,1,1,0
3707,38.0,1.0,19.0,1.0,1,6.0,1.0,20.0,0,1,0
2625,48.0,1.0,21.0,1.0,0,49.0,0.0,40.0,0,1,1
8115,83.0,1.0,16.0,1.0,4,6.0,0.0,48.0,1,1,1
1159,87.0,1.0,19.0,5.0,1,49.0,0.0,40.0,1,1,1
10430,28.0,1.0,21.0,1.0,0,49.0,1.0,50.0,1,1,1
10444,40.0,1.0,23.0,1.0,0,49.0,0.0,25.0,0,1,0
12529,48.0,1.0,19.0,1.0,1,49.0,1.0,40.0,1,1,1
8126,41.0,3.0,21.0,1.0,0,49.0,0.0,40.0,1,1,0
4888,39.0,7.0,21.0,1.0,0,6.0,1.0,40.0,1,1,1
5345,58.0,2.0,21.0,1.0,0,32.0,0.0,50.0,1,1,1
12168,24.0,3.0,22.0,1.0,0,303.0,1.0,43.0,1,1,1
6600,41.0,4.0,16.0,1.0,0,31.0,1.0,45.0,1,1,1
973,39.0,1.0,23.0,1.0,0,49.0,0.0,30.0,1,1,0
5147,24.0,1.0,13.0,5.0,1,49.0,2.0,18.0,1,0,0
5305,44.0,4.0,21.0,1.0,0,49.0,0.0,40.0,0,1,1
6047,26.0,1.0,19.0,1.0,1,49.0,1.0,40.0,1,1,1
7818,66.0,4.0,6.0,4.0,5,363.0,2.0,40.0,1,0,0
2942,36.0,1.0,16.0,1.0,2,16.0,1.0,1.0,1,1,0
8088,29.0,1.0,16.0,1.0,3,49.0,1.0,42.0,1,1,1
4423,31.0,1.0,18.0,1.0,4,49.0,1.0,40.0,1,1,1
1294,30.0,1.0,16.0,1.0,2,49.0,1.0,30.0,0,1,0
8311,52.0,1.0,18.0,1.0,1,37.0,1.0,40.0,0,1,1
420,36.0,1.0,21.0,1.0,0,49.0,0.0,45.0,1,1,1
12556,33.0,7.0,21.0,1.0,0,49.0,1.0,80.0,1,1,1
741,49.0,3.0,20.0,1.0,1,28.0,0.0,40.0,0,1,1
8400,56.0,1.0,19.0,5.0,2,49.0,0.0,50.0,0,1,1
8749,20.0,5.0,15.0,5.0,3,49.0,13.0,18.0,1,0,0
1533,27.0,1.0,16.0,1.0,2,370.0,1.0,40.0,1,0,1
6242,42.0,1.0,18.0,3.0,0,49.0,0.0,50.0,0,1,0
2673,34.0,1.0,16.0,3.0,1,49.0,13.0,40.0,1,1,1
4958,48.0,6.0,21.0,1.0,0,49.0,0.0,50.0,0,1,1
3563,40.0,1.0,19.0,1.0,2,16.0,0.0,40.0,1,1,1
1214,19.0,1.0,16.0,5.0,2,49.0,2.0,40.0,0,1,0
834,51.0,1.0,21.0,1.0,0,49.0,1.0,2.0,0,1,0
3777,64.0,1.0,16.0,1.0,0,49.0,1.0,36.0,1,1,1
2417,62.0,3.0,21.0,1.0,0,49.0,1.0,40.0,0,1,0
9793,46.0,3.0,21.0,3.0,0,49.0,0.0,40.0,0,1,1
10893,61.0,1.0,21.0,1.0,1,12.0,0.0,40.0,0,1,1
10103,17.0,3.0,21.0,5.0,0,48.0,15.0,32.0,0,1,0
2751,62.0,1.0,16.0,1.0,4,49.0,0.0,30.0,0,1,0
10115,25.0,1.0,19.0,5.0,0,41.0,12.0,40.0,1,1,0
10940,26.0,2.0,21.0,1.0,0,49.0,0.0,25.0,1,0,0
9524,35.0,1.0,21.0,3.0,2,417.0,0.0,40.0,1,1,1
9925,40.0,2.0,17.0,1.0,2,49.0,0.0,40.0,0,1,1
5249,29.0,6.0,22.0,1.0,0,4.0,0.0,45.0,1,1,1
9134,37.0,3.0,19.0,1.0,0,49.0,1.0,40.0,1,1,0
12343,39.0,1.0,19.0,1.0,0,49.0,0.0,40.0,1,1,1
1593,20.0,1.0,15.0,5.0,3,49.0,2.0,30.0,0,1,0
8539,39.0,1.0,16.0,1.0,3,49.0,1.0,44.0,1,1,1
6584,45.0,1.0,20.0,1.0,3,49.0,0.0,55.0,1,1,1
2685,21.0,2.0,20.0,1.0,0,12.0,0.0,60.0,1,1,0
12995,29.0,1.0,22.0,1.0,0,17.0,0.0,60.0,1,1,1
4764,49.0,1.0,16.0,1.0,2,49.0,2.0,16.0,0,1,0
11628,46.0,6.0,16.0,1.0,3,26.0,1.0,40.0,1,1,1
7255,36.0,2.0,18.0,5.0,1,4.0,2.0,40.0,0,1,1
954,63.0,1.0,19.0,1.0,0,35.0,0.0,48.0,1,1,1
475,26.0,2.0,21.0,5.0,0,49.0,0.0,15.0,0,1,0
3328,58.0,1.0,21.0,1.0,1,49.0,1.0,42.0,0,1,1
4578,32.0,1.0,16.0,1.0,1,6.0,1.0,15.0,1,1,0
1451,48.0,1.0,18.0,1.0,0,49.0,0.0,40.0,1,1,0
11884,25.0,5.0,18.0,1.0,3,49.0,1.0,35.0,1,1,0
5958,38.0,1.0,19.0,1.0,0,16.0,0.0,60.0,1,1,1
5115,78.0,1.0,19.0,3.0,4,49.0,4.0,26.0,1,1,0
1382,24.0,7.0,18.0,5.0,3,49.0,2.0,24.0,1,1,0
2740,32.0,1.0,21.0,1.0,0,16.0,0.0,40.0,1,1,1
8309,67.0,1.0,16.0,1.0,3,49.0,1.0,30.0,0,1,0
850,38.0,3.0,16.0,1.0,1,49.0,0.0,20.0,0,1,0
100,29.0,1.0,21.0,1.0,0,49.0,1.0,40.0,1,1,1
6906,28.0,1.0,16.0,1.0,2,17.0,1.0,25.0,0,1,0
10390,35.0,1.0,18.0,5.0,1,48.0,2.0,30.0,0,1,0
4554,70.0,1.0,16.0,2.0,3,6.0,0.0,40.0,1,1,1
3525,53.0,1.0,20.0,1.0,0,18.0,0.0,20.0,0,1,0
8457,49.0,6.0,19.0,1.0,0,301.0,15.0,40.0,0,1,0
8669,76.0,1.0,20.0,1.0,2,6.0,1.0,40.0,1,1,1
10062,17.0,1.0,19.0,5.0,0,6.0,0.0,40.0,1,1,0
12337,57.0,4.0,16.0,3.0,1,49.0,12.0,40.0,0,1,1
6344,26.0,1.0,16.0,5.0,2,49.0,0.0,40.0,1,1,0
10882,52.0,2.0,22.0,1.0,0,34.0,0.0,40.0,0,1,1
7881,36.0,3.0,19.0,1.0,0,53.0,1.0,50.0,1,1,1
11543,42.0,1.0,16.0,1.0,3,55.0,1.0,50.0,1,1,1
7034,66.0,2.0,16.0,1.0,3,49.0,0.0,45.0,1,1,1
8135,30.0,4.0,21.0,1.0,0,49.0,1.0,50.0,0,1,1
3555,25.0,1.0,20.0,1.0,0,37.0,1.0,40.0,1,1,0
881,73.0,1.0,18.0,2.0,4,49.0,5.0,40.0,1,1,0
2654,35.0,1.0,19.0,1.0,0,6.0,1.0,50.0,1,1,1
6745,47.0,1.0,21.0,1.0,0,49.0,1.0,40.0,0,1,0
11838,38.0,1.0,16.0,1.0,3,215.0,0.0,40.0,1,1,1
4519,18.0,1.0,18.0,5.0,2,47.0,17.0,30.0,1,1,0
9268,83.0,1.0,20.0,1.0,0,49.0,1.0,43.0,0,1,1
6592,54.0,1.0,21.0,1.0,3,49.0,0.0,50.0,1,1,1
4605,28.0,1.0,19.0,1.0,2,247.0,1.0,40.0,0,0,0
10385,39.0,1.0,18.0,5.0,2,49.0,0.0,40.0,0,1,0
4201,53.0,1.0,23.0,1.0,0,49.0,0.0,40.0,1,1,1
4360,31.0,1.0,18.0,5.0,4,6.0,5.0,40.0,1,1,0
12429,25.0,1.0,11.0,1.0,3,13.0,1.0,30.0,1,0,0
5190,17.0,1.0,20.0,5.0,1,49.0,2.0,40.0,0,0,0
1674,22.0,1.0,16.0,5.0,1,5.0,2.0,24.0,0,1,0
10214,24.0,1.0,21.0,1.0,2,30.0,1.0,44.0,1,1,0
10418,27.0,1.0,21.0,1.0,0,49.0,1.0,40.0,0,1,0
12193,37.0,1.0,16.0,1.0,4,49.0,0.0,20.0,1,1,0
4331,30.0,2.0,16.0,1.0,0,231.0,0.0,50.0,0,1,1
8487,64.0,1.0,21.0,1.0,2,49.0,1.0,24.0,0,1,0
9769,39.0,1.0,20.0,1.0,2,508.0,1.0,50.0,1,0,1
5587,51.0,3.0,24.0,1.0,0,303.0,0.0,40.0,1,0,1
1454,34.0,1.0,18.0,1.0,0,31.0,2.0,25.0,1,1,0
11616,33.0,5.0,16.0,1.0,2,49.0,1.0,10.0,0,1,0
12112,32.0,1.0,18.0,1.0,4,120.0,1.0,40.0,0,0,0
10714,29.0,6.0,24.0,1.0,0,49.0,1.0,40.0,1,1,1
9390,64.0,1.0,19.0,1.0,0,49.0,0.0,40.0,1,1,1
694,53.0,4.0,20.0,2.0,1,211.0,0.0,35.0,0,0,0
989,23.0,4.0,19.0,5.0,4,16.0,0.0,35.0,0,1,0
2252,42.0,1.0,19.0,3.0,0,49.0,0.0,40.0,1,1,1
6185,58.0,3.0,22.0,1.0,0,18.0,0.0,40.0,0,1,1
4883,45.0,1.0,17.0,3.0,4,49.0,12.0,25.0,1,1,0
6000,92.0,1.0,19.0,2.0,-1,49.0,0.0,55.0,1,1,1
9060,30.0,1.0,19.0,1.0,0,49.0,0.0,60.0,1,1,1
11361,28.0,2.0,21.0,1.0,2,45.0,1.0,84.0,0,0,0
1271,17.0,1.0,20.0,5.0,2,49.0,0.0,15.0,0,1,0
1630,53.0,1.0,18.0,1.0,2,49.0,0.0,24.0,0,1,0
3739,27.0,1.0,22.0,5.0,0,49.0,2.0,50.0,1,1,0
2743,26.0,1.0,21.0,5.0,2,49.0,2.0,40.0,1,1,0
2657,21.0,1.0,13.0,5.0,3,49.0,17.0,25.0,1,1,0
3341,37.0,1.0,18.0,1.0,2,49.0,0.0,10.0,1,1,0
7567,73.0,1.0,14.0,1.0,4,4.0,0.0,50.0,1,0,0
12243,66.0,3.0,8.0,5.0,2,303.0,0.0,40.0,1,1,1
10807,34.0,1.0,19.0,1.0,0,49.0,1.0,48.0,1,1,1
645,46.0,1.0,16.0,1.0,0,55.0,0.0,5.0,0,1,0
8168,37.0,5.0,18.0,1.0,4,53.0,1.0,20.0,1,1,0
10452,27.0,4.0,21.0,4.0,0,49.0,0.0,40.0,0,1,1
8739,35.0,1.0,16.0,3.0,4,53.0,0.0,60.0,1,1,0
402,17.0,1.0,18.0,5.0,2,49.0,3.0,84.0,0,1,0
10530,28.0,1.0,20.0,5.0,4,49.0,12.0,40.0,0,1,0
8127,42.0,2.0,19.0,1.0,2,49.0,0.0,40.0,0,1,0
9789,29.0,1.0,21.0,1.0,1,49.0,6.0,20.0,1,1,0
9377,24.0,1.0,19.0,5.0,3,49.0,15.0,20.0,1,1,0
6891,41.0,7.0,16.0,1.0,2,49.0,1.0,40.0,1,1,1
9955,59.0,2.0,16.0,1.0,2,49.0,0.0,40.0,0,1,0
982,37.0,1.0,24.0,3.0,3,440.0,0.0,40.0,1,1,1
5007,29.0,1.0,19.0,5.0,4,49.0,17.0,40.0,1,1,0
6445,21.0,1.0,16.0,5.0,3,6.0,2.0,9.0,1,1,0
2540,39.0,1.0,21.0,1.0,1,32.0,1.0,28.0,0,1,0
4849,70.0,1.0,18.0,1.0,4,49.0,1.0,40.0,1,1,0
449,23.0,1.0,16.0,5.0,4,51.0,2.0,20.0,1,1,0
4561,42.0,1.0,22.0,1.0,0,49.0,0.0,42.0,1,1,1
2674,34.0,1.0,21.0,5.0,0,49.0,2.0,40.0,1,1,1
5000,60.0,1.0,19.0,1.0,0,8.0,0.0,25.0,1,1,1
9665,47.0,5.0,21.0,1.0,0,49.0,0.0,30.0,0,1,0
6458,26.0,1.0,21.0,5.0,1,4.0,0.0,40.0,0,1,0
12889,26.0,1.0,18.0,5.0,2,128.0,0.0,50.0,0,0,0
2090,40.0,1.0,16.0,1.0,1,49.0,1.0,40.0,0,1,0
7367,70.0,1.0,16.0,1.0,2,30.0,1.0,40.0,1,1,1
4030,47.0,1.0,16.0,1.0,-1,49.0,7.0,40.0,1,1,0
8645,45.0,5.0,16.0,1.0,3,215.0,1.0,40.0,1,1,1
9314,68.0,1.0,16.0,5.0,0,49.0,2.0,20.0,1,1,0
5580,24.0,1.0,14.0,5.0,3,17.0,5.0,50.0,1,1,0
2157,64.0,1.0,21.0,3.0,2,17.0,0.0,40.0,0,1,1
10031,54.0,1.0,17.0,1.0,3,49.0,9.0,40.0,1,1,1
5486,47.0,1.0,20.0,1.0,4,8.0,10.0,40.0,1,1,1
1772,36.0,3.0,18.0,1.0,0,32.0,1.0,30.0,0,1,0
6129,55.0,6.0,16.0,1.0,2,8.0,1.0,4.0,0,1,0
5759,21.0,1.0,21.0,5.0,2,303.0,2.0,28.0,0,1,0
11890,57.0,5.0,18.0,1.0,3,6.0,9.0,50.0,1,1,1
58,41.0,1.0,20.0,1.0,4,49.0,0.0,45.0,1,1,1
476,52.0,6.0,18.0,1.0,1,6.0,1.0,40.0,1,1,0
9217,25.0,1.0,16.0,5.0,2,29.0,2.0,24.0,0,1,0
10021,21.0,4.0,21.0,5.0,0,49.0,17.0,30.0,0,1,0
7303,27.0,1.0,16.0,5.0,4,49.0,16.0,40.0,1,1,0
1797,35.0,3.0,16.0,1.0,0,42.0,0.0,40.0,1,1,1
9709,24.0,1.0,19.0,1.0,0,49.0,0.0,50.0,1,1,0
11011,62.0,1.0,16.0,1.0,4,41.0,1.0,40.0,0,1,0
9578,51.0,7.0,19.0,1.0,0,49.0,1.0,25.0,1,1,0
5760,75.0,5.0,22.0,1.0,0,25.0,1.0,45.0,1,1,1
1512,68.0,4.0,24.0,1.0,0,23.0,1.0,80.0,0,1,1
11409,38.0,2.0,16.0,1.0,4,303.0,0.0,40.0,1,0,1
10989,20.0,1.0,20.0,5.0,1,49.0,0.0,16.0,1,1,0
3967,29.0,1.0,16.0,5.0,3,6.0,2.0,50.0,1,1,1
12122,71.0,1.0,19.0,1.0,1,6.0,1.0,40.0,0,1,0
8856,35.0,4.0,16.0,1.0,0,512.0,0.0,44.0,1,0,1
270,43.0,6.0,19.0,1.0,3,49.0,1.0,32.0,1,1,0
10838,18.0,4.0,19.0,5.0,1,32.0,0.0,36.0,0,1,0
8816,52.0,6.0,18.0,1.0,0,1.0,0.0,42.0,0,1,1
3242,47.0,1.0,22.0,1.0,2,55.0,0.0,40.0,0,1,1
5227,25.0,1.0,19.0,1.0,2,49.0,0.0,25.0,0,1,0
4889,64.0,1.0,22.0,1.0,4,49.0,0.0,40.0,1,1,1
8744,60.0,3.0,16.0,1.0,2,49.0,1.0,40.0,0,1,0
3460,25.0,1.0,15.0,1.0,2,209.0,1.0,40.0,0,1,1
739,24.0,1.0,21.0,5.0,0,26.0,2.0,48.0,1,1,0
12100,18.0,1.0,19.0,5.0,2,49.0,2.0,40.0,1,1,0
1464,21.0,1.0,18.0,3.0,4,49.0,0.0,30.0,1,1,0
5590,22.0,1.0,19.0,5.0,2,49.0,11.0,30.0,0,1,0
6853,52.0,1.0,16.0,3.0,4,45.0,0.0,44.0,1,1,1
7549,29.0,1.0,16.0,5.0,0,148.0,0.0,2.0,0,1,0
2242,60.0,1.0,20.0,1.0,0,42.0,0.0,20.0,0,1,0
431,46.0,1.0,21.0,1.0,0,49.0,1.0,60.0,1,1,1
12463,21.0,1.0,19.0,5.0,1,136.0,0.0,45.0,1,1,0
5434,33.0,1.0,21.0,3.0,0,37.0,0.0,50.0,1,1,1
13062,22.0,1.0,19.0,5.0,0,6.0,17.0,40.0,1,1,0
5625,67.0,1.0,18.0,1.0,2,49.0,1.0,45.0,1,0,0
13053,28.0,3.0,21.0,5.0,0,53.0,2.0,50.0,0,1,0
6194,31.0,7.0,19.0,1.0,1,49.0,0.0,40.0,1,1,1
12865,34.0,1.0,20.0,1.0,0,49.0,1.0,55.0,1,1,0
3085,55.0,1.0,20.0,1.0,0,49.0,1.0,40.0,1,1,1
2266,39.0,1.0,19.0,1.0,4,233.0,0.0,40.0,1,0,0
5978,22.0,1.0,16.0,3.0,1,6.0,2.0,40.0,0,1,0
6549,38.0,2.0,21.0,1.0,0,49.0,0.0,40.0,1,1,1
262,18.0,1.0,19.0,5.0,1,49.0,0.0,30.0,0,1,0
3892,39.0,1.0,19.0,1.0,0,49.0,1.0,50.0,0,1,1
9453,50.0,1.0,20.0,1.0,0,16.0,0.0,40.0,1,1,0
6341,25.0,4.0,20.0,1.0,4,49.0,1.0,25.0,0,1,0
825,59.0,5.0,21.0,5.0,1,49.0,2.0,60.0,0,1,0
1745,35.0,1.0,16.0,1.0,3,49.0,1.0,45.0,1,1,1
619,27.0,1.0,21.0,1.0,0,6.0,1.0,45.0,0,1,1
8029,31.0,1.0,20.0,1.0,1,16.0,0.0,10.0,0,1,0
1950,39.0,4.0,21.0,1.0,0,49.0,1.0,40.0,1,1,0
4368,45.0,1.0,23.0,1.0,-1,49.0,0.0,40.0,1,1,1
815,55.0,1.0,21.0,1.0,1,26.0,1.0,20.0,0,1,0
2041,51.0,1.0,21.0,1.0,0,6.0,0.0,40.0,0,1,1
5308,33.0,7.0,16.0,1.0,2,26.0,1.0,44.0,0,1,1
8015,30.0,1.0,18.0,5.0,2,49.0,0.0,40.0,1,1,1
12870,33.0,1.0,16.0,1.0,2,4.0,1.0,40.0,1,1,0
9636,52.0,1.0,21.0,1.0,0,16.0,1.0,60.0,1,1,1
2261,62.0,1.0,18.0,1.0,2,49.0,1.0,40.0,0,1,1
6846,26.0,1.0,18.0,5.0,2,373.0,17.0,40.0,1,0,0
9909,34.0,1.0,21.0,1.0,0,1.0,0.0,50.0,1,1,1
6923,46.0,1.0,21.0,1.0,0,45.0,0.0,35.0,0,1,0
