,R,Q,A,Y
0,0.2,0,1,1
1,0.2,1,1,1
2,0.2,2,1,1
3,0.2,1,1,1
4,0.2,1,0,0
5,0.2,2,1,0
6,0.2,1,0,0
7,0.2,2,0,0
8,1.0,2,1,1
9,0.2,3,1,0
10,1.0,2,0,0
11,0.2,2,0,0
12,0.2,2,1,1
13,0.2,1,1,1
14,0.2,2,0,1
15,0.2,1,1,1
16,0.2,3,0,0
17,0.2,1,1,1
18,1.0,1,1,1
19,1.0,1,1,1
20,0.2,1,1,1
21,1.0,2,0,0
22,0.2,1,0,0
23,0.2,2,0,0
24,0.2,2,0,0
25,0.2,1,1,1
26,0.2,2,1,1
27,0.2,1,1,1
28,0.2,2,1,1
29,0.2,0,1,1
30,0.2,3,1,1
31,1.0,1,0,0
32,1.0,2,1,1
33,1.0,1,1,1
34,0.2,1,1,0
35,0.2,2,0,1
36,0.2,2,1,0
37,0.2,1,1,0
38,0.2,2,0,0
39,0.2,2,0,0
40,0.2,3,1,0
41,0.2,2,1,0
42,0.2,3,0,0
43,0.2,1,0,0
44,1.0,2,0,0
45,0.2,2,1,1
46,0.2,2,0,0
47,0.2,2,1,1
48,0.2,0,0,0
49,1.0,1,1,0
50,1.0,2,0,0
51,0.2,1,0,0
52,0.2,2,0,0
53,1.0,2,1,1
54,1.0,1,1,1
55,0.2,1,0,0
56,2.2,1,0,1
57,1.0,1,0,1
58,0.2,2,0,0
59,0.2,2,0,0
60,0.2,1,0,1
61,1.0,2,1,1
62,0.2,1,0,0
63,0.2,0,1,1
64,0.2,2,1,0
65,0.2,1,0,0
66,1.0,1,0,0
67,0.2,1,0,0
68,0.2,1,0,0
69,0.2,1,1,1
70,1.0,1,1,0
71,0.2,2,0,1
72,0.2,2,0,0
73,0.2,1,1,0
74,1.0,1,1,1
75,1.0,3,0,1
76,0.2,3,1,1
77,3.0,2,1,1
78,0.2,3,1,1
79,0.2,2,0,0
80,0.2,1,0,0
81,0.2,3,1,0
82,0.2,2,0,0
83,1.0,1,0,1
84,0.2,0,0,0
85,0.2,0,0,0
86,0.2,3,0,0
87,1.0,1,0,1
88,1.0,1,1,1
89,0.2,2,0,0
90,0.2,2,1,1
91,0.2,0,1,1
92,1.0,2,1,0
93,0.2,2,0,0
94,1.0,2,1,1
95,0.2,1,1,0
96,0.2,1,0,0
97,0.2,0,1,1
98,0.2,2,1,1
99,0.2,2,0,0
100,0.2,1,0,0
101,1.0,2,1,1
102,0.2,0,1,1
103,0.2,1,0,0
104,0.2,0,1,1
105,0.2,1,1,1
106,0.2,1,0,0
107,0.2,2,0,0
108,0.2,2,1,1
109,1.0,1,1,1
110,0.2,1,0,0
111,0.2,2,0,0
112,0.2,2,1,1
113,0.2,1,0,0
114,0.2,2,1,0
115,1.4,2,0,0
116,1.0,3,0,0
117,0.2,1,1,1
118,0.2,1,1,1
119,1.0,1,1,1
120,0.2,2,1,1
121,0.2,2,0,0
122,0.2,3,0,0
123,0.2,1,1,1
124,1.0,1,1,1
125,1.0,0,1,1
126,0.2,2,1,1
127,0.2,0,0,0
128,2.2,2,0,0
129,0.2,3,1,0
130,0.2,1,1,0
131,0.2,0,0,1
132,1.0,2,0,0
133,0.2,1,0,0
134,0.2,1,0,0
135,0.2,1,1,1
136,0.2,1,0,0
137,0.2,0,1,0
138,0.2,3,0,0
139,0.2,3,0,0
140,2.2,2,1,1
141,0.2,3,0,0
142,0.2,3,0,0
143,0.2,1,0,0
144,2.5999999999999996,0,0,0
145,0.2,1,0,1
146,0.2,2,1,1
147,0.2,1,1,1
148,0.2,2,0,0
149,0.2,1,1,1
150,0.2,2,0,0
151,0.2,1,0,0
152,2.2,0,1,1
153,0.2,2,1,0
154,1.0,2,0,1
155,0.2,2,0,0
156,0.2,1,0,0
157,0.2,2,0,0
158,0.2,2,1,1
159,0.2,2,0,0
160,0.2,1,0,0
161,0.2,2,0,0
162,0.2,2,0,0
163,0.2,3,1,0
164,0.2,2,0,0
165,0.2,1,0,0
166,0.2,3,0,0
167,0.2,1,0,0
168,0.2,0,1,1
169,0.2,2,1,1
170,1.0,3,0,0
171,0.2,2,0,0
172,0.2,2,0,0
173,1.0,1,0,1
174,0.2,2,1,1
175,1.0,2,1,1
176,2.2,1,1,1
177,1.0,2,1,1
178,0.2,1,0,0
179,0.2,2,1,0
180,0.2,1,1,1
181,0.2,1,0,0
182,0.2,2,0,0
183,0.2,1,0,0
184,0.2,2,0,0
185,0.2,2,1,1
186,0.2,1,0,1
187,0.2,2,1,1
188,0.2,1,1,1
189,0.2,0,1,1
190,0.2,2,0,1
191,3.8,3,1,1
192,0.2,1,0,0
193,0.2,0,1,1
194,1.0,3,1,1
195,1.0,3,0,0
196,0.2,3,1,1
197,0.2,1,1,0
198,1.0,1,1,1
199,0.2,1,0,0
200,1.0,3,1,1
201,0.2,2,1,0
202,0.2,2,0,0
203,1.0,1,1,0
204,0.2,2,0,0
205,1.0,2,0,0
206,1.0,3,0,0
207,1.0,1,1,1
208,0.2,1,1,0
209,0.2,1,0,0
210,0.2,1,1,1
211,0.2,2,0,0
212,0.2,2,1,1
213,0.2,2,1,0
214,1.0,1,0,0
215,0.2,2,0,0
216,0.2,2,0,0
217,1.0,2,1,1
218,0.2,1,0,0
219,2.2,2,1,1
220,0.2,0,0,0
221,0.2,2,0,0
222,0.2,2,1,1
223,0.2,1,0,0
224,0.2,1,0,1
225,0.2,1,1,0
226,0.2,2,1,1
227,1.0,1,0,0
228,0.2,2,1,0
229,0.2,3,0,0
230,1.0,1,1,1
231,1.0,2,0,1
232,0.2,2,1,0
233,0.2,3,1,1
234,2.2,1,0,0
235,0.2,1,0,0
236,2.2,0,1,1
237,1.0,2,0,1
238,0.2,1,1,1
239,0.2,2,1,1
240,1.0,3,1,0
241,0.2,2,0,0
242,0.2,2,1,1
243,0.2,1,1,0
244,0.2,1,0,0
245,0.2,1,0,0
246,0.2,2,0,0
247,0.2,1,1,1
248,1.0,2,0,0
249,0.2,1,0,0
250,2.2,0,1,1
251,1.0,1,0,0
252,0.2,2,1,1
253,0.2,3,1,1
254,0.2,2,0,0
255,1.0,2,1,1
256,1.0,0,1,1
257,0.2,2,0,0
258,0.2,3,0,0
259,0.2,1,0,0
260,1.0,3,1,1
261,1.0,1,0,1
262,0.2,2,1,1
263,0.2,1,0,1
264,0.2,0,1,1
265,0.2,1,1,0
266,0.2,2,0,0
267,1.0,1,1,1
268,0.2,1,1,1
269,0.2,1,0,0
270,0.2,2,1,1
271,0.2,2,1,0
272,0.2,2,1,1
273,0.2,0,0,1
274,0.2,3,1,0
275,0.2,1,0,0
276,0.2,2,1,1
277,0.2,1,1,1
278,0.2,1,1,1
279,0.2,1,0,0
280,0.2,0,1,1
281,0.2,2,1,1
282,0.2,1,1,0
283,0.2,1,0,0
284,0.2,1,1,1
285,0.2,2,0,0
286,0.2,0,0,0
287,0.2,2,0,0
288,1.0,1,1,1
289,0.2,2,1,1
290,0.2,2,1,1
291,0.2,1,1,1
292,0.2,2,1,0
293,0.2,2,1,0
294,0.2,2,0,0
295,0.2,1,0,0
296,0.2,1,0,0
297,0.2,2,0,1
298,0.2,1,0,1
299,1.0,2,1,1
300,0.2,1,0,0
301,0.2,3,0,0
302,0.2,1,0,1
303,0.2,2,0,0
304,0.2,1,1,1
305,0.2,2,0,0
306,0.2,1,1,0
307,0.2,1,1,0
308,1.0,1,1,1
309,0.2,1,0,0
310,0.2,1,0,0
311,0.2,1,1,1
312,1.0,0,1,1
313,0.2,2,0,0
314,0.2,1,0,0
315,0.2,2,1,1
316,0.2,1,0,0
317,0.2,1,1,1
318,1.0,2,1,1
319,0.2,2,0,0
320,0.2,0,0,0
321,1.0,1,0,0
322,0.2,2,1,1
323,0.2,2,0,0
324,1.0,1,0,0
325,1.0,1,1,1
326,1.0,1,1,1
327,1.0,2,0,1
328,1.0,3,1,1
329,2.5999999999999996,1,0,0
330,0.2,1,1,1
331,0.2,2,1,0
332,0.2,3,0,0
333,2.2,1,1,1
334,0.2,2,1,1
335,0.2,2,0,0
336,2.2,1,1,1
337,0.2,1,1,0
338,0.2,1,0,0
339,0.2,1,1,0
340,0.2,0,0,0
341,0.2,2,0,0
342,0.2,2,0,1
343,1.0,1,1,1
344,0.2,0,1,0
345,0.2,2,0,0
346,0.2,3,0,0
347,0.2,1,1,1
348,0.2,0,1,1
349,0.2,1,0,0
350,0.2,1,1,1
351,0.2,2,0,0
352,0.2,1,1,0
353,0.2,1,1,1
354,1.0,2,1,1
355,0.2,2,0,1
356,0.2,2,1,0
357,0.2,2,0,0
358,0.2,1,0,0
359,0.2,3,0,0
360,0.2,2,0,0
361,0.2,2,0,0
362,0.2,1,0,0
363,1.0,1,1,1
364,0.2,3,0,0
365,0.2,1,0,0
366,0.2,1,0,0
367,0.2,2,0,0
368,1.0,2,1,1
369,0.2,2,1,0
370,0.2,1,0,0
371,0.2,2,1,1
372,1.0,2,1,1
373,1.0,0,1,1
374,0.2,2,1,1
375,0.2,2,0,0
376,3.4000000000000004,2,0,0
377,0.2,1,1,0
378,0.2,1,1,0
379,0.2,1,1,1
380,0.2,3,0,0
381,0.2,3,0,0
382,0.2,2,1,1
383,0.2,1,0,0
384,0.2,2,1,1
385,0.2,3,0,0
386,0.2,0,1,0
387,0.2,3,1,0
388,0.2,2,0,0
389,0.2,0,1,0
390,1.0,2,1,0
391,0.2,3,1,0
392,0.2,2,0,0
393,1.0,3,1,1
394,0.2,0,0,0
395,0.2,1,1,1
396,1.0,0,0,1
397,0.2,2,1,1
398,0.2,2,0,0
399,1.0,1,1,1
400,0.2,3,0,1
401,0.2,2,0,0
402,0.2,2,0,0
403,0.2,1,0,0
404,1.0,2,0,0
405,1.0,0,1,1
406,0.2,2,0,0
407,2.2,2,1,1
408,0.2,1,1,1
409,0.2,1,1,1
410,0.2,2,0,0
411,0.2,1,0,0
412,1.0,0,0,1
413,1.0,1,0,1
414,0.2,2,0,0
415,0.2,0,0,1
416,0.2,1,1,0
417,0.2,1,0,0
418,1.0,0,1,1
419,0.2,1,1,0
420,0.2,3,0,0
421,0.2,0,1,1
422,0.2,3,0,0
423,0.2,1,1,1
424,0.2,1,0,1
425,1.0,2,0,1
426,0.2,2,0,0
427,2.5999999999999996,1,0,0
428,0.2,0,1,1
429,0.2,2,0,0
430,0.2,2,1,1
431,0.2,2,1,0
432,1.0,1,1,1
433,0.2,0,1,1
434,0.2,2,0,0
435,0.2,2,1,0
436,1.0,3,0,0
437,0.2,2,0,0
438,0.2,3,1,0
439,0.2,2,1,1
440,0.2,2,1,1
441,0.2,2,1,0
442,0.2,1,1,1
443,0.2,1,1,1
444,1.0,0,1,0
445,0.2,2,1,1
446,0.2,2,1,1
447,0.2,0,0,1
448,0.2,2,1,0
449,0.2,1,1,1
450,0.2,1,0,1
451,0.2,0,0,1
452,0.2,2,1,0
453,0.2,2,0,0
454,0.2,1,0,0
455,0.2,1,0,0
456,0.2,1,1,1
457,1.0,2,1,1
458,0.2,0,1,1
459,0.2,3,0,0
460,0.2,2,0,0
461,0.2,1,0,1
462,0.2,1,1,0
463,0.2,2,0,0
464,0.2,1,1,1
465,0.2,1,1,1
466,1.0,1,1,1
467,1.0,0,1,1
468,1.0,1,1,1
469,0.2,2,1,0
470,0.2,3,0,0
471,0.2,2,0,1
472,0.2,2,0,0
473,0.2,1,1,1
474,0.2,3,1,1
475,0.2,2,0,0
476,0.2,2,0,0
477,0.2,1,0,0
478,0.2,2,0,0
479,0.2,1,0,0
480,1.0,2,0,0
481,0.2,1,1,0
482,1.0,2,0,1
483,1.0,0,1,1
484,0.2,2,0,0
485,1.0,1,0,0
486,0.2,1,0,0
487,0.2,1,0,0
488,0.2,1,0,1
489,1.0,2,1,1
490,0.2,2,1,0
491,0.2,0,1,1
492,0.2,1,1,1
493,1.0,2,0,1
494,0.2,3,1,0
495,0.2,1,1,1
496,0.2,2,1,1
497,0.2,2,1,0
498,0.2,1,0,0
499,0.2,3,0,0
500,1.0,1,0,1
501,1.0,1,1,0
502,0.2,1,0,0
503,0.2,2,0,0
504,0.2,1,0,0
505,1.0,2,1,1
506,0.2,3,0,0
507,0.2,1,1,1
508,1.0,2,0,0
509,0.2,2,1,1
510,0.2,2,0,0
511,0.2,1,0,0
512,0.2,1,0,0
513,1.0,3,1,1
514,0.2,3,0,0
515,2.2,2,1,0
516,0.2,1,0,0
517,0.2,2,1,0
518,0.2,2,1,1
519,2.2,3,0,0
520,0.2,1,1,0
521,0.2,1,0,0
522,0.2,2,0,1
523,0.2,3,0,0
524,1.0,2,0,1
525,0.2,1,0,0
526,0.2,0,0,0
527,0.2,1,1,1
528,1.0,1,1,1
529,0.2,3,0,0
530,0.2,1,1,1
531,0.2,1,0,0
532,1.0,1,0,1
533,1.0,3,0,0
534,1.0,0,1,1
535,1.0,1,0,0
536,0.2,2,1,1
537,0.2,2,1,1
538,0.2,0,1,0
539,0.2,0,1,1
540,0.2,0,0,1
541,0.2,0,1,1
542,0.2,1,1,1
543,1.0,2,1,1
544,0.2,2,0,0
545,0.2,1,0,0
546,0.2,0,1,0
547,1.0,0,0,1
548,0.2,2,1,1
549,1.0,1,1,1
550,1.0,1,1,1
551,1.0,2,1,0
552,0.2,2,0,0
553,0.2,0,1,1
554,1.0,3,0,1
555,1.0,2,0,1
556,0.2,1,0,0
557,0.2,1,0,1
558,0.2,1,0,0
559,0.2,1,0,0
560,0.2,1,1,1
561,0.2,0,1,1
562,0.2,2,0,0
563,1.0,1,1,1
564,0.2,2,1,0
565,0.2,1,0,1
566,0.2,1,1,1
567,1.0,1,1,1
568,0.2,2,0,0
569,1.0,0,0,1
570,0.2,2,1,1
571,0.2,1,0,1
572,1.0,2,1,1
573,0.2,2,0,0
574,1.0,2,1,1
575,0.2,3,0,0
576,0.2,2,0,0
577,1.0,1,1,1
578,0.2,2,1,1
579,0.2,0,0,0
580,0.2,2,0,0
581,0.2,0,0,0
582,0.2,1,0,0
583,0.2,1,1,1
584,0.2,2,1,1
585,0.2,2,0,1
586,0.2,2,0,0
587,0.2,2,1,1
588,0.2,1,0,0
589,0.2,1,1,1
590,0.2,2,1,1
591,0.2,0,0,0
592,0.2,1,0,0
593,0.2,2,1,1
594,0.2,0,1,1
595,0.2,3,0,0
596,0.2,2,1,0
597,0.2,2,0,0
598,0.2,1,1,1
599,0.2,2,0,1
600,0.2,2,1,1
601,0.2,1,0,1
602,0.2,1,0,0
603,0.2,2,0,0
604,0.2,2,1,1
605,0.2,0,0,0
606,0.2,1,0,1
607,1.0,1,0,1
608,0.2,0,0,1
609,0.2,0,1,1
610,0.2,3,0,0
611,0.2,2,0,0
612,0.2,2,0,0
613,0.2,1,0,0
614,1.0,1,0,0
615,0.2,2,0,0
616,0.2,2,0,0
617,0.2,1,0,0
618,0.2,2,1,1
619,1.0,2,1,1
620,0.2,1,0,0
621,0.2,2,0,0
622,1.0,0,1,1
623,0.2,0,1,0
624,0.2,1,1,0
625,0.2,2,0,0
626,0.2,1,0,0
627,0.2,1,1,1
628,1.0,2,0,1
629,0.2,1,0,0
630,0.2,3,0,0
631,0.2,0,0,0
632,0.2,2,0,0
633,0.2,1,1,0
634,0.2,2,0,0
635,1.0,1,0,1
636,0.2,2,1,0
637,0.2,2,1,1
638,0.2,2,1,1
639,0.2,2,1,1
640,0.2,2,0,0
641,1.0,1,0,0
642,1.0,0,0,1
643,1.0,3,1,1
644,0.2,3,0,0
645,0.2,1,1,1
646,0.2,2,0,0
647,0.2,2,1,0
648,0.2,1,1,1
649,0.2,1,0,0
650,0.2,2,1,1
651,0.2,2,1,0
652,0.2,3,0,0
653,0.2,2,1,0
654,0.2,2,1,0
655,0.2,1,1,0
656,0.2,2,0,0
657,0.2,2,1,0
658,1.0,2,1,1
659,0.2,1,1,1
660,0.2,3,1,0
661,0.2,2,1,1
662,0.2,1,0,0
663,0.2,1,0,1
664,0.2,1,0,0
665,0.2,3,1,1
666,0.2,0,0,0
667,1.0,1,1,1
668,1.0,3,1,1
669,1.0,2,1,1
670,1.0,0,1,1
671,1.0,2,0,0
672,0.2,1,0,0
673,1.0,1,0,0
674,0.2,2,0,0
675,0.2,1,1,0
676,1.0,0,0,1
677,0.2,1,1,0
678,0.2,2,1,1
679,1.0,1,1,0
680,1.0,0,0,0
681,1.0,3,1,1
682,1.0,2,1,1
683,0.2,3,1,0
684,0.2,2,1,0
685,0.2,3,1,0
686,0.2,3,0,0
687,0.2,3,0,0
688,1.0,1,1,1
689,0.2,2,1,1
690,0.2,3,1,0
691,0.2,1,1,1
692,1.0,1,1,1
693,0.2,2,0,0
694,1.0,2,1,1
695,0.2,1,1,0
696,1.0,1,1,1
697,0.2,2,0,0
698,1.4,1,0,0
699,1.0,1,1,1
700,0.2,1,1,1
701,0.2,2,0,0
702,0.2,2,0,0
703,0.2,1,0,1
704,0.2,2,1,1
705,0.2,3,1,1
706,1.0,3,1,1
707,0.2,2,0,0
708,0.6000000000000001,2,1,1
709,0.2,1,1,1
710,0.2,1,0,1
711,1.0,1,1,1
712,0.2,2,1,1
713,0.2,3,1,1
714,0.2,2,0,0
715,0.2,1,0,0
716,0.2,1,0,0
717,0.2,1,1,1
718,0.2,1,1,1
719,2.2,1,1,1
720,1.0,3,0,0
721,0.2,2,0,0
722,1.0,3,0,0
723,0.2,3,1,1
724,0.2,2,0,0
725,0.2,2,0,0
726,0.2,1,0,0
727,0.2,1,0,0
728,0.2,2,0,1
729,1.0,0,0,0
730,0.2,2,1,1
731,0.2,2,0,0
732,0.2,1,0,0
733,0.2,1,0,1
734,0.2,1,0,0
735,0.2,1,1,1
736,0.2,1,1,0
737,0.2,2,0,0
738,0.2,2,1,1
739,0.2,2,1,1
740,0.2,2,1,0
741,0.2,3,0,0
742,0.2,2,1,0
743,0.2,1,0,0
744,0.2,3,0,0
745,0.2,2,1,0
746,1.0,2,0,1
747,0.2,0,1,1
748,0.2,1,0,0
749,1.0,3,0,0
750,1.0,2,0,1
751,0.2,1,0,0
752,0.2,2,1,1
753,1.0,2,0,0
754,0.2,1,0,1
755,1.0,2,1,1
756,1.0,2,0,0
757,1.0,0,1,1
758,1.0,0,1,1
759,0.2,2,0,0
760,0.2,0,1,1
761,0.2,1,1,1
762,0.2,2,1,1
763,0.2,3,0,0
764,0.2,2,0,0
765,1.0,0,0,1
766,0.2,2,0,0
767,0.2,1,1,1
768,0.2,3,0,0
769,1.0,2,1,1
770,0.2,1,1,1
771,0.2,1,1,1
772,1.0,3,1,1
773,1.0,1,0,0
774,0.2,2,0,1
775,1.0,2,1,0
776,0.2,1,0,0
777,0.2,2,1,0
778,0.2,1,0,1
779,1.0,1,0,0
780,1.0,0,1,1
781,0.2,2,1,1
782,0.2,1,0,0
783,0.2,3,0,0
784,2.2,1,1,1
785,1.0,1,0,1
786,0.2,2,0,0
787,0.2,2,1,1
788,0.2,1,1,1
789,1.0,1,0,0
790,2.2,1,0,1
791,0.2,2,1,0
792,0.2,2,0,1
793,0.2,2,1,1
794,0.2,3,1,1
795,2.2,0,1,1
796,0.2,1,1,0
797,0.2,3,0,0
798,1.0,1,1,1
799,0.2,1,0,0
800,0.2,2,1,0
801,0.2,2,1,0
802,0.2,1,0,1
803,0.2,1,0,0
804,1.0,0,0,1
805,0.2,2,0,0
806,0.2,0,1,1
807,0.2,2,0,0
808,0.2,1,0,0
809,0.2,1,0,0
810,1.0,1,1,1
811,1.0,1,1,1
812,0.2,2,0,1
813,1.0,3,0,1
814,0.2,2,1,1
815,0.2,1,1,1
816,0.2,1,0,0
817,1.0,0,1,0
818,0.2,1,0,0
819,0.2,1,1,1
820,0.2,2,1,0
821,1.0,2,0,1
822,0.2,2,1,1
823,1.0,1,1,1
824,1.0,3,1,0
825,0.2,2,0,0
826,0.2,3,0,0
827,1.0,0,1,1
828,0.2,0,0,0
829,0.2,3,0,0
830,1.0,2,1,1
831,0.2,0,1,1
832,0.2,3,1,1
833,0.2,0,1,0
834,0.2,1,0,0
835,0.2,2,0,0
836,0.2,2,0,0
837,0.2,2,0,0
838,0.2,3,1,0
839,0.2,2,1,1
840,0.2,1,1,1
841,0.2,0,0,0
842,0.2,0,0,1
843,0.2,2,0,0
844,2.2,2,1,1
845,2.2,1,1,1
846,0.2,1,1,0
847,0.2,0,1,1
848,0.2,3,0,0
849,0.2,2,0,0
850,2.2,2,1,1
851,0.2,2,1,1
852,1.0,2,1,1
853,0.2,1,1,1
854,0.2,1,0,1
855,1.0,2,0,0
856,1.0,1,1,1
857,0.2,1,0,0
858,0.2,3,1,1
859,0.2,0,1,1
860,0.2,1,1,1
861,0.2,2,0,0
862,1.0,0,1,1
863,0.2,1,0,0
864,0.2,1,1,1
865,0.2,2,0,0
866,0.2,2,1,1
867,0.2,1,0,0
868,0.2,1,0,1
869,0.2,1,0,0
870,1.0,0,1,1
871,1.0,1,1,0
872,0.2,2,1,0
873,0.2,2,1,1
874,0.2,1,1,1
875,0.2,2,0,0
876,0.2,0,1,1
877,0.2,1,0,0
878,0.2,1,1,1
879,0.2,3,0,0
880,0.2,1,0,0
881,0.2,3,0,0
882,0.2,2,1,0
883,0.2,3,0,0
884,2.2,1,1,1
885,1.0,2,0,1
886,0.2,2,0,0
887,0.2,0,1,1
888,0.2,1,0,0
889,0.2,1,1,1
890,0.2,3,0,0
891,0.2,3,1,1
892,1.0,1,1,1
893,0.2,3,1,0
894,0.2,1,0,1
895,0.2,2,0,0
896,0.2,1,1,1
897,0.2,2,1,1
898,0.2,2,0,0
899,1.0,1,1,1
900,0.2,0,0,1
901,0.2,2,1,1
902,0.2,3,1,0
903,0.2,2,0,0
904,1.0,2,0,1
905,0.2,3,0,0
906,0.2,1,0,1
907,0.2,2,0,0
908,0.2,2,1,1
909,0.2,0,1,1
910,0.2,3,0,0
911,0.2,0,1,0
912,0.2,1,0,0
913,0.2,1,0,0
914,0.2,1,1,1
915,1.0,3,0,1
916,0.2,2,0,0
917,0.2,1,0,0
918,0.2,1,0,0
919,0.2,2,1,1
920,0.2,0,0,1
921,0.2,0,0,0
922,0.2,1,0,0
923,0.2,0,0,0
924,0.2,2,0,0
925,0.2,1,0,0
926,0.2,1,0,0
927,1.0,0,1,1
928,0.2,2,1,1
929,0.2,2,1,1
930,0.2,2,1,1
931,0.2,3,1,1
932,0.2,2,0,0
933,0.2,1,1,1
934,0.2,1,1,1
935,0.2,1,1,1
936,2.2,2,1,1
937,0.2,1,1,1
938,1.0,2,1,0
939,0.2,0,1,0
940,0.2,2,0,1
941,0.2,1,0,0
942,1.0,1,1,1
943,0.2,1,1,1
944,0.2,2,0,0
945,0.2,2,1,1
946,0.2,2,0,0
947,3.8,2,0,0
948,0.2,1,1,0
949,0.2,1,0,0
950,1.0,2,1,1
951,0.2,1,1,0
952,0.2,2,0,0
953,1.0,0,1,1
954,0.2,3,0,0
955,0.2,2,0,0
956,0.2,1,1,1
957,0.2,1,0,0
958,0.2,1,1,1
959,1.0,2,1,1
960,0.2,0,0,0
961,1.0,2,1,1
962,0.2,3,0,0
963,0.2,0,0,1
964,1.0,1,1,1
965,0.2,2,0,0
966,0.2,2,0,1
967,0.2,2,0,0
968,1.0,1,1,1
969,0.2,1,1,1
970,0.2,0,1,1
971,0.2,1,0,1
972,1.8,2,0,0
973,1.0,2,1,1
974,1.0,1,1,1
975,0.2,2,1,1
976,0.2,2,0,0
977,0.2,2,0,0
978,1.0,0,1,1
979,0.2,1,1,1
980,1.0,1,1,1
981,0.2,1,1,1
982,0.2,2,0,0
983,0.2,1,0,1
984,1.0,2,1,1
985,0.2,2,0,0
986,0.2,0,0,0
987,1.0,1,0,1
988,1.0,1,1,1
989,1.0,2,1,1
990,0.2,2,0,0
991,0.2,2,1,1
992,0.2,2,0,0
993,0.2,1,1,1
994,0.2,1,0,0
995,0.2,1,0,1
996,0.2,2,1,1
997,0.2,2,1,0
998,2.2,1,1,1
999,0.2,2,0,0
1000,0.2,1,1,1
1001,0.2,2,0,0
1002,0.2,3,1,1
1003,0.2,3,1,1
1004,0.2,1,0,0
1005,0.2,1,0,0
1006,0.2,2,1,1
1007,1.0,1,1,1
1008,0.2,2,0,0
1009,0.2,2,0,1
1010,0.2,1,0,1
1011,0.2,1,0,1
1012,0.2,1,0,0
1013,0.2,2,1,1
1014,0.2,2,1,0
1015,0.2,1,0,0
1016,1.0,2,1,1
1017,1.0,1,0,0
1018,0.2,2,0,0
1019,2.2,2,1,1
1020,0.2,3,0,1
1021,0.2,1,0,0
1022,0.2,3,1,0
1023,1.0,2,0,0
1024,1.0,2,1,1
1025,1.0,2,1,1
1026,0.2,1,0,0
1027,0.2,1,0,1
1028,0.2,1,1,1
1029,0.2,2,1,0
1030,0.2,1,1,1
1031,1.0,2,1,1
1032,0.2,2,0,1
1033,1.0,1,1,1
1034,1.0,2,1,1
1035,1.0,2,1,1
1036,0.2,0,1,1
1037,0.2,2,0,0
1038,0.2,1,1,1
1039,1.0,1,0,0
1040,1.0,1,1,1
1041,0.2,2,0,0
1042,1.0,3,1,1
1043,0.2,1,0,1
1044,0.2,1,1,1
1045,1.0,3,0,0
1046,0.2,1,1,1
1047,0.2,0,1,1
1048,0.2,1,1,1
1049,0.2,2,0,1
1050,1.0,1,1,1
1051,0.2,2,1,1
1052,0.2,1,0,0
1053,0.2,2,1,0
1054,0.2,1,0,0
1055,1.0,2,1,1
1056,2.2,2,0,1
1057,3.4000000000000004,3,0,0
1058,0.2,2,1,1
1059,1.0,1,1,1
1060,0.2,2,1,0
1061,0.2,2,0,0
1062,0.2,2,1,1
1063,1.0,2,0,0
1064,0.2,0,1,1
1065,0.2,2,1,1
1066,0.2,2,1,1
1067,0.2,2,0,0
1068,1.0,3,0,1
1069,1.0,1,1,1
1070,0.2,1,1,1
1071,0.2,1,0,0
1072,0.2,3,0,0
1073,1.0,2,1,1
1074,0.2,2,0,0
1075,0.2,0,1,0
1076,0.2,0,1,0
1077,0.2,1,1,1
1078,0.2,3,0,0
1079,2.2,0,1,1
1080,0.2,0,1,1
1081,0.2,1,0,0
1082,0.2,0,0,0
1083,0.2,3,0,0
1084,1.0,2,1,1
1085,0.2,1,0,0
1086,1.0,1,0,1
1087,1.0,3,1,1
1088,0.2,1,1,0
1089,0.2,0,0,0
1090,1.0,3,1,1
1091,1.0,2,1,0
1092,0.2,0,0,1
1093,0.2,2,0,0
1094,0.2,1,0,0
1095,0.2,1,1,1
1096,0.2,0,0,0
1097,0.2,2,1,1
1098,0.2,1,1,1
1099,1.0,1,1,1
1100,0.2,3,0,0
1101,0.2,0,0,0
1102,0.2,0,1,1
1103,0.2,2,0,0
1104,0.2,3,0,0
1105,0.2,2,1,1
1106,0.2,1,1,0
1107,0.2,1,0,0
1108,0.2,1,0,0
1109,0.2,1,0,0
1110,2.2,0,1,1
1111,0.2,0,0,1
1112,0.2,3,1,0
1113,0.2,0,0,0
1114,0.2,1,1,0
1115,0.2,2,1,1
1116,0.2,2,1,1
1117,2.2,2,0,1
1118,0.2,3,0,0
1119,2.2,2,1,1
1120,0.2,0,0,0
1121,0.2,2,0,0
1122,0.2,2,0,0
1123,1.0,1,1,1
1124,0.2,3,0,0
1125,0.2,1,0,0
1126,0.2,1,0,0
1127,0.2,1,1,1
1128,0.2,1,0,1
1129,1.0,2,1,1
1130,0.2,1,1,0
1131,0.2,0,1,1
1132,1.0,2,1,1
1133,0.2,1,0,1
1134,0.2,3,0,1
1135,1.0,0,1,1
1136,0.2,1,1,1
1137,1.4,2,1,0
1138,0.2,2,0,0
1139,0.2,2,0,0
1140,1.0,1,1,1
1141,0.2,2,0,1
1142,0.2,2,1,1
1143,0.2,2,0,1
1144,0.2,2,1,1
1145,0.2,1,0,1
1146,1.0,2,1,1
1147,0.2,2,1,1
1148,0.2,0,1,0
1149,1.0,2,1,1
1150,0.2,0,0,0
1151,1.0,1,1,1
1152,1.0,1,1,1
1153,0.2,1,1,1
1154,0.2,2,0,0
1155,1.0,1,0,0
1156,1.0,1,1,1
1157,0.2,1,1,1
1158,0.2,1,1,1
1159,0.2,1,1,1
1160,0.2,2,0,0
1161,1.0,1,0,1
1162,1.0,1,1,1
1163,1.0,2,1,1
1164,1.0,2,1,1
1165,0.2,1,1,0
1166,0.2,0,0,0
1167,0.2,1,1,0
1168,0.2,2,0,0
1169,1.0,2,0,0
1170,1.0,2,0,0
1171,0.2,1,0,0
1172,1.0,2,1,1
1173,0.2,2,1,1
1174,0.2,0,0,0
1175,0.2,0,0,0
1176,0.2,0,0,0
1177,0.2,3,1,1
1178,0.2,1,1,1
1179,0.2,1,0,1
1180,1.0,2,0,1
1181,0.2,2,0,0
1182,0.2,2,0,0
1183,0.2,1,0,0
1184,1.0,2,1,0
1185,0.2,1,1,1
1186,0.2,1,0,0
1187,0.2,2,1,1
1188,0.2,2,1,0
1189,1.0,0,1,1
1190,0.2,2,0,0
1191,0.2,1,1,1
1192,0.2,3,0,0
1193,0.2,3,0,0
1194,0.2,1,0,0
1195,1.0,1,1,1
1196,0.2,2,0,0
1197,0.2,2,1,0
1198,0.2,2,0,0
1199,0.2,2,1,0
1200,0.2,3,1,0
1201,0.2,1,0,0
1202,0.2,3,0,0
1203,0.2,2,0,0
1204,0.2,2,0,0
1205,0.2,1,1,1
1206,0.2,1,1,1
1207,1.0,2,1,1
1208,0.2,3,1,1
1209,0.2,1,1,0
1210,0.2,2,1,0
1211,0.2,3,1,1
1212,0.2,2,0,0
1213,0.2,1,0,0
1214,0.2,3,0,0
1215,0.2,1,1,1
1216,0.2,1,1,1
1217,0.2,2,1,0
1218,1.0,0,1,1
1219,0.2,1,1,1
1220,0.2,1,0,0
1221,0.2,1,1,1
1222,0.2,1,1,0
1223,0.2,0,1,1
1224,1.0,1,0,1
1225,0.2,2,0,0
1226,2.2,1,1,1
1227,1.0,0,1,1
1228,0.2,2,1,1
1229,0.2,1,1,1
1230,1.0,1,1,1
1231,1.0,0,1,1
1232,1.0,0,1,1
1233,1.0,1,0,1
1234,0.2,2,0,0
1235,0.2,0,1,1
1236,1.0,2,1,0
1237,0.2,1,1,1
1238,1.0,1,1,1
1239,0.2,2,1,0
1240,0.2,1,0,0
1241,0.2,1,1,1
1242,0.2,1,0,0
1243,0.2,1,1,1
1244,0.2,2,0,1
1245,1.4,1,1,1
1246,0.2,1,1,1
1247,0.2,2,1,0
1248,0.2,3,0,0
1249,1.0,2,1,1
1250,0.2,1,1,1
1251,1.0,2,1,1
1252,0.2,1,0,0
1253,0.2,1,1,0
1254,0.2,3,0,0
1255,1.0,2,1,1
1256,0.2,2,1,1
1257,0.2,1,1,1
1258,0.2,0,1,1
1259,0.2,2,0,0
1260,0.2,2,1,1
1261,0.2,2,0,0
1262,0.2,3,1,0
1263,0.2,3,0,0
1264,1.0,0,1,1
1265,0.2,2,0,0
1266,0.2,1,0,0
1267,1.0,1,0,1
1268,0.2,0,0,0
1269,0.2,3,0,0
1270,1.0,1,0,0
1271,0.2,1,1,0
1272,1.0,2,1,1
1273,0.2,2,1,1
1274,0.2,2,1,1
1275,0.2,2,1,0
1276,1.0,1,1,1
1277,1.0,2,0,0
1278,0.2,1,1,1
1279,0.2,1,0,0
1280,1.0,2,1,1
1281,0.2,1,0,0
1282,0.2,1,0,0
1283,0.2,1,0,0
1284,0.2,1,0,0
1285,0.2,2,0,0
1286,0.2,1,1,1
1287,1.0,1,1,1
1288,0.2,1,0,0
1289,0.2,1,1,1
1290,1.0,1,1,1
1291,0.2,2,0,0
1292,0.2,2,1,1
1293,1.0,3,1,1
1294,1.0,2,0,1
1295,0.2,0,0,0
1296,1.0,2,1,1
1297,0.2,3,1,0
1298,1.0,2,1,1
1299,0.2,2,0,0
1300,0.2,1,0,0
1301,0.2,3,0,0
1302,0.2,3,0,0
1303,0.2,0,0,0
1304,0.2,1,1,1
1305,0.2,2,0,0
1306,0.2,2,0,0
1307,0.2,2,0,0
1308,1.0,0,0,0
1309,0.2,1,1,1
1310,0.2,0,1,0
1311,0.2,2,0,0
1312,1.0,1,1,1
1313,1.0,2,1,1
1314,0.2,1,1,1
1315,0.2,1,0,0
1316,1.0,1,1,1
1317,0.2,1,0,0
1318,0.2,1,1,1
1319,0.2,1,1,1
1320,0.2,1,1,0
1321,0.2,2,1,1
1322,0.2,3,0,0
1323,0.2,0,0,1
1324,1.8,1,1,0
1325,0.2,2,1,1
1326,1.0,2,1,1
1327,1.0,1,1,1
1328,0.2,0,1,1
1329,0.2,2,0,0
1330,0.2,1,1,1
1331,1.0,2,0,1
1332,0.2,1,0,0
1333,0.2,2,1,1
1334,1.0,2,1,1
1335,0.2,2,0,0
1336,0.2,2,1,1
1337,0.2,3,0,0
1338,0.2,2,0,0
1339,0.2,1,0,0
1340,1.0,1,1,1
1341,0.2,3,1,1
1342,0.2,1,1,0
1343,1.0,2,1,1
1344,0.2,1,1,1
1345,0.2,2,1,1
1346,0.2,2,0,1
1347,1.0,2,1,1
1348,0.2,1,1,1
1349,0.2,2,0,0
1350,0.2,3,1,1
1351,0.2,1,1,1
1352,0.2,2,1,1
1353,0.2,2,1,0
1354,0.2,2,0,0
1355,0.2,1,0,1
1356,0.2,2,0,0
1357,0.2,2,1,0
1358,0.2,2,0,0
1359,0.2,1,1,1
1360,0.2,1,0,0
1361,0.2,0,0,0
1362,0.2,1,0,0
1363,0.2,2,1,0
1364,0.2,3,0,0
1365,1.0,1,1,1
1366,1.0,2,1,1
1367,1.0,2,1,1
1368,1.0,0,1,1
1369,0.2,2,0,0
1370,0.2,3,0,0
1371,0.2,2,1,1
1372,0.2,2,0,0
1373,0.2,3,0,0
1374,1.0,1,1,1
1375,0.2,2,0,0
1376,0.2,2,1,0
1377,0.2,2,1,0
1378,0.2,2,1,1
1379,1.0,2,0,1
1380,1.0,2,1,1
1381,0.2,1,1,1
1382,1.0,3,0,0
1383,0.2,1,1,1
1384,0.2,1,0,0
1385,1.0,3,0,0
1386,1.0,2,1,1
1387,0.2,2,0,0
1388,0.2,2,0,0
1389,0.2,1,1,0
1390,0.2,1,1,1
1391,0.2,2,0,0
1392,0.2,0,1,0
1393,0.2,1,1,0
1394,2.2,0,1,1
1395,0.2,2,1,0
1396,0.2,2,0,1
1397,0.2,1,1,0
1398,0.2,3,0,0
1399,0.2,1,0,0
1400,0.2,2,0,0
1401,0.2,3,0,0
1402,1.0,2,0,1
1403,0.2,1,1,0
1404,0.2,2,0,0
1405,2.2,2,0,1
1406,0.2,3,0,0
1407,1.0,0,0,1
1408,0.2,1,1,1
1409,0.2,0,0,0
1410,0.2,2,0,0
1411,0.2,1,1,1
1412,0.2,2,0,0
1413,0.2,2,0,1
1414,0.2,3,0,0
1415,1.0,2,1,1
1416,0.2,0,0,0
1417,0.2,2,0,0
1418,1.0,0,1,1
1419,0.2,2,1,1
1420,0.2,2,0,0
1421,0.2,2,0,0
1422,0.2,1,1,0
1423,1.0,2,1,1
1424,0.2,2,0,0
1425,0.2,0,1,1
1426,1.0,1,1,1
1427,0.2,0,0,0
1428,1.0,2,0,0
1429,0.2,2,0,0
1430,0.2,1,1,1
1431,0.2,1,0,0
1432,0.2,2,0,1
1433,0.2,2,1,1
1434,1.0,0,1,1
1435,0.2,0,1,1
1436,0.2,3,0,0
1437,1.0,0,1,1
1438,0.2,3,1,1
1439,0.2,3,1,0
1440,1.0,1,1,1
1441,2.2,1,0,1
1442,0.2,0,0,0
1443,1.0,1,1,1
1444,0.2,1,1,1
1445,0.2,1,0,0
1446,0.2,3,1,1
1447,0.2,1,1,0
1448,0.2,3,0,0
1449,1.0,3,1,1
1450,0.2,2,1,0
1451,0.2,3,0,0
1452,0.2,0,0,1
1453,0.2,1,1,0
1454,0.2,3,0,0
1455,0.2,2,1,1
1456,1.0,0,1,1
1457,0.2,3,0,1
1458,0.2,1,1,1
1459,2.2,2,1,1
1460,0.2,2,0,0
1461,1.0,1,0,1
1462,1.0,1,1,1
1463,0.2,3,1,1
1464,0.2,1,1,1
1465,0.2,1,1,1
1466,1.0,1,0,0
1467,0.2,2,0,1
1468,0.2,1,1,1
1469,0.2,3,0,0
1470,0.2,0,0,0
1471,0.2,0,1,1
1472,0.2,0,0,0
1473,0.2,1,1,0
1474,0.2,1,1,0
1475,1.0,2,1,1
1476,0.2,2,0,0
1477,0.2,2,1,1
1478,1.0,3,1,1
1479,0.2,1,0,0
1480,0.2,1,1,1
1481,0.2,3,0,0
1482,0.2,1,0,0
1483,0.2,1,1,1
1484,0.2,2,1,1
1485,1.0,1,1,1
1486,0.2,1,0,0
1487,0.2,3,0,0
1488,0.2,3,0,0
1489,1.0,2,1,1
1490,0.2,2,0,0
1491,0.2,2,1,1
1492,0.2,2,1,0
1493,0.2,1,1,1
1494,0.2,2,0,0
1495,0.2,1,1,0
1496,0.2,1,0,0
1497,0.2,1,1,1
1498,0.2,1,0,1
1499,0.2,2,0,1
1500,0.2,1,1,0
1501,2.2,3,1,1
1502,0.2,2,0,1
1503,0.2,2,1,0
1504,0.2,2,1,0
1505,0.2,3,0,1
1506,1.0,1,1,1
1507,0.2,1,1,1
1508,0.2,3,1,1
1509,0.2,2,0,0
1510,1.0,2,1,1
1511,0.2,0,0,0
1512,0.2,1,0,0
1513,0.2,2,1,1
1514,0.2,2,1,1
1515,0.2,3,0,0
1516,1.0,2,0,1
1517,1.0,0,0,1
1518,0.2,1,1,1
1519,0.2,2,0,1
1520,0.2,2,0,1
1521,0.2,3,1,1
1522,0.2,1,1,0
1523,0.2,2,0,0
1524,0.2,1,0,0
1525,0.2,2,0,1
1526,1.0,1,1,1
1527,1.0,2,1,1
1528,0.2,1,0,0
1529,0.2,1,1,1
1530,0.2,2,0,0
1531,1.0,2,1,0
1532,0.2,1,0,1
1533,0.2,0,0,0
1534,1.0,1,1,1
1535,0.2,0,0,0
1536,0.2,1,0,1
1537,0.2,2,0,0
1538,0.2,3,0,1
1539,0.2,2,0,0
1540,0.2,2,0,0
1541,0.2,1,0,0
1542,0.2,3,0,0
1543,1.0,1,0,0
1544,1.0,2,1,1
1545,0.2,1,0,0
1546,0.2,2,0,0
1547,1.0,2,1,1
1548,0.2,2,0,0
1549,0.2,1,0,0
1550,0.2,2,0,0
1551,0.2,2,0,0
1552,1.0,2,1,1
1553,0.2,2,0,0
1554,0.2,1,0,0
1555,1.0,1,1,1
1556,0.2,3,1,1
1557,0.2,2,0,0
1558,0.2,1,1,1
1559,1.0,2,1,0
1560,1.0,2,0,1
1561,0.2,1,0,0
1562,0.2,0,1,1
1563,0.2,0,1,1
1564,0.2,2,1,1
1565,1.0,0,1,1
1566,1.0,1,1,1
1567,0.2,1,0,0
1568,0.2,1,0,0
1569,0.2,3,0,0
1570,0.2,2,0,0
1571,1.0,3,1,1
1572,0.2,2,0,1
1573,0.2,3,0,0
1574,0.2,1,1,0
1575,0.2,3,1,1
1576,1.0,1,1,1
1577,0.2,1,0,0
1578,0.2,1,1,1
1579,0.2,0,1,0
1580,0.2,3,0,0
1581,1.0,2,1,1
1582,1.0,2,0,0
1583,0.2,2,1,0
1584,0.2,0,1,1
1585,0.2,2,0,0
1586,0.2,2,0,0
1587,0.2,2,1,1
1588,0.2,1,1,1
1589,1.0,3,1,1
1590,0.2,1,1,0
1591,0.2,1,1,0
1592,0.2,1,1,0
1593,1.0,2,0,1
1594,0.2,3,0,0
1595,0.2,1,1,1
1596,1.0,2,1,1
1597,0.2,1,0,0
1598,0.2,2,1,0
1599,1.0,3,0,0
1600,1.0,3,1,1
1601,0.2,2,0,0
1602,0.2,2,1,1
1603,0.2,0,0,0
1604,0.2,1,1,0
1605,0.2,1,0,0
1606,1.0,1,1,1
1607,1.0,1,1,1
1608,1.0,2,1,1
1609,0.2,1,0,0
1610,1.0,1,1,1
1611,0.2,3,0,0
1612,0.2,2,1,0
1613,0.2,2,0,0
1614,0.2,3,1,1
1615,0.2,1,1,1
1616,0.2,0,1,1
1617,0.2,1,0,1
1618,0.2,3,0,0
1619,0.2,0,0,1
1620,1.0,2,0,0
1621,1.0,0,0,0
1622,0.2,1,1,0
1623,0.2,1,0,0
1624,1.0,3,0,0
1625,0.2,1,1,0
1626,0.2,3,0,0
1627,0.2,2,0,0
1628,0.2,2,0,0
1629,1.0,0,1,1
1630,0.2,1,1,1
1631,0.2,1,0,0
1632,0.2,1,0,0
1633,0.2,1,1,1
1634,0.2,1,0,0
1635,0.2,2,0,0
1636,2.2,2,1,1
1637,0.2,3,0,0
1638,2.2,0,1,1
1639,1.0,0,1,1
1640,0.2,2,1,1
1641,1.0,2,0,1
1642,0.2,1,1,1
1643,1.0,2,1,1
1644,1.0,1,0,0
1645,0.2,1,1,0
1646,1.0,1,0,0
1647,1.0,1,1,1
1648,0.2,3,1,0
1649,0.2,2,0,0
1650,0.2,1,0,1
1651,0.2,3,1,1
1652,0.2,0,1,1
1653,0.2,2,0,1
1654,0.2,0,1,1
1655,0.2,3,0,0
1656,0.2,2,0,0
1657,1.0,0,0,1
1658,0.2,3,0,0
1659,1.0,1,0,1
1660,0.2,2,1,0
1661,0.2,1,1,1
1662,1.0,1,0,1
1663,0.2,1,1,1
1664,0.2,2,1,1
1665,0.2,2,0,0
1666,1.0,1,0,1
1667,0.2,1,0,0
1668,0.2,0,1,1
1669,0.2,1,1,1
1670,0.2,2,1,1
1671,0.2,1,1,1
1672,0.2,0,1,1
1673,2.2,2,1,1
1674,0.2,1,1,1
1675,0.2,3,1,1
1676,0.2,2,0,0
1677,0.2,2,1,0
1678,0.2,1,1,1
1679,0.2,1,1,0
1680,0.2,2,0,0
1681,1.0,3,1,1
1682,0.2,1,0,0
1683,0.2,1,1,1
1684,0.2,3,0,0
1685,1.0,1,0,1
1686,0.2,2,1,0
1687,1.0,1,1,1
1688,1.0,2,1,1
1689,0.2,3,0,0
1690,1.0,2,1,1
1691,0.2,1,0,0
1692,1.0,2,0,1
1693,2.2,2,0,1
1694,0.2,3,0,0
1695,1.0,1,1,1
1696,0.2,2,1,0
1697,0.2,2,1,0
1698,0.2,1,1,1
1699,0.2,1,0,0
1700,0.6000000000000001,3,0,0
1701,0.2,1,1,1
1702,0.2,2,1,1
1703,0.2,2,0,0
1704,0.2,0,0,1
1705,0.2,2,1,1
1706,0.2,3,0,0
1707,0.2,0,1,1
1708,0.2,0,1,1
1709,0.2,3,0,0
1710,0.2,1,1,0
1711,0.2,1,1,1
1712,0.2,2,0,0
1713,0.2,0,1,1
1714,0.2,2,0,0
1715,1.0,1,1,1
1716,0.2,1,1,0
1717,0.2,1,1,0
1718,0.2,2,1,1
1719,0.2,2,0,1
1720,0.2,2,0,1
1721,1.0,1,0,1
1722,0.2,3,0,1
1723,0.2,1,0,0
1724,0.2,3,0,0
1725,2.2,1,0,1
1726,0.2,0,0,1
1727,1.0,2,0,0
1728,0.2,2,0,0
1729,0.2,0,0,0
1730,0.2,1,0,1
1731,0.2,2,1,1
1732,0.2,2,0,0
1733,1.0,3,0,0
1734,1.0,3,1,1
1735,0.2,1,0,0
1736,0.2,2,1,0
1737,0.2,2,0,0
1738,0.2,1,1,0
1739,0.2,0,0,0
1740,0.2,1,0,0
1741,1.0,0,0,0
1742,0.2,2,1,1
1743,0.2,1,0,0
1744,0.2,0,0,1
1745,0.2,1,0,0
1746,0.2,3,1,0
1747,0.2,3,1,1
1748,1.0,1,1,1
1749,0.2,3,0,0
1750,0.2,0,0,0
1751,0.2,1,1,0
1752,0.2,2,1,1
1753,0.2,2,0,0
1754,0.2,1,1,0
1755,1.0,1,0,1
1756,1.0,1,1,1
1757,0.2,2,0,0
1758,0.2,0,0,0
1759,0.2,1,0,0
1760,0.2,1,0,0
1761,0.2,2,0,0
1762,0.2,0,0,0
1763,0.2,1,0,1
1764,0.2,1,0,0
1765,1.0,3,0,1
1766,1.0,2,1,1
1767,0.2,2,1,1
1768,1.0,1,1,1
1769,0.2,2,0,0
1770,0.2,2,1,0
1771,1.0,1,1,1
1772,0.2,0,1,1
1773,0.2,1,1,1
1774,0.2,1,1,1
1775,0.2,1,0,1
1776,0.2,2,1,1
1777,0.2,1,0,0
1778,0.2,2,1,1
1779,0.2,2,0,0
1780,2.2,1,0,1
1781,0.2,2,0,0
1782,0.2,2,1,1
1783,0.2,3,0,0
1784,0.2,1,1,0
1785,0.2,0,1,1
1786,0.2,2,0,0
1787,0.2,2,0,0
1788,0.2,2,1,1
1789,0.2,2,0,0
1790,0.2,1,0,0
1791,0.2,2,0,0
1792,0.2,1,0,0
1793,0.2,1,0,0
1794,1.0,3,1,1
1795,0.2,2,0,0
1796,0.2,2,1,0
1797,0.2,2,1,0
1798,1.0,2,0,0
1799,0.2,1,1,0
1800,0.2,1,1,1
1801,0.2,1,1,1
1802,0.2,2,1,1
1803,1.0,1,1,1
1804,0.2,3,1,1
1805,0.2,2,1,1
1806,0.2,1,1,1
1807,0.2,1,0,1
1808,0.2,2,1,1
1809,0.2,1,0,0
1810,0.2,1,0,0
1811,0.2,2,1,0
1812,0.2,0,1,1
1813,0.2,0,1,1
1814,0.2,1,1,1
1815,0.2,3,1,1
1816,0.2,3,1,1
1817,0.2,2,0,0
1818,0.2,1,0,0
1819,1.0,1,1,1
1820,0.2,2,1,1
1821,1.0,0,1,1
1822,0.2,2,0,0
1823,0.2,1,1,1
1824,0.2,2,1,1
1825,0.2,1,1,1
1826,1.0,2,1,1
1827,0.2,3,1,0
1828,1.0,1,1,1
1829,0.2,2,1,0
1830,0.2,3,1,1
1831,0.2,3,0,0
1832,0.2,1,1,1
1833,0.2,2,0,0
1834,0.2,3,0,0
1835,0.2,3,0,0
1836,0.2,1,1,1
1837,0.2,0,0,0
1838,1.0,1,1,1
1839,0.2,1,1,1
1840,0.2,1,0,1
1841,0.2,2,1,0
1842,0.2,2,1,0
1843,1.0,0,0,1
1844,0.2,1,0,0
1845,1.0,0,1,1
1846,0.2,2,0,0
1847,1.0,3,0,1
1848,0.2,1,0,0
1849,0.2,0,1,1
1850,1.0,1,1,1
1851,0.2,1,1,1
1852,0.2,0,1,1
1853,1.0,3,0,1
1854,0.2,2,0,1
1855,0.2,3,0,0
1856,1.0,0,0,1
1857,0.2,2,0,0
1858,0.2,2,0,0
1859,0.2,1,1,0
1860,0.2,2,0,0
1861,0.2,1,1,1
1862,0.2,3,0,0
1863,0.2,2,0,0
1864,0.2,3,0,1
1865,0.2,2,0,0
1866,0.2,3,1,1
1867,0.2,2,0,0
1868,1.0,1,1,1
1869,1.0,2,1,1
1870,0.2,1,1,1
1871,0.2,1,0,1
1872,0.2,0,0,1
1873,0.2,0,0,0
1874,0.2,1,0,0
1875,0.2,1,0,0
1876,1.0,1,1,1
1877,0.2,1,1,0
1878,0.2,1,0,1
1879,2.2,1,1,1
1880,0.2,1,0,1
1881,0.2,2,0,0
1882,1.0,1,1,1
1883,0.2,3,0,0
1884,0.2,0,0,0
1885,0.2,2,1,1
1886,0.2,1,1,0
1887,0.2,3,1,0
1888,0.2,1,1,1
1889,1.0,2,1,0
1890,0.2,2,1,0
1891,0.2,1,1,0
1892,0.2,0,0,1
1893,0.2,2,1,1
1894,2.2,1,0,1
1895,0.2,2,0,0
1896,0.2,1,0,0
1897,0.2,3,1,0
1898,2.2,2,1,1
1899,0.2,1,0,1
1900,0.2,3,0,0
1901,0.2,1,0,1
1902,0.2,1,1,1
1903,0.2,1,0,0
1904,0.2,0,0,0
1905,0.2,1,0,0
1906,0.2,1,0,0
1907,0.2,3,0,0
1908,0.2,2,0,0
1909,0.2,3,0,1
1910,0.2,2,1,1
1911,1.0,1,0,1
1912,0.2,1,1,0
1913,0.2,1,1,0
1914,0.2,2,0,0
1915,1.0,3,1,1
1916,0.2,1,0,0
1917,0.2,2,0,0
1918,0.2,2,0,0
1919,1.0,1,1,1
1920,1.0,1,0,0
1921,0.2,1,1,1
1922,0.2,1,0,1
1923,0.2,1,1,1
1924,0.2,1,0,0
1925,0.2,0,1,1
1926,0.2,0,1,1
1927,0.2,1,0,0
1928,0.2,3,0,1
1929,0.2,1,1,1
1930,0.2,1,1,0
1931,0.2,0,0,0
1932,2.2,1,1,1
1933,2.2,1,1,1
1934,1.0,1,0,0
1935,0.2,1,0,0
1936,0.2,3,1,0
1937,1.0,1,1,1
1938,0.2,1,1,1
1939,0.2,2,0,0
1940,0.2,1,1,1
1941,0.2,2,1,1
1942,1.0,1,1,1
1943,0.2,1,0,0
1944,0.2,1,0,0
1945,0.2,1,0,0
1946,0.2,2,1,0
1947,0.2,3,1,1
1948,0.2,3,1,0
1949,0.2,3,1,0
1950,0.2,1,0,0
1951,0.2,0,1,1
1952,0.2,1,0,0
1953,0.2,2,0,0
1954,1.0,2,1,1
1955,0.2,2,1,1
1956,1.4,1,1,1
1957,1.0,2,0,1
1958,0.2,1,1,1
1959,0.2,1,0,0
1960,0.2,1,0,0
1961,0.2,1,0,0
1962,0.2,1,0,0
1963,2.2,1,1,1
1964,0.2,1,1,0
1965,1.0,1,1,1
1966,0.2,1,1,1
1967,0.2,1,1,0
1968,0.2,2,0,0
1969,0.2,1,1,1
1970,0.2,1,1,1
1971,0.2,2,1,0
1972,0.2,2,0,0
1973,0.2,1,0,0
1974,1.0,1,0,1
1975,0.2,1,1,0
1976,0.2,0,0,0
1977,0.2,3,1,1
1978,0.2,3,0,0
1979,0.2,1,0,0
1980,0.2,2,1,1
1981,0.2,2,1,1
1982,0.2,2,0,0
1983,0.2,2,1,1
1984,1.0,1,1,1
1985,0.2,1,0,0
1986,0.2,1,1,0
1987,0.2,2,1,1
1988,0.2,3,0,1
1989,0.2,2,1,1
1990,2.2,2,1,1
1991,0.2,3,1,1
1992,1.0,2,1,1
1993,0.2,1,1,0
1994,0.2,2,1,0
1995,1.0,2,0,1
1996,1.0,2,1,1
1997,0.2,1,1,0
1998,0.2,3,0,0
1999,0.2,2,1,1
2000,0.2,1,1,1
2001,0.2,2,0,1
2002,0.2,2,0,0
2003,1.0,3,1,1
2004,0.2,3,0,0
2005,1.0,3,1,1
2006,0.2,3,0,0
2007,0.2,2,1,1
2008,0.2,2,0,1
2009,1.0,2,1,1
2010,0.2,1,1,0
2011,0.2,1,0,0
2012,1.0,1,1,1
2013,1.0,3,0,1
2014,1.0,2,0,0
2015,0.2,1,0,0
2016,0.2,1,0,0
2017,0.2,3,0,0
2018,1.0,0,1,1
2019,0.2,0,0,0
2020,0.2,2,1,0
2021,0.2,3,1,0
2022,0.2,1,0,0
2023,0.2,1,0,0
2024,1.0,2,1,1
2025,0.2,1,1,1
2026,1.0,0,1,1
2027,0.2,2,0,1
2028,0.2,1,0,0
2029,1.0,1,1,1
2030,0.2,1,1,0
2031,0.2,2,0,0
2032,1.0,0,0,1
2033,0.2,2,0,0
2034,0.2,2,0,0
2035,0.2,1,0,0
2036,0.2,2,1,0
2037,0.2,2,1,1
2038,1.0,1,0,0
2039,0.2,2,1,1
2040,1.0,1,1,1
2041,1.0,1,1,1
2042,0.2,0,1,1
2043,0.2,1,0,0
2044,0.2,3,0,0
2045,0.2,2,1,1
2046,1.0,2,0,0
2047,2.2,1,1,1
2048,0.2,0,1,1
2049,0.2,0,1,0
2050,0.2,2,0,0
2051,1.0,2,1,1
2052,1.0,3,1,1
2053,0.2,2,1,1
2054,0.2,1,0,0
2055,0.2,1,0,0
2056,0.2,1,1,1
2057,0.2,1,0,0
2058,0.2,1,0,0
2059,0.2,2,1,1
2060,0.2,3,1,1
2061,1.0,0,1,1
2062,1.0,1,0,0
2063,0.2,2,0,0
2064,0.2,0,0,1
2065,0.2,1,1,1
2066,0.2,0,0,1
2067,0.2,2,0,0
2068,1.0,1,0,0
2069,1.0,1,0,1
2070,0.2,1,0,0
2071,1.0,2,0,0
2072,0.2,0,1,1
2073,0.2,1,0,0
2074,1.0,1,0,0
2075,0.2,3,0,0
2076,0.2,2,0,0
2077,1.0,2,1,1
2078,0.2,2,1,0
2079,0.2,3,0,1
2080,0.2,2,0,0
2081,1.0,2,1,1
2082,0.2,3,0,1
2083,0.2,3,0,0
2084,0.2,2,1,0
2085,0.2,2,0,0
2086,0.2,2,1,0
2087,1.0,2,1,1
2088,1.0,2,1,1
2089,1.0,1,0,0
2090,0.2,1,1,1
2091,0.2,0,1,1
2092,0.2,1,0,0
2093,1.0,0,1,1
2094,0.2,2,1,0
2095,0.2,1,0,0
2096,1.0,1,1,1
2097,0.2,1,1,1
2098,0.2,3,0,0
2099,0.2,3,1,1
2100,1.0,2,1,1
2101,0.2,1,1,1
2102,0.2,0,0,1
2103,0.2,0,1,1
2104,0.2,2,1,1
2105,1.0,1,1,1
2106,0.2,1,0,0
2107,0.2,2,0,0
2108,0.2,2,1,1
2109,0.2,2,0,0
2110,0.2,3,1,0
2111,2.2,2,1,1
2112,0.2,3,1,0
2113,1.0,2,0,0
2114,0.2,2,0,0
2115,0.2,1,0,1
2116,1.0,0,1,1
2117,0.2,1,0,0
2118,0.2,1,1,0
2119,0.2,1,1,0
2120,1.0,1,1,1
2121,0.2,1,0,0
2122,0.2,2,1,1
2123,0.2,3,0,1
2124,1.0,0,0,0
2125,0.2,0,1,1
2126,0.2,1,1,1
2127,0.2,2,1,0
2128,0.2,1,1,1
2129,1.0,3,1,1
2130,0.2,1,0,1
2131,0.2,2,0,0
2132,0.2,2,0,0
2133,0.2,1,0,0
2134,0.2,2,1,0
2135,1.0,2,1,1
2136,0.2,2,1,1
2137,0.2,1,1,1
2138,0.2,1,0,0
2139,0.2,2,0,0
2140,0.2,0,1,0
2141,1.0,1,1,1
2142,1.0,2,0,0
2143,0.2,3,0,0
2144,0.2,2,1,1
2145,0.2,1,1,1
2146,0.2,2,0,1
2147,0.2,2,1,0
2148,0.2,3,0,0
2149,0.2,1,1,1
2150,1.0,2,1,1
2151,0.2,1,1,1
2152,0.2,1,0,0
2153,0.2,1,1,0
2154,0.2,1,1,0
2155,1.0,0,0,1
2156,0.2,1,0,1
2157,0.2,1,1,1
2158,0.2,1,0,0
2159,0.2,1,0,0
2160,1.0,2,0,1
2161,0.2,2,0,0
2162,0.2,2,1,1
2163,1.0,0,1,1
2164,0.2,1,1,1
2165,0.2,1,1,1
2166,0.2,2,1,0
2167,1.0,2,1,1
2168,0.2,2,0,0
2169,0.2,2,1,1
2170,1.0,2,1,1
2171,0.2,2,1,1
2172,0.2,2,1,1
2173,1.0,2,1,1
2174,1.0,0,1,1
2175,0.2,2,1,1
2176,1.0,2,1,1
2177,1.0,2,1,1
2178,0.2,1,0,0
2179,0.6000000000000001,1,1,1
2180,0.2,3,0,0
2181,0.2,3,1,0
2182,0.2,1,0,0
2183,0.2,2,1,1
2184,0.2,2,1,1
2185,0.2,2,0,0
2186,1.0,1,0,1
2187,0.2,1,0,0
2188,0.2,2,0,0
2189,0.2,1,1,1
2190,0.2,3,1,0
2191,0.2,1,0,1
2192,0.2,1,1,1
2193,0.2,0,1,1
2194,0.2,2,1,1
2195,0.2,0,1,0
2196,1.0,2,1,0
2197,0.2,0,1,1
2198,0.2,1,0,0
2199,0.2,2,1,1
2200,1.0,2,0,0
2201,0.2,1,1,0
2202,0.2,1,0,0
2203,0.2,2,1,1
2204,1.0,2,0,0
2205,0.2,1,0,0
2206,0.2,2,0,1
2207,0.2,1,0,0
2208,0.2,2,0,0
2209,0.2,1,0,0
2210,0.2,2,1,1
2211,0.2,2,1,1
2212,1.0,2,1,1
2213,0.2,2,1,1
2214,0.2,2,1,1
2215,0.2,1,1,1
2216,0.2,1,0,1
2217,0.2,2,0,1
2218,0.2,1,1,1
2219,0.2,2,1,1
2220,0.2,1,0,0
2221,0.2,0,1,1
2222,0.2,2,0,0
2223,0.2,2,1,1
2224,0.2,0,0,0
2225,2.2,2,0,1
2226,0.2,1,1,1
2227,0.2,3,1,0
2228,0.2,2,1,1
2229,0.2,2,0,0
2230,1.0,2,0,0
2231,0.2,2,1,0
2232,0.2,1,1,1
2233,1.0,1,1,1
2234,0.2,3,0,0
2235,0.2,2,1,1
2236,1.0,1,0,1
2237,0.2,1,1,1
2238,0.2,2,0,0
2239,0.2,1,1,0
2240,0.2,2,0,0
2241,1.0,3,1,1
2242,0.2,2,0,0
2243,0.2,0,1,0
2244,0.2,2,1,0
2245,1.0,2,1,1
2246,0.2,2,0,0
2247,0.2,3,1,0
2248,0.2,3,0,1
2249,0.2,1,0,0
2250,0.2,1,0,0
2251,0.2,1,0,0
2252,0.2,1,0,0
2253,1.0,0,1,1
2254,1.0,0,0,1
2255,1.0,1,0,0
2256,0.2,1,1,1
2257,0.2,2,0,1
2258,0.2,1,1,0
2259,0.2,1,1,0
2260,0.2,2,0,0
2261,0.2,1,1,1
2262,0.2,2,0,0
2263,0.2,3,0,0
2264,0.2,2,0,0
2265,0.2,1,0,0
2266,0.2,2,1,1
2267,0.2,2,0,0
2268,0.2,2,1,0
2269,0.2,2,1,0
2270,0.2,2,1,1
2271,0.2,2,0,0
2272,1.0,1,1,1
2273,0.2,2,1,1
2274,0.2,3,0,1
2275,2.2,2,1,1
2276,0.2,2,0,0
2277,1.0,2,1,1
2278,0.2,1,0,0
2279,0.2,2,0,0
2280,0.2,1,0,1
2281,1.0,1,1,1
2282,0.2,0,0,0
2283,0.2,2,0,1
2284,0.2,2,0,0
2285,0.2,1,1,1
2286,0.2,3,1,1
2287,0.2,2,1,1
2288,0.2,2,1,1
2289,1.0,1,0,1
2290,0.2,1,0,0
2291,0.2,2,1,1
2292,1.0,2,1,1
2293,0.2,2,0,0
2294,0.2,1,0,0
2295,0.2,3,0,0
2296,0.2,2,0,1
2297,0.2,2,1,0
2298,0.2,2,1,1
2299,2.2,1,1,1
2300,0.2,2,0,0
2301,0.2,2,1,1
2302,0.2,1,0,0
2303,0.2,1,1,1
2304,0.2,0,0,1
2305,2.2,0,1,1
2306,2.2,0,0,1
2307,0.2,2,0,1
2308,0.2,2,1,1
2309,0.2,3,0,0
2310,0.2,1,1,1
2311,0.2,1,1,1
2312,2.2,2,0,1
2313,1.0,1,0,1
2314,0.2,2,0,0
2315,0.2,2,0,0
2316,0.2,2,0,0
2317,0.2,0,1,1
2318,0.2,1,0,0
2319,1.0,0,0,0
2320,0.2,2,1,1
2321,0.2,2,0,0
2322,0.2,1,1,0
2323,0.2,0,1,1
2324,0.2,2,0,0
2325,1.0,1,1,1
2326,2.2,2,0,0
2327,0.2,1,0,0
2328,1.0,2,0,0
2329,1.0,1,1,1
2330,0.2,1,1,1
2331,0.2,1,1,0
2332,0.2,1,1,0
2333,0.2,2,0,0
2334,1.0,2,0,1
2335,1.0,1,0,1
2336,0.2,2,0,0
2337,0.2,2,0,0
2338,0.2,1,1,0
2339,0.2,0,0,1
2340,0.2,2,1,1
2341,0.2,2,0,0
2342,0.2,1,0,0
2343,0.2,2,1,1
2344,0.2,3,1,1
2345,1.0,3,0,0
2346,0.2,1,1,0
2347,0.2,2,1,1
2348,1.0,0,1,1
2349,0.2,2,1,0
2350,0.2,2,0,0
2351,1.0,1,0,1
2352,0.2,1,1,1
2353,1.0,2,1,1
2354,0.2,1,0,0
2355,0.2,1,1,0
2356,0.2,0,1,1
2357,0.2,1,1,0
2358,0.2,0,0,0
2359,2.2,3,0,1
2360,0.2,1,0,0
2361,0.2,1,1,0
2362,0.2,1,1,1
2363,1.0,2,1,1
2364,0.2,1,0,0
2365,0.2,2,0,0
2366,0.2,2,1,1
2367,0.2,2,0,0
2368,0.2,2,0,0
2369,0.2,1,1,1
2370,0.2,2,0,0
2371,0.2,2,0,0
2372,0.2,2,1,1
2373,0.2,2,1,1
2374,0.2,2,1,0
2375,0.2,2,0,0
2376,0.2,0,0,0
2377,1.0,1,1,1
2378,0.2,1,0,0
2379,0.2,1,1,0
2380,0.2,1,0,0
2381,0.2,2,0,0
2382,0.2,1,0,0
2383,0.2,1,0,0
2384,0.2,3,1,1
2385,0.2,0,0,0
2386,1.0,0,0,0
2387,0.2,1,0,0
2388,0.2,1,1,1
2389,0.2,2,1,1
2390,1.0,3,1,1
2391,0.2,1,1,1
2392,0.2,2,0,0
2393,1.0,2,1,1
2394,0.2,1,0,0
2395,0.2,1,0,0
2396,0.2,2,0,0
2397,0.2,1,0,0
2398,0.2,3,1,0
2399,0.2,1,1,0
2400,0.2,0,0,0
2401,0.2,2,0,0
2402,0.2,3,0,0
2403,0.2,0,0,0
2404,0.2,1,0,0
2405,0.2,1,0,1
2406,0.2,2,1,0
2407,0.2,2,0,0
2408,1.0,1,1,0
2409,0.2,3,0,0
2410,0.2,3,0,0
2411,0.2,1,0,0
2412,0.2,1,0,1
2413,0.2,2,1,1
2414,0.2,1,0,0
2415,0.2,0,1,1
2416,0.2,1,1,1
2417,0.2,1,1,1
2418,0.2,2,1,0
2419,0.2,2,1,1
2420,1.0,0,1,1
2421,0.2,1,1,1
2422,0.2,0,0,1
2423,0.2,2,1,0
2424,0.2,2,1,1
2425,0.2,1,0,0
2426,0.2,2,0,0
2427,0.2,2,1,1
2428,0.2,1,1,1
2429,0.2,0,0,0
2430,0.2,2,0,0
2431,1.0,1,1,1
2432,0.2,1,0,0
2433,0.2,1,1,1
2434,1.0,1,1,1
2435,0.2,2,1,0
2436,0.2,1,1,0
2437,0.2,3,0,0
2438,0.2,1,1,1
2439,2.2,1,1,1
2440,0.2,1,0,0
2441,0.2,1,0,0
2442,1.0,1,0,0
2443,0.2,2,0,1
2444,0.2,1,0,0
2445,0.2,1,0,1
2446,0.2,0,0,0
2447,0.2,1,1,1
2448,0.2,1,0,0
2449,1.0,0,1,1
2450,1.0,1,0,0
2451,0.2,1,0,0
2452,0.2,1,0,0
2453,0.2,1,1,0
2454,0.2,3,1,1
2455,0.2,1,1,1
2456,0.2,3,0,0
2457,1.0,1,1,1
2458,0.2,1,1,1
2459,0.2,3,0,0
2460,0.2,0,1,0
2461,0.2,2,0,1
2462,0.2,2,0,0
2463,0.2,1,0,1
2464,0.2,2,0,0
2465,0.2,0,0,1
2466,1.0,1,0,0
2467,0.2,1,1,1
2468,0.2,2,1,1
2469,0.2,1,1,1
2470,2.2,2,1,1
2471,0.2,3,1,1
2472,0.2,2,1,1
2473,1.0,1,1,1
2474,0.2,1,1,1
2475,0.2,2,0,0
2476,0.2,2,1,1
2477,0.2,1,0,0
2478,0.2,1,1,0
2479,0.2,1,1,0
2480,1.0,2,0,1
2481,0.2,1,0,0
2482,1.0,2,1,1
2483,0.2,1,1,0
2484,0.2,3,1,1
2485,0.2,1,1,1
2486,1.0,2,1,0
2487,0.2,1,0,0
2488,0.2,3,0,0
2489,0.2,3,0,0
2490,0.2,3,0,0
2491,0.2,3,0,0
2492,0.2,2,0,0
2493,0.2,1,1,1
2494,0.2,1,0,0
2495,0.2,1,1,1
2496,0.2,3,0,0
2497,1.0,3,0,0
2498,0.2,2,1,1
2499,0.2,3,0,0
2500,0.2,2,1,0
2501,1.0,2,1,1
2502,0.2,1,0,0
2503,0.2,0,0,1
2504,0.2,1,1,1
2505,0.2,2,0,0
2506,1.0,2,1,0
2507,0.2,2,1,0
2508,0.2,1,1,0
2509,0.2,2,1,1
2510,0.2,1,0,1
2511,0.2,2,0,1
2512,0.2,2,0,1
2513,0.2,0,0,0
2514,0.2,1,1,0
2515,0.2,1,0,0
2516,0.2,1,0,0
2517,0.2,2,0,0
2518,0.2,2,1,0
2519,0.2,1,0,0
2520,0.2,2,0,0
2521,0.2,2,1,1
2522,1.0,2,0,0
2523,1.0,2,0,0
2524,0.2,2,0,0
2525,0.2,1,1,1
2526,0.2,3,0,0
2527,0.2,1,1,1
2528,0.2,1,0,0
2529,0.2,2,1,1
2530,0.2,0,1,1
2531,1.0,1,1,1
2532,0.2,2,0,0
2533,0.2,1,0,0
2534,0.2,1,0,0
2535,0.2,2,0,0
2536,2.2,1,0,1
2537,0.2,1,1,1
2538,0.2,1,0,0
2539,0.2,2,0,0
2540,1.0,3,0,0
2541,0.2,3,1,0
2542,1.0,1,1,1
2543,0.2,2,0,1
2544,0.2,1,0,0
2545,1.0,1,0,0
2546,1.0,2,1,0
2547,0.2,1,0,1
2548,0.2,2,0,0
2549,0.2,2,1,1
2550,0.2,1,0,0
2551,0.2,0,1,1
2552,1.0,2,1,1
2553,0.2,2,1,1
2554,0.2,1,0,0
2555,1.0,2,1,0
2556,1.0,2,0,0
2557,0.2,0,1,0
2558,1.0,1,0,1
2559,0.2,3,0,1
2560,0.2,1,1,1
2561,1.0,1,0,1
2562,0.2,2,0,0
2563,0.2,2,0,1
2564,0.2,2,1,0
2565,0.2,0,1,1
2566,0.2,1,0,0
2567,0.2,2,0,1
2568,0.2,1,1,1
2569,0.2,2,1,1
2570,2.2,3,1,1
2571,0.2,3,0,0
2572,0.2,3,0,0
2573,2.2,1,1,1
2574,0.2,1,0,0
2575,1.0,2,0,0
2576,1.0,2,1,1
2577,0.2,1,1,1
2578,0.2,2,1,1
2579,1.0,2,1,0
2580,0.2,1,1,1
2581,2.2,1,1,1
2582,0.2,2,0,0
2583,0.2,1,1,0
2584,0.2,0,0,1
2585,0.2,2,1,0
2586,0.2,0,0,1
2587,0.2,2,0,0
2588,0.2,2,0,0
2589,0.2,0,1,1
2590,1.0,0,0,0
2591,1.0,3,1,1
2592,0.2,3,0,0
2593,0.2,2,0,0
2594,1.0,2,1,1
2595,0.2,2,1,1
2596,0.2,1,1,1
2597,0.2,2,0,1
2598,0.2,1,1,1
2599,0.2,1,0,0
2600,0.2,2,1,1
2601,0.2,2,0,0
2602,1.0,1,1,1
2603,1.0,1,1,1
2604,0.2,2,1,1
2605,0.2,1,0,0
2606,0.2,0,0,0
2607,0.2,2,1,1
2608,0.2,1,0,0
2609,0.2,1,1,0
2610,0.2,1,0,1
2611,1.0,1,0,1
2612,1.0,1,1,1
2613,0.2,2,0,1
2614,1.0,2,0,0
2615,0.2,0,1,1
2616,0.2,0,1,1
2617,0.2,2,0,1
2618,0.2,2,0,0
2619,0.2,2,1,1
2620,0.2,2,0,0
2621,0.2,2,0,0
2622,1.0,1,0,1
2623,0.2,2,0,0
2624,0.2,2,0,0
2625,1.0,0,1,1
2626,0.2,2,1,0
2627,0.2,2,0,0
2628,1.0,3,0,0
2629,0.2,2,1,1
2630,1.0,0,1,1
2631,0.2,3,1,0
2632,0.2,1,1,0
2633,0.2,2,0,0
2634,0.2,0,0,0
2635,0.2,1,0,0
2636,0.2,0,1,1
2637,0.2,1,1,1
2638,1.0,1,0,1
2639,0.2,2,0,0
2640,0.2,1,0,0
2641,0.2,0,0,0
2642,0.2,1,1,1
2643,0.2,2,1,1
2644,0.2,2,0,0
2645,0.2,3,0,0
2646,1.0,2,1,1
2647,1.0,2,1,0
2648,0.2,1,1,0
2649,0.2,1,1,1
2650,0.2,0,0,1
2651,2.2,3,1,1
2652,0.2,2,0,0
2653,1.0,2,1,1
2654,0.2,1,0,0
2655,1.0,1,1,1
2656,1.0,2,1,1
2657,0.2,2,0,0
2658,0.2,1,1,1
2659,0.2,3,1,0
2660,1.0,1,0,1
2661,0.2,2,0,1
2662,1.0,1,0,1
2663,0.2,1,0,0
2664,0.2,3,0,0
2665,1.0,0,1,1
2666,0.2,0,1,0
2667,0.2,3,1,0
2668,1.0,1,0,0
2669,0.2,1,1,1
2670,0.2,1,1,0
2671,0.2,2,1,1
2672,1.0,2,1,1
2673,0.2,1,1,1
2674,0.2,3,0,0
2675,0.2,2,0,0
2676,0.2,2,0,0
2677,0.2,1,0,1
2678,1.0,1,1,1
2679,0.2,2,1,1
2680,0.2,1,0,1
2681,0.2,2,1,0
2682,0.2,3,1,1
2683,0.2,2,1,0
2684,0.2,3,0,0
2685,0.2,0,0,0
2686,0.2,0,1,1
2687,0.2,2,1,1
2688,0.2,1,0,0
2689,1.0,1,1,1
2690,0.2,1,1,0
2691,0.2,3,1,1
2692,0.2,1,1,1
2693,0.2,2,0,1
2694,0.2,1,1,1
2695,0.2,0,1,1
2696,0.2,1,1,1
2697,1.0,2,1,1
2698,0.2,1,1,1
2699,1.0,1,1,1
2700,2.2,2,1,1
2701,2.2,1,0,1
2702,0.2,1,0,0
2703,1.0,0,0,1
2704,1.0,3,1,1
2705,0.2,3,0,0
2706,0.2,1,1,1
2707,0.2,2,1,1
2708,2.2,2,1,1
2709,0.2,1,1,0
2710,0.2,2,1,0
2711,0.2,2,0,0
2712,1.0,2,1,1
2713,0.2,0,0,0
2714,0.2,0,1,1
2715,0.2,2,1,0
2716,0.2,3,1,1
2717,0.2,0,1,1
2718,0.2,0,0,0
2719,0.2,1,1,1
2720,0.2,2,1,1
2721,1.0,2,1,1
2722,0.2,3,0,0
2723,0.2,1,0,0
2724,0.2,2,1,0
2725,0.2,1,1,1
2726,0.2,0,0,0
2727,0.2,2,0,0
2728,0.2,3,1,0
2729,1.0,3,1,0
2730,0.2,3,0,0
2731,0.2,3,0,1
2732,0.2,1,0,0
2733,1.0,1,1,1
2734,0.2,0,0,0
2735,0.2,3,1,0
2736,0.2,2,0,0
2737,0.2,3,0,0
2738,0.2,1,1,1
2739,0.2,3,0,0
2740,0.2,2,0,0
2741,0.2,0,0,1
2742,0.2,1,1,1
2743,0.2,2,0,0
2744,0.2,3,1,1
2745,0.2,1,1,1
2746,0.2,1,0,0
2747,0.2,2,0,1
2748,0.2,2,0,0
2749,0.2,3,0,0
2750,0.2,3,1,0
2751,1.0,1,1,1
2752,0.2,1,1,0
2753,0.2,0,1,1
2754,1.0,2,1,1
2755,1.0,2,1,0
2756,0.2,1,0,0
2757,2.2,0,1,1
2758,1.0,3,0,0
2759,0.2,1,1,1
2760,0.2,0,1,1
2761,0.2,2,0,1
2762,0.2,0,0,0
2763,0.2,1,0,0
2764,0.2,1,0,0
2765,0.2,1,1,1
2766,0.2,0,0,0
2767,0.2,1,1,0
2768,1.0,1,1,1
2769,0.2,0,0,0
2770,0.2,2,1,1
2771,1.0,2,0,0
2772,0.2,0,1,0
2773,0.2,3,0,0
2774,0.2,0,0,0
2775,1.0,2,1,1
2776,0.2,3,1,1
2777,0.2,3,1,0
2778,0.2,2,0,0
2779,0.2,1,1,0
2780,1.0,2,1,1
2781,0.2,3,1,1
2782,0.2,1,1,0
2783,0.2,2,1,0
2784,0.2,1,1,1
2785,1.0,0,1,1
2786,1.0,2,1,1
2787,0.2,3,0,0
2788,0.2,0,0,0
2789,0.2,3,0,0
2790,0.2,1,1,0
2791,1.0,1,1,1
2792,0.2,2,1,1
2793,0.2,1,1,0
2794,1.0,2,0,1
2795,0.2,2,1,1
2796,0.2,1,1,1
2797,2.2,1,1,1
2798,0.2,2,1,1
2799,0.2,1,0,0
2800,0.2,1,1,0
2801,0.2,2,1,1
2802,0.2,2,0,0
2803,0.2,2,1,1
2804,0.2,2,1,1
2805,0.2,1,0,0
2806,0.2,1,0,1
2807,0.2,3,1,1
2808,0.2,1,1,1
2809,0.2,2,0,0
2810,1.0,2,1,1
2811,0.2,2,1,1
2812,0.2,2,0,0
2813,0.2,1,0,0
2814,0.2,2,0,1
2815,0.2,1,1,0
2816,0.2,1,1,1
2817,3.4000000000000004,0,1,1
2818,0.2,0,1,1
2819,1.0,2,1,1
2820,0.2,2,1,1
2821,1.0,3,1,1
2822,1.0,2,1,1
2823,0.2,3,0,0
2824,0.2,2,1,1
2825,0.2,0,1,1
2826,0.2,2,0,0
2827,0.2,1,1,1
2828,0.2,1,0,0
2829,0.2,1,1,1
2830,0.2,3,1,1
2831,0.2,2,1,1
2832,1.0,1,0,1
2833,1.0,1,0,0
2834,0.2,2,0,1
2835,0.2,1,1,1
2836,0.2,2,0,0
2837,1.0,2,1,1
2838,0.2,1,0,0
2839,0.2,2,1,1
2840,0.2,1,1,1
2841,0.2,2,1,1
2842,0.2,0,1,1
2843,1.0,1,1,1
2844,1.0,3,0,0
2845,0.2,1,0,1
2846,0.2,2,0,0
2847,0.2,2,0,0
2848,0.2,3,0,0
2849,1.0,1,1,1
2850,0.2,0,1,1
2851,0.2,2,0,0
2852,0.2,1,0,0
2853,0.2,2,1,1
2854,0.2,3,0,0
2855,1.0,3,1,0
2856,0.2,3,1,0
2857,0.2,3,1,0
2858,0.2,2,1,1
2859,1.0,0,0,0
2860,0.2,1,0,1
2861,2.5999999999999996,1,0,0
2862,0.2,2,1,1
2863,0.2,1,0,1
2864,1.0,2,1,1
2865,0.2,2,0,0
2866,0.2,2,0,0
2867,0.2,3,0,0
2868,0.2,1,0,1
2869,0.2,0,0,0
2870,0.2,2,0,1
2871,0.2,1,1,1
2872,0.2,3,0,0
2873,1.0,2,1,1
2874,0.2,2,0,0
2875,0.2,1,0,0
2876,1.0,1,1,1
2877,0.2,3,1,1
2878,0.2,1,0,1
2879,0.2,2,1,0
2880,1.0,3,1,1
2881,0.2,2,1,0
2882,1.0,3,0,1
2883,2.2,0,0,0
2884,0.2,1,1,1
2885,0.2,1,0,1
2886,0.2,1,0,0
2887,0.2,1,1,1
2888,0.2,1,1,1
2889,1.0,2,0,1
2890,0.2,0,1,0
2891,0.2,1,0,1
2892,0.2,3,1,1
2893,0.2,2,0,0
2894,1.0,1,1,1
2895,0.2,2,1,0
2896,0.2,1,1,1
2897,0.2,2,1,1
2898,1.0,2,1,1
2899,0.2,2,0,1
2900,0.2,2,0,0
2901,0.2,1,1,1
2902,1.0,3,1,1
2903,0.2,1,0,0
2904,2.2,2,1,1
2905,1.0,2,1,1
2906,0.2,2,0,1
2907,0.2,0,1,1
2908,1.0,1,1,1
2909,0.2,0,1,1
2910,0.2,1,1,1
2911,1.0,1,1,1
2912,0.2,1,0,0
2913,1.0,2,0,0
2914,1.0,1,0,1
2915,2.2,2,1,1
2916,1.0,2,0,1
2917,1.0,1,1,1
2918,0.2,2,0,0
2919,0.2,1,1,1
2920,0.2,1,1,1
2921,0.2,3,0,0
2922,1.0,1,1,1
2923,0.2,1,1,0
2924,1.0,3,0,1
2925,0.2,3,0,0
2926,0.2,3,1,0
2927,0.2,1,0,0
2928,0.2,2,1,1
2929,0.2,2,1,0
2930,0.2,1,1,1
2931,0.2,2,1,1
2932,1.0,2,0,0
2933,0.2,1,0,0
2934,0.2,1,1,0
2935,0.2,3,1,0
2936,0.2,2,0,0
2937,0.2,1,1,0
2938,0.2,2,1,1
2939,0.2,2,0,0
2940,0.2,2,1,1
2941,0.2,1,1,1
2942,0.2,3,0,0
2943,0.2,0,0,0
2944,1.0,0,0,1
2945,0.2,2,0,0
2946,0.2,1,0,0
2947,1.0,0,1,1
2948,1.0,2,0,1
2949,0.2,2,0,0
2950,0.2,0,1,0
2951,0.2,2,0,0
2952,2.2,1,1,1
2953,0.2,1,1,1
2954,0.2,2,1,1
2955,1.0,2,1,1
2956,0.2,2,0,0
2957,0.2,0,0,0
2958,2.2,3,0,1
2959,1.0,1,1,1
2960,1.0,1,0,1
2961,0.2,2,0,0
2962,0.2,2,0,0
2963,0.2,1,0,0
2964,0.2,1,0,0
2965,0.2,2,0,0
2966,1.0,3,1,1
2967,0.2,3,0,0
2968,1.0,0,1,1
2969,0.2,0,1,1
2970,0.2,2,1,1
2971,0.2,2,1,1
2972,0.2,2,0,0
2973,0.2,1,0,0
2974,1.0,0,1,1
2975,0.2,0,1,1
2976,1.0,1,1,0
2977,0.2,0,0,0
2978,0.2,0,0,0
2979,0.2,3,1,1
2980,1.0,1,1,1
2981,0.2,2,1,1
2982,0.2,2,1,1
2983,2.2,1,0,1
2984,0.2,1,1,1
2985,1.0,1,1,1
2986,1.0,2,1,1
2987,1.0,1,1,1
2988,0.2,1,1,1
2989,0.2,2,1,0
2990,0.2,1,1,1
2991,1.4,1,0,0
2992,2.2,2,0,0
2993,1.0,3,1,0
2994,0.2,2,1,1
2995,1.0,2,0,1
2996,0.2,3,0,1
2997,0.2,2,0,0
2998,0.2,3,0,0
2999,2.2,1,1,1
3000,0.2,1,1,1
3001,0.2,3,1,0
3002,0.2,3,1,1
3003,0.2,2,0,0
3004,0.2,1,1,1
3005,0.2,1,1,1
3006,0.2,0,0,0
3007,0.2,2,0,0
3008,0.2,2,0,0
3009,0.2,1,0,0
3010,1.0,2,1,1
3011,0.2,2,0,0
3012,0.2,1,1,1
3013,0.2,1,0,0
3014,0.2,1,1,1
3015,1.0,1,0,0
3016,0.2,2,0,0
3017,0.2,1,0,0
3018,1.0,0,1,1
3019,0.2,1,0,0
3020,0.2,2,0,0
3021,0.2,1,0,0
3022,0.2,2,0,0
3023,0.2,2,0,0
3024,1.0,1,1,1
3025,0.2,2,0,0
3026,0.2,1,1,1
3027,0.2,2,1,0
3028,0.2,2,0,1
3029,0.2,1,0,0
3030,0.2,2,0,0
3031,0.2,3,0,0
3032,0.2,2,1,1
3033,0.2,3,0,0
3034,0.2,3,0,0
3035,2.5999999999999996,1,0,0
3036,0.2,3,0,0
3037,0.2,2,0,0
3038,0.2,2,0,0
3039,0.2,0,0,0
3040,0.2,1,0,0
3041,0.2,1,0,0
3042,1.0,0,1,1
3043,0.2,0,0,1
3044,0.2,3,0,0
3045,0.2,1,0,0
3046,0.2,1,1,1
3047,0.2,0,1,1
3048,1.0,3,0,0
3049,0.2,1,0,0
3050,0.2,1,0,1
3051,1.0,1,1,1
3052,0.2,3,1,1
3053,0.2,0,1,1
3054,0.2,3,1,1
3055,0.2,2,1,0
3056,0.2,0,1,1
3057,0.2,1,0,0
3058,0.2,1,0,1
3059,0.2,1,1,1
3060,1.0,0,0,1
3061,0.2,0,1,1
3062,0.2,3,0,0
3063,1.0,3,1,0
3064,0.2,0,1,0
3065,0.2,2,0,0
3066,0.2,2,0,0
3067,0.2,0,1,1
3068,0.2,1,1,1
3069,0.2,1,0,1
3070,0.2,1,0,0
3071,0.2,1,0,0
3072,0.2,1,0,0
3073,1.0,0,1,1
3074,0.2,2,1,0
3075,0.2,1,1,0
3076,2.2,1,1,1
3077,0.2,1,0,0
3078,0.2,2,1,1
3079,0.2,0,0,0
3080,0.6000000000000001,2,0,0
3081,0.2,2,1,1
3082,0.2,0,0,0
3083,1.0,2,1,1
3084,0.2,1,0,0
3085,1.0,2,1,1
3086,0.2,1,1,1
3087,0.2,1,0,1
3088,1.0,1,1,1
3089,1.0,3,1,1
3090,0.2,1,0,0
3091,0.2,2,0,0
3092,0.2,2,1,1
3093,0.2,0,0,1
3094,1.0,1,1,1
3095,0.2,3,0,0
3096,0.2,1,1,1
3097,0.2,0,1,1
3098,0.2,1,1,1
3099,0.2,2,0,0
3100,0.2,1,0,0
3101,0.2,1,0,1
3102,1.0,2,1,1
3103,0.2,1,0,1
3104,0.2,2,0,0
3105,1.0,2,1,1
3106,0.2,1,1,0
3107,1.0,0,1,1
3108,1.0,1,0,0
3109,0.2,2,0,0
3110,0.2,3,0,0
3111,2.2,0,1,1
3112,0.2,2,1,1
3113,0.2,1,0,0
3114,0.2,3,0,0
3115,0.2,2,0,0
3116,0.2,3,0,0
3117,0.2,0,0,0
3118,1.0,0,1,1
3119,0.2,0,1,1
3120,1.0,0,0,0
3121,0.2,1,0,1
3122,1.0,1,1,1
3123,1.0,1,1,1
3124,0.2,1,0,0
3125,0.2,1,1,1
3126,0.2,2,0,1
3127,1.0,2,0,1
3128,0.2,1,0,0
3129,0.2,3,0,0
3130,0.2,2,0,1
3131,0.2,1,0,0
3132,0.2,3,0,0
3133,0.2,1,1,0
3134,0.2,3,0,0
3135,0.2,1,1,1
3136,0.2,0,1,1
3137,0.2,1,0,1
3138,1.0,2,1,1
3139,1.0,2,1,1
3140,0.2,0,0,0
3141,0.2,2,0,0
3142,0.2,2,0,0
3143,0.2,1,0,0
3144,0.2,2,1,1
3145,0.2,1,1,1
3146,1.0,1,1,0
3147,0.2,2,0,0
3148,0.2,3,1,1
3149,0.2,1,0,0
3150,0.2,1,0,1
3151,0.2,1,1,0
3152,1.0,3,0,0
3153,0.2,3,1,1
3154,0.2,2,0,0
3155,0.2,0,0,1
3156,1.0,2,0,1
3157,0.2,3,1,0
3158,0.2,2,0,0
3159,0.2,0,1,1
3160,0.2,2,1,1
3161,0.2,1,0,0
3162,1.0,3,1,0
3163,0.2,1,0,0
3164,0.2,1,1,0
3165,0.2,3,0,1
3166,0.2,2,1,0
3167,0.2,1,1,0
3168,1.0,2,1,1
3169,0.2,0,0,1
3170,0.2,0,1,1
3171,1.0,1,1,1
3172,1.0,3,1,1
3173,0.2,3,0,0
3174,0.2,2,0,0
3175,0.2,1,0,0
3176,0.2,1,1,0
3177,0.2,2,0,0
3178,0.2,1,0,0
3179,2.2,0,0,1
3180,1.0,3,1,1
3181,0.2,1,0,0
3182,0.2,2,0,0
3183,0.2,2,0,0
3184,0.2,1,0,0
3185,2.2,1,1,1
3186,0.2,2,0,0
3187,0.2,2,0,0
3188,0.2,2,1,1
3189,0.2,1,0,1
3190,1.0,2,1,1
3191,0.2,2,1,1
3192,1.0,1,0,0
3193,0.2,2,0,0
3194,0.2,2,1,1
3195,0.2,2,0,0
3196,0.2,1,0,0
3197,0.2,1,1,1
3198,0.2,1,1,1
3199,0.2,1,1,1
3200,0.2,2,0,0
3201,1.0,2,1,1
3202,0.2,0,1,1
3203,0.2,1,0,1
3204,0.2,1,0,0
3205,1.0,2,1,1
3206,0.2,1,1,0
3207,0.2,0,0,0
3208,0.2,1,1,1
3209,1.0,0,1,0
3210,0.2,2,0,0
3211,0.2,1,1,1
3212,0.2,3,0,0
3213,1.0,1,1,1
3214,0.2,2,1,1
3215,1.0,3,0,1
3216,1.0,1,1,1
3217,0.2,0,0,0
3218,0.2,3,0,0
3219,1.0,3,1,1
3220,2.2,2,1,1
3221,0.2,1,1,1
3222,0.2,2,0,1
3223,0.2,1,1,0
3224,0.2,3,0,0
3225,0.2,1,1,1
3226,1.0,3,1,1
3227,1.0,2,1,1
3228,0.2,2,0,0
3229,0.2,2,1,1
3230,0.2,2,0,1
3231,1.0,1,1,1
3232,0.2,1,0,0
3233,0.2,2,1,0
3234,1.0,2,0,0
3235,0.2,2,0,1
3236,0.2,0,1,1
3237,0.2,3,1,0
3238,0.2,1,1,1
3239,0.2,1,1,0
3240,0.2,2,1,1
3241,0.2,2,1,1
3242,1.0,3,1,1
3243,1.0,2,0,0
3244,0.2,1,1,1
3245,0.2,1,0,0
3246,1.0,2,0,1
3247,0.2,1,1,1
3248,0.2,0,0,0
3249,0.2,0,1,1
3250,0.2,2,1,0
3251,0.2,1,0,0
3252,0.2,0,1,1
3253,0.2,2,0,0
3254,1.0,2,0,0
3255,0.2,3,0,0
3256,1.0,1,0,1
3257,1.0,2,1,1
3258,0.2,1,0,0
3259,0.2,0,1,1
3260,1.0,3,0,1
3261,0.2,1,1,1
3262,0.2,2,0,0
3263,1.0,2,0,0
3264,0.2,2,0,0
3265,0.2,2,0,0
3266,0.2,2,1,0
3267,1.0,1,0,0
3268,1.0,0,1,1
3269,0.2,2,1,0
3270,0.2,2,0,1
3271,1.0,1,1,1
3272,0.2,2,0,0
3273,0.2,2,1,1
3274,0.2,2,0,0
3275,0.2,3,0,1
3276,0.2,0,1,1
3277,0.2,1,1,0
3278,0.2,3,0,0
3279,0.2,1,1,1
3280,0.2,1,1,0
3281,0.2,3,1,1
3282,0.2,1,0,0
3283,0.2,2,0,0
3284,0.2,3,1,0
3285,1.0,1,1,1
3286,1.0,2,1,1
3287,1.0,2,1,1
3288,0.2,3,0,0
3289,0.2,2,0,0
3290,0.2,2,1,1
3291,1.0,2,0,1
3292,0.2,1,0,0
3293,0.2,1,1,1
3294,0.2,1,1,1
3295,0.2,2,1,1
3296,0.2,3,1,1
3297,1.0,3,1,1
3298,0.2,2,1,1
3299,0.2,2,0,0
3300,0.2,2,1,0
3301,0.2,1,1,0
3302,0.2,1,0,0
3303,0.2,2,0,0
3304,0.2,2,1,1
3305,0.2,0,0,0
3306,1.0,2,0,0
3307,0.2,2,0,0
3308,3.0,2,1,1
3309,0.2,2,0,0
3310,1.0,2,0,0
3311,1.0,1,1,1
3312,0.2,3,0,1
3313,0.2,2,1,0
3314,1.0,2,1,1
3315,1.0,1,0,1
3316,0.2,1,1,1
3317,0.2,1,1,0
3318,0.2,1,0,0
3319,0.2,1,0,1
3320,0.2,2,0,0
3321,1.0,1,1,1
3322,0.2,1,0,0
3323,0.2,0,1,1
3324,1.0,1,1,0
3325,0.2,1,0,0
3326,0.2,1,0,0
3327,0.2,3,0,0
3328,2.2,0,0,1
3329,0.2,3,1,1
3330,0.2,1,1,0
3331,0.2,3,0,0
3332,2.2,2,1,1
3333,0.2,1,1,1
3334,1.0,0,1,1
3335,0.2,2,1,1
3336,0.2,2,0,0
3337,0.2,0,0,0
3338,1.0,1,1,1
3339,1.0,1,0,1
3340,1.0,1,1,0
3341,0.2,1,0,0
3342,1.0,0,1,1
3343,2.2,0,1,0
3344,0.2,2,1,0
3345,0.2,1,1,1
3346,0.2,1,1,1
3347,0.2,3,0,0
3348,0.2,1,1,1
3349,0.2,1,1,1
3350,1.0,2,1,1
3351,0.2,2,1,1
3352,0.2,2,0,0
3353,0.2,0,1,1
3354,0.2,0,0,1
3355,0.2,2,1,0
3356,0.2,1,0,0
3357,0.2,1,0,0
3358,0.2,1,0,0
3359,0.2,1,1,1
3360,1.0,2,0,0
3361,1.0,2,1,1
3362,0.2,0,1,1
3363,1.0,1,1,1
3364,0.2,2,0,0
3365,0.2,1,0,1
3366,0.2,1,0,0
3367,0.2,2,1,0
3368,1.0,2,1,1
3369,1.0,2,1,1
3370,1.0,1,0,1
3371,0.2,2,0,0
3372,0.2,1,1,0
3373,0.2,2,0,0
3374,1.0,1,1,1
3375,0.2,1,1,1
3376,1.0,2,1,1
3377,0.2,0,1,1
3378,0.2,2,1,0
3379,1.0,2,1,1
3380,0.2,3,1,0
3381,0.2,1,0,0
3382,1.0,1,0,0
3383,2.2,2,1,1
3384,0.2,2,0,0
3385,0.2,1,0,0
3386,0.2,1,0,0
3387,0.2,2,0,0
3388,0.2,1,0,0
3389,0.2,1,1,0
3390,0.2,0,0,0
3391,0.2,2,0,0
3392,0.2,1,1,1
3393,1.0,2,0,1
3394,0.2,2,1,1
3395,0.2,0,1,1
3396,0.2,2,0,0
3397,0.2,2,0,0
3398,0.2,2,0,1
3399,0.2,3,0,0
3400,1.0,2,1,1
3401,0.2,3,0,0
3402,0.2,2,0,1
3403,0.2,1,0,0
3404,0.2,1,1,0
3405,0.2,1,0,0
3406,1.0,2,0,0
3407,0.2,2,1,1
3408,0.2,2,0,1
3409,0.2,2,0,1
3410,0.2,0,1,1
3411,0.2,2,1,1
3412,0.2,1,0,0
3413,0.2,1,1,0
3414,0.2,1,1,1
3415,0.2,1,1,1
3416,1.8,0,1,0
3417,1.0,2,0,1
3418,1.0,2,0,0
3419,1.0,1,1,1
3420,0.2,2,0,0
3421,0.2,1,0,0
3422,1.0,2,0,0
3423,0.2,2,1,1
3424,0.2,2,1,1
3425,0.2,1,1,0
3426,0.2,2,0,0
3427,1.0,1,0,1
3428,0.2,1,0,0
3429,0.2,1,1,0
3430,0.2,3,0,0
3431,0.2,1,0,0
3432,0.2,1,0,0
3433,0.2,3,1,1
3434,0.2,1,1,1
3435,3.8,3,0,0
3436,0.2,2,1,0
3437,1.0,2,0,1
3438,1.0,3,1,0
3439,0.2,2,0,0
3440,0.2,1,1,1
3441,0.2,2,0,1
3442,0.2,2,0,0
3443,0.2,2,0,0
3444,0.2,3,0,0
3445,0.2,2,0,1
3446,0.2,1,0,1
3447,3.0,1,1,1
3448,1.0,2,1,1
3449,0.2,1,1,1
3450,0.2,2,0,0
3451,1.0,0,1,1
3452,1.0,2,1,1
3453,0.2,2,0,0
3454,0.2,1,1,1
3455,0.2,3,1,0
3456,0.2,0,1,1
3457,0.2,0,1,1
3458,0.2,1,0,0
3459,0.2,1,0,0
3460,0.2,1,0,1
3461,0.2,2,0,0
3462,1.4,2,1,1
3463,0.2,2,0,1
3464,0.2,2,1,1
3465,1.0,2,0,1
3466,0.2,3,1,1
3467,0.2,2,1,0
3468,0.2,2,0,0
3469,0.2,3,0,0
3470,1.0,1,0,0
3471,1.0,1,0,0
3472,0.2,2,0,0
3473,0.2,3,1,1
3474,0.2,3,1,1
3475,0.2,2,0,0
3476,0.2,2,0,0
3477,1.0,2,0,1
3478,0.2,0,1,1
3479,0.2,2,0,0
3480,0.2,1,1,1
3481,0.2,1,0,0
3482,0.2,2,0,0
3483,1.0,2,0,1
3484,1.0,1,0,1
3485,0.2,2,0,0
3486,0.2,0,0,0
3487,0.2,0,1,1
3488,0.2,2,0,0
3489,0.2,2,0,1
3490,3.0,2,1,0
3491,0.2,2,0,0
3492,0.2,1,1,1
3493,0.2,1,0,0
3494,2.2,0,1,0
3495,0.2,2,0,0
3496,0.2,2,1,0
3497,1.0,2,1,1
3498,0.2,2,0,0
3499,0.2,1,0,0
3500,0.2,1,0,0
3501,0.2,1,0,0
3502,0.2,1,0,1
3503,1.0,1,1,1
3504,0.2,3,0,1
3505,0.2,3,1,1
3506,0.2,2,1,1
3507,0.2,1,1,1
3508,1.8,1,1,0
3509,0.2,2,1,1
3510,1.0,1,1,1
3511,0.2,2,1,0
3512,0.2,1,0,0
3513,0.2,2,0,0
3514,0.2,1,1,1
3515,0.2,1,0,0
3516,1.0,1,1,1
3517,1.8,0,1,1
3518,0.2,1,1,1
3519,0.2,3,0,0
3520,0.2,1,0,0
3521,0.2,2,0,0
3522,1.0,1,0,1
3523,0.2,3,1,1
3524,0.2,1,0,0
3525,0.2,3,0,0
3526,0.2,1,1,1
3527,0.2,1,0,0
3528,0.2,2,0,0
3529,0.2,1,1,1
3530,0.2,1,1,0
3531,0.2,2,0,0
3532,1.0,2,0,0
3533,1.0,2,0,1
3534,0.2,2,0,0
3535,0.2,2,0,0
3536,0.2,1,0,0
3537,1.0,3,0,0
3538,0.2,3,0,1
3539,2.2,2,1,1
3540,0.2,1,0,0
3541,0.2,1,0,0
3542,3.0,1,0,0
3543,0.2,0,0,0
3544,0.2,2,0,1
3545,0.2,2,0,0
3546,0.2,1,1,1
3547,1.0,1,0,1
3548,0.2,2,0,0
3549,0.2,0,1,1
3550,0.2,1,1,1
3551,0.2,3,1,0
3552,0.2,1,1,1
3553,0.2,2,0,0
3554,0.2,2,1,1
3555,0.2,3,0,1
3556,0.2,2,0,1
3557,1.0,2,1,1
3558,0.2,2,1,1
3559,0.2,1,0,0
3560,0.2,2,0,0
3561,0.2,2,1,1
3562,0.2,2,1,1
3563,1.0,1,0,0
3564,0.2,1,0,0
3565,0.2,1,0,0
3566,0.2,1,1,1
3567,0.2,2,0,0
3568,0.2,2,0,0
3569,0.2,1,0,0
3570,0.2,0,1,1
3571,0.2,3,1,0
3572,0.2,2,0,0
3573,0.2,2,0,0
3574,1.0,3,1,1
3575,0.2,2,0,0
3576,0.2,1,1,1
3577,0.2,2,0,0
3578,0.2,2,1,1
3579,1.0,2,0,1
3580,0.2,3,1,1
3581,1.0,2,0,1
3582,0.2,1,0,0
3583,0.2,2,0,0
3584,1.0,1,1,1
3585,0.2,1,0,0
3586,0.2,0,1,1
3587,1.0,2,1,1
3588,0.2,1,0,0
3589,1.0,1,1,1
3590,0.2,1,0,0
3591,0.2,1,0,0
3592,0.2,2,0,0
3593,0.2,1,0,1
3594,0.2,3,0,0
3595,1.0,0,0,1
3596,0.2,2,1,1
3597,0.2,2,0,0
3598,0.2,1,1,1
3599,0.2,1,1,1
3600,0.2,2,1,1
3601,1.0,0,0,1
3602,0.2,2,1,1
3603,0.2,2,0,0
3604,0.2,2,0,1
3605,0.2,0,1,1
3606,0.2,3,0,0
3607,0.2,2,0,1
3608,0.2,1,1,0
3609,0.2,2,1,1
3610,0.2,2,0,0
3611,0.2,2,1,0
3612,0.2,2,1,0
3613,0.2,2,1,0
3614,1.0,1,0,1
3615,0.2,1,0,0
3616,0.2,1,1,1
3617,0.2,1,0,1
3618,0.2,3,0,0
3619,1.0,1,1,1
3620,0.2,0,1,1
3621,0.2,1,1,1
3622,1.0,2,1,1
3623,0.2,3,1,1
3624,0.2,0,0,0
3625,0.2,1,0,0
3626,0.2,3,1,1
3627,1.0,1,1,1
3628,0.2,2,1,1
3629,1.0,1,1,1
3630,0.2,2,0,0
3631,1.0,2,1,1
3632,1.0,1,0,0
3633,0.2,0,0,0
3634,0.2,2,0,0
3635,0.2,1,1,0
3636,0.2,2,0,1
3637,0.2,3,0,0
3638,0.2,1,1,1
3639,0.2,1,0,0
3640,0.2,2,0,1
3641,0.2,1,0,0
3642,0.2,3,0,0
3643,0.2,2,0,1
3644,1.0,2,0,0
3645,0.2,1,1,1
3646,0.2,0,0,0
3647,1.0,3,1,1
3648,0.2,1,1,0
3649,0.2,1,1,1
3650,0.2,0,0,1
3651,0.2,3,0,0
3652,0.2,0,0,1
3653,0.2,3,1,0
3654,1.0,1,1,1
3655,0.2,1,1,0
3656,0.2,3,1,1
3657,0.2,0,0,0
3658,1.0,0,1,1
3659,0.2,1,1,1
3660,1.0,1,0,0
3661,0.2,1,1,1
3662,0.2,1,1,0
3663,0.2,1,1,0
3664,1.0,2,0,0
3665,0.2,1,1,1
3666,0.2,1,0,1
3667,0.2,0,1,0
3668,0.2,1,1,1
3669,1.0,2,1,1
3670,0.2,2,0,0
3671,0.2,3,1,1
3672,1.0,1,1,1
3673,0.2,3,1,0
3674,0.2,1,0,1
3675,0.2,2,1,1
3676,0.2,2,1,0
3677,0.2,1,1,1
3678,0.2,2,1,1
3679,0.2,2,1,1
3680,2.2,0,0,1
3681,0.2,2,0,0
3682,0.2,3,0,0
3683,0.2,0,1,1
3684,0.2,2,1,0
3685,1.0,1,0,0
3686,0.2,2,0,0
3687,0.2,2,0,0
3688,1.0,2,1,0
3689,1.0,1,0,1
3690,0.2,2,1,1
3691,0.2,2,1,1
3692,0.2,2,0,1
3693,0.2,0,1,1
3694,1.0,1,1,1
3695,0.2,0,0,0
3696,1.0,1,1,1
3697,0.2,2,1,1
3698,2.2,1,1,1
3699,0.2,2,0,0
3700,0.2,2,0,0
3701,0.2,0,1,1
3702,0.2,2,0,0
3703,0.2,2,1,1
3704,1.0,1,1,1
3705,0.2,2,1,0
3706,0.2,2,0,0
3707,0.2,2,0,0
3708,0.2,0,1,1
3709,0.2,2,0,0
3710,0.2,2,0,0
3711,0.2,1,0,0
3712,0.2,1,0,0
3713,0.2,1,1,1
3714,1.0,2,0,0
3715,0.2,1,1,1
3716,0.2,0,1,1
3717,0.2,1,0,0
3718,0.2,3,0,0
3719,0.2,0,0,0
3720,1.0,2,1,1
3721,1.0,1,0,0
3722,1.0,2,1,1
3723,1.0,0,1,1
3724,0.2,0,1,0
3725,1.0,2,0,0
3726,0.2,2,0,0
3727,2.2,2,1,1
3728,0.2,1,1,0
3729,1.0,2,0,0
3730,0.2,2,1,0
3731,0.2,2,0,1
3732,0.2,1,1,1
3733,0.2,2,0,0
3734,0.2,1,1,1
3735,0.2,2,0,0
3736,0.2,1,1,1
3737,0.2,0,0,0
3738,0.2,0,1,1
3739,0.2,2,0,0
3740,0.2,2,0,0
3741,0.2,1,0,0
3742,0.2,2,0,0
3743,0.2,1,0,1
3744,0.2,0,0,0
3745,1.0,1,1,0
3746,0.2,1,1,1
3747,3.4000000000000004,2,0,0
3748,0.2,1,1,1
3749,1.0,2,1,1
3750,0.2,3,0,0
3751,0.2,2,0,0
3752,1.0,3,0,0
3753,0.2,1,1,1
3754,0.2,1,0,0
3755,0.2,2,0,0
3756,0.2,2,1,1
3757,0.2,2,0,0
3758,0.2,2,0,0
3759,1.0,1,1,1
3760,0.2,0,1,1
3761,0.2,0,0,0
3762,0.2,2,1,0
3763,1.0,1,1,0
3764,0.2,1,0,0
3765,0.2,1,1,1
3766,0.2,1,0,1
3767,0.2,0,1,1
3768,0.2,2,0,0
3769,1.0,1,1,1
3770,0.2,0,0,1
3771,0.2,2,0,0
3772,1.0,0,1,1
3773,0.2,1,1,1
3774,0.2,2,0,0
3775,0.2,1,0,1
3776,0.2,1,1,1
3777,1.0,3,0,0
3778,0.2,2,1,1
3779,0.2,0,1,0
3780,0.2,2,0,0
3781,1.0,0,1,1
3782,0.2,1,1,1
3783,0.2,2,1,1
3784,0.2,1,0,0
3785,1.0,2,1,0
3786,0.2,3,0,0
3787,1.0,2,1,1
3788,0.2,2,0,0
3789,0.2,2,1,1
3790,0.2,1,1,1
3791,0.2,2,1,0
3792,0.2,2,0,0
3793,0.2,2,0,0
3794,0.2,3,0,0
3795,0.2,1,1,1
3796,1.0,2,0,0
3797,0.2,1,1,1
3798,0.2,3,0,0
3799,0.2,1,0,0
3800,0.2,3,0,0
3801,0.2,1,0,0
3802,0.2,2,0,0
3803,1.0,0,1,1
3804,0.2,2,1,1
3805,1.0,1,1,1
3806,0.2,0,1,1
3807,0.2,0,1,1
3808,0.2,3,0,0
3809,0.2,2,0,0
3810,0.2,2,0,0
3811,1.0,2,0,0
3812,1.0,2,1,1
3813,0.2,2,0,0
3814,0.2,3,1,0
3815,0.2,3,0,0
3816,0.2,2,0,0
3817,0.2,2,1,1
3818,1.0,1,0,0
3819,0.2,3,0,0
3820,0.2,2,1,0
3821,0.2,2,0,1
3822,1.0,0,0,1
3823,0.2,3,0,0
3824,0.2,1,1,1
3825,0.2,2,1,1
3826,0.2,2,0,0
3827,0.2,2,0,0
3828,0.2,1,0,0
3829,0.2,1,0,0
3830,0.2,3,0,0
3831,0.2,2,1,0
3832,0.2,2,1,1
3833,1.0,0,1,1
3834,0.2,1,1,1
3835,0.2,1,1,1
3836,0.2,3,0,0
3837,0.2,1,0,0
3838,1.0,0,0,1
3839,1.0,0,1,1
3840,1.0,1,1,1
3841,0.2,2,0,0
3842,0.2,1,1,0
3843,0.2,2,1,0
3844,1.0,2,1,1
3845,0.2,1,1,1
3846,1.0,1,0,0
3847,0.2,2,0,0
3848,1.0,1,0,1
3849,0.2,3,0,0
3850,0.2,3,0,0
3851,1.0,2,1,1
3852,2.2,0,1,1
3853,0.2,2,0,0
3854,0.2,1,1,0
3855,0.2,1,1,0
3856,0.2,2,1,0
3857,1.0,2,1,1
3858,0.2,1,1,0
3859,0.2,3,0,0
3860,2.5999999999999996,1,0,0
3861,0.2,1,0,0
3862,1.0,0,1,0
3863,0.2,2,1,1
3864,0.2,1,0,0
3865,0.2,3,0,0
3866,0.2,1,1,1
3867,0.2,2,0,0
3868,2.2,1,0,0
3869,0.2,2,0,1
3870,0.2,2,0,0
3871,0.2,2,0,0
3872,0.2,2,1,1
3873,2.2,2,1,1
3874,0.2,1,1,1
3875,1.0,2,1,1
3876,0.2,3,1,1
3877,0.2,0,1,1
3878,1.0,1,1,1
3879,3.8,2,0,0
3880,0.2,0,1,1
3881,0.2,2,1,1
3882,1.0,1,0,1
3883,0.2,0,0,0
3884,0.2,2,0,0
3885,1.0,3,1,1
3886,0.2,1,0,0
3887,0.2,1,0,1
3888,0.2,2,1,0
3889,0.2,1,0,0
3890,0.2,2,0,0
3891,0.2,1,0,0
3892,1.0,2,0,0
3893,0.2,2,0,0
3894,1.0,1,1,1
3895,0.2,1,0,0
3896,0.2,1,0,0
3897,1.0,0,0,1
3898,3.0,3,0,0
3899,0.2,2,1,1
3900,0.2,2,0,0
3901,0.2,2,1,1
3902,1.0,0,1,1
3903,0.2,2,1,1
3904,0.2,3,0,0
3905,0.2,1,1,1
3906,0.2,1,0,0
3907,1.0,2,1,1
3908,0.2,2,0,0
3909,0.2,1,0,0
3910,1.8,1,0,0
3911,0.2,0,0,0
3912,1.0,0,1,1
3913,0.2,3,1,0
3914,0.2,2,0,0
3915,0.2,2,0,0
3916,0.2,2,0,0
3917,0.2,1,0,0
3918,1.0,0,1,1
3919,0.2,2,0,0
3920,0.2,2,0,1
3921,1.0,1,1,0
3922,2.2,0,1,1
3923,0.2,2,0,0
3924,0.2,1,0,0
3925,1.0,3,1,0
3926,0.2,1,1,0
3927,1.0,2,0,0
3928,1.0,0,0,1
3929,0.2,2,0,1
3930,0.2,1,0,0
3931,0.2,1,0,0
3932,0.2,1,1,0
3933,0.2,0,1,1
3934,0.2,2,0,1
3935,0.2,2,0,0
3936,1.0,3,0,1
3937,0.2,1,1,1
3938,0.2,2,1,1
3939,0.2,3,1,0
3940,0.2,1,0,1
3941,0.2,2,1,0
3942,0.2,2,0,0
3943,0.2,2,0,0
3944,1.0,0,1,1
3945,0.2,0,1,1
3946,1.0,1,0,1
3947,1.0,0,1,1
3948,0.2,2,1,1
3949,0.2,2,1,0
3950,0.2,2,0,1
3951,0.2,0,0,1
3952,0.2,3,0,0
3953,0.2,2,0,0
3954,0.2,2,1,1
3955,0.2,1,0,0
3956,0.2,1,0,0
3957,1.0,1,0,0
3958,0.2,3,1,1
3959,0.2,2,1,0
3960,0.2,0,1,1
3961,0.2,0,0,1
3962,0.2,1,1,1
3963,0.2,2,1,1
3964,1.0,0,1,0
3965,1.0,1,1,1
3966,0.2,2,1,1
3967,0.2,3,1,1
3968,0.2,1,1,1
3969,0.2,3,0,0
3970,0.2,1,0,0
3971,0.2,1,0,0
3972,0.2,3,0,0
3973,0.2,1,0,0
3974,1.0,1,0,1
3975,0.2,3,1,1
3976,0.2,2,0,1
3977,1.0,2,1,1
3978,0.2,3,1,0
3979,0.2,2,0,1
3980,0.2,1,0,0
3981,0.2,2,1,0
3982,0.2,3,1,1
3983,0.2,2,1,1
3984,1.0,1,1,1
3985,0.2,1,1,1
3986,0.2,1,1,1
3987,1.0,3,1,1
3988,0.2,2,1,0
3989,1.0,2,1,1
3990,0.2,0,0,0
3991,0.2,1,1,0
3992,0.2,2,0,1
3993,1.0,2,1,1
3994,0.2,0,1,1
3995,1.0,0,1,1
3996,0.2,1,1,1
3997,0.2,0,0,0
3998,0.2,2,0,0
3999,0.2,0,1,1
4000,0.2,1,0,1
4001,0.2,2,0,0
4002,0.2,3,0,0
4003,0.2,2,0,0
4004,1.0,0,0,1
4005,1.0,2,1,1
4006,0.2,1,1,0
4007,1.0,0,1,1
4008,0.2,1,0,0
4009,0.2,1,1,1
4010,1.0,1,0,0
4011,0.2,2,0,0
4012,0.2,3,1,1
4013,0.2,3,0,0
4014,0.2,2,0,0
4015,1.0,1,1,1
4016,0.2,1,0,0
4017,0.2,1,1,0
4018,0.2,1,1,0
4019,0.2,2,1,0
4020,0.2,2,0,0
4021,0.2,2,0,1
4022,0.2,0,1,1
4023,1.0,3,1,1
4024,0.2,2,0,0
4025,0.2,2,1,1
4026,1.0,2,1,1
4027,0.2,3,1,1
4028,0.2,0,0,0
4029,1.0,1,0,0
4030,0.2,1,0,1
4031,1.0,0,0,1
4032,1.0,0,1,1
4033,0.2,2,0,0
4034,1.0,2,0,1
4035,0.2,1,0,1
4036,1.0,2,1,1
4037,0.2,1,0,1
4038,0.2,1,1,1
4039,0.2,2,0,0
4040,0.2,1,1,1
4041,0.2,2,0,0
4042,0.2,0,0,1
4043,0.2,3,0,1
4044,0.2,1,0,0
4045,0.2,1,1,1
4046,0.2,2,0,0
4047,0.2,3,0,0
4048,2.2,1,1,1
4049,0.2,1,0,0
4050,0.2,2,1,0
4051,1.0,1,0,1
4052,0.2,0,0,0
4053,1.0,1,1,1
4054,1.0,0,0,0
4055,0.2,1,1,0
4056,1.0,2,0,0
4057,0.2,3,1,1
4058,0.2,2,0,0
4059,0.2,3,0,0
4060,0.2,2,0,0
4061,0.2,1,1,0
4062,0.2,2,0,0
4063,1.0,3,1,1
4064,1.0,1,1,1
4065,1.0,1,1,1
4066,1.0,2,0,0
4067,0.2,1,1,0
4068,0.2,3,1,1
4069,2.2,1,1,1
4070,0.2,1,1,0
4071,0.2,2,0,0
4072,0.2,2,0,0
4073,0.2,1,1,1
4074,1.0,0,1,1
4075,1.0,2,1,1
4076,0.2,2,0,0
4077,1.0,2,0,0
4078,0.2,2,1,1
4079,0.2,2,0,0
4080,0.2,1,1,1
4081,0.2,3,1,1
4082,0.2,3,1,1
4083,0.2,1,0,0
4084,1.0,0,1,1
4085,0.2,1,0,0
4086,0.2,1,0,1
4087,1.0,2,0,0
4088,1.0,1,1,1
4089,0.2,2,1,1
4090,0.2,0,1,1
4091,0.2,2,1,1
4092,0.2,1,1,1
4093,1.0,3,1,1
4094,0.2,1,0,0
4095,0.2,2,0,0
4096,0.2,2,0,0
4097,0.2,2,0,1
4098,0.2,2,0,0
4099,0.2,2,1,1
4100,1.0,1,0,0
4101,0.2,1,1,0
4102,1.0,3,0,1
4103,0.2,2,1,1
4104,0.2,1,1,1
4105,0.2,1,1,0
4106,0.2,0,0,0
4107,0.2,2,0,0
4108,0.2,2,0,0
4109,0.2,1,0,0
4110,1.0,2,0,1
4111,0.2,2,0,0
4112,0.2,3,1,1
4113,0.2,3,0,1
4114,0.2,2,1,1
4115,0.2,2,1,1
4116,0.2,2,1,0
4117,0.2,3,1,0
4118,0.2,2,1,1
4119,0.2,2,0,0
4120,0.2,1,0,1
4121,0.2,1,1,0
4122,1.0,0,1,1
4123,0.2,2,0,0
4124,1.0,1,0,0
4125,0.2,2,0,0
4126,1.0,0,1,1
4127,0.2,2,1,1
4128,0.2,1,0,0
4129,0.2,2,1,1
4130,1.0,0,1,1
4131,0.2,2,0,0
4132,0.2,1,1,1
4133,0.2,2,1,1
4134,2.2,0,1,1
4135,0.2,1,0,0
4136,1.0,2,0,0
4137,0.2,1,0,0
4138,0.2,1,1,1
4139,0.2,1,1,0
4140,1.0,1,0,1
4141,0.2,0,1,1
4142,1.0,1,1,1
4143,0.2,0,1,1
4144,0.2,2,0,0
4145,0.2,2,0,0
4146,0.2,1,0,0
4147,1.0,2,1,1
4148,1.0,1,1,1
4149,0.2,1,1,0
4150,0.2,1,0,0
4151,0.2,2,0,0
4152,0.2,3,0,0
4153,1.0,2,1,1
4154,0.2,3,1,1
4155,1.0,1,0,1
4156,0.2,2,0,0
4157,1.0,1,1,0
4158,0.2,1,0,0
4159,1.0,2,1,1
4160,0.2,1,0,0
4161,0.2,0,1,1
4162,0.2,1,1,1
4163,0.2,2,1,1
4164,0.2,3,1,0
4165,0.2,0,0,0
4166,1.0,1,1,1
4167,0.2,3,0,0
4168,0.2,2,0,0
4169,0.2,2,1,0
4170,0.2,3,1,0
4171,1.0,0,1,1
4172,0.2,1,0,1
4173,0.2,2,0,0
4174,0.2,1,0,0
4175,0.2,2,0,0
4176,0.2,0,1,1
4177,0.2,2,0,0
4178,2.2,1,1,1
4179,0.2,2,1,1
4180,0.2,1,0,0
4181,1.0,1,0,1
4182,0.2,2,0,1
4183,1.0,2,1,1
4184,0.2,1,1,1
4185,0.2,1,1,1
4186,0.2,0,0,0
4187,0.2,2,1,0
4188,1.0,1,1,1
4189,1.0,2,0,1
4190,0.2,2,0,0
4191,0.2,1,1,1
4192,0.2,2,1,1
4193,0.2,1,0,0
4194,0.2,1,0,0
4195,0.2,0,0,0
4196,0.2,0,1,1
4197,0.2,2,1,1
4198,1.0,2,1,1
4199,0.2,0,1,0
4200,0.2,2,0,0
4201,0.2,0,1,1
4202,1.0,1,0,1
4203,0.2,1,1,0
4204,1.0,3,0,0
4205,0.2,1,0,0
4206,0.2,2,0,0
4207,1.0,2,0,0
4208,0.2,3,0,0
4209,0.2,2,1,0
4210,1.0,2,0,0
4211,1.0,2,0,1
4212,1.0,0,1,1
4213,0.2,2,0,1
4214,0.2,1,1,1
4215,1.0,1,0,0
4216,1.0,1,0,1
4217,0.2,1,0,0
4218,0.2,1,0,1
4219,1.0,2,1,1
4220,0.2,2,0,0
4221,0.2,2,0,0
4222,1.0,2,1,0
4223,0.2,2,0,0
4224,1.0,3,1,1
4225,0.2,2,0,0
4226,0.2,2,0,0
4227,0.2,1,0,0
4228,0.2,1,0,0
4229,0.2,2,0,1
4230,0.2,1,1,0
4231,2.2,1,1,1
4232,1.0,2,0,0
4233,2.2,1,1,1
4234,1.0,2,0,0
4235,0.2,1,0,0
4236,0.2,2,1,0
4237,0.2,2,0,0
4238,0.2,3,0,0
4239,0.2,2,0,0
4240,0.2,2,0,1
4241,0.2,2,0,0
4242,0.2,2,0,0
4243,0.2,2,1,0
4244,1.0,1,1,1
4245,0.2,2,1,1
4246,0.2,1,1,0
4247,1.0,1,0,0
4248,0.2,3,0,1
4249,0.2,1,0,0
4250,1.0,3,1,0
4251,0.2,1,1,0
4252,0.2,2,1,1
4253,0.2,1,1,1
4254,0.2,2,0,0
4255,1.0,2,1,1
4256,1.0,2,0,1
4257,0.2,0,0,0
4258,3.8,0,1,1
4259,0.2,1,0,0
4260,0.2,1,1,1
4261,0.2,2,1,0
4262,1.0,0,0,1
4263,0.2,0,1,0
4264,0.2,2,0,1
4265,0.2,1,0,0
4266,0.2,0,1,1
4267,0.2,2,0,0
4268,0.2,1,1,1
4269,0.2,1,1,1
4270,0.2,1,1,0
4271,0.2,2,0,0
4272,0.2,2,1,0
4273,1.0,1,1,0
4274,0.2,2,1,1
4275,0.2,2,1,1
4276,0.2,3,0,0
4277,0.2,1,0,0
4278,0.2,2,0,0
4279,1.0,2,1,0
4280,0.2,1,1,1
4281,0.2,2,0,0
4282,2.2,1,1,1
4283,1.0,3,1,1
4284,0.2,2,0,0
4285,0.2,1,0,0
4286,0.2,3,1,0
4287,0.2,2,1,1
4288,0.2,3,1,0
4289,0.2,2,0,0
4290,0.2,1,0,0
4291,0.2,0,1,0
4292,0.2,1,0,0
4293,0.2,1,1,1
4294,0.2,3,1,0
4295,0.2,2,0,0
4296,0.2,1,0,1
4297,1.0,2,0,0
4298,2.5999999999999996,1,0,0
4299,2.2,2,0,0
4300,0.2,2,0,0
4301,0.2,2,0,0
4302,0.2,1,1,0
4303,0.2,3,0,0
4304,0.2,0,0,0
4305,0.2,2,1,1
4306,0.2,3,1,1
4307,1.0,2,0,0
4308,0.2,1,1,1
4309,0.2,1,1,1
4310,0.2,3,1,0
4311,0.2,1,0,0
4312,0.2,1,1,1
4313,0.2,2,0,0
4314,0.2,1,0,0
4315,0.2,2,0,1
4316,1.0,1,1,1
4317,1.0,1,0,1
4318,1.0,1,1,1
4319,0.2,1,1,1
4320,0.2,0,0,1
4321,0.2,1,0,0
4322,0.2,2,0,0
4323,0.2,1,1,1
4324,1.0,3,0,1
4325,1.0,1,1,1
4326,0.2,2,1,1
4327,0.2,1,1,1
4328,0.2,2,0,0
4329,0.2,1,0,0
4330,0.2,1,0,0
4331,1.0,3,1,1
4332,0.2,1,1,1
4333,0.2,0,1,1
4334,0.2,0,1,1
4335,0.2,1,0,0
4336,0.2,2,0,0
4337,0.2,2,0,0
4338,0.2,3,0,0
4339,0.2,3,0,0
4340,1.0,1,0,0
4341,0.2,2,0,0
4342,0.2,3,1,1
4343,0.2,2,1,1
4344,0.2,3,0,0
4345,0.2,0,0,0
4346,0.2,3,0,0
4347,0.2,2,0,0
4348,0.2,0,1,1
4349,1.0,2,0,0
4350,0.2,1,0,0
4351,0.2,3,1,1
4352,1.0,2,1,1
4353,0.2,1,1,1
4354,0.2,0,0,0
4355,0.2,1,1,1
4356,1.0,2,1,1
4357,0.2,2,0,1
4358,1.0,0,0,1
4359,0.2,1,1,1
4360,0.2,1,1,1
4361,1.0,0,1,1
4362,0.2,0,1,1
4363,0.2,2,0,0
4364,0.2,1,1,1
4365,0.2,1,0,0
4366,0.2,1,0,1
4367,0.2,3,0,0
4368,1.0,2,0,0
4369,0.2,1,1,1
4370,0.2,1,1,1
4371,0.2,2,0,1
4372,2.2,1,1,1
4373,1.0,1,1,1
4374,0.2,1,0,0
4375,0.2,1,0,0
4376,0.2,2,1,1
4377,1.0,0,1,1
4378,1.0,2,1,0
4379,0.2,2,0,1
4380,0.2,1,0,0
4381,0.2,0,1,0
4382,0.2,2,1,1
4383,0.2,2,1,1
4384,0.2,1,0,0
4385,0.2,2,0,0
4386,0.2,1,0,0
4387,2.2,1,1,1
4388,0.2,1,0,0
4389,0.2,0,1,1
4390,0.2,1,1,1
4391,0.2,3,0,0
4392,0.2,1,1,1
4393,1.0,3,1,1
4394,0.2,3,0,0
4395,0.2,1,1,1
4396,0.2,2,0,0
4397,1.0,1,1,1
4398,0.2,3,1,1
4399,0.2,2,0,1
4400,0.2,3,1,0
4401,1.4,2,1,1
4402,0.2,1,0,0
4403,0.2,1,0,0
4404,0.2,1,0,0
4405,0.2,2,1,0
4406,0.2,3,1,0
4407,1.0,0,0,1
4408,0.2,1,0,0
4409,2.2,3,0,1
4410,0.2,3,0,0
4411,0.2,1,0,1
4412,0.2,1,0,0
4413,0.2,1,0,0
4414,2.2,0,0,1
4415,1.0,3,0,1
4416,1.0,1,1,1
4417,0.2,1,0,0
4418,0.2,0,1,1
4419,0.2,0,1,0
4420,0.2,3,0,0
4421,0.2,2,1,1
4422,0.2,0,1,1
4423,0.2,2,1,0
4424,0.2,3,0,0
4425,0.2,0,0,0
4426,1.0,2,1,0
4427,1.0,1,1,1
4428,0.2,1,1,1
4429,0.2,3,1,1
4430,1.0,2,1,1
4431,0.2,2,0,0
4432,2.2,1,1,1
4433,1.0,3,1,0
4434,1.0,0,1,1
4435,1.0,2,1,1
4436,0.2,0,0,0
4437,0.2,3,0,0
4438,3.8,1,1,1
4439,1.0,2,1,1
4440,1.0,0,1,1
4441,0.2,2,1,1
4442,0.2,2,0,1
4443,0.2,2,1,1
4444,0.2,2,0,0
4445,1.0,3,1,0
4446,0.2,3,1,1
4447,0.2,1,0,1
4448,0.2,0,1,1
4449,0.2,1,0,0
4450,0.2,3,0,0
4451,1.0,2,1,1
4452,0.2,2,0,0
4453,0.2,1,0,0
4454,1.0,1,1,1
4455,0.2,1,0,0
4456,0.2,2,1,1
4457,0.2,2,1,0
4458,0.2,2,0,1
4459,0.2,1,1,0
4460,1.0,2,1,1
4461,0.2,1,0,0
4462,1.0,2,0,0
4463,0.2,0,1,1
4464,0.2,1,0,0
4465,0.2,2,0,0
4466,1.0,1,1,1
4467,0.2,2,1,1
4468,0.2,2,1,0
4469,1.0,2,1,1
4470,1.0,1,1,1
4471,0.2,2,1,1
4472,0.2,1,1,1
4473,0.2,3,0,0
4474,1.0,2,1,1
4475,0.2,2,0,0
4476,0.2,1,0,0
4477,0.2,1,0,0
4478,0.2,1,1,1
4479,0.2,1,1,1
4480,1.0,2,1,0
4481,0.2,1,1,1
4482,1.0,1,1,1
4483,0.2,1,1,1
4484,0.2,0,1,1
4485,1.0,1,0,1
4486,0.2,1,0,0
4487,0.2,3,0,0
4488,1.0,1,1,1
4489,0.2,2,1,1
4490,0.2,3,1,0
4491,0.2,3,0,0
4492,0.2,2,0,0
4493,0.2,2,0,0
4494,0.2,2,1,1
4495,0.2,2,1,0
4496,0.2,2,0,0
4497,0.2,2,0,0
4498,1.0,1,1,1
4499,0.2,2,0,0
4500,0.2,3,0,0
4501,0.2,3,0,0
4502,0.2,3,0,0
4503,0.2,2,1,1
4504,0.2,1,0,0
4505,0.2,1,1,1
4506,1.0,2,1,1
4507,0.2,1,0,0
4508,0.2,2,1,1
4509,0.2,2,1,1
4510,0.2,3,0,0
4511,0.2,3,1,0
4512,1.0,3,0,0
4513,1.0,2,0,0
4514,0.2,3,0,0
4515,0.2,2,0,0
4516,1.0,3,1,1
4517,0.2,0,1,1
4518,0.2,1,1,1
4519,0.2,3,0,0
4520,0.2,1,0,0
4521,1.0,2,0,0
4522,0.2,3,1,0
4523,0.2,1,0,0
4524,0.2,3,0,1
4525,1.0,2,1,1
4526,1.0,1,0,0
4527,0.2,2,0,0
4528,0.2,2,0,1
4529,1.0,1,1,1
4530,0.2,2,1,0
4531,0.2,1,0,0
4532,1.0,1,1,0
4533,1.0,1,1,1
4534,1.0,1,1,1
4535,0.2,2,1,1
4536,1.0,1,0,0
4537,0.2,2,1,0
4538,0.2,3,1,1
4539,0.2,2,1,0
4540,1.0,2,1,0
4541,1.0,1,1,1
4542,0.2,1,1,1
4543,0.2,2,0,1
4544,0.2,2,0,0
4545,0.2,1,1,0
4546,1.0,3,0,0
4547,0.2,3,0,0
4548,0.2,1,0,0
4549,0.2,0,0,0
4550,0.2,1,0,1
4551,2.2,2,1,1
4552,0.2,1,0,0
4553,0.2,0,0,0
4554,0.2,1,1,0
4555,0.2,1,1,0
4556,0.2,1,0,0
4557,0.2,2,1,0
4558,0.2,0,1,0
4559,0.2,1,1,0
4560,0.2,3,0,0
4561,0.2,2,0,0
4562,0.2,1,0,1
4563,0.2,2,0,0
4564,0.2,2,0,0
4565,1.0,1,0,0
4566,1.0,0,1,1
4567,0.2,1,1,1
4568,0.2,0,0,0
4569,0.2,2,0,0
4570,0.2,3,1,0
4571,0.2,2,0,1
4572,0.2,2,0,0
4573,1.0,3,1,1
4574,1.0,1,1,1
4575,0.2,0,0,0
4576,1.0,1,0,1
4577,2.5999999999999996,2,1,1
4578,0.2,1,1,1
4579,0.2,2,0,0
4580,0.2,1,1,1
4581,1.0,2,0,1
4582,0.2,1,0,0
4583,0.2,3,1,1
4584,0.2,2,0,0
4585,0.2,0,0,0
4586,0.2,1,1,0
4587,0.2,0,0,0
4588,0.2,2,0,1
4589,0.2,1,1,0
4590,1.0,1,1,1
4591,1.0,2,0,1
4592,0.2,2,1,1
4593,0.2,2,0,1
4594,1.0,1,0,1
4595,0.2,2,0,0
4596,0.2,2,0,0
4597,0.2,2,0,0
4598,0.2,0,1,1
4599,0.2,2,1,1
4600,0.2,2,1,1
4601,0.2,2,1,1
4602,0.2,2,0,1
4603,1.0,1,0,1
4604,0.2,1,0,0
4605,0.2,1,1,1
4606,0.2,2,1,1
4607,0.2,2,0,0
4608,0.2,2,0,1
4609,1.0,1,1,1
4610,0.2,2,1,0
4611,0.2,1,1,1
4612,0.2,1,1,1
4613,0.2,1,0,0
4614,0.2,3,1,1
4615,0.2,2,0,0
4616,0.2,3,0,0
4617,0.2,3,0,1
4618,0.2,2,1,1
4619,0.2,3,0,0
4620,0.2,2,1,1
4621,1.0,1,1,1
4622,0.2,1,1,1
4623,0.2,2,0,0
4624,0.2,2,1,1
4625,0.2,1,1,1
4626,0.2,3,0,0
4627,0.2,0,0,0
4628,1.0,2,0,0
4629,0.2,3,0,0
4630,0.2,1,0,0
4631,0.2,1,1,0
4632,0.2,0,1,1
4633,0.2,2,1,1
4634,1.0,2,0,0
4635,2.2,1,1,1
4636,0.2,1,1,1
4637,0.2,1,0,0
4638,0.2,2,0,0
4639,1.0,2,0,1
4640,0.2,1,1,0
4641,1.0,1,0,0
4642,1.0,2,0,1
4643,0.2,1,0,0
4644,0.2,3,0,0
4645,1.0,2,1,1
4646,0.2,0,1,1
4647,0.2,1,0,0
4648,0.2,1,1,1
4649,1.8,2,1,1
4650,0.2,3,1,0
4651,1.0,1,1,1
4652,0.2,2,1,1
4653,0.2,2,0,0
4654,0.2,3,0,0
4655,0.2,2,1,0
4656,0.2,2,0,0
4657,1.0,0,1,1
4658,0.2,2,0,0
4659,0.2,2,0,0
4660,0.2,1,0,0
4661,0.2,0,1,1
4662,0.2,1,1,1
4663,0.2,1,0,0
4664,1.0,1,0,1
4665,0.2,3,0,0
4666,0.2,2,0,0
4667,0.2,0,0,0
4668,0.2,2,0,0
4669,0.2,1,1,1
4670,0.2,2,0,1
4671,0.2,1,1,0
4672,0.2,0,0,0
4673,0.2,2,1,1
4674,0.2,2,1,1
4675,0.2,1,1,1
4676,0.2,1,1,1
4677,0.2,1,0,1
4678,1.0,2,1,0
4679,1.0,0,1,1
4680,0.2,3,0,0
4681,1.0,2,1,1
4682,0.2,2,0,1
4683,0.2,3,0,0
4684,2.2,1,0,0
4685,0.2,1,0,0
4686,0.2,2,1,1
4687,0.2,2,1,1
4688,0.2,2,0,0
4689,0.2,1,0,0
4690,0.2,1,0,0
4691,1.0,2,0,0
4692,0.2,1,1,0
4693,0.2,2,0,0
4694,0.2,3,1,1
4695,2.2,2,1,1
4696,0.2,3,0,0
4697,0.2,3,1,0
4698,0.2,2,1,1
4699,0.2,1,1,1
4700,0.2,3,0,0
4701,0.2,1,1,1
4702,0.2,3,1,1
4703,0.2,3,1,1
4704,0.2,0,1,1
4705,0.2,3,1,1
4706,0.2,1,0,0
4707,0.2,1,1,1
4708,0.2,0,1,1
4709,0.2,2,0,0
4710,0.2,0,0,0
4711,0.2,2,1,1
4712,0.2,2,0,0
4713,0.2,2,0,0
4714,1.0,1,1,1
4715,0.2,1,1,1
4716,0.2,0,1,1
4717,2.2,1,1,1
4718,0.2,2,0,0
4719,1.0,1,1,1
4720,0.2,2,0,0
4721,0.2,1,1,1
4722,0.2,1,1,0
4723,1.0,0,0,1
4724,0.2,1,1,1
4725,0.2,3,0,1
4726,0.2,1,1,0
4727,1.0,1,1,1
4728,0.2,1,0,0
4729,0.2,1,0,0
4730,0.2,0,0,0
4731,0.2,2,0,0
4732,0.2,3,1,1
4733,0.2,1,0,0
4734,0.2,2,1,0
4735,0.2,0,1,1
4736,0.2,3,0,1
4737,0.2,1,1,0
4738,1.0,3,0,0
4739,0.2,1,1,1
4740,0.2,2,0,0
4741,1.0,3,1,1
4742,0.2,2,1,1
4743,0.2,0,1,1
4744,1.0,3,0,0
4745,0.2,0,0,1
4746,1.0,1,1,1
4747,1.0,1,1,1
4748,0.2,1,0,0
4749,1.0,2,1,1
4750,1.0,0,1,0
4751,0.2,0,0,0
4752,0.2,1,1,1
4753,0.2,3,0,0
4754,0.2,1,0,0
4755,0.2,2,0,0
4756,0.2,1,1,1
4757,0.2,0,1,1
4758,1.0,1,1,1
4759,2.2,1,1,1
4760,0.2,2,0,0
4761,0.2,0,0,0
4762,2.2,1,1,1
4763,0.2,2,0,0
4764,0.2,1,1,1
4765,0.2,1,1,1
4766,1.0,3,1,1
4767,1.0,2,0,1
4768,0.2,1,0,0
4769,0.2,0,1,1
4770,0.2,1,1,0
4771,0.2,1,1,1
4772,1.0,3,0,1
4773,0.2,1,0,1
4774,1.0,1,1,1
4775,1.0,2,1,1
4776,1.0,2,1,1
4777,1.0,2,1,1
4778,2.2,1,1,1
4779,1.0,3,1,1
4780,0.2,1,0,0
4781,0.2,2,1,1
4782,0.2,1,1,1
4783,0.2,2,0,0
4784,0.2,1,1,1
4785,0.2,2,1,0
4786,0.2,2,0,0
4787,0.2,1,1,1
4788,0.2,1,0,0
4789,0.2,3,1,0
4790,0.2,1,0,1
4791,0.2,3,0,0
4792,0.2,2,0,0
4793,0.2,2,0,0
4794,0.2,2,0,0
4795,0.2,1,0,0
4796,0.2,1,1,1
4797,0.2,1,1,0
4798,1.0,0,0,1
4799,1.0,1,1,1
4800,0.2,0,0,0
4801,0.2,3,0,1
4802,0.2,3,1,1
4803,0.2,0,0,0
4804,0.2,2,1,1
4805,0.2,3,0,0
4806,0.2,1,1,0
4807,1.0,2,0,1
4808,0.2,2,1,1
4809,0.2,3,0,0
4810,0.2,1,1,1
4811,0.2,0,0,0
4812,0.2,3,1,1
4813,1.0,1,1,1
4814,0.2,2,1,1
4815,0.2,2,1,1
4816,0.2,2,0,0
4817,1.0,1,0,1
4818,0.2,3,1,0
4819,1.0,1,1,1
4820,0.2,1,1,0
4821,0.2,1,1,1
4822,0.2,1,0,1
4823,0.2,1,0,0
4824,1.0,1,1,1
4825,1.0,1,1,0
4826,0.2,1,1,1
4827,1.0,3,0,1
4828,0.2,1,0,0
4829,0.2,1,0,0
4830,0.2,2,1,1
4831,0.2,0,0,0
4832,1.0,3,0,0
4833,1.0,3,0,1
4834,0.2,3,1,0
4835,1.0,1,0,1
4836,1.0,3,0,0
4837,0.2,2,0,1
4838,0.2,3,0,0
4839,1.0,2,1,1
4840,0.2,0,1,1
4841,0.2,1,0,0
4842,0.2,1,1,1
4843,0.2,1,1,1
4844,0.2,2,1,1
4845,1.0,2,1,1
4846,0.2,2,0,0
4847,0.2,0,0,0
4848,0.2,2,1,0
4849,0.2,3,1,1
4850,0.2,0,1,1
4851,0.2,0,0,0
4852,1.0,3,1,1
4853,0.2,1,1,1
4854,1.0,0,1,1
4855,0.2,1,0,0
4856,0.2,2,1,1
4857,1.0,1,1,0
4858,1.0,2,0,0
4859,0.2,1,0,0
4860,0.2,1,0,0
4861,0.2,3,1,0
4862,0.2,1,1,1
4863,2.2,1,0,0
4864,0.2,3,1,0
4865,0.2,1,1,0
4866,0.2,1,1,1
4867,0.2,1,0,0
4868,0.2,3,0,0
4869,1.0,2,1,1
4870,0.2,3,0,0
4871,0.2,2,0,1
4872,0.2,3,0,0
4873,0.2,3,0,0
4874,0.2,3,1,1
4875,0.2,1,1,0
4876,0.2,0,1,1
4877,0.2,1,0,0
4878,0.2,1,1,0
4879,0.2,2,1,0
4880,0.2,1,1,1
4881,0.2,2,1,1
4882,0.2,2,1,0
4883,0.2,1,1,0
4884,0.2,0,0,0
4885,0.2,1,0,0
4886,0.2,2,1,1
4887,0.2,1,0,0
4888,1.0,0,0,0
4889,0.2,2,1,0
4890,0.2,3,0,0
4891,0.2,0,1,1
4892,1.0,1,0,0
4893,0.2,2,0,0
4894,0.2,0,0,0
4895,0.2,1,0,1
4896,0.2,1,0,0
4897,0.2,2,0,0
4898,0.2,3,0,0
4899,0.2,2,1,1
4900,1.0,1,1,1
4901,0.2,1,0,0
4902,0.2,1,0,0
4903,1.0,2,1,1
4904,0.2,1,1,1
4905,0.2,1,1,0
4906,0.2,1,0,0
4907,0.2,0,0,0
4908,0.2,2,0,0
4909,0.2,1,0,0
4910,1.0,1,1,1
4911,0.2,3,1,1
4912,0.2,1,0,0
4913,0.2,0,1,0
4914,0.2,2,0,0
4915,1.0,2,0,1
4916,0.2,0,1,1
4917,0.2,1,1,1
4918,0.2,1,0,1
4919,1.0,1,1,1
4920,0.2,3,0,0
4921,0.2,1,1,1
4922,1.0,1,1,1
4923,1.0,1,1,1
4924,0.2,2,0,1
4925,0.2,0,1,1
4926,0.2,2,0,0
4927,0.2,1,0,1
4928,0.2,2,0,0
4929,0.2,2,0,0
4930,1.0,1,0,0
4931,0.2,1,1,1
4932,0.2,0,1,1
4933,0.2,2,0,0
4934,0.2,2,0,0
4935,0.2,0,0,0
4936,1.0,3,0,0
4937,0.2,2,0,0
4938,0.2,2,0,0
4939,0.2,1,1,0
4940,0.2,1,0,0
4941,0.2,2,0,1
4942,2.2,2,1,1
4943,0.2,2,0,0
4944,0.2,1,0,0
4945,0.2,2,0,0
4946,0.2,1,1,1
4947,0.2,2,0,1
4948,0.2,1,0,0
4949,0.2,2,1,0
4950,0.2,2,0,0
4951,0.2,2,1,0
4952,0.2,2,0,0
4953,0.2,2,1,1
4954,1.0,1,1,1
4955,0.2,3,0,0
4956,0.2,2,0,0
4957,1.0,1,1,1
4958,0.2,1,1,1
4959,0.2,2,1,0
4960,0.2,2,0,0
4961,0.2,1,0,0
4962,0.2,1,1,0
4963,1.0,2,1,1
4964,0.2,2,0,0
4965,1.0,0,0,1
4966,0.2,3,1,1
4967,1.0,1,1,1
4968,0.2,2,1,1
4969,1.4,2,0,0
4970,0.2,3,0,0
4971,0.2,2,0,0
4972,0.2,2,0,0
4973,1.0,2,1,1
4974,1.0,0,1,1
4975,0.2,1,0,0
4976,0.2,2,1,1
4977,0.2,2,1,1
4978,1.0,2,1,1
4979,0.2,2,0,0
4980,1.0,2,1,0
4981,1.0,1,1,1
4982,0.2,1,1,1
4983,0.2,2,1,0
4984,0.2,1,0,0
4985,0.2,2,0,0
4986,0.2,1,1,1
4987,0.2,3,0,0
4988,0.2,2,0,0
4989,0.2,2,0,0
4990,0.2,0,1,1
4991,0.2,2,0,0
4992,1.0,3,1,1
4993,0.2,2,1,1
4994,1.0,1,1,1
4995,0.2,3,0,0
4996,0.2,1,1,1
4997,0.2,1,1,1
4998,0.2,1,1,1
4999,1.0,2,1,1
5000,0.2,2,0,0
5001,1.0,0,0,1
5002,1.0,1,1,1
5003,0.2,3,1,1
5004,0.2,2,1,0
5005,1.0,0,0,1
5006,1.0,1,1,1
5007,0.2,1,1,0
5008,0.2,2,1,0
5009,1.0,3,1,1
5010,0.2,2,0,0
5011,1.0,2,1,1
5012,0.2,3,0,0
5013,0.2,1,1,1
5014,1.0,2,0,1
5015,1.0,2,1,0
5016,0.2,2,1,0
5017,0.2,3,0,0
5018,2.2,2,1,1
5019,0.2,0,1,0
5020,0.2,2,0,0
5021,1.0,1,1,1
5022,1.0,2,0,0
5023,0.2,1,0,1
5024,0.2,0,1,1
5025,0.2,0,0,0
5026,0.2,1,1,1
5027,0.2,2,1,1
5028,0.2,1,1,1
5029,0.2,1,0,0
5030,0.2,1,1,1
5031,0.2,3,0,0
5032,0.2,2,1,1
5033,1.0,1,1,1
5034,2.2,1,1,1
5035,0.2,2,1,0
5036,0.2,1,1,1
5037,0.2,2,0,0
5038,0.2,1,1,1
5039,0.2,2,0,0
5040,0.2,2,1,0
5041,0.2,0,0,1
5042,3.4000000000000004,2,1,1
5043,0.2,3,0,0
5044,0.2,1,1,1
5045,0.2,1,0,0
5046,0.2,1,1,1
5047,0.2,3,1,0
5048,0.2,2,1,1
5049,0.2,1,0,0
5050,0.2,0,1,1
5051,1.0,3,1,1
5052,0.2,2,0,1
5053,0.2,1,1,1
5054,0.2,2,0,0
5055,0.2,2,1,1
5056,0.2,1,0,0
5057,1.0,2,0,0
5058,1.0,2,1,0
5059,0.2,1,0,0
5060,1.0,1,0,1
5061,0.2,0,1,1
5062,0.2,1,1,1
5063,1.0,0,1,1
5064,0.2,1,0,1
5065,1.0,2,0,0
5066,0.2,2,0,0
5067,0.2,2,1,1
5068,0.2,1,1,0
5069,0.2,2,0,0
5070,0.2,2,0,0
5071,0.2,2,1,1
5072,0.2,2,1,1
5073,0.2,0,1,1
5074,0.2,2,0,0
5075,0.2,0,0,0
5076,2.2,2,1,1
5077,0.2,1,0,0
5078,0.2,1,1,1
5079,1.0,2,1,1
5080,1.0,2,0,0
5081,0.2,2,1,1
5082,0.2,2,0,0
5083,0.2,1,0,0
5084,0.2,2,0,0
5085,0.2,1,1,0
5086,1.0,1,1,1
5087,0.2,2,1,1
5088,0.2,2,1,1
5089,0.2,2,1,1
5090,0.2,0,0,0
5091,1.0,0,1,1
5092,0.2,1,1,0
5093,0.2,2,0,0
5094,0.2,1,1,1
5095,0.2,1,0,0
5096,0.2,2,0,1
5097,0.2,0,1,1
5098,0.2,3,1,0
5099,1.0,1,1,1
5100,0.2,1,1,1
5101,0.2,0,1,1
5102,1.0,1,0,0
5103,0.2,0,0,0
5104,0.2,0,1,1
5105,0.2,1,1,0
5106,0.2,1,1,1
5107,0.2,2,0,0
5108,2.2,3,1,1
5109,0.2,1,0,0
5110,0.2,1,0,0
5111,0.2,2,0,0
5112,0.2,1,1,1
5113,0.2,0,1,0
5114,0.2,1,0,1
5115,0.2,2,1,1
5116,0.2,3,0,0
5117,1.0,2,0,1
5118,0.2,0,0,0
5119,0.2,3,0,0
5120,1.0,2,0,0
5121,0.2,1,1,1
5122,1.0,3,1,1
5123,0.2,1,1,1
5124,0.2,1,1,0
5125,0.2,3,0,0
5126,0.2,1,0,0
5127,1.0,2,1,1
5128,1.0,1,0,1
5129,0.2,1,0,0
5130,0.2,0,0,0
5131,0.2,2,0,0
5132,0.2,0,1,1
5133,0.2,2,0,0
5134,0.2,1,1,1
5135,0.2,1,1,1
5136,0.2,2,0,1
5137,0.2,1,0,0
5138,0.2,1,0,0
5139,0.2,2,0,0
5140,2.2,0,1,1
5141,0.2,1,1,1
5142,0.2,2,0,0
5143,0.2,2,0,0
5144,0.2,3,0,0
5145,0.2,1,0,0
5146,0.2,2,0,0
5147,1.0,1,1,1
5148,1.0,3,0,0
5149,1.0,3,1,1
5150,2.2,0,1,1
5151,0.2,2,0,0
5152,0.2,1,1,1
5153,0.2,2,1,0
5154,0.2,2,0,0
5155,0.2,2,0,0
5156,0.2,2,1,1
5157,0.2,2,0,0
5158,0.2,1,0,0
5159,1.0,0,1,1
5160,0.2,1,1,1
5161,1.0,2,1,1
5162,1.0,1,0,0
5163,0.2,3,1,1
5164,0.2,2,1,1
5165,0.2,0,1,1
5166,0.2,1,0,1
5167,0.2,3,1,1
5168,0.2,1,1,1
5169,0.2,0,1,1
5170,0.2,1,0,0
5171,1.0,1,1,1
5172,0.2,0,1,0
5173,0.2,2,0,0
5174,0.2,1,0,0
5175,0.2,1,0,0
5176,0.2,0,1,0
5177,0.2,2,1,1
5178,0.2,3,0,0
5179,0.2,3,1,1
5180,0.2,2,1,1
5181,0.2,1,0,0
5182,0.2,3,0,0
5183,0.2,1,1,0
5184,2.2,2,1,1
5185,1.0,0,1,1
5186,0.2,2,0,0
5187,0.2,2,1,1
5188,2.2,1,1,1
5189,0.2,2,1,1
5190,0.2,3,1,0
5191,1.0,2,1,1
5192,1.0,3,1,1
5193,0.2,2,0,0
5194,0.2,2,0,0
5195,0.2,2,0,0
5196,0.2,1,0,0
5197,0.2,1,1,1
5198,0.2,2,1,0
5199,0.2,2,0,0
5200,0.2,0,0,0
5201,0.2,3,1,1
5202,2.2,3,0,0
5203,0.2,2,0,0
5204,0.2,2,1,1
5205,1.0,2,1,1
5206,0.2,1,1,1
5207,0.2,2,0,1
5208,0.2,1,1,1
5209,0.2,3,1,1
5210,0.2,1,0,0
5211,0.2,1,1,0
5212,0.2,1,1,0
5213,2.2,0,1,1
5214,0.2,3,1,1
5215,0.2,0,1,1
5216,0.2,1,0,0
5217,1.0,0,0,1
5218,0.2,1,1,0
5219,0.2,2,0,0
5220,1.0,1,1,1
5221,1.0,2,0,0
5222,0.2,0,0,0
5223,0.2,2,1,0
5224,1.4,0,0,0
5225,0.2,1,1,1
5226,1.0,0,1,1
5227,0.2,1,0,0
5228,0.2,1,0,1
5229,2.2,0,0,1
5230,1.0,2,1,1
5231,0.2,2,0,0
5232,0.2,1,0,1
5233,2.2,0,1,1
5234,1.0,0,1,1
5235,0.2,1,1,1
5236,0.2,2,1,0
5237,0.2,2,0,1
5238,2.5999999999999996,1,1,1
5239,0.2,2,0,1
5240,0.2,0,1,1
5241,0.2,2,0,0
5242,0.2,0,1,1
5243,0.2,2,1,1
5244,0.2,2,1,0
5245,0.2,2,0,0
5246,0.2,1,1,1
5247,0.2,1,1,1
5248,2.2,2,1,1
5249,0.2,2,0,0
5250,1.0,2,1,1
5251,0.2,2,1,1
5252,1.0,1,0,0
5253,0.2,0,1,1
5254,0.2,1,0,0
5255,0.2,2,1,1
5256,1.0,1,1,1
5257,1.0,1,0,0
5258,0.2,1,0,0
5259,0.2,2,1,0
5260,2.2,1,1,1
5261,1.0,1,1,1
5262,0.2,1,0,0
5263,1.0,2,1,1
5264,0.2,1,0,0
5265,0.2,1,0,0
5266,1.0,3,0,1
5267,0.2,1,1,0
5268,0.2,2,0,1
5269,0.2,2,0,0
5270,0.2,1,0,0
5271,0.2,2,0,0
5272,0.2,2,0,0
5273,0.2,2,0,0
5274,0.2,3,0,0
5275,0.2,2,0,1
5276,0.2,2,0,0
5277,0.2,0,1,0
5278,0.2,2,0,0
5279,0.2,0,1,1
5280,0.2,2,1,0
5281,0.2,3,0,1
5282,0.2,2,1,0
5283,1.0,2,1,1
5284,0.2,1,0,0
5285,0.2,0,1,1
5286,0.2,1,0,0
5287,1.0,1,1,1
5288,1.0,2,1,0
5289,0.2,3,1,0
5290,1.8,1,0,1
5291,0.2,1,0,1
5292,0.2,2,0,0
5293,0.2,1,0,0
5294,0.2,2,0,1
5295,0.2,2,0,1
5296,0.2,2,1,1
5297,0.2,1,0,0
5298,0.2,2,0,0
5299,0.2,3,0,0
5300,0.2,2,0,0
5301,0.2,1,0,0
5302,0.2,2,1,1
5303,0.2,3,0,0
5304,0.2,0,0,0
5305,0.2,2,0,0
5306,0.2,2,0,0
5307,0.2,3,0,0
5308,1.0,1,1,1
5309,0.2,1,1,1
5310,1.0,2,0,1
5311,0.2,2,0,1
5312,1.0,2,1,1
5313,0.2,2,0,1
5314,0.2,3,0,1
5315,0.2,0,0,0
5316,1.0,2,0,0
5317,0.2,1,1,0
5318,0.2,2,0,0
5319,0.2,1,0,0
5320,0.2,3,1,1
5321,0.2,2,1,1
5322,0.2,1,1,1
5323,0.2,3,1,1
5324,0.2,2,0,0
5325,1.0,2,0,0
5326,0.2,1,0,0
5327,0.2,2,0,1
5328,0.2,1,1,0
5329,0.2,2,1,1
5330,0.2,1,1,0
5331,0.2,0,1,1
5332,0.2,0,1,1
5333,0.2,2,1,0
5334,0.2,0,1,1
5335,1.0,3,1,1
5336,0.2,1,0,1
5337,1.0,2,1,1
5338,0.2,1,1,0
5339,0.2,1,1,1
5340,0.2,1,1,1
5341,0.2,2,1,1
5342,0.2,2,1,1
5343,0.2,1,1,1
5344,0.2,2,1,1
5345,0.2,0,0,0
5346,2.2,0,0,1
5347,0.2,1,0,0
5348,1.0,1,1,1
5349,0.2,2,0,0
5350,0.2,0,0,0
5351,0.2,2,1,1
5352,0.2,2,0,0
5353,0.2,1,0,0
5354,1.0,2,1,1
5355,0.2,2,1,1
5356,0.2,2,0,0
5357,0.2,3,0,0
5358,0.2,1,1,1
5359,1.0,1,1,1
5360,0.2,1,0,0
5361,0.2,2,0,0
5362,0.2,1,0,1
5363,0.2,2,0,0
5364,0.2,1,1,0
5365,0.2,2,1,0
5366,1.0,2,0,1
5367,0.2,2,0,0
5368,0.2,2,0,0
5369,0.2,3,0,0
5370,0.2,2,1,0
5371,2.5999999999999996,2,1,1
5372,0.2,1,0,0
5373,0.2,0,1,1
5374,0.2,2,0,0
5375,0.2,0,1,0
5376,0.2,1,1,1
5377,0.2,1,1,0
5378,0.2,1,0,0
5379,1.0,1,0,0
5380,0.2,1,0,0
5381,0.2,2,0,0
5382,0.2,1,1,1
5383,0.2,1,1,1
5384,1.0,1,1,1
5385,0.2,1,0,0
5386,0.2,1,0,0
5387,0.2,2,0,0
5388,0.2,1,1,1
5389,0.2,2,1,0
5390,1.0,1,1,1
5391,0.2,2,0,0
5392,0.2,3,1,0
5393,1.0,1,1,1
5394,0.2,2,1,1
5395,0.2,2,1,1
5396,0.2,2,0,0
5397,2.2,1,1,1
5398,1.0,1,1,0
5399,1.0,2,1,1
5400,1.0,2,0,1
5401,0.2,2,1,1
5402,0.2,0,0,0
5403,0.2,3,0,0
5404,0.2,1,1,1
5405,2.2,1,0,0
5406,0.2,0,1,1
5407,0.2,0,1,1
5408,1.0,3,0,0
5409,0.2,3,0,0
5410,0.2,1,0,0
5411,0.2,1,0,1
5412,0.2,1,1,1
5413,0.2,3,0,0
5414,0.2,3,0,0
5415,0.2,1,1,1
5416,1.0,2,1,1
5417,0.2,2,0,0
5418,0.2,1,1,0
5419,1.0,2,1,1
5420,0.2,1,1,1
5421,0.2,2,1,1
5422,1.0,1,1,1
5423,0.2,2,1,1
5424,1.0,1,1,1
5425,0.2,1,0,0
5426,0.2,2,0,0
5427,1.0,3,0,1
5428,0.2,1,1,1
5429,1.0,2,0,1
5430,0.2,1,1,1
5431,0.2,2,1,1
5432,0.2,3,0,0
5433,0.2,1,1,1
5434,0.2,2,1,1
5435,2.2,2,1,1
5436,2.2,2,1,1
5437,0.2,2,1,1
5438,0.2,1,0,0
5439,2.2,2,1,1
5440,1.0,1,1,1
5441,1.0,1,1,1
5442,0.2,1,0,0
5443,0.2,1,0,0
5444,0.2,0,1,0
5445,0.2,1,0,1
5446,1.0,1,0,1
5447,0.2,2,0,0
5448,1.0,1,1,1
5449,0.2,2,0,0
5450,0.2,2,0,1
5451,1.0,2,0,1
5452,0.2,1,0,0
5453,0.2,2,1,0
5454,0.2,3,0,0
5455,0.2,2,1,1
5456,1.0,2,1,1
5457,0.2,1,1,0
5458,0.2,2,0,0
5459,0.2,3,0,0
5460,0.2,1,1,1
5461,0.2,2,0,1
5462,1.0,1,1,1
5463,0.2,1,1,0
5464,0.2,3,0,0
5465,1.0,1,0,1
5466,0.2,2,1,0
5467,0.2,0,0,0
5468,1.0,0,1,1
5469,0.2,3,0,0
5470,0.2,2,0,0
5471,1.0,2,1,1
5472,0.2,0,1,1
5473,0.2,0,1,1
5474,0.2,1,0,0
5475,0.2,0,1,1
5476,0.2,2,0,0
5477,1.0,2,1,1
5478,0.2,1,1,1
5479,0.2,1,1,1
5480,0.2,3,1,1
5481,0.2,1,0,1
5482,0.2,0,0,0
5483,0.2,1,0,1
5484,0.2,2,0,1
5485,0.2,2,1,1
5486,2.2,0,1,1
5487,0.2,3,1,1
5488,0.2,1,0,1
5489,0.2,2,1,0
5490,1.0,2,1,1
5491,0.2,1,0,0
5492,0.2,3,0,0
5493,0.2,2,1,1
5494,0.2,3,0,0
5495,1.0,1,0,0
5496,0.2,3,0,0
5497,0.2,1,0,0
5498,0.2,3,0,0
5499,1.0,1,1,0
5500,1.0,1,1,1
5501,0.2,0,0,0
5502,0.2,3,0,0
5503,0.2,1,0,1
5504,0.2,2,0,0
5505,0.2,1,0,0
5506,0.2,1,1,1
5507,0.2,2,1,0
5508,1.0,1,1,1
5509,0.2,2,0,0
5510,0.2,2,1,1
5511,1.0,2,1,1
5512,1.0,1,0,1
5513,1.0,2,1,1
5514,1.0,1,1,1
5515,0.2,1,0,0
5516,0.2,2,0,0
5517,1.0,3,0,0
5518,0.2,0,1,1
5519,1.0,1,1,1
5520,0.2,2,0,0
5521,0.2,3,0,0
5522,0.2,2,0,0
5523,0.2,1,1,1
5524,0.2,1,1,0
5525,0.2,2,0,0
5526,0.2,0,1,1
5527,0.2,1,1,1
5528,0.2,2,0,0
5529,1.0,3,1,0
5530,0.2,3,1,1
5531,0.2,3,0,0
5532,0.2,1,0,0
5533,0.2,1,0,0
5534,1.0,3,0,0
5535,0.2,1,0,0
5536,0.2,2,0,0
5537,0.2,2,0,0
5538,0.2,1,1,1
5539,0.2,0,0,0
5540,0.2,0,0,0
5541,0.2,1,1,1
5542,0.2,2,0,0
5543,0.2,1,1,1
5544,0.2,1,0,0
5545,0.2,1,0,0
5546,1.0,1,1,1
5547,0.2,2,1,0
5548,0.2,2,1,1
5549,0.2,1,0,0
5550,1.0,1,0,0
5551,1.0,0,1,0
5552,0.2,3,1,1
5553,1.0,0,0,0
5554,0.2,2,1,0
5555,0.2,0,1,1
5556,0.2,3,1,1
5557,0.2,1,1,1
5558,0.2,2,0,0
5559,0.2,0,0,0
5560,1.0,1,1,1
5561,0.2,1,1,0
5562,0.2,2,0,0
5563,0.2,3,1,1
5564,0.2,1,0,0
5565,1.0,2,1,1
5566,0.2,1,0,1
5567,0.2,1,1,0
5568,0.2,2,0,0
5569,0.2,1,0,0
5570,0.2,2,1,0
5571,1.0,1,1,1
5572,1.0,0,0,0
5573,0.2,1,0,0
5574,0.2,1,1,1
5575,0.2,2,0,0
5576,0.2,2,1,0
5577,0.2,2,0,1
5578,1.0,0,0,0
5579,0.2,0,1,1
5580,0.2,1,0,0
5581,0.2,2,1,0
5582,1.0,1,0,0
5583,1.0,2,0,1
5584,0.2,1,0,0
5585,2.2,2,1,1
5586,0.2,3,0,0
5587,0.2,1,1,1
5588,1.0,1,1,1
5589,1.0,2,1,1
5590,0.2,0,0,0
5591,0.2,3,1,1
5592,0.2,1,1,1
5593,0.2,1,0,0
5594,0.2,1,1,1
5595,0.2,0,0,1
5596,0.2,0,1,1
5597,0.2,0,1,1
5598,0.2,1,0,0
5599,0.2,2,0,0
5600,0.2,1,1,1
5601,0.2,2,1,1
5602,0.6000000000000001,1,0,0
5603,1.0,2,1,1
5604,1.0,1,1,1
5605,0.2,2,1,1
5606,0.2,1,1,1
5607,0.2,2,0,0
5608,0.2,3,0,0
5609,1.0,1,1,1
5610,0.2,1,0,0
5611,0.2,2,0,0
5612,0.2,2,0,0
5613,1.0,2,1,1
5614,0.2,2,1,0
5615,0.2,1,0,1
5616,0.2,3,1,0
5617,0.2,1,0,0
5618,1.0,2,0,0
5619,0.2,1,0,1
5620,0.2,2,0,0
5621,0.2,0,1,1
5622,0.2,1,1,1
5623,0.2,2,1,1
5624,0.2,1,0,0
5625,0.2,2,1,1
5626,0.2,1,1,1
5627,1.0,1,0,0
5628,0.2,2,0,0
5629,0.2,2,1,0
5630,0.2,2,0,0
5631,0.2,3,1,1
5632,0.2,2,1,1
5633,0.2,0,0,0
5634,0.2,1,1,1
5635,0.2,2,1,1
5636,2.2,0,1,1
5637,0.2,1,1,1
5638,2.2,2,1,1
5639,2.2,1,1,1
5640,0.2,1,1,0
5641,0.2,2,1,1
5642,0.2,2,1,0
5643,1.0,1,1,1
5644,1.0,1,1,1
5645,0.2,2,1,1
5646,0.2,0,1,1
5647,1.0,1,1,1
5648,0.2,2,0,0
5649,0.2,2,0,0
5650,1.0,0,1,1
5651,0.2,1,0,0
5652,0.2,2,1,1
5653,0.2,2,0,0
5654,0.2,1,0,0
5655,0.2,2,1,1
5656,0.2,1,1,1
5657,0.2,1,1,1
5658,0.2,1,1,1
5659,0.2,1,1,1
5660,0.2,2,0,0
5661,0.2,2,1,0
5662,2.2,2,0,1
5663,0.2,2,0,0
5664,0.2,3,0,0
5665,0.2,2,1,1
5666,0.2,2,0,0
5667,0.2,0,0,0
5668,0.2,0,1,1
5669,0.2,2,0,0
5670,0.2,0,1,1
5671,0.2,0,0,0
5672,0.2,1,1,1
5673,1.0,2,1,1
5674,0.2,2,0,0
5675,0.2,1,0,0
5676,0.2,3,0,0
5677,0.2,1,1,1
5678,0.2,2,0,0
5679,1.0,3,0,0
5680,0.2,0,0,0
5681,0.2,3,0,0
5682,0.2,1,0,0
5683,0.2,2,0,0
5684,0.2,1,1,1
5685,0.2,3,0,0
5686,1.0,2,1,1
5687,0.2,1,0,1
5688,0.2,0,1,1
5689,0.2,1,0,0
5690,1.0,0,1,1
5691,0.2,2,1,1
5692,0.2,1,1,1
5693,0.2,1,1,0
5694,0.2,0,0,0
5695,1.0,1,0,1
5696,0.2,2,0,0
5697,1.0,1,0,1
5698,0.2,1,0,0
5699,0.2,1,1,1
5700,0.2,1,1,0
5701,2.2,1,1,1
5702,0.2,1,1,1
5703,0.2,1,1,0
5704,0.2,0,1,1
5705,0.2,1,1,1
5706,0.2,1,0,0
5707,0.2,1,0,1
5708,0.2,3,0,0
5709,1.0,2,0,1
5710,2.2,1,1,1
5711,1.0,3,1,1
5712,0.2,2,0,0
5713,0.2,1,1,1
5714,0.2,1,0,0
5715,0.2,2,0,0
5716,2.2,2,0,1
5717,1.0,2,0,1
5718,0.2,3,0,0
5719,0.2,0,0,0
5720,0.2,3,0,0
5721,1.0,1,0,0
5722,0.2,2,1,1
5723,1.0,2,1,1
5724,0.2,2,0,0
5725,0.2,1,1,0
5726,0.2,3,0,0
5727,1.0,0,0,0
5728,0.2,2,1,0
5729,0.2,2,0,0
5730,0.2,1,0,0
5731,0.2,1,0,0
5732,0.2,1,0,0
5733,0.2,1,1,1
5734,0.2,0,0,0
5735,0.2,1,1,0
5736,0.2,2,0,0
5737,0.2,1,0,0
5738,2.2,3,0,1
5739,0.2,2,1,1
5740,0.2,2,0,0
5741,0.2,2,1,1
5742,0.2,0,1,1
5743,1.0,0,1,1
5744,1.0,1,1,1
5745,0.2,2,0,0
5746,1.0,1,1,1
5747,0.2,2,1,0
5748,0.2,3,0,0
5749,0.2,2,0,0
5750,1.0,3,0,0
5751,1.0,2,1,0
5752,0.2,2,1,1
5753,0.2,1,1,1
5754,0.2,1,0,0
5755,0.2,2,0,0
5756,0.2,1,0,0
5757,0.2,1,1,1
5758,0.2,3,1,0
5759,0.2,2,1,1
5760,0.2,0,1,1
5761,0.2,2,1,1
5762,0.2,1,0,0
5763,0.2,3,0,0
5764,0.2,1,1,1
5765,1.0,0,1,1
5766,0.2,3,0,0
5767,1.0,3,0,1
5768,0.2,2,0,1
5769,0.2,1,0,0
5770,0.2,2,1,0
5771,0.2,1,0,0
5772,0.2,2,1,1
5773,0.2,2,1,1
5774,0.2,2,1,0
5775,0.2,2,0,1
5776,1.0,1,1,1
5777,1.0,3,1,1
5778,0.2,3,0,0
5779,0.2,2,1,1
5780,0.2,2,1,1
5781,0.2,0,0,0
5782,0.2,1,0,0
5783,1.0,0,1,1
5784,0.2,1,0,0
5785,0.2,1,0,0
5786,0.2,2,0,0
5787,0.2,1,0,0
5788,0.2,2,0,0
5789,0.2,1,1,1
5790,0.2,0,0,0
5791,0.2,1,0,0
5792,0.2,1,1,1
5793,0.2,2,0,0
5794,0.2,1,0,0
5795,0.2,2,1,1
5796,0.2,0,0,0
5797,0.2,1,0,0
5798,1.0,2,1,0
5799,1.0,3,1,1
5800,0.2,2,1,1
5801,0.2,0,1,0
5802,0.2,2,0,0
5803,0.2,2,0,1
5804,1.0,2,1,1
5805,0.2,0,0,0
5806,0.2,2,1,0
5807,0.2,3,1,1
5808,0.2,2,0,1
5809,1.0,2,0,0
5810,0.2,1,0,0
5811,0.2,2,1,1
5812,0.2,2,0,0
5813,0.2,1,1,1
5814,0.2,1,1,0
5815,0.2,1,1,1
5816,0.2,1,0,1
5817,0.2,2,0,0
5818,0.2,2,1,1
5819,0.2,2,0,0
5820,2.2,3,1,1
5821,0.2,2,1,0
5822,1.0,3,1,1
5823,0.2,2,0,0
5824,0.2,2,1,1
5825,0.2,3,1,1
5826,0.2,1,0,0
5827,0.2,2,1,1
5828,0.2,1,0,1
5829,1.0,1,1,1
5830,0.2,2,1,0
5831,2.2,2,1,1
5832,1.0,1,0,1
5833,0.2,2,0,0
5834,0.2,1,1,1
5835,0.2,2,0,1
5836,1.0,1,1,1
5837,0.2,1,1,0
5838,0.2,1,1,0
5839,0.2,0,1,1
5840,0.2,2,0,1
5841,0.2,0,0,1
5842,2.2,2,0,1
5843,0.2,1,0,0
5844,0.2,1,1,1
5845,0.2,2,0,1
5846,0.2,2,1,1
5847,0.2,0,0,0
5848,0.2,2,0,0
5849,0.2,0,1,1
5850,1.0,1,1,1
5851,0.2,0,1,1
5852,0.2,2,0,0
5853,3.0,1,0,0
5854,0.2,1,1,1
5855,1.0,2,0,1
5856,1.0,2,0,1
5857,0.2,0,0,0
5858,0.2,2,0,0
5859,0.2,3,0,0
5860,0.2,2,1,1
5861,0.2,2,0,0
5862,0.2,1,1,1
5863,0.2,2,0,0
5864,0.2,1,1,0
5865,0.2,1,1,0
5866,0.2,3,1,1
5867,0.2,1,0,0
5868,0.2,1,0,0
5869,0.2,1,1,1
5870,0.2,3,1,1
5871,1.0,1,1,1
5872,0.2,2,0,0
5873,0.2,2,0,0
5874,1.0,2,0,0
5875,0.2,2,0,0
5876,1.0,1,1,1
5877,0.2,2,1,1
5878,0.2,1,1,1
5879,1.0,1,1,0
5880,0.2,2,0,0
5881,0.2,2,1,1
5882,2.2,2,1,1
5883,0.2,2,1,1
5884,0.2,2,0,0
5885,1.0,2,0,0
5886,2.2,3,1,1
5887,1.0,2,0,1
5888,0.2,1,1,1
5889,0.2,2,0,0
5890,0.2,2,0,0
5891,0.2,1,0,0
5892,0.2,2,1,1
5893,0.2,2,1,0
5894,0.2,1,1,1
5895,0.2,2,1,1
5896,0.2,1,0,1
5897,0.2,2,0,0
5898,0.2,1,0,0
5899,0.2,2,0,0
5900,0.2,2,0,0
5901,1.0,1,0,1
5902,0.2,1,1,1
5903,1.0,0,0,0
5904,0.2,1,1,1
5905,0.2,1,0,0
5906,1.0,0,0,0
5907,0.2,2,0,0
5908,0.2,2,0,0
5909,0.2,2,0,0
5910,0.2,2,0,0
5911,1.0,2,1,0
5912,0.2,1,0,0
5913,1.0,1,1,0
5914,1.0,1,0,1
5915,0.2,1,0,1
5916,0.2,1,1,0
5917,0.2,3,1,0
5918,1.0,2,0,1
5919,0.2,3,1,0
5920,1.0,1,1,1
5921,0.2,3,1,1
5922,0.2,1,0,1
5923,1.0,1,0,1
5924,0.2,2,0,0
5925,0.2,2,1,1
5926,1.0,1,1,1
5927,1.0,1,1,1
5928,0.2,0,1,0
5929,1.0,3,0,0
5930,0.2,3,1,1
5931,0.2,1,0,0
5932,0.2,1,1,1
5933,0.2,2,0,0
5934,0.2,1,0,0
5935,0.2,3,0,0
5936,0.2,0,1,1
5937,0.2,0,0,1
5938,0.2,2,0,0
5939,0.2,2,1,0
5940,0.2,2,0,0
5941,0.2,0,1,1
5942,0.2,2,0,0
5943,1.0,1,0,1
5944,0.2,2,0,1
5945,0.2,1,0,0
5946,0.2,2,0,0
5947,0.2,1,1,0
5948,1.0,0,0,1
5949,0.2,2,0,0
5950,0.2,2,1,0
5951,1.0,1,1,0
5952,0.2,2,1,1
5953,0.2,1,0,1
5954,0.2,2,0,0
5955,1.0,2,1,1
5956,2.2,0,0,1
5957,0.2,1,0,1
5958,1.0,0,1,1
5959,0.2,1,0,0
5960,0.2,2,0,0
5961,0.2,2,1,1
5962,0.2,1,0,1
5963,1.0,1,0,0
5964,1.0,1,1,1
5965,1.0,2,1,1
5966,0.2,2,0,0
5967,1.0,2,1,1
5968,0.2,1,0,0
5969,1.0,0,0,0
5970,0.2,1,1,0
5971,0.2,1,0,0
5972,0.2,2,1,1
5973,0.2,1,0,0
5974,0.2,3,1,0
5975,0.2,1,1,0
5976,0.2,2,0,0
5977,0.2,2,0,1
5978,2.2,1,1,1
5979,0.2,2,1,1
5980,1.0,1,1,1
5981,0.2,3,0,0
5982,2.2,2,1,1
5983,0.2,2,1,1
5984,0.2,2,1,0
5985,0.2,1,1,1
5986,1.0,1,1,1
5987,0.2,1,0,0
5988,0.2,1,0,1
5989,0.2,1,0,1
5990,0.2,3,1,0
5991,1.0,0,0,0
5992,1.0,1,0,1
5993,1.0,1,1,1
5994,0.2,1,0,0
5995,0.2,1,0,1
5996,0.2,1,1,1
5997,0.2,2,1,1
5998,1.0,2,1,1
5999,0.2,2,0,0
6000,0.2,1,0,0
6001,0.2,3,1,1
6002,2.2,0,1,1
6003,0.2,2,0,0
6004,0.2,1,0,1
6005,1.0,2,0,1
6006,1.0,2,1,1
6007,1.0,1,0,1
6008,0.2,1,0,0
6009,1.0,1,1,1
6010,0.2,2,0,0
6011,0.2,2,0,0
6012,0.2,2,1,1
6013,1.0,0,1,1
6014,0.2,2,1,0
6015,1.0,1,0,0
6016,0.2,3,0,0
6017,1.0,1,1,1
6018,0.2,0,0,0
6019,0.2,3,0,0
6020,0.2,1,0,1
6021,0.2,1,1,1
6022,0.2,3,1,1
6023,0.2,3,0,0
6024,0.2,2,0,0
6025,0.2,2,1,0
6026,0.2,1,0,0
6027,0.2,1,1,1
6028,1.0,3,1,1
6029,1.0,3,1,1
6030,0.2,2,1,0
6031,0.2,3,0,0
6032,0.2,1,0,1
6033,0.2,2,0,0
6034,0.2,2,1,1
6035,1.0,1,1,1
6036,1.0,2,1,1
6037,0.2,3,1,1
6038,0.2,2,1,1
6039,0.2,1,1,1
6040,0.2,1,0,0
6041,1.0,2,0,1
6042,2.2,1,1,1
6043,1.0,3,1,1
6044,1.0,1,1,1
6045,0.2,1,0,0
6046,0.2,1,0,0
6047,0.2,3,1,0
6048,0.2,2,0,0
6049,1.0,0,0,0
6050,0.2,1,1,0
6051,2.2,3,0,1
6052,1.0,2,0,1
6053,0.2,0,1,1
6054,0.2,2,1,0
6055,0.2,1,1,1
6056,1.0,2,1,1
6057,0.2,1,1,1
6058,0.2,2,1,1
6059,1.0,1,0,0
6060,1.0,2,1,0
6061,0.2,1,1,1
6062,0.2,3,1,1
6063,0.2,2,1,0
6064,0.2,0,1,1
6065,0.2,2,1,1
6066,1.0,1,1,1
6067,0.2,2,1,0
6068,0.2,1,0,0
6069,0.2,2,0,0
6070,2.2,0,1,1
6071,0.2,0,0,0
6072,0.2,2,0,0
6073,0.2,3,1,0
6074,0.2,1,1,0
6075,0.2,2,1,0
6076,1.0,1,1,1
6077,0.2,2,0,0
6078,0.2,2,0,0
6079,0.2,2,0,0
6080,1.0,3,1,1
6081,0.2,1,0,0
6082,1.0,3,0,0
6083,0.2,2,0,0
6084,1.0,0,1,0
6085,0.2,0,1,1
6086,0.2,1,0,0
6087,0.2,2,1,0
6088,0.2,2,1,1
6089,0.2,1,1,1
6090,0.2,0,1,1
6091,0.2,2,0,0
6092,0.2,0,0,0
6093,0.2,1,0,0
6094,1.0,2,1,1
6095,0.2,0,1,1
6096,0.2,2,0,0
6097,2.2,2,1,1
6098,0.2,1,1,0
6099,0.2,2,1,0
6100,0.2,2,0,0
6101,1.0,2,1,1
6102,1.0,1,0,1
6103,1.0,0,0,1
6104,0.2,3,1,1
6105,1.0,1,1,1
6106,0.2,0,0,0
6107,1.0,1,1,1
6108,1.0,2,0,0
6109,1.0,3,0,0
6110,0.2,1,0,0
6111,0.2,2,1,0
6112,1.0,2,1,1
6113,1.0,2,0,1
6114,0.2,0,0,0
6115,0.2,3,0,0
6116,0.2,2,0,0
6117,1.0,1,1,1
6118,0.2,1,0,1
6119,0.2,1,1,0
6120,0.2,1,0,0
6121,0.2,2,0,1
6122,1.0,2,1,1
6123,0.2,0,1,1
6124,0.2,3,0,0
6125,0.2,0,1,1
6126,0.2,1,1,1
6127,0.2,1,1,0
6128,0.2,2,0,0
6129,0.2,2,1,1
6130,0.2,2,1,1
6131,0.2,2,1,1
6132,0.2,2,0,0
6133,0.2,1,0,0
6134,1.0,0,1,1
6135,0.2,3,0,0
6136,0.2,2,1,1
6137,0.2,2,0,0
6138,0.2,2,1,1
6139,0.2,1,0,0
6140,0.2,2,1,0
6141,0.2,2,0,1
6142,0.2,1,0,0
6143,0.2,2,1,1
6144,0.2,1,0,0
6145,0.2,3,0,0
6146,0.2,1,0,0
6147,1.0,3,1,1
6148,0.2,2,1,0
6149,1.0,3,1,1
6150,0.2,2,1,1
6151,0.2,3,1,1
6152,1.0,1,1,1
6153,0.2,2,0,0
6154,1.0,1,0,0
6155,0.2,1,0,0
6156,0.2,0,1,1
6157,0.2,1,1,1
6158,0.2,1,0,1
6159,0.2,1,1,1
6160,0.2,1,1,1
6161,1.0,1,1,1
6162,1.0,1,1,1
6163,0.2,2,1,1
6164,0.2,1,1,1
6165,0.2,3,0,0
6166,0.2,1,0,0
6167,0.2,1,1,1
6168,0.2,2,0,0
6169,0.2,3,1,0
6170,0.2,2,0,0
6171,0.2,1,0,1
6172,0.2,3,1,1
6173,1.4,2,1,0
6174,0.2,1,1,1
6175,0.2,1,1,0
6176,0.2,2,1,0
6177,0.2,1,1,0
6178,0.2,2,1,1
6179,0.2,1,1,1
6180,0.2,0,0,0
6181,0.2,2,1,1
6182,1.0,3,0,0
6183,0.2,2,1,0
6184,0.2,1,0,0
6185,0.2,1,0,1
6186,0.2,2,0,0
6187,1.0,0,1,1
6188,0.2,2,1,1
6189,0.2,1,1,1
6190,1.0,0,1,1
6191,0.2,1,1,1
6192,0.2,1,1,1
6193,0.2,1,0,0
6194,0.2,2,1,0
6195,0.2,2,0,1
6196,1.0,2,1,1
6197,0.2,0,0,0
6198,0.2,2,1,1
6199,0.2,2,0,0
6200,0.2,0,1,1
6201,0.2,1,0,1
6202,0.2,0,1,1
6203,0.2,1,1,0
6204,0.2,0,0,0
6205,0.2,1,0,0
6206,2.2,0,1,1
6207,0.2,2,1,1
6208,0.2,1,1,1
6209,0.2,2,0,1
6210,0.2,2,1,1
6211,0.2,2,0,0
6212,0.2,1,0,0
6213,1.0,0,1,1
6214,0.2,2,0,0
6215,0.2,3,1,1
6216,1.0,1,0,0
6217,0.2,1,1,1
6218,0.2,1,0,0
6219,0.2,1,0,0
6220,1.0,2,1,1
6221,0.2,2,0,0
6222,0.2,1,0,0
6223,0.2,2,1,1
6224,0.2,1,1,0
6225,0.2,3,1,1
6226,1.0,0,1,1
6227,0.2,1,1,0
6228,0.2,0,0,0
6229,0.2,1,1,1
6230,0.2,1,0,0
6231,0.2,3,0,0
6232,0.2,1,0,0
6233,0.2,3,1,1
6234,0.2,1,0,0
6235,0.2,2,1,1
6236,0.2,2,1,1
6237,0.2,0,1,0
6238,1.0,2,0,0
6239,0.2,1,1,1
6240,0.2,2,1,1
6241,0.2,2,1,1
6242,0.2,1,1,1
6243,0.2,1,1,1
6244,0.2,1,0,0
6245,0.2,1,1,1
6246,0.2,2,1,0
6247,0.2,2,0,0
6248,0.2,2,1,0
6249,0.2,3,1,0
6250,0.2,2,0,0
6251,0.2,2,0,0
6252,1.0,1,1,1
6253,0.2,3,1,0
6254,1.0,3,1,1
6255,0.2,3,1,1
6256,0.2,2,1,0
6257,0.2,1,0,0
6258,0.2,2,0,0
6259,0.2,2,0,0
6260,0.2,2,0,1
6261,0.2,1,0,0
6262,0.2,0,0,0
6263,0.2,1,0,0
6264,0.2,2,0,0
6265,1.0,1,1,1
6266,1.0,3,0,0
6267,1.0,2,1,1
6268,1.0,2,0,1
6269,0.2,2,0,0
6270,1.0,2,0,1
6271,0.2,2,1,1
6272,1.0,2,0,1
6273,1.0,1,1,1
6274,1.0,1,1,1
6275,0.2,2,0,0
6276,0.2,2,0,0
6277,1.0,1,1,1
6278,0.2,1,0,0
6279,0.2,2,1,1
6280,1.0,1,1,1
6281,0.2,3,0,1
6282,0.2,3,0,1
6283,1.0,1,1,1
6284,0.2,2,1,0
6285,0.2,0,0,0
6286,1.0,1,1,1
6287,0.2,1,1,0
6288,0.2,2,1,1
6289,1.0,0,1,1
6290,0.2,3,1,0
6291,0.2,2,0,0
6292,1.0,1,1,1
6293,1.0,1,1,1
6294,0.2,0,0,0
6295,0.2,2,0,1
6296,0.2,3,0,0
6297,1.0,0,0,1
6298,0.2,2,0,0
6299,0.2,2,0,0
6300,0.2,2,0,0
6301,0.2,2,0,0
6302,1.0,2,0,0
6303,1.0,2,0,1
6304,0.2,2,0,0
6305,0.2,0,0,0
6306,0.2,1,1,1
6307,0.2,2,1,0
6308,0.2,2,0,0
6309,1.0,1,1,1
6310,0.2,2,1,1
6311,0.2,2,1,1
6312,0.2,1,0,0
6313,0.2,0,1,1
6314,3.8,1,0,1
6315,0.2,1,1,1
6316,1.0,2,1,1
6317,0.2,2,1,1
6318,0.2,2,0,1
6319,0.2,1,0,0
6320,2.2,0,1,1
6321,0.2,1,0,0
6322,1.0,1,0,1
6323,0.2,1,1,1
6324,0.2,1,0,0
6325,0.2,2,0,0
6326,1.0,1,1,1
6327,1.0,2,1,1
6328,1.0,2,1,1
6329,0.2,2,0,0
6330,0.2,1,1,1
6331,0.2,1,1,1
6332,0.2,2,0,0
6333,0.2,0,0,0
6334,0.2,2,1,1
6335,0.2,2,0,0
6336,0.2,1,1,1
6337,0.2,1,0,1
6338,1.0,2,1,0
6339,0.2,1,0,0
6340,0.2,2,0,1
6341,0.2,1,0,0
6342,0.2,1,0,0
6343,2.2,2,1,1
6344,0.2,2,0,0
6345,0.2,1,1,0
6346,0.2,1,0,0
6347,1.0,1,1,1
6348,0.2,0,1,1
6349,0.2,2,0,0
6350,0.2,1,0,0
6351,0.2,0,0,1
6352,0.2,1,1,1
6353,0.2,1,0,0
6354,0.2,1,1,0
6355,1.0,1,1,0
6356,0.2,2,0,0
6357,0.2,2,0,0
6358,0.2,0,0,0
6359,0.2,0,1,1
6360,0.2,3,1,0
6361,0.2,1,0,0
6362,0.2,2,0,0
6363,2.2,0,1,1
6364,0.2,0,1,0
6365,0.2,0,1,1
6366,0.2,2,1,1
6367,0.2,3,0,0
6368,0.2,3,1,0
6369,0.2,2,1,1
6370,0.2,0,1,1
6371,0.2,2,0,0
6372,0.2,1,0,0
6373,0.2,1,0,0
6374,1.0,2,1,1
6375,0.2,3,0,0
6376,0.2,1,0,0
6377,0.2,2,0,0
6378,0.6000000000000001,1,0,0
6379,0.2,1,1,0
6380,0.2,2,0,0
6381,1.0,1,1,1
6382,0.2,2,0,0
6383,0.2,3,0,1
6384,0.2,3,1,0
6385,0.2,2,1,1
6386,0.2,0,0,0
6387,1.0,2,1,1
6388,0.2,2,0,0
6389,1.0,1,0,1
6390,1.0,0,1,1
6391,0.2,0,1,1
6392,1.0,3,1,1
6393,0.2,3,0,0
6394,0.2,1,1,1
6395,1.0,2,1,1
6396,0.2,2,1,1
6397,0.2,1,1,1
6398,0.2,3,0,0
6399,0.2,0,0,0
6400,1.0,0,1,1
6401,0.2,2,0,0
6402,0.2,2,0,0
6403,1.0,2,0,0
6404,0.2,3,0,0
6405,0.2,2,1,1
6406,0.2,2,0,0
6407,0.2,1,1,0
6408,1.0,1,1,0
6409,0.2,1,0,1
6410,1.8,2,0,0
6411,1.0,2,1,1
6412,1.0,1,0,0
6413,0.2,2,1,0
6414,0.2,3,1,0
6415,0.2,1,0,0
6416,0.2,1,0,0
6417,1.0,2,0,0
6418,0.2,1,1,0
6419,0.2,2,1,1
6420,1.0,0,1,1
6421,0.2,2,0,0
6422,0.2,2,1,1
6423,0.2,2,0,0
6424,1.0,2,1,1
6425,0.2,2,1,1
6426,1.0,1,0,1
6427,0.2,2,0,0
6428,0.2,3,1,0
6429,2.2,1,0,1
6430,0.2,3,0,0
6431,2.2,0,0,1
6432,0.2,1,0,0
6433,0.2,3,1,0
6434,0.2,2,0,0
6435,0.2,2,0,0
6436,1.0,2,1,1
6437,0.2,2,0,0
6438,0.2,1,0,0
6439,1.0,1,1,1
6440,0.2,0,1,1
6441,1.0,3,1,1
6442,0.2,2,0,0
6443,0.2,1,0,0
6444,1.0,3,1,1
6445,0.2,1,1,1
6446,0.2,2,0,0
6447,0.2,1,1,1
6448,0.2,1,1,1
6449,0.2,2,0,0
6450,0.2,2,1,0
6451,1.0,2,1,1
6452,0.2,2,0,0
6453,0.2,2,0,0
6454,0.2,3,0,0
6455,1.0,1,1,1
6456,1.0,1,1,1
6457,0.2,2,0,0
6458,0.2,1,1,1
6459,1.0,3,1,1
6460,1.0,2,1,1
6461,2.2,3,0,1
6462,0.2,3,1,1
6463,0.2,1,0,0
6464,0.2,1,1,0
6465,1.0,3,1,0
6466,0.2,1,1,0
6467,0.2,1,1,0
6468,0.2,0,1,0
6469,0.2,0,1,1
6470,2.2,2,1,1
6471,1.0,0,0,1
6472,1.0,1,1,1
6473,0.2,2,1,1
6474,1.0,1,1,1
6475,2.2,2,1,1
6476,1.0,2,1,1
6477,0.2,2,0,0
6478,0.2,1,1,1
6479,0.2,1,0,0
6480,1.0,1,1,1
6481,0.2,2,0,0
6482,0.2,1,0,0
6483,0.2,2,1,0
6484,1.0,1,1,1
6485,0.2,2,0,0
6486,1.0,1,1,1
6487,0.2,1,1,1
6488,0.2,2,1,1
6489,0.2,2,1,0
6490,1.0,2,1,1
6491,0.2,0,0,0
6492,0.2,2,0,0
6493,0.2,1,0,0
6494,0.2,3,1,0
6495,0.2,2,0,1
6496,1.0,1,0,0
6497,0.2,3,0,0
6498,0.2,1,1,1
6499,0.2,1,0,0
6500,0.2,3,1,1
6501,0.2,1,0,0
6502,0.2,3,0,1
6503,0.2,2,1,1
6504,1.0,1,1,1
6505,1.0,1,0,0
6506,1.0,1,1,1
6507,1.0,1,1,1
6508,0.2,0,0,1
6509,0.2,2,0,0
6510,0.2,0,1,1
6511,0.2,3,0,1
6512,0.2,2,0,0
6513,1.0,1,1,1
6514,0.2,3,1,0
6515,0.2,1,0,1
6516,0.2,2,1,0
6517,0.2,2,1,0
6518,0.2,3,0,0
6519,0.2,0,0,0
6520,0.2,1,0,0
6521,0.2,2,1,0
6522,0.2,1,1,1
6523,0.2,3,1,0
6524,1.0,2,0,1
6525,0.2,1,0,0
6526,2.2,1,0,1
6527,1.0,1,1,1
6528,0.2,1,1,1
6529,0.2,2,0,0
6530,0.2,1,0,0
6531,0.2,1,0,0
6532,1.0,2,1,1
6533,0.2,0,1,1
6534,0.2,2,1,0
6535,0.2,3,0,0
6536,0.2,1,0,0
6537,0.2,2,0,0
6538,1.0,0,1,1
6539,0.2,1,0,0
6540,0.2,2,0,0
6541,0.2,2,1,1
6542,0.2,1,0,0
6543,0.2,1,1,1
6544,0.2,0,0,0
6545,0.2,2,0,1
6546,0.2,1,0,0
6547,0.2,2,1,1
6548,0.2,1,1,1
6549,1.0,1,0,0
6550,1.0,1,0,1
6551,0.2,1,1,1
6552,0.2,2,1,0
6553,0.2,1,0,0
6554,1.0,1,1,1
6555,0.2,2,0,0
6556,0.2,1,0,0
6557,0.2,1,0,0
6558,2.2,2,0,0
6559,0.2,0,0,0
6560,1.0,0,1,1
6561,0.2,2,0,0
6562,1.0,0,1,1
6563,0.2,0,1,1
6564,1.0,2,1,1
6565,0.2,2,1,1
6566,1.0,2,0,1
6567,0.2,1,0,0
6568,0.2,2,1,1
6569,0.2,1,0,0
6570,1.0,1,1,1
6571,1.0,2,1,1
6572,0.2,1,1,1
6573,2.2,2,1,1
6574,0.2,2,1,1
6575,1.0,0,1,1
6576,0.2,2,0,0
6577,0.2,3,0,0
6578,0.2,2,1,1
6579,1.0,2,0,1
6580,0.2,2,0,0
6581,0.2,2,1,0
6582,1.0,1,1,1
6583,1.0,0,1,1
6584,0.2,2,0,0
6585,0.2,1,1,1
6586,0.2,1,0,0
6587,0.2,1,0,0
6588,0.2,3,1,1
6589,0.2,1,1,1
6590,0.2,0,0,1
6591,0.2,3,0,0
6592,0.2,2,0,0
6593,2.2,1,0,0
6594,0.2,2,0,1
6595,1.0,1,1,1
6596,0.2,1,1,1
6597,0.2,2,1,1
6598,1.0,3,1,1
6599,0.2,2,1,0
6600,0.2,2,0,0
6601,0.2,1,0,0
6602,0.2,0,1,1
6603,0.2,1,1,1
6604,0.2,1,0,0
6605,0.2,1,0,0
6606,0.2,1,1,1
6607,0.2,3,1,0
6608,0.2,2,1,0
6609,0.2,2,0,0
6610,1.0,0,0,1
6611,0.2,1,1,0
6612,0.2,1,0,1
6613,0.2,2,0,0
6614,0.2,3,0,1
6615,0.2,2,0,1
6616,1.0,2,1,1
6617,0.2,0,1,1
6618,0.2,2,1,1
6619,1.0,1,0,0
6620,0.2,1,1,1
6621,0.2,2,0,0
6622,0.2,0,1,1
6623,1.0,2,1,1
6624,0.2,2,0,0
6625,0.2,0,1,1
6626,1.0,0,0,1
6627,1.0,1,1,0
6628,0.2,2,0,0
6629,0.2,3,1,0
6630,0.2,0,1,0
6631,0.2,1,1,0
6632,0.2,0,0,0
6633,0.2,2,0,0
6634,0.2,2,0,0
6635,0.2,1,1,0
6636,0.2,1,1,1
6637,0.2,2,1,0
6638,0.2,2,0,1
6639,0.2,1,0,0
6640,0.2,1,0,1
6641,0.2,1,0,0
6642,1.0,2,1,1
6643,0.2,1,0,0
6644,0.2,1,0,0
6645,0.2,2,1,1
6646,0.2,2,1,1
6647,0.2,1,0,0
6648,0.2,1,1,0
6649,0.2,2,1,1
6650,0.2,1,1,1
6651,0.2,2,0,0
6652,0.2,3,1,0
6653,1.8,0,1,1
6654,0.2,2,0,0
6655,0.2,2,0,0
6656,0.2,1,1,1
6657,0.2,1,1,1
6658,0.2,1,1,1
6659,1.0,2,1,1
6660,0.2,1,0,0
6661,0.2,0,0,0
6662,0.2,1,1,1
6663,0.2,1,0,0
6664,0.2,3,0,0
6665,0.2,1,0,0
6666,0.2,0,1,1
6667,0.2,1,0,0
6668,0.2,3,1,0
6669,0.2,3,0,0
6670,0.2,1,1,0
6671,0.2,1,1,1
6672,2.2,1,0,1
6673,0.2,1,1,1
6674,0.2,2,0,0
6675,0.2,2,0,0
6676,0.2,1,0,0
6677,0.2,1,0,0
6678,0.2,1,0,0
6679,0.2,1,0,0
6680,0.2,1,1,0
6681,0.2,3,0,0
6682,0.2,1,0,0
6683,0.2,0,0,0
6684,0.2,3,0,0
6685,0.2,2,0,0
6686,0.2,1,0,1
6687,0.2,0,0,0
6688,0.2,2,0,0
6689,0.2,2,1,0
6690,0.2,3,0,0
6691,0.2,0,1,1
6692,0.2,2,1,0
6693,1.0,1,1,1
6694,0.2,1,0,0
6695,0.2,2,1,1
6696,1.0,2,1,1
6697,1.0,0,1,0
6698,1.0,1,0,0
6699,1.0,3,0,0
6700,0.2,1,0,0
6701,1.0,2,1,1
6702,0.2,1,1,0
6703,0.2,1,0,0
6704,0.2,2,0,0
6705,0.2,2,1,1
6706,0.2,3,0,0
6707,0.2,1,0,0
6708,0.2,2,0,0
6709,1.0,1,1,0
6710,0.2,2,0,0
6711,0.2,2,1,1
6712,0.2,1,1,1
6713,0.2,1,1,1
6714,0.2,1,1,1
6715,0.2,1,0,0
6716,0.2,0,1,0
6717,0.2,1,0,0
6718,1.0,2,0,1
6719,0.2,2,0,0
6720,0.2,1,1,1
6721,0.2,1,1,1
6722,0.2,1,0,0
6723,0.2,0,1,1
6724,0.2,2,1,0
6725,0.2,1,1,1
6726,0.2,2,0,0
6727,0.2,1,0,1
6728,0.2,3,1,0
6729,0.2,1,1,1
6730,1.0,2,0,1
6731,0.2,2,0,0
6732,1.0,2,0,0
6733,0.2,2,1,0
6734,0.2,2,1,1
6735,0.2,1,1,0
6736,0.2,3,1,0
6737,0.2,1,0,0
6738,0.2,2,0,0
6739,0.2,2,0,0
6740,0.2,2,1,0
6741,1.0,3,0,1
6742,1.0,3,1,1
6743,0.2,1,1,0
6744,0.2,1,1,1
6745,1.0,0,1,1
6746,0.2,3,0,0
6747,0.2,1,1,1
6748,0.2,1,1,1
6749,1.0,2,1,1
6750,1.0,1,0,0
6751,1.0,2,0,1
6752,0.2,1,0,0
6753,0.2,1,0,0
6754,0.2,1,0,0
6755,0.2,3,0,0
6756,1.0,1,0,1
6757,0.2,1,0,0
6758,1.0,1,1,1
6759,0.2,2,0,0
6760,0.2,2,0,0
6761,2.2,0,1,1
6762,0.2,1,0,0
6763,1.0,0,1,1
6764,0.2,1,1,1
6765,0.2,0,0,0
6766,0.2,2,1,0
6767,2.2,1,1,1
6768,0.2,1,0,1
6769,0.2,0,0,1
6770,0.2,1,0,1
6771,0.2,1,0,1
6772,0.2,2,0,0
6773,1.0,2,0,0
6774,0.2,2,1,0
6775,1.0,1,1,1
6776,0.2,3,0,0
6777,0.2,0,1,0
6778,2.2,0,1,1
6779,0.2,3,0,0
6780,0.2,0,1,1
6781,0.2,1,1,1
6782,0.2,1,1,1
6783,0.2,2,1,1
6784,0.2,2,0,0
6785,1.0,1,1,1
6786,0.2,2,1,0
6787,0.2,2,0,0
6788,0.2,0,0,0
6789,0.2,2,0,0
6790,0.2,0,1,0
6791,0.2,3,0,0
6792,0.2,1,0,0
6793,1.0,3,1,1
6794,0.2,2,1,1
6795,0.2,3,0,0
6796,1.0,2,0,1
6797,0.2,2,1,1
6798,0.2,2,0,0
6799,0.2,0,0,0
6800,0.2,2,1,1
6801,1.0,2,1,1
6802,0.2,0,0,0
6803,0.2,2,1,1
6804,0.2,3,0,0
6805,0.2,1,1,1
6806,0.2,2,1,1
6807,1.0,0,0,1
6808,1.0,0,1,1
6809,0.2,1,0,0
6810,0.2,3,0,0
6811,1.0,1,1,1
6812,1.0,1,1,1
6813,0.2,2,0,0
6814,1.0,1,1,1
6815,0.2,1,0,1
6816,0.2,3,0,0
6817,0.2,2,0,0
6818,0.2,0,0,0
6819,0.2,1,0,0
6820,1.0,2,1,1
6821,0.2,2,1,1
6822,0.2,2,0,0
6823,1.0,1,1,1
6824,1.0,3,1,1
6825,0.2,2,1,1
6826,1.0,1,1,1
6827,0.2,2,0,1
6828,0.2,2,1,1
6829,1.0,2,0,1
6830,2.2,2,1,1
6831,0.2,3,0,0
6832,0.2,2,0,1
6833,1.0,3,0,0
6834,0.2,0,0,1
6835,0.2,2,0,0
6836,0.2,1,1,1
6837,0.2,2,0,1
6838,0.2,2,0,0
6839,0.2,0,0,0
6840,0.2,0,0,0
6841,1.0,1,1,1
6842,0.2,2,0,0
6843,0.2,3,1,0
6844,0.2,1,1,0
6845,1.0,1,1,1
6846,0.2,1,0,1
6847,0.2,2,0,0
6848,0.2,2,1,1
6849,0.2,2,1,1
6850,0.2,3,0,0
6851,0.2,2,0,0
6852,2.2,3,1,1
6853,0.2,1,1,0
6854,0.2,0,1,1
6855,0.2,2,1,1
6856,0.2,2,0,0
6857,0.2,2,1,1
6858,0.2,1,1,0
6859,0.2,3,0,0
6860,0.2,2,1,1
6861,0.2,1,1,1
6862,0.2,1,0,0
6863,0.2,2,0,0
6864,0.2,0,0,0
6865,0.2,0,0,0
6866,0.2,2,0,0
6867,0.2,2,1,1
6868,0.2,3,1,1
6869,0.2,1,1,1
6870,1.0,1,1,1
6871,1.0,1,1,1
6872,0.2,1,1,0
6873,0.2,2,0,0
6874,1.0,1,1,1
6875,0.2,3,0,0
6876,0.2,1,0,0
6877,1.0,2,1,0
6878,0.2,2,0,1
6879,1.0,1,1,1
6880,1.0,2,1,1
6881,0.2,3,1,1
6882,0.2,3,0,1
6883,0.2,1,0,0
6884,0.2,2,1,1
6885,1.0,3,1,1
6886,1.0,0,1,1
6887,1.0,0,1,1
6888,0.2,0,1,1
6889,0.2,1,0,0
6890,0.2,3,0,0
6891,0.2,2,0,0
6892,0.2,2,1,1
6893,0.2,2,1,1
6894,0.2,3,1,0
6895,0.2,1,1,1
6896,0.2,2,0,0
6897,0.2,3,0,0
6898,0.2,2,1,1
6899,0.2,2,0,0
6900,0.2,0,1,1
6901,0.2,2,0,0
6902,0.2,2,1,1
6903,1.0,2,1,1
6904,0.2,1,0,0
6905,1.0,2,1,1
6906,0.2,2,1,1
6907,0.2,2,0,0
6908,0.2,2,0,0
6909,1.0,3,0,0
6910,3.0,2,0,0
6911,0.2,2,1,1
6912,1.0,1,0,1
6913,0.2,1,0,0
6914,0.2,2,1,1
6915,0.2,0,0,0
6916,0.2,2,1,0
6917,0.2,1,1,1
6918,0.2,0,0,0
6919,0.2,3,1,0
6920,0.2,1,0,0
6921,0.2,2,1,1
6922,0.2,2,1,0
6923,0.2,0,1,1
6924,1.0,2,1,1
6925,0.2,2,1,1
6926,0.2,1,1,1
6927,1.0,2,1,1
6928,0.2,2,0,0
6929,1.0,0,1,1
6930,0.2,3,0,0
6931,0.2,1,0,0
6932,0.2,1,1,1
6933,0.2,2,1,0
6934,0.2,2,0,0
6935,1.0,0,1,1
6936,0.2,0,0,0
6937,0.2,3,1,1
6938,0.2,1,0,0
6939,0.2,1,1,1
6940,0.2,1,1,1
6941,1.0,0,1,1
6942,0.2,2,1,1
6943,0.2,1,0,0
6944,1.0,1,0,0
6945,0.2,1,1,0
6946,0.2,2,1,0
6947,0.2,1,0,1
6948,1.0,2,0,1
6949,0.2,3,0,0
6950,1.0,1,1,1
6951,0.2,2,0,0
6952,0.2,2,1,0
6953,0.2,0,0,0
6954,0.2,2,1,0
6955,0.2,2,0,0
6956,2.2,2,0,1
6957,0.2,2,1,1
6958,1.0,1,0,1
6959,0.2,3,1,0
6960,0.2,1,0,0
6961,0.2,1,1,1
6962,0.2,3,1,1
6963,1.8,1,1,1
6964,0.2,1,0,0
6965,1.0,2,0,0
6966,0.2,2,0,0
6967,0.2,2,0,0
6968,1.0,1,1,1
6969,1.0,3,1,1
6970,0.2,1,0,1
6971,1.0,3,1,0
6972,0.2,2,0,0
6973,0.2,2,1,0
6974,0.2,2,0,0
6975,0.2,0,0,1
6976,0.2,2,0,0
6977,0.2,3,0,0
6978,0.2,1,1,1
6979,2.2,2,1,1
6980,1.0,0,0,0
6981,0.2,3,0,0
6982,0.2,2,1,0
6983,0.2,1,1,1
6984,0.2,3,1,1
6985,0.2,3,1,1
6986,0.2,3,0,0
6987,0.2,1,1,0
6988,0.2,1,1,1
6989,0.2,2,0,0
6990,0.2,1,0,0
6991,0.2,2,1,1
6992,0.2,1,1,0
6993,0.2,2,0,1
6994,0.2,1,1,1
6995,0.2,0,0,0
6996,0.2,2,0,0
6997,0.2,2,0,1
6998,0.2,2,0,0
6999,0.2,2,1,0
7000,1.0,1,1,1
7001,0.2,1,1,1
7002,0.2,1,1,1
7003,0.2,2,0,0
7004,0.2,2,0,0
7005,0.2,3,1,1
7006,0.2,3,1,0
7007,1.0,0,0,1
7008,1.0,0,0,0
7009,0.2,2,0,0
7010,1.0,0,0,1
7011,0.2,2,1,1
7012,0.2,2,0,0
7013,1.0,2,0,1
7014,0.2,0,1,1
7015,0.2,2,1,1
7016,0.2,0,1,1
7017,0.2,2,1,1
7018,0.2,1,0,0
7019,1.0,3,0,0
7020,0.2,1,1,1
7021,0.2,2,1,1
7022,0.2,3,0,0
7023,1.0,1,1,1
7024,0.2,1,1,0
7025,0.2,2,0,0
7026,0.2,3,1,0
7027,0.2,1,1,1
7028,0.2,3,1,1
7029,0.2,1,0,0
7030,0.2,2,0,0
7031,0.2,1,1,0
7032,0.2,1,0,0
7033,0.2,3,0,0
7034,0.2,2,1,1
7035,0.2,2,1,1
7036,1.0,1,1,1
7037,1.0,3,1,1
7038,1.0,1,1,1
7039,0.2,1,0,0
7040,1.0,1,1,1
7041,0.2,3,0,0
7042,0.2,0,1,0
7043,0.2,1,1,1
7044,1.0,0,0,1
7045,0.2,0,0,0
7046,0.2,0,0,1
7047,0.2,0,1,1
7048,0.2,2,0,0
7049,0.2,3,0,1
7050,0.2,3,1,1
7051,0.2,2,0,0
7052,1.0,3,0,0
7053,0.2,1,0,0
7054,1.0,1,1,1
7055,0.2,3,0,0
7056,1.0,1,0,0
7057,0.2,0,0,0
7058,0.2,3,0,0
7059,0.2,2,0,0
7060,0.2,1,0,0
7061,0.2,1,1,1
7062,0.2,1,1,0
7063,0.2,3,0,0
7064,1.0,1,1,1
7065,1.0,1,1,1
7066,1.0,2,1,1
7067,0.2,1,0,0
7068,0.2,1,1,0
7069,1.0,2,1,1
7070,0.2,0,0,1
7071,0.2,3,1,1
7072,0.2,0,0,1
7073,0.2,1,0,0
7074,0.2,2,0,0
7075,0.2,0,0,0
7076,0.2,2,1,0
7077,3.0,2,0,0
7078,0.2,1,1,1
7079,0.2,1,1,1
7080,1.0,3,0,1
7081,0.2,1,1,0
7082,0.2,1,1,0
7083,0.2,0,0,0
7084,0.2,1,1,0
7085,0.2,2,0,0
7086,0.2,2,0,0
7087,0.2,2,1,0
7088,0.2,2,1,0
7089,0.2,1,1,1
7090,0.2,0,1,0
7091,0.2,1,0,0
7092,0.2,3,1,1
7093,0.2,1,1,0
7094,1.0,2,1,1
7095,1.0,1,1,1
7096,0.2,3,0,0
7097,0.2,3,0,0
7098,1.0,1,1,1
7099,0.2,0,1,1
7100,0.2,1,1,1
7101,0.2,1,0,1
7102,0.2,1,0,0
7103,1.0,0,0,1
7104,1.0,2,1,1
7105,0.2,3,0,0
7106,1.0,0,0,0
7107,0.2,2,1,0
7108,0.2,3,0,1
7109,0.2,1,1,1
7110,1.0,2,0,0
7111,0.2,1,0,0
7112,0.2,0,1,1
7113,0.2,0,1,1
7114,0.2,0,0,0
7115,0.2,1,0,0
7116,0.2,2,0,1
7117,0.2,1,0,0
7118,0.2,2,0,1
7119,0.2,1,1,1
7120,0.2,2,0,0
7121,0.2,3,0,0
7122,1.0,0,1,1
7123,0.2,2,0,0
7124,2.2,1,1,1
7125,0.2,2,1,1
7126,0.2,1,1,1
7127,0.2,3,1,0
7128,0.2,2,0,0
7129,0.2,2,1,1
7130,0.2,2,0,0
7131,0.2,2,1,0
7132,0.2,2,0,0
7133,0.2,2,1,0
7134,0.2,3,0,1
7135,3.8,2,0,0
7136,0.2,2,0,0
7137,0.2,3,1,1
7138,0.2,2,1,1
7139,0.2,1,0,1
7140,1.0,1,1,1
7141,0.2,1,0,0
7142,0.2,2,0,0
7143,0.2,1,0,0
7144,1.0,0,1,1
7145,0.2,1,0,0
7146,1.0,1,0,0
7147,0.2,2,1,0
7148,0.2,0,1,1
7149,0.2,2,0,0
7150,1.0,2,0,0
7151,0.2,2,0,0
7152,0.2,1,0,0
7153,1.0,1,1,1
7154,0.2,2,0,0
7155,0.2,1,0,0
7156,1.0,3,0,0
7157,0.2,2,0,0
7158,1.0,2,1,1
7159,0.2,2,1,1
7160,0.2,1,1,0
7161,0.2,2,0,0
7162,0.2,1,0,1
7163,0.2,2,1,0
7164,1.4,1,0,1
7165,1.0,1,1,1
7166,1.0,2,1,1
7167,2.2,1,1,1
7168,1.0,1,1,1
7169,2.2,3,1,1
7170,0.2,1,1,0
7171,0.2,1,0,0
7172,0.2,2,1,0
7173,0.2,3,1,1
7174,0.2,0,1,1
7175,0.2,1,0,0
7176,1.0,1,1,1
7177,0.2,1,1,1
7178,0.2,2,0,0
7179,0.2,2,0,0
7180,0.2,1,1,1
7181,0.2,2,0,0
7182,0.2,1,1,1
7183,1.0,3,0,0
7184,0.2,1,0,0
7185,0.2,1,1,1
7186,0.2,1,0,0
7187,0.2,1,0,0
7188,0.2,1,1,1
7189,0.2,1,0,0
7190,0.2,1,1,1
7191,0.2,1,1,1
7192,0.2,1,0,0
7193,0.2,1,1,1
7194,0.2,2,0,0
7195,0.2,3,1,1
7196,0.2,1,1,1
7197,1.0,2,0,0
7198,0.2,0,1,1
7199,0.2,3,1,1
7200,0.2,2,1,1
7201,0.2,0,0,0
7202,0.2,0,1,1
7203,0.2,0,1,0
7204,1.0,1,1,0
7205,0.2,3,1,0
7206,0.2,1,1,1
7207,1.0,2,1,1
7208,0.2,3,0,0
7209,1.0,0,1,1
7210,0.2,0,1,0
7211,0.2,2,0,0
7212,1.0,1,1,1
7213,0.2,2,0,0
7214,0.2,3,0,0
7215,0.2,1,1,1
7216,1.0,2,1,1
7217,0.2,1,1,1
7218,0.2,3,0,0
7219,0.2,1,0,0
7220,1.0,1,1,1
7221,0.2,2,1,1
7222,1.0,0,1,1
7223,0.2,2,1,0
7224,0.2,1,1,0
7225,0.2,1,1,1
7226,0.2,1,0,0
7227,0.2,1,0,0
7228,1.0,2,1,1
7229,0.2,3,0,0
7230,0.2,1,1,1
7231,0.2,1,1,1
7232,0.2,2,1,1
7233,0.2,1,0,0
7234,0.2,2,1,1
7235,0.2,3,1,0
7236,0.2,2,0,0
7237,0.2,0,1,0
7238,0.2,1,1,1
7239,0.2,3,1,1
7240,0.2,0,0,0
7241,1.0,1,0,1
7242,0.2,0,0,0
7243,0.2,0,0,1
7244,0.2,2,0,0
7245,1.0,2,0,1
7246,0.2,1,0,1
7247,1.0,1,1,1
7248,1.0,1,1,1
7249,1.0,0,1,1
7250,1.0,1,1,1
7251,0.2,2,1,0
7252,0.2,1,0,1
7253,0.2,0,0,0
7254,0.2,2,1,1
7255,0.2,3,1,1
7256,0.2,2,0,0
7257,0.2,1,1,1
7258,0.2,1,0,0
7259,1.0,3,0,0
7260,1.0,2,0,0
7261,0.2,3,0,0
7262,0.2,1,0,1
7263,0.2,2,0,0
7264,1.0,0,1,1
7265,0.2,2,1,0
7266,1.0,2,1,1
7267,0.2,2,0,0
7268,0.2,1,0,0
7269,0.2,2,1,0
7270,1.0,1,0,0
7271,0.2,2,0,0
7272,1.0,1,1,1
7273,0.2,3,1,0
7274,0.2,2,0,0
7275,1.0,3,0,0
7276,0.2,1,0,0
7277,0.2,0,0,0
7278,1.0,2,0,0
7279,1.0,0,0,0
7280,0.2,1,0,0
7281,0.2,3,0,1
7282,1.0,0,1,1
7283,0.2,1,1,0
7284,0.2,1,1,1
7285,0.2,1,0,0
7286,0.2,2,0,0
7287,1.0,3,1,1
7288,1.0,2,1,1
7289,0.2,2,0,0
7290,2.2,1,1,1
7291,0.2,2,1,1
7292,0.2,1,1,1
7293,0.2,3,1,1
7294,0.2,1,0,0
7295,0.2,2,0,0
7296,0.2,2,0,0
7297,0.2,1,0,0
7298,0.2,1,1,0
7299,0.2,3,0,1
7300,1.0,2,1,1
7301,1.0,1,1,1
7302,0.2,2,0,0
7303,1.0,2,0,1
7304,0.2,3,1,0
7305,1.0,1,0,0
7306,0.2,3,0,0
7307,0.2,2,0,0
7308,0.2,1,0,0
7309,1.0,2,0,1
7310,0.2,2,0,0
7311,0.2,1,0,0
7312,0.2,1,1,1
7313,1.0,1,0,1
7314,2.2,1,1,1
7315,1.0,1,1,1
7316,0.2,1,1,0
7317,0.2,1,1,0
7318,0.2,0,0,0
7319,1.0,1,1,1
7320,3.8,3,1,0
7321,0.2,1,0,1
7322,0.2,1,1,1
7323,0.2,3,0,0
7324,0.2,2,1,1
7325,1.0,2,1,1
7326,0.2,0,0,0
7327,0.2,2,1,0
7328,0.2,1,1,1
7329,0.2,0,1,0
7330,1.0,2,0,0
7331,0.2,1,0,0
7332,0.2,2,1,1
7333,0.2,1,1,1
7334,0.2,1,1,0
7335,0.2,1,1,1
7336,0.2,1,1,1
7337,0.2,1,1,1
7338,0.2,2,0,0
7339,1.0,1,1,1
7340,1.0,2,1,1
7341,0.2,1,1,0
7342,0.2,1,0,0
7343,0.2,2,1,0
7344,0.2,3,0,0
7345,0.2,2,1,1
7346,1.0,2,0,1
7347,1.0,1,1,1
7348,0.2,0,0,0
7349,1.0,2,0,1
7350,0.2,1,0,0
7351,0.2,2,0,0
7352,0.2,1,0,0
7353,0.2,2,0,0
7354,0.2,2,1,1
7355,0.2,2,0,0
7356,1.0,2,1,1
7357,0.2,2,0,0
7358,0.2,2,1,1
7359,0.2,3,0,0
7360,0.2,2,1,1
7361,0.2,0,1,1
7362,1.0,1,1,1
7363,1.0,1,1,1
7364,1.0,3,1,1
7365,0.2,3,1,0
7366,1.0,2,1,1
7367,0.2,2,0,0
7368,0.2,1,1,1
7369,0.2,1,1,0
7370,0.2,2,1,1
7371,0.2,1,1,1
7372,1.0,3,1,1
7373,2.2,1,1,1
7374,0.2,3,0,0
7375,0.2,1,1,1
7376,1.0,1,0,1
7377,0.2,2,1,1
7378,0.2,1,0,0
7379,0.2,2,0,0
7380,0.2,2,0,0
7381,1.0,2,0,0
7382,0.2,2,0,0
7383,0.2,1,1,1
7384,0.2,3,1,1
7385,1.0,1,1,1
7386,0.2,1,0,0
7387,1.0,0,1,1
7388,0.2,0,1,1
7389,1.0,1,0,0
7390,0.2,0,0,0
7391,0.2,3,1,0
7392,0.2,2,0,0
7393,0.2,0,1,1
7394,1.0,0,1,1
7395,0.2,2,1,1
7396,0.2,1,0,0
7397,1.0,0,0,1
7398,0.2,2,1,0
7399,0.2,1,1,1
7400,0.2,1,0,0
7401,0.2,2,0,0
7402,0.2,1,1,1
7403,1.0,1,1,1
7404,0.2,1,0,1
7405,1.0,2,1,1
7406,0.2,3,1,0
7407,0.2,2,1,1
7408,0.2,2,0,0
7409,1.0,2,0,0
7410,0.2,3,0,0
7411,0.2,2,1,1
7412,0.2,2,1,1
7413,0.2,2,0,0
7414,0.2,3,0,0
7415,0.2,2,0,0
7416,1.0,2,1,1
7417,0.2,2,1,1
7418,0.2,1,0,0
7419,0.2,2,1,0
7420,0.2,2,0,1
7421,0.2,2,1,1
7422,0.2,1,1,1
7423,1.0,1,1,1
7424,0.2,1,1,1
7425,0.2,1,1,1
7426,0.2,1,1,1
7427,0.2,2,0,0
7428,0.2,2,0,0
7429,0.2,2,0,0
7430,1.0,3,1,1
7431,1.0,1,1,1
7432,0.2,2,0,0
7433,0.2,3,1,1
7434,0.2,2,1,1
7435,1.0,2,1,1
7436,0.2,2,1,0
7437,1.0,2,1,1
7438,0.2,2,1,1
7439,0.2,2,0,0
7440,0.2,2,1,0
7441,1.0,1,1,1
7442,1.0,2,1,1
7443,0.2,2,0,0
7444,0.2,2,1,1
7445,0.2,3,0,0
7446,0.2,1,0,1
7447,0.2,2,0,0
7448,0.2,2,1,1
7449,0.2,1,1,0
7450,1.0,3,1,1
7451,0.2,3,0,0
7452,0.2,3,1,1
7453,1.0,2,1,1
7454,0.2,1,1,1
7455,1.0,2,0,1
7456,0.2,2,0,0
7457,0.2,1,0,1
7458,0.2,1,1,1
7459,0.2,2,1,0
7460,0.2,0,0,1
7461,0.2,3,1,1
7462,1.0,1,0,0
7463,1.0,1,1,1
7464,0.2,0,0,1
7465,0.2,2,1,1
7466,0.2,2,0,0
7467,0.2,2,1,0
7468,0.2,1,0,0
7469,0.2,1,1,1
7470,1.0,2,1,1
7471,0.2,2,0,0
7472,0.2,2,1,1
7473,2.2,2,1,1
7474,0.2,2,0,0
7475,0.2,3,0,0
7476,0.2,1,0,0
7477,2.2,1,0,1
7478,0.2,2,1,1
7479,0.2,2,0,1
7480,0.2,0,1,1
7481,0.2,2,0,0
7482,0.2,1,1,1
7483,1.0,1,0,1
7484,1.0,0,1,1
7485,0.2,1,1,1
7486,0.2,0,1,1
7487,0.2,0,1,1
7488,0.2,3,0,0
7489,0.2,2,0,0
7490,0.2,1,1,1
7491,1.0,1,0,0
7492,0.2,2,1,1
7493,0.2,2,0,0
7494,0.2,1,0,0
7495,0.2,2,0,0
7496,0.2,2,0,0
7497,1.0,1,1,1
7498,0.2,0,0,1
7499,0.2,3,0,0
7500,0.2,1,0,0
7501,0.2,1,0,0
7502,0.2,0,1,0
7503,0.2,1,1,1
7504,0.2,1,0,0
7505,0.2,3,1,0
7506,0.2,2,0,0
7507,0.2,1,1,1
7508,0.2,1,0,0
7509,0.2,2,1,1
7510,0.2,1,0,0
7511,0.2,0,1,1
7512,0.2,1,1,1
7513,0.2,1,0,0
7514,0.2,1,0,1
7515,2.2,2,1,1
7516,0.2,1,1,1
7517,0.2,2,0,0
7518,0.2,0,1,1
7519,0.2,2,1,1
7520,0.2,2,1,1
7521,0.2,1,1,1
7522,2.2,2,1,1
7523,0.2,1,0,0
7524,0.2,2,1,0
7525,0.2,3,0,0
7526,0.2,0,0,0
7527,0.2,2,0,0
7528,0.2,1,0,0
7529,0.2,3,1,0
7530,0.2,2,1,1
7531,1.0,0,1,1
7532,0.2,1,0,0
7533,0.2,1,0,0
7534,1.0,1,0,1
7535,0.2,1,0,0
7536,2.2,2,1,1
7537,0.2,1,0,0
7538,0.2,1,0,0
7539,1.0,1,0,0
7540,0.2,2,0,0
7541,0.2,1,0,0
7542,0.2,1,1,0
7543,0.2,0,0,0
7544,0.2,1,0,0
7545,1.0,1,1,1
7546,1.0,1,0,1
7547,0.2,0,1,1
7548,0.2,2,0,0
7549,1.0,1,1,1
7550,1.0,2,1,1
7551,0.2,1,1,1
7552,0.2,0,1,1
7553,0.2,2,0,0
7554,0.2,3,0,0
7555,1.0,2,1,1
7556,0.2,2,0,0
7557,0.2,2,1,1
7558,0.2,2,0,0
7559,0.2,2,1,1
7560,0.2,1,0,0
7561,0.2,2,1,1
7562,0.2,2,1,0
7563,0.2,2,1,1
7564,0.2,1,1,1
7565,0.2,2,1,1
7566,0.2,1,0,0
7567,1.0,2,1,1
7568,0.2,0,0,0
7569,0.2,2,0,0
7570,1.0,2,1,1
7571,1.0,2,1,1
7572,0.2,0,1,0
7573,1.0,0,1,1
7574,0.2,0,1,0
7575,1.0,1,1,1
7576,0.2,1,0,0
7577,0.2,1,1,1
7578,0.2,1,1,0
7579,0.2,2,0,0
7580,1.0,1,0,0
7581,0.2,0,1,1
7582,0.2,2,1,0
7583,0.2,1,1,1
7584,0.2,1,0,0
7585,1.0,3,1,0
7586,0.2,1,0,0
7587,0.2,2,0,0
7588,0.2,1,0,0
7589,1.0,2,1,1
7590,0.2,2,0,0
7591,0.2,2,0,0
7592,0.2,3,0,0
7593,1.0,3,1,1
7594,0.2,2,0,0
7595,0.2,1,1,1
7596,0.2,2,1,1
7597,0.2,1,0,0
7598,0.2,1,0,0
7599,1.0,2,1,1
7600,0.2,1,0,1
7601,0.2,1,0,0
7602,0.2,2,1,0
7603,0.2,2,0,0
7604,0.2,1,0,1
7605,2.2,1,1,1
7606,0.2,2,0,0
7607,0.2,0,1,1
7608,1.0,1,0,0
7609,0.2,2,1,1
7610,1.0,0,1,1
7611,0.2,2,0,0
7612,0.2,0,1,1
7613,1.0,2,0,0
7614,0.2,2,1,0
7615,0.2,2,0,0
7616,0.2,2,0,1
7617,0.2,2,1,1
7618,0.2,0,1,0
7619,0.2,1,1,1
7620,0.2,2,0,1
7621,1.0,2,1,1
7622,0.2,2,0,0
7623,1.0,0,1,1
7624,0.2,1,1,1
7625,0.2,2,0,0
7626,0.2,2,0,0
7627,0.2,2,0,0
7628,0.2,2,0,0
7629,1.0,0,1,1
7630,0.2,1,1,1
7631,0.2,2,1,1
7632,1.0,1,0,0
7633,0.2,1,0,0
7634,0.2,1,0,0
7635,0.2,1,1,1
7636,0.2,0,1,1
7637,0.2,2,0,0
7638,1.0,2,0,1
7639,0.2,1,0,0
7640,1.0,1,1,1
7641,0.2,2,1,0
7642,0.2,2,0,0
7643,0.2,0,0,0
7644,0.2,2,1,1
7645,1.0,3,1,1
7646,0.2,2,1,0
7647,0.2,1,1,1
7648,1.0,0,1,1
7649,0.2,1,0,0
7650,0.2,1,0,0
7651,1.0,1,1,1
7652,0.2,2,1,0
7653,1.0,1,0,0
7654,1.0,0,1,1
7655,0.2,3,1,0
7656,0.2,1,1,1
7657,0.2,2,1,1
7658,0.2,2,0,0
7659,0.2,1,1,1
7660,0.2,0,0,0
7661,0.2,3,1,1
7662,0.2,0,0,1
7663,0.2,1,1,1
7664,1.0,1,1,1
7665,0.2,2,1,1
7666,0.2,1,0,0
7667,0.2,2,1,1
7668,1.0,1,0,1
7669,0.2,0,0,0
7670,1.0,1,0,0
7671,0.2,0,0,1
7672,0.2,2,0,0
7673,0.2,2,0,0
7674,0.2,2,1,0
7675,0.2,1,0,1
7676,0.2,1,1,1
7677,0.2,3,1,0
7678,0.2,1,0,0
7679,0.2,1,0,0
7680,0.2,0,1,1
7681,0.2,2,0,0
7682,0.2,0,0,0
7683,0.2,2,0,0
7684,0.2,3,0,1
7685,0.2,1,1,0
7686,0.2,1,0,0
7687,0.2,2,1,1
7688,0.2,1,1,0
7689,1.0,0,1,1
7690,0.2,3,0,0
7691,0.2,2,1,1
7692,0.2,1,0,0
7693,0.2,0,0,0
7694,0.2,1,0,0
7695,0.2,2,0,0
7696,0.2,2,1,1
7697,0.2,0,0,0
7698,0.2,0,0,0
7699,0.2,2,1,1
7700,0.2,2,0,0
7701,0.2,2,0,0
7702,0.2,3,0,1
7703,0.2,1,1,0
7704,2.2,1,0,1
7705,2.2,0,1,1
7706,1.0,1,0,0
7707,0.2,3,0,0
7708,0.2,1,0,1
7709,0.2,3,1,1
7710,1.0,0,0,0
7711,0.2,2,0,0
7712,0.2,0,0,1
7713,0.2,2,0,1
7714,0.2,2,0,0
7715,1.0,1,1,1
7716,0.2,2,0,0
7717,0.2,1,0,0
7718,0.2,3,1,1
7719,0.2,2,0,0
7720,0.2,2,0,0
7721,1.0,0,1,1
7722,0.2,2,1,1
7723,0.2,1,0,0
7724,0.2,2,1,1
7725,1.0,1,1,1
7726,0.2,2,1,0
7727,1.0,1,1,1
7728,0.2,2,0,0
7729,0.2,2,1,1
7730,0.2,1,0,1
7731,0.2,0,0,0
7732,2.2,3,0,0
7733,0.2,1,1,1
7734,1.0,2,1,1
7735,0.2,2,1,1
7736,0.2,1,0,0
7737,0.2,3,0,0
7738,2.2,2,1,1
7739,0.2,1,0,0
7740,1.0,1,0,0
7741,0.2,2,0,1
7742,0.2,1,0,0
7743,0.2,1,0,0
7744,0.2,1,0,0
7745,0.2,3,1,1
7746,0.2,2,0,0
7747,1.0,2,0,1
7748,1.0,3,0,0
7749,0.2,3,0,0
7750,0.2,0,0,0
7751,1.0,2,1,1
7752,0.2,2,1,1
7753,1.0,2,1,1
7754,0.2,1,0,0
7755,1.0,2,0,0
7756,0.2,1,0,1
7757,1.0,1,1,1
7758,0.2,0,1,1
7759,1.0,0,1,1
7760,0.2,1,0,1
7761,0.2,2,0,1
7762,1.0,2,1,1
7763,0.2,1,1,0
7764,0.2,2,0,0
7765,0.2,1,1,1
7766,0.2,1,1,1
7767,0.2,1,0,1
7768,0.2,1,1,1
7769,1.0,1,1,1
7770,0.2,2,0,1
7771,0.2,2,0,0
7772,1.0,0,1,1
7773,0.2,2,0,1
7774,0.2,2,0,0
7775,0.2,2,1,0
7776,0.2,3,1,1
7777,0.2,1,0,0
7778,0.2,1,0,0
7779,0.2,2,1,1
7780,0.2,3,1,1
7781,0.2,3,1,0
7782,0.2,1,0,1
7783,3.0,2,0,0
7784,0.2,1,0,0
7785,0.2,2,0,1
7786,0.2,1,1,1
7787,0.2,2,0,0
7788,0.2,3,1,0
7789,0.2,2,0,0
7790,0.2,0,1,1
7791,0.2,1,0,0
7792,0.2,0,1,1
7793,1.0,2,0,1
7794,0.2,2,1,1
7795,0.2,2,0,0
7796,0.2,2,1,1
7797,0.2,3,0,0
7798,0.2,2,1,0
7799,1.0,2,1,0
7800,0.2,1,1,1
7801,0.2,2,1,1
7802,1.0,2,1,1
7803,1.0,1,1,1
7804,0.2,1,0,0
7805,1.0,2,1,1
7806,0.2,3,1,0
7807,0.2,1,1,1
7808,0.2,2,1,0
7809,0.2,2,0,0
7810,0.2,1,1,1
7811,0.2,3,0,0
7812,0.2,2,1,1
7813,0.2,3,1,1
7814,0.2,3,1,1
7815,1.0,2,0,0
7816,1.0,1,0,1
7817,0.2,3,1,0
7818,1.0,0,0,1
7819,0.2,1,1,0
7820,1.0,1,1,1
7821,0.2,2,0,0
7822,0.2,2,1,1
7823,0.2,1,1,1
7824,0.2,2,0,0
7825,0.2,0,1,0
7826,0.2,1,1,1
7827,1.0,2,1,1
7828,0.2,1,1,1
7829,0.2,3,1,0
7830,0.2,2,0,0
7831,0.2,2,1,1
7832,1.0,0,0,0
7833,1.0,1,0,1
7834,0.2,3,0,0
7835,0.2,0,0,0
7836,1.0,1,1,1
7837,0.2,3,1,0
7838,0.2,1,1,1
7839,1.0,1,1,1
7840,1.0,2,1,1
7841,0.2,2,1,0
7842,1.0,2,1,1
7843,0.2,1,1,1
7844,0.2,1,0,0
7845,0.2,3,0,0
7846,0.2,2,0,0
7847,0.2,2,1,0
7848,0.2,0,0,0
7849,0.2,2,0,1
7850,0.2,2,1,1
7851,0.2,1,1,0
7852,0.2,2,0,0
7853,0.2,1,0,0
7854,0.2,3,1,1
7855,0.2,2,1,1
7856,1.0,1,1,1
7857,0.2,2,0,0
7858,0.2,0,1,1
7859,1.0,0,1,1
7860,0.2,1,0,0
7861,1.0,1,1,1
7862,0.2,0,1,1
7863,0.2,0,1,1
7864,0.2,3,0,0
7865,0.2,0,1,0
7866,0.2,2,0,0
7867,0.2,3,1,1
7868,0.2,0,0,0
7869,0.2,3,0,0
7870,0.2,2,0,1
7871,0.2,0,1,1
7872,0.2,1,0,0
7873,0.2,1,0,0
7874,0.2,3,1,0
7875,0.2,2,0,0
7876,0.2,1,1,0
7877,0.2,2,0,1
7878,0.2,3,1,1
7879,0.2,1,1,1
7880,2.2,2,0,0
7881,0.2,2,0,1
7882,0.2,0,1,0
7883,1.0,1,1,1
7884,0.2,1,1,1
7885,0.2,2,0,0
7886,0.2,0,0,0
7887,0.2,2,0,0
7888,0.2,2,1,0
7889,0.2,1,0,0
7890,0.2,1,0,0
7891,0.2,3,1,1
7892,0.2,0,0,0
7893,0.2,1,1,1
7894,1.0,1,1,1
7895,0.2,2,1,1
7896,0.2,1,0,0
7897,0.2,1,0,1
7898,0.2,3,0,0
7899,0.2,0,0,1
7900,0.2,1,1,1
7901,0.2,2,0,0
7902,0.2,1,0,0
7903,0.2,0,1,1
7904,0.2,1,1,1
7905,0.2,2,1,1
7906,0.2,1,0,1
7907,0.2,2,0,0
7908,2.2,1,1,1
7909,0.2,2,1,1
7910,0.2,0,1,0
7911,0.2,0,0,0
7912,0.2,2,0,0
7913,1.0,0,1,1
7914,0.2,3,0,1
7915,0.2,3,0,0
7916,1.0,1,0,1
7917,0.2,0,0,0
7918,0.2,0,1,0
7919,0.2,2,0,0
7920,0.2,1,0,0
7921,1.0,0,1,1
7922,0.2,0,0,1
7923,0.2,1,1,1
7924,1.0,1,1,1
7925,1.0,3,0,0
7926,0.2,3,0,0
7927,0.2,2,0,1
7928,0.2,1,1,1
7929,0.2,3,1,0
7930,1.0,0,1,1
7931,0.2,2,1,1
7932,0.2,1,0,0
7933,0.2,1,0,0
7934,0.2,2,0,0
7935,0.2,3,0,0
7936,1.0,2,1,1
7937,0.2,2,1,1
7938,0.2,2,0,0
7939,1.0,1,1,1
7940,0.2,1,1,1
7941,0.2,1,0,0
7942,0.2,3,0,0
7943,1.0,1,1,1
7944,0.2,2,1,1
7945,0.2,1,0,0
7946,0.2,2,0,0
7947,0.2,3,1,1
7948,0.2,1,1,1
7949,0.2,2,1,1
7950,2.2,2,0,0
7951,0.2,1,0,0
7952,0.2,2,0,0
7953,0.2,2,0,0
7954,0.2,3,0,0
7955,0.2,2,0,0
7956,2.2,2,1,1
7957,0.2,3,1,1
7958,0.2,1,0,1
7959,1.0,1,1,1
7960,2.2,2,1,1
7961,0.2,1,1,1
7962,1.0,1,1,1
7963,0.2,2,0,0
7964,0.2,1,1,1
7965,0.2,3,0,0
7966,0.2,2,1,1
7967,0.2,2,0,0
7968,0.2,3,0,0
7969,0.2,1,0,1
7970,0.2,2,0,1
7971,1.0,1,1,1
7972,0.2,2,1,0
7973,0.2,3,1,0
7974,0.2,2,1,1
7975,0.2,2,0,0
7976,0.2,3,1,1
7977,1.0,3,0,0
7978,0.2,1,1,1
7979,0.2,1,0,0
7980,0.2,1,0,0
7981,0.2,3,0,0
7982,0.2,2,1,0
7983,0.2,1,1,1
7984,1.0,2,1,1
7985,0.2,2,0,0
7986,0.2,2,0,0
7987,1.0,1,0,0
7988,0.2,3,0,0
7989,0.2,2,1,1
7990,1.0,2,1,1
7991,0.2,1,1,1
7992,2.2,1,1,1
7993,0.2,2,0,0
7994,0.2,1,1,0
7995,0.2,1,0,0
7996,1.0,1,1,1
7997,1.0,1,1,0
7998,0.2,2,1,0
7999,0.2,2,1,1
8000,0.2,0,0,0
8001,0.2,2,0,0
8002,0.2,1,0,1
8003,1.0,2,1,1
8004,0.2,1,1,1
8005,0.2,2,1,1
8006,0.2,2,1,0
8007,0.2,2,1,1
8008,0.2,2,1,1
8009,0.2,1,0,0
8010,0.2,2,1,0
8011,0.2,0,0,0
8012,1.0,1,1,1
8013,0.2,3,0,0
8014,0.2,2,0,0
8015,0.2,2,1,1
8016,0.2,2,0,0
8017,0.2,1,0,0
8018,0.2,2,1,1
8019,0.2,2,1,0
8020,1.0,1,1,1
8021,0.2,1,1,1
8022,0.2,2,1,1
8023,0.2,0,1,1
8024,0.2,1,0,0
8025,2.2,0,1,1
8026,0.2,2,0,0
8027,0.2,3,1,0
8028,0.2,1,1,0
8029,1.0,3,1,1
8030,0.2,3,0,0
8031,1.0,1,1,1
8032,0.2,0,0,0
8033,0.2,2,1,1
8034,1.0,0,1,1
8035,0.2,1,0,0
8036,0.2,2,0,1
8037,0.2,3,0,0
8038,0.2,0,0,0
8039,0.2,1,1,1
8040,0.2,2,0,1
8041,1.0,2,1,1
8042,0.2,2,1,1
8043,1.0,3,0,1
8044,0.2,3,1,0
8045,0.2,2,0,0
8046,0.2,1,0,0
8047,0.2,3,1,0
8048,2.2,2,0,1
8049,0.2,3,0,0
8050,0.2,0,1,1
8051,0.2,2,0,0
8052,0.2,1,0,0
8053,0.2,2,0,0
8054,0.2,0,1,1
8055,0.2,1,1,1
8056,1.0,2,1,1
8057,1.0,3,1,1
8058,0.2,1,0,0
8059,0.2,2,1,1
8060,1.0,1,1,1
8061,0.2,1,1,1
8062,0.2,2,1,1
8063,0.2,3,1,0
8064,0.2,2,0,0
8065,0.2,2,1,1
8066,0.2,1,1,0
8067,0.2,2,1,1
8068,0.2,1,1,0
8069,0.2,2,1,1
8070,1.0,3,0,0
8071,0.2,2,0,0
8072,0.2,1,1,0
8073,0.2,1,0,1
8074,0.2,2,1,1
8075,1.0,1,1,1
8076,0.2,0,1,1
8077,0.2,2,1,0
8078,0.2,2,1,1
8079,0.2,2,0,0
8080,1.0,2,1,1
8081,1.0,0,1,1
8082,0.2,0,1,1
8083,0.2,2,0,0
8084,0.2,1,1,1
8085,0.2,1,0,0
8086,0.2,3,0,1
8087,0.2,3,1,1
8088,0.2,3,1,1
8089,0.2,2,1,1
8090,0.2,0,0,1
8091,0.2,1,1,1
8092,0.2,1,1,1
8093,1.0,1,0,0
8094,2.2,3,1,1
8095,2.2,2,1,1
8096,0.2,1,0,1
8097,0.2,2,1,0
8098,1.0,1,1,1
8099,0.2,2,0,0
8100,0.2,2,0,0
8101,0.2,1,1,0
8102,0.2,3,0,0
8103,0.2,2,0,0
8104,0.2,0,0,0
8105,1.0,1,0,0
8106,0.2,3,1,1
8107,0.2,1,0,0
8108,1.4,0,0,1
8109,0.2,2,0,1
8110,1.0,2,0,1
8111,0.2,1,0,0
8112,0.2,1,1,1
8113,3.4000000000000004,2,0,0
8114,0.2,0,1,1
8115,1.0,2,1,1
8116,0.2,0,1,1
8117,0.2,2,0,0
8118,1.0,2,1,1
8119,0.2,2,0,0
8120,0.2,1,1,1
8121,0.2,1,0,0
8122,0.2,2,0,0
8123,0.2,3,1,0
8124,0.2,2,0,0
8125,2.2,1,1,1
8126,0.2,1,0,1
8127,0.2,0,1,1
8128,0.2,1,0,0
8129,0.2,2,0,0
8130,0.2,2,1,1
8131,1.0,2,1,1
8132,0.2,2,1,1
8133,0.2,0,0,0
8134,0.2,3,1,0
8135,0.2,1,1,1
8136,0.2,2,0,0
8137,0.2,1,0,0
8138,1.0,2,1,1
8139,0.2,1,1,1
8140,0.2,2,1,1
8141,0.2,2,0,0
8142,1.0,1,0,1
8143,0.2,1,0,0
8144,0.2,1,1,1
8145,0.2,2,1,1
8146,0.2,1,0,0
8147,1.0,3,0,0
8148,0.2,2,1,1
8149,0.2,1,0,0
8150,0.2,2,0,0
8151,0.2,2,1,1
8152,0.2,1,0,1
8153,0.2,1,0,0
8154,0.2,2,1,0
8155,0.2,1,0,0
8156,1.0,0,1,1
8157,0.2,0,0,0
8158,0.2,1,1,0
8159,0.2,2,1,1
8160,1.0,2,0,1
8161,0.2,3,1,1
8162,0.2,3,0,0
8163,0.2,1,0,0
8164,2.2,1,1,1
8165,1.0,2,1,1
8166,0.2,1,0,0
8167,0.2,3,0,0
8168,0.2,2,0,0
8169,0.2,2,0,0
8170,0.2,1,0,0
8171,0.2,2,0,0
8172,0.2,2,1,1
8173,0.2,2,1,1
8174,1.0,1,0,1
8175,0.2,2,0,1
8176,0.2,3,0,0
8177,1.0,2,1,1
8178,0.2,0,1,1
8179,0.2,1,0,0
8180,2.2,0,1,1
8181,0.2,1,0,0
8182,0.2,2,1,0
8183,0.2,2,1,1
8184,0.2,1,1,0
8185,0.2,2,1,1
8186,0.2,2,1,1
8187,0.2,2,1,1
8188,0.2,1,0,0
8189,0.2,2,0,1
8190,0.2,1,1,1
8191,0.2,1,1,1
8192,1.0,1,1,1
8193,0.2,0,1,0
8194,0.2,1,0,0
8195,1.0,3,1,1
8196,0.2,1,0,0
8197,0.2,3,0,1
8198,0.2,1,0,0
8199,0.2,1,1,1
8200,0.2,2,0,0
8201,1.0,2,1,1
8202,0.2,2,0,0
8203,1.0,2,1,1
8204,0.2,3,1,0
8205,0.2,2,0,0
8206,0.2,1,0,1
8207,0.2,1,0,1
8208,1.0,2,1,1
8209,0.2,1,0,0
8210,0.2,3,0,0
8211,0.2,1,0,0
8212,0.2,1,0,0
8213,0.2,1,0,0
8214,0.2,2,0,0
8215,0.2,1,0,1
8216,1.0,1,0,1
8217,0.2,1,0,0
8218,0.2,1,1,1
8219,0.2,3,1,1
8220,1.0,1,0,0
8221,0.2,1,0,1
8222,0.2,1,1,1
8223,1.0,2,0,0
8224,0.2,2,0,0
8225,1.0,0,1,1
8226,0.2,1,0,0
8227,1.0,2,1,1
8228,0.2,1,1,1
8229,1.0,2,1,1
8230,0.2,1,1,1
8231,0.2,2,0,0
8232,0.2,2,0,0
8233,0.2,1,0,0
8234,1.0,1,1,1
8235,0.2,1,1,1
8236,2.2,0,0,1
8237,0.2,1,1,1
8238,0.2,2,0,0
8239,1.0,0,1,1
8240,1.0,1,1,1
8241,0.2,3,1,1
8242,0.2,2,1,0
8243,1.0,1,1,1
8244,1.0,2,1,1
8245,0.2,2,1,1
8246,1.0,1,1,1
8247,0.2,0,0,0
8248,0.2,2,0,0
8249,1.0,2,0,0
8250,0.2,2,0,0
8251,0.2,1,0,0
8252,0.2,2,0,1
8253,1.0,1,0,0
8254,0.2,1,1,1
8255,0.2,1,0,0
8256,0.2,3,0,0
8257,0.2,1,0,0
8258,0.2,1,0,0
8259,0.2,1,1,0
8260,0.2,1,1,1
8261,0.2,2,0,0
8262,0.2,1,0,0
8263,0.2,2,0,0
8264,0.2,2,0,0
8265,0.2,2,1,0
8266,0.2,2,1,1
8267,0.2,1,1,0
8268,1.0,2,0,1
8269,0.2,1,1,1
8270,0.2,2,1,1
8271,0.2,1,1,1
8272,1.0,1,1,1
8273,0.2,3,0,0
8274,0.2,2,0,0
8275,0.2,3,0,0
8276,0.2,2,0,0
8277,0.2,2,1,1
8278,1.0,2,1,1
8279,1.0,1,1,1
8280,0.2,2,1,1
8281,1.0,1,0,1
8282,0.2,2,1,0
8283,0.2,2,0,0
8284,0.2,1,0,0
8285,1.0,3,1,1
8286,0.2,1,0,0
8287,0.2,1,0,0
8288,0.2,1,1,1
8289,0.2,0,0,0
8290,0.2,2,1,1
8291,0.2,3,1,0
8292,0.2,2,0,0
8293,0.2,3,0,0
8294,0.2,2,0,0
8295,1.0,1,0,1
8296,0.2,1,0,0
8297,0.2,1,0,0
8298,1.0,1,0,0
8299,1.0,0,1,1
8300,0.2,0,1,1
8301,0.2,2,0,0
8302,0.2,2,1,1
8303,1.0,2,1,0
8304,0.2,1,0,0
8305,0.2,3,0,0
8306,0.2,1,1,1
8307,1.0,2,0,0
8308,0.2,0,0,1
8309,0.2,0,0,0
8310,0.2,1,1,1
8311,0.2,1,1,0
8312,0.2,2,0,0
8313,1.0,2,1,1
8314,1.0,1,1,1
8315,0.2,1,1,1
8316,0.2,0,0,1
8317,0.2,1,0,0
8318,0.2,2,1,0
8319,0.2,2,1,1
8320,0.2,2,1,0
8321,0.2,1,0,0
8322,0.2,0,0,0
8323,0.2,1,0,1
8324,1.0,3,1,1
8325,1.0,1,1,1
8326,0.2,2,1,0
8327,0.2,1,0,0
8328,2.2,3,1,1
8329,0.2,2,1,1
8330,1.0,1,1,1
8331,0.2,2,0,0
8332,1.0,2,1,1
8333,0.2,3,0,0
8334,0.2,2,1,0
8335,1.0,2,1,1
8336,0.2,2,1,0
8337,0.2,2,0,0
8338,0.2,3,0,0
8339,1.0,0,1,1
8340,0.2,1,1,1
8341,0.2,2,1,0
8342,2.2,2,1,1
8343,0.2,1,1,0
8344,0.2,3,1,0
8345,0.2,1,1,1
8346,0.2,3,1,0
8347,0.2,0,1,1
8348,0.2,1,0,0
8349,0.2,1,1,1
8350,0.2,2,0,0
8351,0.2,1,0,0
8352,0.2,1,0,0
8353,0.2,2,1,0
8354,1.0,2,1,1
8355,0.2,2,1,1
8356,0.2,0,1,1
8357,1.0,1,0,1
8358,0.2,3,0,0
8359,0.2,3,1,1
8360,0.2,2,1,1
8361,0.2,3,1,1
8362,0.2,1,1,1
8363,0.2,2,1,1
8364,0.2,1,1,1
8365,1.0,1,0,1
8366,0.2,1,0,1
8367,2.2,0,0,0
8368,0.2,0,0,0
8369,0.2,2,0,1
8370,0.2,3,0,0
8371,0.2,3,1,1
8372,1.0,2,0,1
8373,0.2,0,0,0
8374,0.2,3,0,0
8375,0.2,3,1,1
8376,0.2,1,1,1
8377,0.2,2,0,0
8378,1.0,1,1,1
8379,0.2,2,1,1
8380,0.2,2,0,0
8381,0.2,2,0,0
8382,0.2,0,1,1
8383,0.2,2,1,1
8384,1.0,2,0,0
8385,0.2,2,0,0
8386,0.2,1,0,0
8387,0.2,3,0,0
8388,0.2,1,1,1
8389,1.0,1,1,1
8390,0.2,1,1,1
8391,1.0,1,1,1
8392,0.2,1,0,0
8393,0.2,1,1,1
8394,2.2,2,1,1
8395,1.0,1,1,1
8396,0.2,1,1,0
8397,0.2,1,1,1
8398,0.2,2,0,1
8399,0.2,3,1,1
8400,0.2,1,1,1
8401,1.0,1,1,1
8402,2.2,1,1,1
8403,0.2,1,1,1
8404,1.0,0,0,0
8405,0.2,2,0,0
8406,1.0,3,1,1
8407,0.6000000000000001,1,0,0
8408,0.2,1,1,1
8409,0.2,2,1,0
8410,0.2,2,1,1
8411,1.0,2,0,1
8412,1.0,1,1,1
8413,3.4000000000000004,1,0,0
8414,0.2,1,0,0
8415,0.2,2,1,1
8416,1.0,1,1,1
8417,0.2,1,0,1
8418,0.2,2,0,1
8419,0.2,1,0,0
8420,0.2,2,0,0
8421,1.0,3,1,1
8422,0.2,2,1,1
8423,0.2,2,0,0
8424,0.2,2,1,1
8425,0.2,1,0,0
8426,0.2,0,0,1
8427,0.2,0,0,0
8428,0.2,1,0,1
8429,0.2,1,0,0
8430,0.2,3,1,0
8431,2.2,1,0,1
8432,0.2,1,1,1
8433,1.8,2,1,1
8434,0.2,1,0,0
8435,0.2,2,1,1
8436,1.0,0,0,0
8437,0.2,2,0,1
8438,0.2,0,1,0
8439,0.2,3,0,0
8440,0.2,0,0,0
8441,0.2,2,0,1
8442,0.2,0,0,0
8443,0.2,0,1,1
8444,1.8,0,1,1
8445,1.0,1,1,0
8446,0.2,2,0,0
8447,0.2,2,0,1
8448,0.2,1,0,0
8449,0.2,1,1,1
8450,0.2,1,0,0
8451,0.2,2,0,0
8452,0.2,0,1,1
8453,1.0,1,0,1
8454,0.2,1,0,0
8455,0.2,2,1,1
8456,0.2,1,1,0
8457,0.2,2,0,0
8458,0.2,1,1,1
8459,0.2,3,0,0
8460,1.0,0,1,0
8461,0.2,1,1,1
8462,0.2,3,0,0
8463,0.2,2,0,0
8464,0.2,2,0,0
8465,0.2,1,0,1
8466,0.2,1,0,0
8467,1.0,2,0,1
8468,0.2,1,1,1
8469,0.2,1,0,0
8470,0.2,1,1,1
8471,0.2,2,0,1
8472,0.2,1,1,0
8473,1.0,1,1,1
8474,0.2,1,1,0
8475,0.2,2,1,0
8476,1.0,0,1,1
8477,0.2,1,0,0
8478,0.2,1,0,0
8479,1.0,3,0,0
8480,1.0,2,1,1
8481,0.2,3,1,0
8482,2.2,1,1,1
8483,0.2,2,0,0
8484,0.2,1,0,0
8485,0.2,2,1,1
8486,0.2,3,0,1
8487,0.2,2,0,0
8488,0.2,2,1,1
8489,1.0,0,0,1
8490,0.2,1,0,0
8491,0.2,1,0,0
8492,0.2,1,0,0
8493,0.2,0,0,0
8494,0.2,1,1,1
8495,0.2,0,1,1
8496,0.2,2,1,0
8497,0.2,1,1,1
8498,1.0,0,1,1
8499,0.2,2,0,0
8500,1.0,1,0,0
8501,0.2,2,1,1
8502,1.0,1,1,1
8503,0.2,1,0,1
8504,0.2,2,1,0
8505,1.0,3,1,1
8506,0.2,2,0,0
8507,0.2,2,1,1
8508,1.0,1,1,1
8509,0.2,3,0,0
8510,1.0,1,1,1
8511,0.2,1,1,1
8512,0.2,1,0,0
8513,0.2,1,0,0
8514,1.0,0,1,1
8515,0.2,0,1,1
8516,0.2,1,1,1
8517,0.2,1,0,0
8518,0.2,2,0,0
8519,0.2,1,1,1
8520,0.2,1,0,0
8521,1.0,2,1,1
8522,1.0,0,1,1
8523,1.0,2,1,1
8524,0.2,1,0,0
8525,0.2,0,1,1
8526,0.2,3,0,0
8527,0.2,2,1,0
8528,0.2,2,0,1
8529,0.2,1,1,1
8530,1.0,2,0,0
8531,1.0,0,1,1
8532,0.2,1,0,0
8533,0.2,1,0,0
8534,0.2,2,0,0
8535,0.2,1,0,0
8536,0.2,0,1,0
8537,1.0,2,1,1
8538,1.0,2,0,0
8539,0.2,1,0,0
8540,0.2,3,0,0
8541,0.2,1,1,1
8542,0.2,1,1,1
8543,1.0,2,1,1
8544,0.2,1,1,1
8545,1.0,2,1,0
8546,0.2,3,1,0
8547,0.2,3,0,0
8548,0.2,3,1,1
8549,1.0,0,1,1
8550,1.0,1,0,1
8551,0.2,0,0,0
8552,0.2,1,0,0
8553,0.2,2,0,0
8554,0.2,2,0,0
8555,0.2,1,0,0
8556,2.2,2,1,1
8557,0.2,3,0,0
8558,1.0,0,0,0
8559,1.0,2,0,0
8560,1.0,1,0,1
8561,0.2,3,0,0
8562,0.2,2,0,1
8563,0.2,2,1,0
8564,0.2,1,1,1
8565,0.2,2,0,0
8566,0.2,0,1,1
8567,0.2,1,1,1
8568,0.2,0,1,1
8569,0.2,2,1,1
8570,1.0,2,0,1
8571,0.2,3,1,1
8572,2.2,1,0,1
8573,0.2,3,1,0
8574,0.2,1,0,0
8575,2.2,1,1,1
8576,1.0,2,1,0
8577,0.2,1,0,0
8578,2.2,1,0,1
8579,1.0,1,0,1
8580,0.2,2,1,1
8581,0.2,3,0,0
8582,1.0,3,1,1
8583,1.0,1,1,1
8584,0.2,2,0,0
8585,0.2,3,0,0
8586,1.0,1,1,1
8587,1.0,1,1,1
8588,0.2,2,0,1
8589,0.2,0,0,1
8590,1.0,1,1,1
8591,0.2,2,0,0
8592,0.2,2,1,0
8593,0.2,1,1,1
8594,0.2,3,0,0
8595,1.0,1,0,0
8596,0.2,1,0,1
8597,0.2,2,1,0
8598,0.2,0,1,1
8599,0.2,1,0,1
8600,0.2,3,0,0
8601,1.0,1,1,1
8602,0.2,1,1,1
8603,0.2,1,0,0
8604,0.2,1,1,1
8605,0.2,2,0,0
8606,1.0,2,1,1
8607,1.0,3,0,1
8608,0.2,1,0,0
8609,2.2,1,0,1
8610,1.0,1,0,0
8611,0.2,1,0,0
8612,0.2,3,0,0
8613,0.2,0,1,1
8614,1.0,3,0,1
8615,0.2,0,1,1
8616,1.0,2,1,1
8617,0.2,1,0,0
8618,0.2,3,0,0
8619,1.0,2,1,1
8620,0.2,3,1,0
8621,0.2,3,0,1
8622,0.2,1,1,1
8623,1.0,3,1,1
8624,0.2,3,1,0
8625,0.2,1,1,1
8626,1.0,2,0,1
8627,0.2,3,0,0
8628,0.2,3,1,1
8629,0.2,2,1,1
8630,0.2,0,0,0
8631,0.2,1,1,0
8632,0.2,1,0,0
8633,0.2,2,1,0
8634,1.0,1,1,1
8635,0.2,1,0,1
8636,0.2,2,1,1
8637,0.2,2,1,0
8638,0.2,2,1,0
8639,0.2,1,1,1
8640,0.2,2,0,0
8641,0.2,2,1,1
8642,1.0,1,1,1
8643,0.2,0,1,0
8644,0.2,2,0,0
8645,0.2,3,0,0
8646,1.0,1,0,0
8647,1.0,2,0,1
8648,0.2,1,0,0
8649,1.0,1,1,1
8650,0.2,1,0,0
8651,0.2,2,0,0
8652,0.2,0,1,1
8653,0.2,1,1,1
8654,1.0,2,1,1
8655,1.0,1,1,0
8656,0.2,3,1,0
8657,0.2,1,1,0
8658,0.2,1,1,1
8659,0.2,0,0,0
8660,0.2,2,0,0
8661,0.2,2,0,0
8662,1.0,3,0,1
8663,1.0,0,0,1
8664,0.2,3,0,0
8665,0.2,1,1,1
8666,0.2,3,0,0
8667,0.2,1,0,0
8668,0.2,2,1,1
8669,0.2,2,0,0
8670,0.2,1,1,1
8671,1.0,1,0,1
8672,0.2,1,1,1
8673,0.2,2,0,0
8674,0.2,2,1,1
8675,0.2,0,0,1
8676,0.2,2,1,0
8677,0.2,0,0,1
8678,0.2,2,1,1
8679,0.2,2,0,0
8680,0.2,2,0,0
8681,0.2,1,1,0
8682,0.2,2,0,0
8683,0.2,1,0,1
8684,0.2,0,1,0
8685,0.2,2,1,0
8686,0.2,1,1,1
8687,1.0,3,1,1
8688,0.2,2,0,0
8689,0.2,0,1,1
8690,0.2,2,1,1
8691,0.2,2,1,0
8692,0.2,2,1,0
8693,0.2,0,1,0
8694,0.2,0,0,0
8695,0.2,1,1,1
8696,0.2,1,0,0
8697,0.2,1,0,0
8698,0.2,2,0,0
8699,0.2,0,1,1
8700,1.0,2,1,0
8701,0.2,3,0,0
8702,0.2,2,1,0
8703,1.0,1,1,1
8704,0.2,2,0,0
8705,0.2,1,1,1
8706,1.0,1,0,0
8707,0.2,1,0,0
8708,0.2,0,0,0
8709,0.2,3,0,0
8710,0.2,2,0,0
8711,0.2,1,1,1
8712,1.0,2,1,1
8713,0.2,1,0,0
8714,0.2,2,1,1
8715,0.2,1,1,0
8716,2.2,0,1,1
8717,0.2,1,1,1
8718,0.2,1,1,1
8719,0.2,2,1,1
8720,0.2,1,1,1
8721,0.2,3,1,0
8722,0.2,1,0,0
8723,1.0,1,1,1
8724,0.2,1,0,0
8725,0.2,2,0,1
8726,0.2,0,0,0
8727,0.2,1,1,1
8728,0.2,2,0,0
8729,3.0,1,0,0
8730,0.2,2,1,1
8731,0.2,2,0,0
8732,0.2,0,0,0
8733,1.0,3,0,1
8734,0.2,1,0,0
8735,0.2,1,0,0
8736,0.2,1,0,0
8737,0.2,3,0,1
8738,0.2,1,1,0
8739,0.2,2,1,1
8740,0.2,1,0,0
8741,0.2,2,0,0
8742,0.2,3,1,0
8743,0.2,2,0,0
8744,1.0,3,1,1
8745,1.0,2,1,1
8746,1.0,1,0,1
8747,2.2,1,1,1
8748,0.2,2,0,0
8749,0.2,2,1,1
8750,0.2,3,0,0
8751,0.2,1,0,0
8752,0.2,2,0,0
8753,0.2,0,0,1
8754,1.0,2,1,0
8755,0.2,0,1,1
8756,0.2,3,0,0
8757,1.0,2,1,1
8758,0.2,2,1,1
8759,1.0,1,1,1
8760,1.0,1,1,1
8761,1.0,3,0,1
8762,0.2,1,0,1
8763,0.2,2,1,1
8764,0.2,1,0,0
8765,0.2,2,1,1
8766,0.2,3,0,1
8767,0.2,2,1,1
8768,0.2,2,0,0
8769,0.2,1,0,0
8770,0.2,0,1,0
8771,0.2,2,0,0
8772,0.2,2,0,0
8773,1.0,2,1,1
8774,0.2,2,1,0
8775,0.2,3,1,0
8776,0.2,1,0,0
8777,1.0,1,1,1
8778,0.2,1,0,0
8779,0.2,1,1,0
8780,0.2,2,0,0
8781,0.2,3,1,1
8782,0.2,2,1,1
8783,0.2,1,1,1
8784,0.2,1,0,1
8785,2.2,2,0,1
8786,0.2,2,1,0
8787,0.2,0,0,1
8788,0.2,2,0,0
8789,0.2,1,1,0
8790,0.2,1,0,0
8791,1.0,1,0,1
8792,0.2,2,0,0
8793,0.2,2,1,1
8794,0.2,1,0,0
8795,1.0,0,1,1
8796,0.2,2,0,0
8797,0.2,2,0,1
8798,1.0,2,0,0
8799,0.2,1,1,0
8800,0.2,1,1,1
8801,1.0,1,1,1
8802,0.2,2,0,0
8803,1.0,1,1,1
8804,1.0,2,1,1
8805,1.0,2,1,1
8806,0.2,3,0,0
8807,0.2,2,1,1
8808,0.2,1,1,1
8809,0.2,1,0,0
8810,0.2,1,0,0
8811,0.2,2,1,1
8812,0.2,0,0,0
8813,0.2,2,0,0
8814,0.2,2,1,1
8815,0.2,3,0,0
8816,0.2,3,0,0
8817,0.2,2,0,0
8818,0.2,2,0,0
8819,0.2,3,1,0
8820,0.2,2,0,0
8821,0.2,3,0,0
8822,0.2,1,1,1
8823,0.2,0,1,1
8824,0.2,0,1,1
8825,0.2,2,1,1
8826,0.2,1,0,0
8827,0.2,2,1,1
8828,0.2,1,0,0
8829,0.2,1,0,1
8830,0.2,2,0,0
8831,0.2,1,0,0
8832,0.2,2,0,0
8833,0.2,2,0,0
8834,0.2,3,0,0
8835,0.2,1,1,1
8836,0.2,0,0,0
8837,0.2,1,0,0
8838,0.2,1,1,1
8839,0.2,2,1,0
8840,1.0,0,0,1
8841,1.0,2,0,0
8842,0.2,1,1,1
8843,0.2,2,1,0
8844,0.2,1,0,0
8845,0.2,0,1,1
8846,1.0,2,0,0
8847,0.2,1,1,1
8848,0.2,2,0,0
8849,0.2,0,0,0
8850,2.2,1,1,1
8851,0.2,2,0,0
8852,0.2,1,1,1
8853,0.2,2,1,1
8854,0.2,2,0,0
8855,0.2,2,1,1
8856,0.2,0,1,1
8857,0.2,2,1,1
8858,0.2,2,0,0
8859,0.2,2,0,0
8860,1.0,1,1,1
8861,0.2,1,0,0
8862,1.0,1,0,1
8863,0.2,0,1,1
8864,0.2,3,1,1
8865,0.2,0,1,1
8866,0.2,1,1,0
8867,0.2,1,1,1
8868,0.2,2,0,0
8869,0.2,1,0,0
8870,1.0,1,1,1
8871,0.2,2,1,1
8872,0.2,3,1,0
8873,0.2,2,0,0
8874,0.2,1,0,0
8875,0.2,1,1,0
8876,0.2,1,0,1
8877,1.4,1,1,1
8878,0.2,2,1,1
8879,1.0,1,1,1
8880,0.2,2,0,0
8881,1.0,1,0,1
8882,0.2,1,0,0
8883,1.0,3,0,0
8884,0.2,2,0,0
8885,1.0,2,1,1
8886,0.2,0,0,0
8887,0.2,1,1,1
8888,0.2,1,0,0
8889,0.2,2,0,0
8890,0.2,1,0,0
8891,0.2,0,0,0
8892,0.2,2,0,0
8893,1.0,1,0,0
8894,0.2,1,1,1
8895,0.2,0,1,1
8896,0.2,2,1,1
8897,0.2,2,0,0
8898,0.2,3,1,0
8899,0.2,2,0,0
8900,1.0,0,1,1
8901,0.2,3,0,0
8902,0.2,2,1,0
8903,0.2,1,0,1
8904,0.2,2,1,1
8905,0.2,0,1,1
8906,0.2,3,1,0
8907,1.0,2,0,0
8908,0.2,0,0,0
8909,1.0,1,0,0
8910,0.2,3,0,0
8911,0.2,0,0,0
8912,0.2,1,1,0
8913,0.2,3,0,0
8914,0.2,1,0,0
8915,0.2,3,1,1
8916,0.2,2,0,1
8917,1.0,2,1,1
8918,0.2,3,0,1
8919,1.0,0,1,1
8920,0.2,2,0,0
8921,1.0,0,0,0
8922,0.2,1,0,0
8923,0.2,1,0,0
8924,0.2,0,1,0
8925,0.2,2,0,1
8926,1.0,1,1,1
8927,0.2,2,0,0
8928,0.2,1,1,1
8929,1.0,0,0,1
8930,0.2,2,0,0
8931,0.2,2,0,1
8932,0.2,1,0,1
8933,0.2,2,0,0
8934,0.2,1,0,0
8935,0.2,1,0,0
8936,0.2,1,1,1
8937,0.2,1,1,1
8938,0.2,3,0,1
8939,0.2,2,1,0
8940,0.2,0,1,1
8941,3.0,3,1,0
8942,0.2,3,0,0
8943,0.2,2,0,0
8944,0.2,1,0,0
8945,0.2,0,0,0
8946,0.2,1,0,1
8947,0.2,2,0,0
8948,0.2,3,0,0
8949,1.0,3,0,0
8950,0.6000000000000001,1,0,0
8951,0.2,1,0,0
8952,0.2,1,0,0
8953,0.2,1,0,0
8954,0.2,1,1,1
8955,0.2,1,1,1
8956,0.2,2,0,0
8957,0.2,2,1,1
8958,1.0,2,0,1
8959,0.2,2,1,0
8960,1.0,0,1,1
8961,0.2,2,0,0
8962,0.2,2,1,1
8963,1.0,3,0,1
8964,0.2,1,1,0
8965,0.2,2,0,1
8966,0.2,2,1,1
8967,2.2,1,1,1
8968,1.0,2,0,0
8969,0.2,2,0,0
8970,0.2,3,1,1
8971,0.2,0,1,1
8972,0.2,1,0,0
8973,0.2,2,1,0
8974,0.2,1,1,1
8975,1.0,0,1,1
8976,0.2,2,0,0
8977,0.2,2,1,1
8978,0.2,0,1,1
8979,0.2,1,0,0
8980,1.0,2,0,0
8981,1.0,0,1,1
8982,0.2,2,0,0
8983,0.2,1,0,0
8984,1.0,0,1,1
8985,1.0,1,1,1
8986,0.2,1,0,0
8987,1.0,2,1,1
8988,0.2,2,0,0
8989,0.2,1,0,0
8990,0.2,2,0,0
8991,1.0,2,0,0
8992,0.2,2,0,0
8993,0.2,1,1,1
8994,1.0,2,0,1
8995,0.2,3,1,0
8996,1.0,2,1,1
8997,0.2,1,0,0
8998,0.2,1,1,0
8999,0.2,3,0,0
9000,0.2,1,0,0
9001,0.2,2,1,1
9002,1.0,0,1,1
9003,0.2,2,0,1
9004,1.0,2,1,1
9005,1.0,2,1,0
9006,0.2,3,0,0
9007,0.2,2,0,1
9008,0.2,3,0,0
9009,0.2,1,0,0
9010,1.0,2,1,0
9011,1.0,1,0,0
9012,0.2,2,0,0
9013,3.8,2,0,0
9014,0.2,0,1,1
9015,1.0,2,1,1
9016,0.2,2,0,0
9017,0.2,3,0,0
9018,0.2,2,1,1
9019,0.2,1,0,0
9020,0.2,3,0,0
9021,1.0,1,0,0
9022,0.2,1,1,1
9023,1.0,1,1,1
9024,0.2,0,0,0
9025,1.0,2,1,1
9026,0.2,1,0,0
9027,0.2,2,0,0
9028,1.0,1,1,0
9029,1.0,2,1,1
9030,0.2,2,1,1
9031,1.0,1,1,0
9032,0.2,2,1,1
9033,0.2,2,0,1
9034,0.2,2,0,0
9035,1.8,2,1,1
9036,0.2,1,0,0
9037,1.0,3,0,1
9038,0.2,0,0,1
9039,0.2,2,1,1
9040,0.2,2,0,0
9041,0.2,1,1,1
9042,1.0,1,1,1
9043,0.2,3,0,0
9044,1.0,1,1,1
9045,0.2,1,1,1
9046,0.2,1,1,0
9047,0.2,2,0,0
9048,1.0,1,1,1
9049,1.0,0,0,0
9050,1.0,2,0,0
9051,0.2,2,0,0
9052,0.2,0,0,0
9053,1.0,1,1,1
9054,1.0,2,1,1
9055,0.2,1,1,1
9056,0.2,2,0,0
9057,0.2,0,0,1
9058,0.2,2,0,1
9059,0.2,3,0,0
9060,1.0,1,1,1
9061,0.2,2,1,0
9062,0.2,1,1,1
9063,0.2,2,1,1
9064,0.2,1,1,1
9065,0.2,1,1,0
9066,0.2,1,1,0
9067,0.2,2,0,0
9068,0.2,2,0,0
9069,0.2,2,0,0
9070,1.0,1,1,1
9071,0.2,3,0,0
9072,0.2,0,1,1
9073,0.2,1,1,1
9074,0.2,0,0,0
9075,1.0,2,1,1
9076,0.2,2,1,1
9077,1.0,2,1,0
9078,0.2,0,0,0
9079,0.2,0,0,1
9080,0.2,0,0,0
9081,0.2,2,0,0
9082,0.2,1,1,1
9083,0.2,1,1,0
9084,0.2,1,0,0
9085,0.2,0,0,0
9086,0.2,3,0,0
9087,0.2,1,0,1
9088,2.2,1,0,1
9089,0.2,2,0,0
9090,0.2,2,1,1
9091,1.0,2,0,1
9092,0.2,1,0,0
9093,0.2,3,1,0
9094,0.2,2,0,0
9095,1.0,2,0,0
9096,0.2,3,1,1
9097,1.0,1,0,1
9098,0.2,3,0,0
9099,0.2,2,0,0
9100,1.0,2,1,1
9101,0.2,2,1,1
9102,0.2,2,0,0
9103,1.0,1,1,1
9104,1.0,1,1,1
9105,1.0,0,0,1
9106,0.2,2,0,0
9107,0.2,2,0,0
9108,1.0,1,1,1
9109,0.2,2,0,0
9110,0.2,2,0,0
9111,0.2,1,1,0
9112,0.2,0,0,0
9113,0.2,2,1,1
9114,1.0,2,1,1
9115,0.2,2,0,0
9116,0.2,2,1,1
9117,1.8,0,1,1
9118,0.2,2,0,1
9119,0.2,2,1,0
9120,0.2,2,0,0
9121,1.0,3,0,1
9122,0.2,2,0,0
9123,0.2,3,1,0
9124,0.2,1,0,0
9125,0.2,2,0,0
9126,0.2,2,0,1
9127,0.2,2,0,1
9128,0.2,2,1,1
9129,0.2,2,1,1
9130,0.2,1,1,1
9131,0.2,2,1,1
9132,0.2,1,0,0
9133,0.2,3,1,1
9134,3.8,2,0,0
9135,1.0,1,1,1
9136,0.2,2,1,1
9137,0.2,0,0,0
9138,0.2,0,1,0
9139,2.2,1,0,1
9140,0.2,1,0,0
9141,1.0,2,0,1
9142,0.2,2,0,0
9143,0.2,1,0,0
9144,0.2,2,0,0
9145,0.2,1,1,1
9146,0.2,3,1,1
9147,0.2,1,0,1
9148,0.2,2,0,1
9149,0.2,1,1,0
9150,0.2,1,1,0
9151,0.2,0,0,0
9152,0.2,1,0,0
9153,0.2,1,1,1
9154,0.2,2,1,0
9155,0.2,3,1,0
9156,0.2,2,0,0
9157,1.0,1,1,0
9158,1.0,1,1,1
9159,1.0,1,0,1
9160,0.2,1,1,1
9161,0.2,1,0,0
9162,0.2,2,0,0
9163,0.2,1,0,0
9164,0.2,1,0,0
9165,0.2,0,1,1
9166,1.0,2,0,1
9167,0.2,2,1,1
9168,1.0,3,0,0
9169,0.2,2,1,1
9170,0.2,1,0,0
9171,0.2,0,1,1
9172,0.2,1,0,0
9173,0.2,2,0,0
9174,0.2,1,0,0
9175,1.0,1,0,0
9176,0.2,2,0,0
9177,0.2,3,0,0
9178,0.2,1,0,0
9179,0.2,1,0,0
9180,2.2,2,1,1
9181,0.2,2,0,0
9182,0.2,2,0,1
9183,1.0,2,1,1
9184,0.2,2,0,1
9185,0.2,0,1,0
9186,0.2,0,1,1
9187,0.2,0,1,1
9188,0.2,1,1,0
9189,0.2,1,1,1
9190,1.0,1,1,1
9191,1.0,1,1,1
9192,0.2,0,0,0
9193,1.0,2,1,1
9194,0.2,2,1,0
9195,0.2,3,1,1
9196,0.2,2,1,0
9197,0.2,2,0,0
9198,1.0,1,1,1
9199,0.2,2,1,1
9200,0.2,2,0,1
9201,0.2,2,1,0
9202,0.2,1,1,1
9203,0.2,1,0,0
9204,0.2,2,0,0
9205,0.2,2,1,1
9206,0.2,1,1,1
9207,0.2,0,0,1
9208,0.2,1,0,0
9209,0.2,3,0,0
9210,0.2,0,0,0
9211,0.2,3,1,0
9212,0.2,1,1,1
9213,0.2,1,0,1
9214,0.2,1,0,0
9215,0.2,0,0,1
9216,0.2,2,0,1
9217,0.2,2,0,1
9218,0.2,2,1,1
9219,1.0,1,1,1
9220,0.2,1,1,1
9221,0.2,1,0,0
9222,0.2,3,0,0
9223,0.2,3,0,0
9224,0.2,3,1,0
9225,0.2,1,1,0
9226,0.2,2,0,0
9227,0.2,2,1,1
9228,0.2,2,0,0
9229,0.2,1,1,1
9230,0.2,0,0,0
9231,0.2,2,0,0
9232,0.2,3,1,0
9233,0.2,2,0,0
9234,0.2,2,0,0
9235,0.2,2,1,1
9236,0.2,2,0,0
9237,1.0,1,1,1
9238,0.2,1,0,0
9239,1.0,1,1,1
9240,0.2,0,1,1
9241,0.2,2,1,1
9242,1.0,1,1,1
9243,0.6000000000000001,1,0,0
9244,0.2,0,1,1
9245,0.2,0,0,0
9246,0.2,1,1,0
9247,0.2,1,0,0
9248,0.2,3,1,1
9249,0.2,2,1,1
9250,1.0,1,0,1
9251,0.2,0,1,1
9252,0.2,0,0,0
9253,0.2,1,0,0
9254,0.2,1,0,0
9255,1.0,2,1,1
9256,0.2,1,1,1
9257,0.2,0,1,1
9258,0.2,0,1,0
9259,0.2,3,1,1
9260,0.2,1,1,0
9261,0.2,2,1,1
9262,0.2,3,0,0
9263,0.2,2,0,0
9264,1.0,1,1,1
9265,0.2,3,0,0
9266,0.2,2,0,0
9267,0.2,2,1,0
9268,0.2,1,0,1
9269,0.2,1,1,1
9270,0.2,2,1,0
9271,0.2,3,0,0
9272,0.2,2,0,1
9273,0.2,2,1,1
9274,0.2,3,1,1
9275,0.2,2,0,0
9276,0.2,2,1,0
9277,1.0,2,1,1
9278,0.2,0,0,0
9279,0.2,3,0,0
9280,0.2,2,1,1
9281,0.2,1,0,0
9282,0.2,3,0,0
9283,1.0,2,1,1
9284,0.2,1,0,0
9285,0.2,2,0,0
9286,0.2,2,0,0
9287,0.2,2,1,1
9288,0.2,1,0,1
9289,0.2,3,1,1
9290,1.0,1,1,1
9291,1.0,0,1,1
9292,1.0,0,0,0
9293,0.2,2,0,1
9294,1.0,1,0,0
9295,0.2,2,0,0
9296,0.2,1,0,0
9297,1.0,2,1,1
9298,1.0,2,1,1
9299,0.2,2,1,0
9300,0.2,3,0,0
9301,0.2,2,0,1
9302,2.2,2,0,1
9303,0.2,1,1,1
9304,0.2,2,1,1
9305,0.2,1,1,1
9306,0.2,2,0,0
9307,0.2,2,0,0
9308,0.2,2,0,0
9309,0.2,2,1,1
9310,0.2,2,1,1
9311,0.2,0,0,1
9312,0.2,1,0,1
9313,0.2,2,0,0
9314,0.2,1,1,1
9315,1.0,1,1,1
9316,0.2,0,0,0
9317,0.2,0,1,1
9318,0.2,1,0,1
9319,0.2,1,0,1
9320,0.2,2,0,0
9321,0.2,2,1,1
9322,0.2,1,0,0
9323,0.2,1,1,1
9324,1.0,2,0,0
9325,2.2,1,0,1
9326,0.2,3,0,0
9327,0.2,2,1,0
9328,0.2,2,0,0
9329,0.2,2,0,0
9330,0.2,2,0,1
9331,0.2,2,1,1
9332,0.2,1,0,0
9333,0.2,3,0,0
9334,0.2,2,0,0
9335,1.0,3,1,1
9336,1.0,1,1,1
9337,1.0,2,0,1
9338,1.0,1,1,1
9339,1.0,1,0,0
9340,2.2,1,1,1
9341,1.0,2,0,1
9342,0.2,2,1,0
9343,1.0,2,0,0
9344,0.2,2,1,0
9345,0.2,2,0,1
9346,0.2,0,1,1
9347,1.0,2,1,1
9348,0.2,2,1,0
9349,0.2,3,0,0
9350,0.2,2,1,1
9351,0.2,2,1,1
9352,0.2,2,0,0
9353,0.2,2,1,1
9354,0.2,2,0,0
9355,0.2,2,0,0
9356,0.2,2,1,1
9357,0.2,1,0,0
9358,1.0,1,0,0
9359,0.2,2,1,1
9360,0.2,1,0,0
9361,1.0,1,0,1
9362,1.0,3,1,0
9363,1.0,1,1,1
9364,2.2,2,1,1
9365,0.2,2,0,0
9366,0.2,1,0,0
9367,1.0,1,0,0
9368,0.2,0,0,0
9369,0.2,2,0,0
9370,0.2,1,1,1
9371,1.0,2,0,1
9372,0.2,0,1,1
9373,0.2,0,0,0
9374,0.2,1,1,1
9375,0.2,2,1,0
9376,0.2,3,0,0
9377,0.2,2,0,0
9378,2.2,3,1,1
9379,1.0,2,1,1
9380,1.0,2,1,1
9381,0.2,1,0,0
9382,0.2,1,1,0
9383,0.2,2,1,0
9384,0.2,2,1,0
9385,0.2,2,1,0
9386,0.2,2,0,0
9387,0.2,1,1,0
9388,0.2,2,0,0
9389,0.2,2,1,1
9390,0.2,1,0,0
9391,1.0,2,1,1
9392,0.2,0,1,0
9393,1.0,3,1,0
9394,0.2,2,0,0
9395,2.2,1,1,1
9396,0.2,1,0,0
9397,1.0,1,1,1
9398,0.2,2,0,1
9399,0.2,2,1,1
9400,0.2,1,1,1
9401,0.2,2,0,1
9402,0.2,2,1,1
9403,1.0,1,1,1
9404,0.2,1,0,0
9405,0.2,1,1,1
9406,1.0,2,1,1
9407,0.2,1,1,1
9408,0.2,1,0,0
9409,0.2,2,0,0
9410,1.0,1,0,0
9411,0.2,1,0,0
9412,0.2,3,0,0
9413,0.2,3,0,0
9414,0.2,1,0,0
9415,0.2,2,0,0
9416,0.2,3,0,1
9417,1.0,1,1,1
9418,0.2,1,1,1
9419,1.0,2,0,0
9420,0.2,2,0,0
9421,0.2,1,1,1
9422,0.2,2,1,1
9423,0.2,2,1,0
9424,0.2,1,1,0
9425,0.2,1,1,1
9426,0.2,3,1,0
9427,0.2,2,1,0
9428,1.0,2,1,1
9429,0.2,3,0,0
9430,0.2,2,0,0
9431,0.2,1,1,0
9432,1.0,0,1,1
9433,0.2,2,0,0
9434,1.0,3,1,1
9435,0.2,1,0,0
9436,1.0,2,1,1
9437,0.2,2,1,1
9438,1.0,1,0,1
9439,0.2,2,0,0
9440,0.2,2,0,0
9441,1.0,1,0,1
9442,1.0,1,1,1
9443,0.2,2,0,0
9444,0.2,1,0,0
9445,0.2,1,0,0
9446,0.2,1,1,0
9447,0.2,2,0,0
9448,0.2,1,0,0
9449,0.2,1,1,0
9450,1.0,3,1,1
9451,0.2,1,0,0
9452,0.2,1,1,1
9453,0.2,1,1,1
9454,0.2,1,1,1
9455,1.0,3,0,1
9456,0.2,1,0,0
9457,0.2,3,0,0
9458,0.2,1,0,0
9459,0.2,3,0,0
9460,1.0,3,1,1
9461,2.2,0,1,1
9462,0.2,2,0,0
9463,0.2,2,0,0
9464,0.2,2,0,0
9465,1.0,1,0,1
9466,0.2,2,0,1
9467,0.6000000000000001,0,0,0
9468,0.2,0,0,0
9469,1.0,1,1,1
9470,0.2,1,0,0
9471,0.2,2,1,1
9472,1.0,2,1,1
9473,0.2,1,1,1
9474,0.2,3,0,0
9475,0.2,1,0,0
9476,0.2,1,0,0
9477,0.2,2,0,0
9478,1.0,3,0,0
9479,0.2,0,1,0
9480,0.2,1,0,0
9481,0.2,1,0,0
9482,0.2,1,1,1
9483,1.0,2,1,1
9484,1.0,2,0,1
9485,0.2,2,0,0
9486,2.2,3,1,0
9487,0.2,2,0,0
9488,0.2,1,0,1
9489,1.0,2,1,0
9490,1.0,2,0,0
9491,0.2,0,0,0
9492,0.2,2,0,0
9493,0.2,2,0,0
9494,0.2,2,0,0
9495,0.2,1,0,0
9496,0.2,0,1,1
9497,0.2,2,1,0
9498,1.0,1,1,1
9499,0.2,2,0,0
9500,0.2,2,0,0
9501,0.2,1,1,0
9502,0.2,2,0,1
9503,0.2,2,1,0
9504,0.2,1,0,1
9505,1.0,3,1,1
9506,0.2,1,1,1
9507,0.2,1,1,1
9508,0.2,1,1,1
9509,0.2,2,0,0
9510,0.2,0,0,0
9511,0.2,2,1,0
9512,0.2,2,0,0
9513,0.2,2,1,0
9514,0.2,2,0,0
9515,1.0,1,1,1
9516,0.2,0,0,1
9517,1.0,2,1,1
9518,0.2,1,1,1
9519,1.0,2,1,1
9520,1.0,3,1,1
9521,0.2,1,0,0
9522,0.2,1,0,1
9523,1.0,0,1,1
9524,0.2,2,0,1
9525,0.2,1,0,0
9526,1.0,2,0,1
9527,0.2,3,0,0
9528,1.0,1,0,0
9529,0.2,1,0,1
9530,0.2,2,0,0
9531,0.2,0,0,0
9532,0.2,1,0,0
9533,1.0,2,0,1
9534,0.2,2,0,0
9535,0.2,2,1,1
9536,0.2,1,1,0
9537,1.0,1,0,0
9538,0.2,2,0,1
9539,0.2,0,1,1
9540,1.0,0,1,1
9541,0.2,3,1,0
9542,0.2,2,0,0
9543,0.2,1,1,1
9544,1.0,2,1,0
9545,0.2,2,0,0
9546,0.2,1,0,1
9547,0.2,1,0,1
9548,0.2,2,0,0
9549,0.2,1,0,0
9550,0.2,2,1,0
9551,1.0,1,1,1
9552,0.2,2,1,0
9553,0.2,3,1,1
9554,0.2,3,1,1
9555,0.2,2,1,1
9556,1.0,0,1,1
9557,0.6000000000000001,1,0,1
9558,0.2,0,1,1
9559,0.2,2,1,0
9560,0.2,2,0,0
9561,0.2,2,1,0
9562,0.2,1,1,1
9563,0.2,1,1,1
9564,0.2,2,0,0
9565,0.2,0,1,1
9566,1.0,3,1,1
9567,2.2,1,1,1
9568,1.0,2,1,1
9569,0.2,3,0,0
9570,0.2,2,0,0
9571,1.0,1,1,1
9572,0.2,0,1,1
9573,1.0,1,1,1
9574,1.0,2,1,1
9575,1.0,2,0,1
9576,0.2,2,0,1
9577,0.2,2,1,1
9578,0.2,0,1,1
9579,0.2,2,0,0
9580,0.2,2,1,1
9581,0.2,2,1,1
9582,0.2,1,0,1
9583,0.2,1,1,1
9584,0.2,1,1,1
9585,2.2,1,1,1
9586,0.2,2,1,0
9587,0.2,2,0,0
9588,0.2,2,1,0
9589,0.2,1,0,0
9590,0.2,0,1,1
9591,0.2,2,0,0
9592,0.2,0,0,0
9593,0.2,1,0,1
9594,1.0,1,1,1
9595,0.2,2,0,0
9596,0.2,1,0,0
9597,1.0,2,1,1
9598,0.2,2,1,1
9599,0.2,2,0,0
9600,0.2,1,1,1
9601,1.0,1,1,1
9602,0.2,3,0,0
9603,0.2,1,0,0
9604,0.2,2,0,0
9605,0.2,2,1,0
9606,1.0,2,0,1
9607,0.2,1,1,1
9608,2.2,2,1,1
9609,0.2,0,1,1
9610,0.2,2,0,0
9611,0.2,2,0,0
9612,0.2,3,1,0
9613,0.2,1,0,0
9614,0.2,1,0,0
9615,0.2,1,0,0
9616,0.2,1,0,1
9617,0.2,1,0,1
9618,0.2,2,1,1
9619,0.2,1,0,0
9620,0.2,2,1,1
9621,0.2,2,1,1
9622,0.2,1,1,1
9623,0.2,2,1,0
9624,0.2,2,1,0
9625,0.2,2,0,0
9626,0.2,2,0,0
9627,0.2,0,0,0
9628,0.2,2,1,0
9629,0.2,1,1,1
9630,2.2,1,1,1
9631,1.0,1,1,1
9632,1.0,2,0,0
9633,0.2,1,1,0
9634,0.2,3,0,0
9635,0.2,1,0,1
9636,0.2,2,1,1
9637,0.2,2,1,0
9638,0.2,2,1,0
9639,1.0,2,1,1
9640,0.2,1,0,0
9641,0.2,1,1,1
9642,0.2,1,1,1
9643,0.2,2,0,0
9644,0.2,2,0,0
9645,0.2,1,0,1
9646,1.0,1,1,1
9647,1.0,1,0,1
9648,0.2,3,0,0
9649,0.2,0,1,1
9650,0.2,2,0,0
9651,0.2,2,1,0
9652,0.2,2,0,0
9653,0.2,0,1,1
9654,0.2,0,0,1
9655,0.2,1,0,0
9656,0.2,1,0,0
9657,2.2,3,1,1
9658,0.2,2,0,0
9659,1.0,2,0,1
9660,0.2,0,0,0
9661,0.2,2,0,0
9662,2.2,1,1,1
9663,1.0,1,1,1
9664,0.2,1,0,0
9665,0.2,2,1,1
9666,0.2,1,0,0
9667,0.2,1,0,0
9668,0.2,1,1,1
9669,1.0,3,1,1
9670,1.0,2,1,1
9671,1.0,2,1,1
9672,0.2,3,1,0
9673,0.2,1,0,0
9674,0.2,3,0,0
9675,0.2,0,0,0
9676,0.2,2,0,0
9677,0.2,1,0,0
9678,1.0,1,0,1
9679,0.2,1,1,1
9680,0.2,1,1,1
9681,0.2,2,1,1
9682,0.2,1,0,1
9683,0.2,2,0,0
9684,0.2,1,1,1
9685,0.2,1,0,1
9686,0.2,2,0,0
9687,0.2,2,0,0
9688,0.2,2,1,1
9689,0.2,1,1,1
9690,0.2,1,1,0
9691,0.2,0,1,1
9692,1.0,2,1,1
9693,0.2,2,0,0
9694,0.2,1,0,0
9695,0.2,0,0,0
9696,0.2,1,0,0
9697,0.2,1,1,1
9698,0.2,2,0,0
9699,0.2,2,0,0
9700,1.0,3,0,0
9701,0.2,0,0,0
9702,0.2,0,1,1
9703,0.2,1,1,1
9704,1.0,1,1,1
9705,0.2,2,1,1
9706,0.2,3,0,1
9707,0.2,0,0,0
9708,1.0,2,1,1
9709,2.2,1,0,1
9710,0.2,0,1,1
9711,0.2,2,0,0
9712,0.2,1,0,0
9713,1.0,1,0,1
9714,0.2,1,0,0
9715,0.2,2,0,0
9716,0.2,2,0,0
9717,1.0,2,0,1
9718,0.2,2,1,1
9719,0.2,1,0,0
9720,1.0,3,1,1
9721,0.2,2,0,0
9722,0.2,1,1,1
9723,0.2,2,1,1
9724,0.2,2,1,1
9725,0.2,3,0,1
9726,0.2,3,1,1
9727,0.2,1,1,1
9728,0.2,3,0,0
9729,0.2,2,1,1
9730,1.0,1,1,1
9731,0.2,0,1,1
9732,0.2,1,0,1
9733,0.2,2,1,1
9734,0.2,1,1,1
9735,1.0,0,1,1
9736,1.0,1,0,1
9737,0.2,1,1,1
9738,0.2,3,1,0
9739,0.2,1,0,1
9740,0.2,0,0,0
9741,1.0,1,0,0
9742,0.2,2,0,0
9743,0.2,3,1,1
9744,0.2,2,0,0
9745,0.2,3,1,1
9746,1.0,2,1,1
9747,1.0,2,1,1
9748,1.0,2,1,1
9749,0.2,1,1,1
9750,0.2,2,1,1
9751,1.0,1,1,1
9752,0.2,1,1,1
9753,0.2,1,0,0
9754,0.2,1,1,0
9755,0.2,2,1,1
9756,0.2,3,1,0
9757,0.2,2,0,0
9758,0.2,0,1,1
9759,0.2,2,0,0
9760,0.2,3,0,0
9761,1.0,2,1,1
9762,0.2,1,0,0
9763,0.2,2,0,0
9764,0.2,3,1,0
9765,0.2,1,1,1
9766,0.2,3,1,1
9767,0.2,0,0,0
9768,1.0,1,1,1
9769,0.2,1,1,1
9770,1.0,2,1,1
9771,0.2,1,0,0
9772,0.2,2,1,1
9773,0.2,2,1,0
9774,0.2,2,1,0
9775,0.2,1,1,1
9776,0.2,1,0,0
9777,0.2,0,0,1
9778,0.2,0,0,0
9779,2.2,1,1,1
9780,0.2,2,1,0
9781,0.2,2,1,0
9782,0.2,1,1,1
9783,1.0,2,1,1
9784,1.0,3,0,0
9785,0.2,2,1,0
9786,0.2,1,0,0
9787,0.2,1,0,1
9788,0.2,2,0,0
9789,0.2,1,1,1
9790,0.2,3,1,1
9791,1.0,2,0,1
9792,0.2,1,1,0
9793,0.2,0,1,0
9794,0.2,1,0,0
9795,0.2,2,0,0
9796,0.2,1,1,1
9797,1.0,2,1,1
9798,0.2,1,1,1
9799,0.2,1,0,1
9800,0.2,1,1,1
9801,1.0,1,1,1
9802,0.2,3,1,1
9803,0.2,2,0,0
9804,1.0,2,1,1
9805,1.0,1,1,1
9806,0.2,1,1,0
9807,0.2,3,0,0
9808,0.2,1,1,1
9809,2.2,0,1,1
9810,0.2,1,1,0
9811,0.2,2,0,0
9812,0.2,2,1,0
9813,0.2,3,0,0
9814,0.2,1,1,1
9815,0.2,1,1,1
9816,0.2,1,0,0
9817,0.2,2,0,0
9818,0.2,2,1,1
9819,0.2,1,0,0
9820,0.2,0,1,1
9821,0.2,1,1,0
9822,0.2,1,0,0
9823,0.2,3,0,0
9824,0.2,2,0,1
9825,0.2,0,0,0
9826,0.2,1,0,0
9827,0.2,2,0,0
9828,0.2,0,0,1
9829,0.2,1,0,0
9830,0.2,2,0,0
9831,0.2,2,0,0
9832,0.2,1,0,0
9833,0.2,2,1,0
9834,0.2,2,0,0
9835,0.2,2,0,0
9836,1.0,2,1,1
9837,1.0,0,1,1
9838,0.2,1,1,0
9839,0.2,1,1,0
9840,0.2,1,1,0
9841,1.0,2,1,1
9842,0.2,2,0,1
9843,1.0,1,1,1
9844,0.2,2,0,0
9845,0.2,1,1,1
9846,0.2,1,1,0
9847,1.0,2,0,1
9848,0.2,0,1,1
9849,0.2,0,0,0
9850,0.2,1,1,1
9851,0.2,1,0,0
9852,0.2,1,0,0
9853,0.2,0,1,1
9854,0.2,2,0,0
9855,0.2,1,1,1
9856,0.2,1,0,0
9857,1.0,0,0,0
9858,1.0,1,0,0
9859,0.2,1,1,1
9860,0.2,2,1,1
9861,0.2,0,1,0
9862,0.2,2,0,0
9863,0.2,2,1,0
9864,0.2,1,1,1
9865,0.2,1,0,0
9866,0.2,3,0,0
9867,0.2,1,0,0
9868,0.2,1,1,1
9869,0.2,2,0,0
9870,0.2,3,0,1
9871,0.2,2,1,0
9872,0.2,0,1,1
9873,0.2,2,1,0
9874,0.2,1,0,0
9875,1.0,0,0,0
9876,0.2,0,1,1
9877,0.2,2,1,1
9878,0.2,3,0,1
9879,1.0,2,1,1
9880,0.2,1,0,0
9881,1.0,2,1,1
9882,0.2,1,1,1
9883,0.2,1,0,0
9884,0.2,2,0,1
9885,0.2,2,0,0
9886,0.2,2,1,1
9887,1.0,1,1,1
9888,0.2,1,1,1
9889,0.2,2,0,0
9890,0.2,1,0,0
9891,0.2,1,0,0
9892,1.0,0,1,1
9893,0.2,3,0,0
9894,0.2,0,0,0
9895,0.2,1,0,0
9896,2.5999999999999996,2,0,0
9897,0.2,2,1,1
9898,0.2,3,1,0
9899,0.2,2,0,0
9900,0.2,3,0,0
9901,0.2,1,0,0
9902,0.2,1,0,0
9903,0.2,1,0,0
9904,0.2,1,0,0
9905,1.0,3,1,1
9906,0.2,1,0,0
9907,0.2,2,1,1
9908,0.2,0,1,1
9909,0.2,0,0,0
9910,1.4,2,0,0
9911,0.2,2,0,0
9912,0.2,1,0,0
9913,0.2,2,1,1
9914,0.2,0,1,1
9915,1.0,2,0,0
9916,1.0,2,0,0
9917,0.2,2,0,0
9918,1.0,1,1,1
9919,0.2,2,0,0
9920,1.0,3,0,0
9921,0.2,1,1,0
9922,1.0,1,0,0
9923,0.2,2,0,0
9924,0.2,0,0,0
9925,0.2,2,0,0
9926,0.2,3,0,0
9927,0.2,2,1,1
9928,0.2,2,1,1
9929,1.0,1,0,0
9930,0.2,2,1,1
9931,0.2,2,0,0
9932,0.2,3,1,1
9933,1.0,1,1,1
9934,0.2,0,0,0
9935,0.2,2,0,0
9936,0.2,0,0,0
9937,1.0,0,1,1
9938,0.2,2,0,0
9939,0.2,2,1,0
9940,1.0,1,1,1
9941,0.2,1,0,0
9942,1.0,1,1,1
9943,0.2,1,1,1
9944,1.0,1,1,1
9945,0.2,0,0,0
9946,0.2,3,0,0
9947,0.2,1,1,1
9948,0.2,2,0,0
9949,0.2,1,1,1
9950,0.2,1,1,0
9951,0.2,3,1,1
9952,0.2,0,0,0
9953,0.2,2,0,0
9954,0.2,2,0,0
9955,0.2,3,0,0
9956,0.2,2,0,0
9957,1.0,3,0,0
9958,0.2,1,1,1
9959,0.2,3,0,1
9960,0.2,1,1,0
9961,0.2,3,1,0
9962,0.2,1,1,1
9963,0.2,3,1,1
9964,0.2,1,1,1
9965,0.2,3,0,0
9966,0.2,2,0,0
9967,0.2,1,0,0
9968,0.2,2,1,0
9969,0.2,2,1,1
9970,0.2,2,0,0
9971,0.2,1,1,1
9972,0.2,2,1,0
9973,0.2,2,0,0
9974,1.0,1,0,1
9975,0.2,1,0,0
9976,0.2,3,0,0
9977,0.2,2,1,1
9978,0.2,1,0,0
9979,0.2,2,1,0
9980,0.2,0,0,0
9981,0.2,0,1,1
9982,0.2,1,0,0
9983,0.2,1,1,1
9984,0.2,1,1,1
9985,0.2,0,0,1
9986,0.2,0,1,0
9987,0.2,2,1,1
9988,0.2,2,0,0
9989,1.0,2,1,1
9990,0.2,1,0,0
9991,0.2,1,0,0
9992,0.2,2,1,1
9993,0.2,2,0,0
9994,0.2,1,1,1
9995,0.2,2,1,1
9996,1.0,2,0,0
9997,0.2,1,1,1
9998,1.0,1,1,1
9999,0.2,2,0,0
10000,0.2,2,0,0
10001,0.2,1,1,1
10002,1.0,2,0,0
10003,0.2,2,1,0
10004,1.0,3,1,0
10005,0.2,2,0,0
10006,0.2,2,1,1
10007,0.2,3,0,0
10008,0.2,1,0,0
10009,1.0,2,1,1
10010,0.2,2,0,1
10011,0.2,2,1,0
10012,1.0,1,1,1
10013,0.2,3,0,1
10014,0.2,2,1,1
10015,0.2,2,0,0
10016,0.2,1,1,1
10017,0.2,2,0,0
10018,0.2,3,1,0
10019,0.2,2,1,1
10020,0.2,1,0,0
10021,0.2,2,0,0
10022,0.2,3,0,0
10023,0.2,2,0,0
10024,1.0,1,1,1
10025,0.2,2,0,0
10026,0.2,1,1,1
10027,1.0,1,0,1
10028,0.2,2,0,0
10029,0.2,1,1,1
10030,0.2,2,0,0
10031,0.2,3,1,0
10032,0.2,2,0,0
10033,0.2,3,1,0
10034,0.2,2,0,0
10035,1.0,1,0,0
10036,0.2,1,0,1
10037,0.2,1,0,0
10038,0.2,1,1,1
10039,0.2,3,0,0
10040,1.0,3,1,1
10041,0.2,2,0,0
10042,1.0,2,0,0
10043,1.0,2,1,1
10044,0.2,2,1,0
10045,0.2,3,1,1
10046,1.0,0,1,1
10047,0.2,2,1,1
10048,0.2,1,0,1
10049,0.2,2,0,0
10050,1.0,0,0,1
10051,0.2,0,0,0
10052,0.2,2,1,0
10053,1.0,1,0,1
10054,1.0,1,1,1
10055,0.2,1,1,1
10056,0.2,1,1,1
10057,1.0,3,0,0
10058,0.2,0,0,0
10059,0.2,1,0,0
10060,0.2,1,1,1
10061,0.2,3,1,1
10062,0.2,2,1,1
10063,0.2,2,1,1
10064,1.0,1,1,1
10065,1.0,0,1,1
10066,0.2,0,0,0
10067,0.2,0,1,1
10068,0.2,1,0,0
10069,0.2,3,0,0
10070,0.2,1,0,0
10071,0.2,3,0,0
10072,0.2,0,1,1
10073,0.2,2,1,0
10074,0.2,1,0,0
10075,1.0,2,0,1
10076,1.0,3,1,1
10077,0.2,2,1,1
10078,0.2,1,0,1
10079,0.2,0,1,1
10080,0.2,1,0,0
10081,0.2,2,0,0
10082,0.2,1,0,0
10083,0.2,2,1,0
10084,0.2,1,0,0
10085,1.0,3,0,0
10086,0.2,1,0,0
10087,0.2,3,0,0
10088,0.2,2,0,0
10089,0.2,1,1,1
10090,0.2,1,1,1
10091,0.2,2,1,1
10092,0.2,2,0,0
10093,0.2,3,0,0
10094,0.2,1,1,1
10095,0.2,2,1,0
10096,0.2,1,1,1
10097,1.0,3,1,1
10098,0.2,2,1,0
10099,0.2,2,0,0
10100,0.2,2,0,1
10101,1.0,1,1,1
10102,1.0,0,1,1
10103,0.2,2,1,1
10104,1.0,0,1,1
10105,1.0,3,0,1
10106,2.2,1,1,1
10107,0.2,1,1,1
10108,0.2,1,1,0
10109,0.2,2,1,1
10110,0.2,3,0,0
10111,0.2,2,0,0
10112,1.0,2,1,1
10113,1.0,1,1,0
10114,0.2,1,0,0
10115,0.2,2,0,0
10116,1.0,1,1,1
10117,0.2,2,1,1
10118,0.2,2,0,0
10119,1.0,2,1,1
10120,0.2,1,1,1
10121,0.2,3,1,1
10122,0.2,2,0,0
10123,1.0,2,1,1
10124,0.2,1,0,0
10125,0.2,2,0,1
10126,1.0,2,1,1
10127,0.2,1,0,0
10128,1.0,1,0,0
10129,0.2,2,1,1
10130,0.2,3,0,0
10131,0.2,1,0,0
10132,0.2,1,0,0
10133,0.2,2,0,0
10134,1.0,1,1,1
10135,0.2,1,0,0
10136,0.2,2,0,0
10137,0.2,1,1,1
10138,1.0,1,1,1
10139,0.2,2,0,0
10140,1.0,1,1,1
10141,0.2,2,1,1
10142,0.2,0,0,0
10143,0.2,1,0,0
10144,0.2,2,0,0
10145,0.2,1,1,1
10146,0.2,0,0,1
10147,1.0,0,1,1
10148,0.2,1,1,1
10149,0.2,1,0,0
10150,0.2,1,1,1
10151,0.2,0,1,1
10152,0.2,2,0,0
10153,0.2,1,1,1
10154,2.2,1,0,1
10155,0.2,2,0,1
10156,0.2,1,0,0
10157,0.2,2,0,0
10158,0.2,1,1,0
10159,0.2,1,1,1
10160,1.0,1,1,1
10161,1.4,2,1,1
10162,0.2,1,1,1
10163,0.2,1,0,0
10164,1.0,1,1,1
10165,0.6000000000000001,1,0,0
10166,1.0,2,0,0
10167,1.0,1,1,1
10168,0.2,1,0,0
10169,0.2,1,1,1
10170,1.0,1,0,1
10171,0.2,1,1,1
10172,0.2,2,0,0
10173,3.8,2,1,0
10174,0.2,1,1,1
10175,0.2,1,0,0
10176,0.2,2,0,1
10177,0.2,2,0,1
10178,0.2,0,0,0
10179,0.2,1,1,1
10180,1.0,2,1,1
10181,1.0,1,0,1
10182,1.0,0,1,1
10183,1.0,2,1,1
10184,0.2,2,1,0
10185,0.2,2,0,0
10186,0.2,2,1,1
10187,1.0,3,1,1
10188,0.2,1,0,0
10189,0.2,0,1,0
10190,1.0,3,0,1
10191,0.6000000000000001,1,0,0
10192,1.0,1,0,0
10193,0.2,2,1,1
10194,0.2,1,1,1
10195,0.2,3,0,0
10196,0.2,0,0,0
10197,0.2,0,1,1
10198,0.2,1,1,1
10199,0.2,1,0,0
10200,0.2,3,1,1
10201,0.2,0,0,0
10202,0.2,1,1,1
10203,1.0,0,0,0
10204,0.2,3,1,0
10205,0.2,2,0,0
10206,0.2,0,1,1
10207,1.0,1,1,1
10208,1.0,0,1,1
10209,1.0,3,0,1
10210,1.0,0,1,1
10211,0.2,3,0,0
10212,1.0,2,0,1
10213,0.2,3,1,0
10214,1.0,1,0,1
10215,1.0,0,0,1
10216,0.2,1,0,0
10217,2.2,1,1,1
10218,0.2,2,0,0
10219,0.2,1,1,1
10220,0.2,1,1,1
10221,0.2,1,0,1
10222,1.0,0,1,1
10223,1.0,2,0,1
10224,1.0,2,0,0
10225,0.2,1,1,1
10226,0.2,1,1,1
10227,0.2,1,0,0
10228,1.0,2,0,0
10229,0.2,1,0,0
10230,0.2,2,0,0
10231,0.2,1,1,0
10232,0.2,1,0,1
10233,0.2,1,0,0
10234,0.2,1,1,0
10235,0.2,1,0,0
10236,0.2,1,0,0
10237,0.2,0,1,0
10238,1.0,1,0,0
10239,0.2,2,0,0
10240,0.2,0,1,0
10241,0.2,2,0,0
10242,0.2,1,1,0
10243,0.2,1,1,1
10244,0.2,0,1,1
10245,0.2,0,1,0
10246,0.2,1,1,1
10247,0.2,2,1,0
10248,1.0,0,0,1
10249,1.0,1,1,1
10250,0.2,2,0,1
10251,0.2,3,1,0
10252,0.2,2,1,1
10253,0.2,2,0,0
10254,0.2,2,1,1
10255,0.2,3,1,0
10256,1.0,1,0,1
10257,0.2,2,1,1
10258,1.0,0,1,1
10259,0.2,1,0,1
10260,1.0,2,0,1
10261,0.2,3,1,1
10262,0.2,0,0,0
10263,0.2,0,1,1
10264,2.2,1,1,1
10265,0.2,0,1,1
10266,0.2,2,1,1
10267,0.2,1,1,1
10268,1.0,2,0,1
10269,1.0,1,1,1
10270,0.2,2,1,1
10271,0.2,1,0,0
10272,0.2,1,1,1
10273,0.2,2,0,0
10274,0.2,2,1,0
10275,1.0,1,1,1
10276,0.2,2,0,0
10277,0.2,1,0,1
10278,0.2,1,0,0
10279,0.2,1,1,1
10280,1.0,2,0,0
10281,0.2,3,1,0
10282,0.2,1,0,0
10283,0.2,2,1,0
10284,0.2,3,0,0
10285,1.0,2,0,1
10286,0.2,0,1,0
10287,0.2,0,0,0
10288,0.2,1,0,0
10289,0.2,0,1,1
10290,0.2,2,1,1
10291,0.2,1,0,1
10292,0.2,3,0,1
10293,0.2,3,1,1
10294,0.2,2,1,0
10295,1.0,1,0,1
10296,0.2,2,0,0
10297,0.2,1,0,1
10298,0.2,0,1,1
10299,0.2,1,0,0
10300,0.2,1,1,0
10301,0.2,1,0,1
10302,2.2,1,1,1
10303,0.2,2,1,1
10304,0.2,0,1,1
10305,0.2,2,1,1
10306,1.0,2,1,1
10307,0.2,0,0,0
10308,0.2,1,1,0
10309,0.2,0,0,1
10310,0.2,2,1,1
10311,0.2,1,0,0
10312,0.2,1,0,1
10313,0.2,2,0,0
10314,0.2,1,0,0
10315,0.2,2,0,1
10316,1.0,3,1,1
10317,0.2,2,1,1
10318,0.2,1,0,0
10319,0.2,1,1,1
10320,0.2,2,1,1
10321,1.0,2,0,1
10322,0.2,1,1,1
10323,0.2,1,1,1
10324,1.0,2,1,1
10325,1.0,3,1,1
10326,0.2,2,1,1
10327,0.2,3,1,1
10328,1.0,1,0,0
10329,1.0,3,1,1
10330,0.2,1,0,0
10331,0.2,0,0,0
10332,1.0,1,1,1
10333,1.0,0,0,1
10334,0.2,1,1,1
10335,0.2,3,1,0
10336,0.2,3,0,0
10337,0.2,1,0,0
10338,0.2,1,0,0
10339,0.2,2,1,1
10340,0.2,2,0,0
10341,0.2,1,1,1
10342,1.0,0,1,1
10343,0.2,1,1,1
10344,1.0,1,1,1
10345,1.0,1,0,1
10346,0.2,0,1,1
10347,0.2,3,1,1
10348,0.2,1,0,0
10349,0.2,2,0,0
10350,1.0,1,0,1
10351,0.2,2,1,1
10352,0.2,1,0,0
10353,0.2,1,0,0
10354,1.0,2,1,1
10355,0.2,2,1,1
10356,0.2,1,1,1
10357,0.2,2,1,0
10358,1.0,1,1,1
10359,0.2,2,0,0
10360,0.2,0,0,0
10361,0.2,1,0,0
10362,0.2,1,1,0
10363,1.0,1,1,1
10364,0.2,3,0,0
10365,1.0,2,1,1
10366,0.2,1,1,1
10367,0.2,1,0,0
10368,0.2,2,0,1
10369,2.2,2,1,1
10370,0.2,1,0,0
10371,2.2,0,0,1
10372,0.2,0,1,1
10373,1.0,1,0,1
10374,1.0,0,1,1
10375,0.2,2,0,0
10376,0.2,1,0,1
10377,0.2,3,1,1
10378,0.2,2,1,0
10379,1.0,2,1,1
10380,0.2,1,0,0
10381,0.2,2,0,0
10382,2.2,2,1,1
10383,2.2,2,1,1
10384,1.0,1,1,1
10385,0.2,2,1,1
10386,0.2,1,1,1
10387,1.0,1,1,1
10388,0.2,2,1,0
10389,0.2,2,0,0
10390,1.0,3,0,1
10391,0.2,0,0,0
10392,0.2,1,1,1
10393,0.2,1,0,0
10394,1.0,2,0,1
10395,0.2,2,0,0
10396,1.0,2,0,0
10397,0.2,0,0,0
10398,0.2,2,0,0
10399,1.0,2,0,1
10400,1.0,0,1,1
10401,0.2,2,0,1
10402,0.2,2,1,1
10403,2.2,0,0,1
10404,0.2,2,0,0
10405,0.2,1,0,0
10406,0.2,2,0,1
10407,1.0,1,0,1
10408,0.2,1,0,1
10409,2.2,1,0,1
10410,0.2,2,0,0
10411,0.2,2,0,0
10412,0.2,1,1,1
10413,0.2,1,1,0
10414,0.2,0,1,1
10415,0.2,2,0,0
10416,0.2,2,0,1
10417,1.4,2,0,0
10418,0.2,2,1,1
10419,2.2,1,1,1
10420,0.2,2,1,1
10421,1.0,0,1,1
10422,0.2,1,0,0
10423,0.2,2,1,0
10424,1.0,1,1,1
10425,0.2,1,0,0
10426,0.2,2,0,0
10427,1.0,1,1,1
10428,1.0,2,0,1
10429,1.0,2,0,0
10430,0.2,3,0,0
10431,0.2,1,0,0
10432,0.2,3,1,1
10433,1.0,2,1,1
10434,1.0,2,0,0
10435,0.2,2,0,0
10436,0.2,2,0,0
10437,1.0,3,1,1
10438,0.2,3,1,0
10439,0.2,0,0,0
10440,1.0,3,1,1
10441,0.2,2,0,0
10442,0.2,0,0,1
10443,0.2,2,0,0
10444,0.2,2,0,0
10445,1.0,0,1,1
10446,0.2,2,1,1
10447,0.2,2,0,0
10448,0.2,2,1,0
10449,0.2,2,1,0
10450,0.2,0,1,0
10451,0.2,1,0,0
10452,1.0,0,1,1
10453,0.2,1,0,0
10454,0.2,3,0,0
10455,1.0,0,1,1
10456,0.2,1,1,1
10457,0.2,1,1,1
10458,0.2,1,1,0
10459,0.2,1,0,0
10460,0.2,3,0,0
10461,1.0,1,1,1
10462,1.0,2,0,1
10463,0.2,2,0,0
10464,0.2,0,1,1
10465,1.0,2,1,1
10466,0.2,1,1,1
10467,1.0,1,1,1
10468,0.2,2,0,0
10469,0.2,3,0,0
10470,0.2,1,0,1
10471,0.2,3,0,0
10472,0.2,1,1,1
10473,0.2,0,0,0
10474,0.2,3,0,0
10475,0.2,2,0,0
10476,0.2,2,0,1
10477,0.2,1,0,0
10478,1.0,2,0,0
10479,0.2,0,1,1
10480,0.2,1,0,1
10481,0.2,1,0,0
10482,0.2,2,0,0
10483,0.2,1,1,1
10484,0.2,2,0,0
10485,0.2,2,0,0
10486,1.0,1,1,1
10487,0.2,3,1,1
10488,1.0,1,1,1
10489,0.2,2,0,0
10490,0.2,1,1,1
10491,0.2,1,1,1
10492,1.0,0,1,1
10493,0.2,2,1,1
10494,0.2,2,1,0
10495,0.2,0,0,0
10496,0.2,2,0,0
10497,1.0,1,0,0
10498,1.0,1,0,1
10499,0.2,0,1,1
10500,0.2,2,0,0
10501,2.2,2,1,1
10502,3.8,2,0,0
10503,0.2,1,0,0
10504,0.2,0,0,0
10505,1.0,0,1,1
10506,0.2,2,0,0
10507,1.0,2,1,1
10508,1.0,1,0,0
10509,0.2,1,0,0
10510,0.2,3,0,0
10511,0.2,0,0,0
10512,1.0,1,1,1
10513,0.2,0,1,0
10514,1.0,1,0,0
10515,0.2,0,0,0
10516,0.2,2,1,1
10517,0.2,1,0,1
10518,0.2,1,0,1
10519,0.2,2,1,1
10520,0.2,2,1,1
10521,0.2,2,1,1
10522,0.2,2,1,1
10523,0.2,2,0,0
10524,1.0,0,0,1
10525,1.0,0,1,1
10526,1.4,2,1,1
10527,1.0,3,0,1
10528,0.2,0,0,0
10529,0.2,2,0,1
10530,0.2,3,0,0
10531,0.2,1,0,0
10532,1.0,3,1,1
10533,0.2,2,1,1
10534,0.2,1,1,1
10535,0.2,1,1,1
10536,0.2,2,0,0
10537,0.2,1,0,0
10538,1.0,1,0,1
10539,0.2,0,0,0
10540,0.2,1,1,0
10541,0.2,3,0,1
10542,0.2,1,0,0
10543,1.0,3,1,1
10544,0.2,2,1,1
10545,0.2,2,0,1
10546,0.2,0,0,1
10547,0.2,2,1,1
10548,0.2,1,0,0
10549,0.2,1,0,1
10550,0.2,1,1,1
10551,1.4,2,0,1
10552,0.2,3,0,0
10553,0.2,0,1,1
10554,0.2,2,1,1
10555,0.2,1,0,0
10556,0.2,1,0,1
10557,1.0,1,1,1
10558,0.2,2,0,0
10559,0.2,1,0,1
10560,0.2,1,0,0
10561,0.2,1,0,0
10562,0.2,3,0,0
10563,0.2,2,1,1
10564,0.2,1,0,1
10565,0.2,2,0,0
10566,0.2,1,1,0
10567,0.2,1,0,0
10568,1.0,2,1,1
10569,0.2,2,1,0
10570,0.2,1,1,1
10571,1.0,2,0,1
10572,0.2,2,0,0
10573,0.2,2,1,1
10574,0.2,2,0,0
10575,1.0,0,1,1
10576,0.2,1,1,1
10577,0.2,2,1,0
10578,0.2,1,0,0
10579,0.2,2,1,0
10580,0.2,1,1,1
10581,0.2,2,0,0
10582,0.2,1,0,0
10583,0.2,3,0,0
10584,1.0,2,0,1
10585,0.2,2,0,0
10586,0.2,2,1,1
10587,0.2,2,0,0
10588,1.0,0,1,1
10589,1.0,2,0,1
10590,0.2,2,1,1
10591,0.2,1,1,1
10592,0.2,1,0,1
10593,0.2,2,1,0
10594,0.2,1,0,0
10595,0.2,3,0,0
10596,0.2,1,0,0
10597,0.2,2,1,1
10598,0.2,0,0,0
10599,0.2,1,0,0
10600,0.2,2,1,0
10601,0.2,2,0,0
10602,0.2,2,0,0
10603,0.2,3,0,0
10604,0.2,3,1,0
10605,0.2,2,0,0
10606,1.0,0,1,1
10607,0.2,3,1,0
10608,0.2,3,0,1
10609,0.2,1,1,1
10610,0.2,2,0,0
10611,0.2,2,1,1
10612,0.2,0,0,0
10613,1.0,3,0,1
10614,0.2,2,1,1
10615,0.2,1,0,0
10616,0.2,1,1,1
10617,1.0,1,0,0
10618,1.0,1,1,1
10619,0.2,1,1,1
10620,0.2,1,1,1
10621,0.2,1,1,1
10622,1.0,0,1,1
10623,0.2,2,1,1
10624,0.2,1,1,0
10625,1.0,2,0,0
10626,0.2,0,1,1
10627,0.2,0,1,1
10628,0.2,2,0,0
10629,2.2,2,1,1
10630,0.2,3,0,0
10631,0.2,2,1,1
10632,0.2,1,0,1
10633,0.2,2,0,0
10634,1.0,3,0,0
10635,0.2,1,1,1
10636,0.2,2,1,1
10637,0.2,1,0,0
10638,0.2,2,1,0
10639,0.2,3,0,0
10640,0.2,2,0,0
10641,0.2,3,0,0
10642,0.2,2,0,1
10643,0.2,1,0,0
10644,0.2,1,1,0
10645,0.2,1,0,0
10646,0.2,1,0,0
10647,0.2,2,0,0
10648,1.0,3,0,0
10649,0.2,3,0,0
10650,0.2,0,1,1
10651,0.2,1,0,0
10652,0.2,2,0,1
10653,1.0,3,1,1
10654,0.2,2,0,0
10655,0.2,2,0,0
10656,0.2,2,1,1
10657,0.2,2,0,0
10658,0.2,0,1,1
10659,0.2,1,0,0
10660,1.0,2,1,0
10661,0.2,2,0,0
10662,0.2,0,0,0
10663,1.0,0,1,1
10664,2.2,3,1,1
10665,0.2,2,0,1
10666,0.2,2,0,0
10667,1.0,2,0,1
10668,0.2,0,0,1
10669,0.2,1,1,1
10670,1.0,1,0,0
10671,0.2,2,0,0
10672,0.2,2,0,1
10673,1.0,0,1,1
10674,0.2,3,0,0
10675,0.2,2,0,1
10676,1.0,1,0,0
10677,0.2,1,0,0
10678,0.2,0,1,1
10679,0.2,3,1,0
10680,0.2,2,0,0
10681,0.2,2,1,1
10682,0.2,1,1,0
10683,0.2,2,1,1
10684,0.2,2,1,1
10685,0.2,1,0,0
10686,0.2,0,1,1
10687,0.6000000000000001,2,1,1
10688,1.0,1,1,1
10689,0.2,1,1,1
10690,0.2,0,1,1
10691,0.2,1,1,1
10692,0.2,1,0,0
10693,0.2,0,0,0
10694,0.2,2,0,1
10695,0.2,2,1,1
10696,0.2,1,0,0
10697,1.0,2,1,1
10698,0.2,2,1,1
10699,2.2,1,1,1
10700,0.2,1,0,0
10701,0.2,3,0,0
10702,0.2,1,0,0
10703,1.0,1,1,1
10704,1.0,1,0,0
10705,1.0,1,1,1
10706,0.2,0,0,0
10707,1.0,0,1,1
10708,0.2,2,0,0
10709,0.2,1,0,1
10710,1.0,2,0,0
10711,2.2,3,0,1
10712,3.0,2,1,0
10713,0.2,2,1,0
10714,0.2,2,0,0
10715,0.2,2,1,1
10716,0.2,3,0,0
10717,1.0,3,0,0
10718,0.2,0,1,1
10719,1.0,0,1,0
10720,0.2,3,0,0
10721,1.0,1,1,1
10722,0.2,1,0,0
10723,0.2,0,1,1
10724,1.0,1,0,1
10725,1.0,2,1,1
10726,0.2,3,1,0
10727,0.2,2,0,0
10728,0.2,1,0,0
10729,0.2,1,0,0
10730,0.2,2,1,1
10731,0.2,1,1,0
10732,0.2,1,1,1
10733,0.2,0,0,0
10734,0.2,2,1,1
10735,0.2,1,1,1
10736,0.2,2,0,0
10737,0.2,1,1,1
10738,0.2,0,0,1
10739,0.2,1,1,1
10740,0.2,2,0,0
10741,0.2,1,1,1
10742,0.2,1,0,1
10743,0.2,3,1,0
10744,0.2,3,0,0
10745,0.2,3,1,1
10746,0.2,2,0,0
10747,1.4,3,0,0
10748,1.0,1,0,0
10749,0.2,2,1,0
10750,1.0,1,0,1
10751,0.2,1,0,0
10752,0.2,2,1,0
10753,0.2,2,0,0
10754,1.0,1,1,1
10755,0.2,1,0,0
10756,0.2,1,0,0
10757,0.2,3,1,1
10758,0.2,2,0,0
10759,0.2,0,1,1
10760,1.0,0,1,0
10761,0.2,1,1,1
10762,0.2,1,1,1
10763,1.0,2,1,1
10764,1.0,1,1,1
10765,0.2,1,0,0
10766,0.2,2,1,0
10767,0.2,3,0,0
10768,0.2,2,1,1
10769,0.2,2,0,0
10770,0.2,2,1,1
10771,2.2,1,1,1
10772,2.2,1,0,1
10773,0.2,1,0,0
10774,0.2,2,1,0
10775,0.2,2,0,0
10776,0.2,2,0,0
10777,0.2,2,0,0
10778,1.0,0,1,1
10779,0.2,0,0,1
10780,0.2,2,0,0
10781,0.2,2,1,1
10782,0.2,3,0,0
10783,1.0,1,1,1
10784,0.2,1,0,0
10785,0.2,1,0,0
10786,0.2,1,1,1
10787,0.2,1,0,0
10788,1.0,2,1,1
10789,0.2,3,0,0
10790,0.2,0,0,0
10791,0.2,3,0,0
10792,0.2,2,1,1
10793,0.2,1,0,1
10794,0.2,1,1,1
10795,0.2,1,0,0
10796,0.2,3,1,0
10797,1.0,2,0,0
10798,1.0,1,1,1
10799,0.2,2,1,1
10800,0.2,3,0,0
10801,1.0,2,1,1
10802,0.2,2,1,1
10803,0.2,1,1,1
10804,0.2,2,0,0
10805,0.2,2,0,0
10806,0.2,2,1,0
10807,1.0,1,0,1
10808,0.2,2,0,0
10809,1.0,1,1,1
10810,0.2,1,1,1
10811,0.2,1,1,0
10812,0.2,1,1,0
10813,0.2,1,1,1
10814,0.2,1,0,0
10815,0.2,1,0,0
10816,1.4,1,1,0
10817,0.2,3,0,0
10818,0.2,1,1,1
10819,0.2,1,0,0
10820,0.2,2,1,1
10821,0.2,1,1,1
10822,0.2,2,1,1
10823,1.0,2,0,0
10824,0.2,2,1,0
10825,0.2,2,0,0
10826,1.0,1,1,1
10827,0.2,2,1,1
10828,1.0,1,1,1
10829,2.2,3,1,1
10830,0.2,1,0,0
10831,0.2,2,1,1
10832,1.0,2,1,1
10833,0.2,1,0,0
10834,0.2,1,1,1
10835,1.0,1,1,1
10836,0.2,1,1,0
10837,0.2,1,0,0
10838,1.0,2,1,1
10839,0.2,2,1,1
10840,0.2,1,0,0
10841,0.2,2,0,0
10842,0.2,2,0,0
10843,1.0,2,1,1
10844,0.2,2,1,0
10845,0.2,1,1,0
10846,0.2,2,0,0
10847,0.2,3,1,0
10848,0.2,2,0,0
10849,0.2,1,0,0
10850,0.2,2,0,1
10851,0.2,2,1,1
10852,0.2,3,0,0
10853,0.2,2,0,0
10854,0.2,2,1,1
10855,2.2,1,0,1
10856,1.0,2,1,1
10857,0.2,2,0,0
10858,0.2,1,1,1
10859,0.2,0,0,0
10860,0.2,3,1,1
10861,0.2,2,1,0
10862,0.2,3,1,0
10863,0.2,1,0,0
10864,0.2,3,1,1
10865,0.2,1,0,0
10866,0.2,2,0,0
10867,0.2,1,1,1
10868,0.2,2,0,0
10869,0.2,2,0,0
10870,1.0,3,1,1
10871,0.2,0,0,0
10872,0.2,1,0,1
10873,0.2,2,0,0
10874,0.2,0,1,1
10875,0.2,1,0,0
10876,0.2,2,1,1
10877,2.5999999999999996,1,1,1
10878,2.2,0,1,1
10879,1.0,1,1,0
10880,0.2,2,1,0
10881,0.2,2,0,0
10882,0.2,2,1,0
10883,1.0,1,1,1
10884,0.2,2,0,0
10885,0.2,1,0,0
10886,1.0,2,0,0
10887,1.0,2,1,1
10888,0.2,3,1,0
10889,2.2,3,1,1
10890,0.2,3,0,0
10891,1.0,1,1,1
10892,0.2,3,0,0
10893,0.2,1,1,0
10894,0.2,2,1,0
10895,2.5999999999999996,2,0,0
10896,2.2,2,0,1
10897,1.0,1,1,1
10898,0.2,1,1,0
10899,0.2,3,0,1
10900,0.2,2,0,0
10901,0.2,1,0,0
10902,0.2,2,1,1
10903,0.2,3,1,1
10904,0.2,3,1,1
10905,0.2,0,1,1
10906,1.0,2,1,1
10907,0.2,2,1,1
10908,0.2,3,0,0
10909,0.2,2,1,1
10910,0.2,1,1,1
10911,0.2,0,1,1
10912,0.2,1,0,0
10913,0.2,2,1,0
10914,0.2,3,1,0
10915,0.2,1,0,0
10916,0.2,1,0,0
10917,1.0,2,1,1
10918,0.2,2,0,0
10919,0.2,2,0,0
10920,0.2,1,0,0
10921,0.2,1,0,0
10922,0.2,1,1,1
10923,0.2,2,0,0
10924,0.2,1,0,0
10925,0.2,1,0,0
10926,0.2,2,1,1
10927,0.2,3,1,1
10928,0.2,0,1,1
10929,1.0,1,1,1
10930,0.2,1,1,0
10931,1.0,2,0,1
10932,0.2,2,0,0
10933,0.2,0,1,1
10934,0.2,1,1,1
10935,0.2,2,0,0
10936,0.2,1,0,0
10937,0.2,0,1,0
10938,0.2,2,0,0
10939,0.2,2,1,1
10940,0.2,2,0,0
10941,0.2,1,1,0
10942,0.2,1,1,0
10943,0.2,2,1,0
10944,0.2,1,0,0
10945,0.2,1,0,1
10946,0.2,0,0,1
10947,0.2,2,0,0
10948,1.0,2,0,1
10949,1.0,2,0,0
10950,0.2,2,0,0
10951,1.0,2,1,1
10952,1.0,1,0,0
10953,0.2,1,0,0
10954,0.2,1,0,0
10955,0.2,2,1,0
10956,0.2,2,0,0
10957,0.2,3,0,0
10958,0.2,2,1,1
10959,0.2,2,0,0
10960,0.2,2,1,0
10961,0.2,2,1,1
10962,0.2,1,0,0
10963,0.2,2,0,0
10964,0.2,3,1,1
10965,0.2,2,0,0
10966,0.2,1,1,1
10967,0.2,2,0,0
10968,1.0,1,1,1
10969,0.2,3,0,0
10970,0.2,1,0,0
10971,0.2,3,0,0
10972,1.0,1,0,0
10973,1.0,1,1,1
10974,0.2,2,0,0
10975,1.0,2,1,1
10976,0.2,2,1,0
10977,0.2,3,1,1
10978,0.2,1,1,1
10979,0.2,1,0,0
10980,0.2,1,1,1
10981,0.2,1,1,1
10982,0.2,2,1,0
10983,0.2,1,1,1
10984,0.2,1,1,1
10985,0.2,1,0,1
10986,0.2,1,0,0
10987,0.2,2,0,0
10988,0.2,1,0,0
10989,0.2,2,1,1
10990,0.2,3,1,1
10991,1.0,1,1,1
10992,0.2,1,1,1
10993,0.2,2,0,0
10994,0.2,2,1,1
10995,0.2,2,1,1
10996,0.2,1,1,1
10997,0.2,1,1,1
10998,2.2,0,1,1
10999,0.2,3,1,1
11000,0.2,2,0,0
11001,0.2,0,1,1
11002,0.2,0,1,1
11003,0.2,2,0,0
11004,1.0,3,1,1
11005,0.2,1,1,0
11006,1.0,2,1,1
11007,0.2,1,1,1
11008,0.2,2,1,0
11009,0.2,1,0,0
11010,0.2,0,1,1
11011,0.2,1,1,0
11012,0.2,1,1,1
11013,1.0,2,1,1
11014,0.2,0,0,0
11015,0.2,1,0,0
11016,0.2,1,0,0
11017,0.2,0,0,1
11018,1.0,1,1,1
11019,1.0,2,1,1
11020,0.2,3,0,0
11021,0.2,1,0,0
11022,2.2,1,0,1
11023,0.2,3,0,0
11024,0.2,0,1,1
11025,0.2,3,0,0
11026,0.2,3,1,1
11027,0.2,1,0,0
11028,0.2,2,0,0
11029,1.0,1,1,1
11030,0.2,3,0,0
11031,0.2,1,1,1
11032,2.2,1,1,1
11033,0.2,2,0,0
11034,0.2,2,0,0
11035,0.2,2,0,0
11036,1.0,3,0,1
11037,0.2,1,0,0
11038,0.2,1,1,1
11039,0.2,2,0,0
11040,0.2,1,0,0
11041,0.2,0,0,0
11042,0.2,2,1,0
11043,0.2,2,0,0
11044,1.0,0,0,0
11045,0.2,1,0,0
11046,1.0,2,0,0
11047,0.2,3,0,0
11048,1.0,0,1,1
11049,0.2,2,0,0
11050,0.2,0,1,1
11051,0.2,2,1,0
11052,1.0,0,1,0
11053,0.2,1,0,0
11054,1.0,0,1,1
11055,0.2,1,0,0
11056,0.2,1,1,1
11057,0.2,1,0,0
11058,1.0,3,1,1
11059,1.0,2,1,1
11060,0.2,1,0,0
11061,1.0,1,0,0
11062,0.2,2,0,0
11063,1.0,2,1,1
11064,0.2,1,0,0
11065,0.2,2,0,0
11066,0.2,2,1,0
11067,0.2,3,0,0
11068,0.2,2,0,0
11069,1.0,1,0,1
11070,0.2,2,0,0
11071,1.0,2,1,1
11072,0.2,2,0,0
11073,0.2,1,1,0
11074,0.2,2,1,1
11075,0.2,0,0,1
11076,0.2,3,1,1
11077,0.2,2,0,0
11078,0.2,2,0,1
11079,0.2,3,0,0
11080,0.2,1,0,0
11081,1.0,2,0,1
11082,0.2,1,0,0
11083,0.2,1,0,1
11084,1.0,0,1,1
11085,0.2,3,0,0
11086,0.2,1,0,0
11087,0.2,2,0,0
11088,0.2,2,0,0
11089,0.2,0,0,0
11090,1.0,2,1,1
11091,0.2,1,0,0
11092,1.0,1,1,1
11093,0.2,0,1,1
11094,1.0,1,1,1
11095,0.2,1,1,1
11096,2.2,0,1,1
11097,0.2,2,0,0
11098,1.0,2,1,1
11099,0.2,1,0,0
11100,0.2,2,0,1
11101,1.0,0,1,1
11102,1.0,2,1,1
11103,1.0,1,1,1
11104,0.2,2,0,0
11105,0.2,2,1,1
11106,0.2,1,1,0
11107,0.2,2,0,0
11108,0.2,0,0,0
11109,0.2,2,1,0
11110,1.0,1,1,1
11111,0.2,2,0,0
11112,0.2,3,1,0
11113,1.0,2,1,1
11114,0.2,1,1,0
11115,0.2,1,0,0
11116,1.0,2,0,1
11117,0.2,3,1,1
11118,0.2,3,0,0
11119,1.0,2,1,1
11120,0.2,1,0,0
11121,0.2,2,0,0
11122,0.2,2,0,0
11123,0.2,1,0,0
11124,0.2,0,0,0
11125,0.2,1,1,1
11126,0.2,2,1,0
11127,0.2,1,0,1
11128,1.0,1,1,1
11129,0.2,3,0,1
11130,1.0,2,0,1
11131,0.2,1,1,0
11132,0.2,1,1,1
11133,1.0,1,1,1
11134,1.0,0,1,1
11135,0.2,2,1,1
11136,0.2,2,0,0
11137,1.0,2,1,1
11138,1.0,0,0,1
11139,0.2,1,0,0
11140,2.2,1,0,0
11141,0.2,2,0,0
11142,1.0,1,1,1
11143,1.0,2,1,1
11144,0.2,2,0,0
11145,0.2,2,0,0
11146,1.0,3,1,1
11147,0.2,1,1,0
11148,1.0,1,0,1
11149,1.0,3,0,1
11150,1.0,2,1,1
11151,0.2,2,1,0
11152,0.2,3,1,0
11153,2.2,3,1,0
11154,0.2,1,1,0
11155,0.2,1,0,0
11156,0.2,2,1,1
11157,0.2,0,0,0
11158,0.2,1,0,1
11159,0.2,3,0,0
11160,0.2,2,1,1
11161,0.2,2,0,0
11162,0.2,1,0,0
11163,1.0,2,1,1
11164,0.2,2,1,1
11165,0.2,2,0,0
11166,0.2,3,1,0
11167,1.0,1,0,0
11168,0.2,2,0,0
11169,0.2,2,0,0
11170,0.2,2,0,0
11171,2.2,2,1,1
11172,1.0,2,1,1
11173,0.2,3,1,0
11174,0.2,1,1,1
11175,0.2,3,0,0
11176,0.2,1,0,0
11177,0.2,0,1,0
11178,0.2,2,0,1
11179,0.2,1,0,0
11180,1.0,1,1,1
11181,0.2,3,0,0
11182,1.0,0,0,0
11183,0.2,1,1,1
11184,0.2,2,1,1
11185,2.2,1,1,1
11186,0.2,1,1,1
11187,0.2,1,0,0
11188,0.2,3,0,0
11189,1.0,1,0,0
11190,0.2,1,1,0
11191,0.2,2,0,0
11192,1.0,1,0,1
11193,0.2,1,0,0
11194,0.2,1,0,0
11195,1.0,3,1,0
11196,0.2,1,0,0
11197,1.0,2,0,1
11198,0.2,0,0,0
11199,0.2,1,1,1
11200,0.2,0,0,1
11201,0.2,1,0,0
11202,0.2,3,0,0
11203,0.2,0,1,0
11204,0.2,2,1,0
11205,0.2,2,1,1
11206,0.2,3,1,1
11207,0.2,1,0,0
11208,0.2,1,1,1
11209,0.2,2,0,0
11210,0.2,1,0,0
11211,1.0,1,1,1
11212,0.2,2,0,0
11213,0.2,0,0,0
11214,0.2,3,1,1
11215,0.2,1,0,0
11216,0.2,3,0,0
11217,1.0,1,1,1
11218,0.2,2,0,0
11219,0.2,2,0,0
11220,0.2,3,0,1
11221,0.2,1,0,0
11222,1.0,1,1,1
11223,0.2,2,1,1
11224,0.2,2,1,0
11225,0.2,3,0,0
11226,0.2,2,1,0
11227,0.2,0,0,0
11228,0.2,2,0,0
11229,0.2,1,0,1
11230,0.2,2,0,0
11231,0.2,0,0,0
11232,0.2,1,1,1
11233,1.0,0,1,1
11234,0.2,1,1,1
11235,0.2,2,1,1
11236,0.2,1,0,1
11237,0.2,2,1,0
11238,0.2,0,0,0
11239,0.2,2,0,0
11240,1.0,1,0,0
11241,0.2,2,0,0
11242,0.2,1,1,0
11243,1.0,0,1,1
11244,0.2,1,0,0
11245,0.2,2,0,0
11246,0.2,1,1,1
11247,0.2,2,1,0
11248,0.2,1,0,0
11249,0.2,2,0,0
11250,1.0,1,1,1
11251,0.2,1,0,0
11252,0.2,0,1,1
11253,0.2,0,1,0
11254,1.0,1,0,0
11255,1.0,1,1,1
11256,0.2,1,0,0
11257,0.2,2,0,1
11258,0.2,1,0,1
11259,0.2,2,0,0
11260,0.2,3,1,0
11261,0.2,1,1,1
11262,0.2,3,0,0
11263,0.2,1,0,0
11264,0.2,2,0,0
11265,0.2,3,0,0
11266,0.2,0,1,1
11267,0.2,0,0,0
11268,0.2,2,1,0
11269,0.2,2,0,0
11270,0.2,0,1,1
11271,0.2,2,0,0
11272,0.2,1,1,1
11273,0.2,2,1,0
11274,1.0,1,1,1
11275,0.2,2,1,1
11276,0.2,2,1,1
11277,1.0,1,1,1
11278,0.2,2,0,0
11279,0.2,1,1,1
11280,1.0,1,1,1
11281,0.2,2,1,0
11282,0.2,2,1,1
11283,0.2,2,1,1
11284,1.0,2,1,0
11285,0.2,1,1,1
11286,0.2,2,0,0
11287,0.2,2,0,0
11288,0.2,1,0,0
11289,1.0,2,1,1
11290,0.2,2,0,0
11291,2.2,3,1,1
11292,0.2,1,0,0
11293,0.2,1,1,1
11294,0.2,2,1,1
11295,0.2,2,0,1
11296,1.0,1,0,0
11297,0.2,2,1,1
11298,0.2,1,0,0
11299,1.0,2,0,1
11300,0.2,1,0,0
11301,2.2,1,1,1
11302,0.2,2,0,1
11303,0.2,1,1,1
11304,0.2,1,1,1
11305,1.0,2,1,1
11306,0.2,2,1,0
11307,1.0,1,1,1
11308,0.2,1,0,0
11309,1.0,0,1,1
11310,2.2,2,1,1
11311,0.2,2,1,0
11312,1.0,2,0,0
11313,0.2,3,0,0
11314,0.2,1,0,0
11315,0.2,2,0,0
11316,0.2,2,0,1
11317,1.0,1,0,0
11318,0.2,1,0,0
11319,0.2,2,0,1
11320,0.2,2,0,0
11321,0.2,2,1,1
11322,0.2,1,1,1
11323,0.2,1,0,0
11324,0.2,2,0,0
11325,0.2,2,1,0
11326,0.2,2,0,1
11327,0.2,0,0,0
11328,0.2,1,0,1
11329,0.2,2,0,0
11330,1.0,1,1,1
11331,1.0,1,1,1
11332,0.2,1,1,1
11333,0.2,2,1,1
11334,0.2,1,0,1
11335,0.2,1,0,0
11336,0.2,1,1,1
11337,0.2,1,0,0
11338,3.4000000000000004,2,1,1
11339,0.2,2,0,1
11340,0.2,1,0,0
11341,0.2,1,0,0
11342,0.2,0,1,1
11343,0.2,2,0,0
11344,0.2,2,0,0
11345,0.2,2,0,0
11346,0.2,2,1,1
11347,0.2,3,0,0
11348,0.2,1,0,0
11349,0.2,1,1,0
11350,0.2,3,0,0
11351,0.2,1,0,0
11352,0.2,1,1,0
11353,0.2,2,0,0
11354,0.2,1,0,0
11355,0.2,1,0,0
11356,0.2,1,1,1
11357,0.2,2,0,0
11358,0.2,2,0,0
11359,0.2,1,0,1
11360,1.0,2,1,1
11361,1.0,0,0,1
11362,0.2,0,1,1
11363,0.2,2,0,0
11364,1.0,2,1,1
11365,1.0,2,0,1
11366,0.2,2,0,0
11367,0.2,2,0,0
11368,1.0,1,1,1
11369,1.0,1,1,1
11370,1.0,2,1,1
11371,1.0,3,1,1
11372,0.2,0,0,0
11373,0.2,0,1,1
11374,0.2,1,1,1
11375,1.0,3,1,1
11376,2.2,3,1,1
11377,0.2,2,0,0
11378,0.2,1,0,1
11379,1.0,1,0,1
11380,0.2,1,0,0
11381,0.2,2,0,0
11382,0.2,2,0,1
11383,0.2,2,0,0
11384,0.2,3,0,0
11385,1.0,2,1,1
11386,0.2,3,0,0
11387,1.0,2,1,1
11388,1.0,2,1,1
11389,0.2,1,1,0
11390,1.0,1,0,0
11391,1.0,1,1,1
11392,0.2,3,1,0
11393,0.2,1,0,1
11394,0.2,1,0,0
11395,0.2,0,0,0
11396,0.2,1,0,0
11397,0.2,1,0,0
11398,1.0,3,1,1
11399,0.2,2,0,0
11400,0.2,3,0,0
11401,0.2,1,1,1
11402,0.2,2,0,0
11403,0.2,0,1,1
11404,0.2,3,1,1
11405,0.2,0,0,0
11406,0.2,1,1,0
11407,0.2,1,1,1
11408,0.2,0,1,1
11409,0.2,1,0,0
11410,0.2,2,0,0
11411,0.2,1,1,0
11412,0.2,0,0,0
11413,1.0,1,1,1
11414,1.0,2,0,0
11415,0.2,3,1,0
11416,0.2,2,1,0
11417,0.2,1,0,0
11418,0.2,2,0,0
11419,0.2,1,1,1
11420,0.2,3,1,0
11421,0.2,0,1,0
11422,0.2,2,1,1
11423,0.2,1,1,1
11424,0.2,3,0,1
11425,0.2,0,0,0
11426,0.2,2,1,1
11427,0.2,1,1,1
11428,1.0,2,1,1
11429,0.2,1,1,0
11430,1.0,2,1,0
11431,0.2,1,0,0
11432,1.0,0,1,1
11433,0.2,1,0,0
11434,0.2,2,0,0
11435,1.0,1,0,0
11436,0.2,2,0,0
11437,2.2,1,0,1
11438,1.0,2,1,1
11439,1.0,0,1,0
11440,0.2,3,0,1
11441,0.2,2,1,1
11442,1.0,2,1,1
11443,1.0,1,0,0
11444,0.2,3,1,1
11445,0.2,1,1,0
11446,0.2,0,0,0
11447,1.0,1,1,0
11448,0.2,1,0,0
11449,0.2,3,0,0
11450,0.2,1,0,1
11451,0.2,3,1,1
11452,1.0,2,0,0
11453,1.8,0,1,1
11454,0.2,3,1,1
11455,0.2,2,1,1
11456,0.2,1,0,0
11457,0.2,1,0,0
11458,0.2,2,0,0
11459,0.2,1,0,0
11460,1.0,1,1,1
11461,1.0,1,0,1
11462,0.2,0,1,0
11463,1.0,1,1,1
11464,0.2,1,1,1
11465,0.2,2,0,0
11466,0.2,2,0,0
11467,0.2,2,0,0
11468,0.2,2,0,0
11469,1.0,2,1,1
11470,0.2,1,1,1
11471,0.2,2,0,0
11472,0.2,1,1,1
11473,0.2,1,0,0
11474,0.2,1,0,1
11475,0.2,2,0,0
11476,0.2,2,1,0
11477,3.0,1,0,0
11478,0.2,1,0,0
11479,1.0,0,1,1
11480,0.2,1,1,0
11481,0.2,2,0,0
11482,0.2,2,1,1
11483,0.2,1,1,0
11484,0.2,2,0,0
11485,0.2,1,1,1
11486,2.2,1,1,1
11487,0.2,2,0,0
11488,0.6000000000000001,2,0,1
11489,0.2,1,1,1
11490,0.2,3,0,0
11491,2.2,0,1,1
11492,1.0,2,0,0
11493,1.0,1,1,1
11494,1.0,2,1,0
11495,0.2,2,0,0
11496,0.2,1,0,1
11497,0.2,2,1,0
11498,0.2,0,1,1
11499,0.2,2,1,1
11500,1.0,2,1,1
11501,0.2,3,0,0
11502,0.2,2,1,0
11503,0.2,0,0,0
11504,1.0,2,1,1
11505,1.0,1,0,0
11506,0.2,2,1,1
11507,0.2,2,0,0
11508,1.0,3,1,1
11509,1.0,2,0,1
11510,0.2,2,1,0
11511,1.0,1,1,1
11512,0.2,2,0,0
11513,1.0,2,0,0
11514,0.2,2,0,1
11515,0.2,1,0,0
11516,0.2,0,1,1
11517,0.2,0,0,0
11518,0.2,0,1,1
11519,0.2,2,1,1
11520,0.2,1,0,0
11521,0.2,1,1,1
11522,1.0,1,1,1
11523,0.2,2,0,0
11524,2.2,0,1,1
11525,1.0,1,0,1
11526,0.2,0,1,1
11527,0.2,3,0,0
11528,1.0,1,0,1
11529,1.0,2,1,1
11530,1.0,1,1,1
11531,0.2,0,0,0
11532,0.2,2,1,1
11533,0.2,1,0,0
11534,0.2,2,0,0
11535,1.0,0,1,1
11536,0.2,1,1,1
11537,0.2,3,0,0
11538,0.2,2,1,0
11539,0.2,2,0,0
11540,0.2,1,1,1
11541,1.0,1,1,1
11542,0.2,0,0,0
11543,0.2,3,1,1
11544,0.2,0,1,0
11545,0.2,0,1,1
11546,0.2,1,1,0
11547,1.0,2,1,1
11548,0.2,1,1,0
11549,0.2,1,0,0
11550,0.2,0,1,0
11551,0.2,2,0,0
11552,0.2,2,0,0
11553,0.2,0,0,0
11554,0.2,0,1,1
11555,1.0,1,0,1
11556,1.0,3,1,1
11557,0.2,2,1,1
11558,1.0,2,0,0
11559,0.2,1,0,0
11560,1.0,1,0,1
11561,0.2,1,0,0
11562,0.2,1,1,1
11563,0.2,1,0,0
11564,0.2,2,0,0
11565,0.2,2,1,0
11566,0.2,2,0,0
11567,0.2,1,1,1
11568,0.2,3,1,1
11569,0.2,1,1,0
11570,1.0,2,1,1
11571,0.2,2,1,0
11572,0.2,2,0,0
11573,0.2,2,0,0
11574,0.2,2,0,0
11575,1.0,1,0,1
11576,1.0,1,0,0
11577,0.2,1,0,0
11578,0.2,1,1,1
11579,0.2,2,0,0
11580,0.2,2,0,0
11581,2.2,0,1,1
11582,2.2,1,1,1
11583,1.0,1,0,1
11584,0.2,3,0,0
11585,0.2,3,0,0
11586,0.2,2,1,1
11587,0.2,2,1,1
11588,0.2,0,0,0
11589,0.2,3,0,0
11590,0.2,1,0,0
11591,1.0,1,0,1
11592,1.0,1,1,1
11593,0.2,3,0,0
11594,0.2,1,0,0
11595,1.0,1,0,0
11596,0.2,3,0,0
11597,0.2,0,0,0
11598,0.2,1,1,0
11599,0.2,3,0,0
11600,0.2,2,1,1
11601,1.0,0,1,1
11602,1.0,3,1,1
11603,0.2,3,0,0
11604,1.0,2,0,0
11605,0.2,1,1,1
11606,0.2,2,1,1
11607,0.2,0,0,0
11608,1.0,3,1,1
11609,1.0,3,0,0
11610,0.2,1,0,0
11611,0.2,1,1,1
11612,0.2,1,1,1
11613,1.0,1,0,1
11614,0.2,1,0,0
11615,1.0,2,1,1
11616,0.2,2,1,1
11617,0.2,2,1,0
11618,0.2,2,1,1
11619,0.2,2,0,0
11620,3.8,2,1,1
11621,0.2,2,0,0
11622,0.2,2,0,0
11623,1.0,1,1,1
11624,0.2,2,0,0
11625,0.2,1,0,0
11626,0.2,1,0,0
11627,0.2,1,1,1
11628,1.0,2,0,0
11629,0.2,2,1,1
11630,0.2,2,0,0
11631,0.2,1,1,1
11632,0.2,2,1,1
11633,0.2,1,1,1
11634,0.2,1,1,0
11635,0.2,3,1,0
11636,0.2,2,0,0
11637,1.0,1,1,1
11638,0.2,2,0,0
11639,0.2,3,1,1
11640,0.2,1,1,1
11641,0.2,2,0,0
11642,2.2,2,1,1
11643,1.0,1,1,1
11644,0.2,0,0,0
11645,0.2,1,0,0
11646,0.2,2,1,0
11647,0.2,1,0,0
11648,0.2,1,1,1
11649,0.2,0,1,1
11650,0.2,3,1,1
11651,0.2,0,0,0
11652,0.2,3,0,0
11653,0.2,2,1,1
11654,1.0,2,1,1
11655,0.2,2,1,1
11656,0.2,1,1,1
11657,0.2,2,1,1
11658,0.2,3,0,0
11659,0.2,3,0,0
11660,0.2,2,1,0
11661,1.0,2,0,0
11662,0.2,1,1,0
11663,0.2,2,0,0
11664,0.2,2,1,0
11665,0.2,1,1,1
11666,0.2,1,1,1
11667,1.0,2,0,1
11668,0.2,1,0,0
11669,1.0,2,1,1
11670,1.0,1,1,1
11671,0.2,3,0,0
11672,0.2,2,0,1
11673,0.2,1,1,0
11674,0.2,2,1,1
11675,0.2,1,1,1
11676,0.2,2,0,0
11677,0.2,2,1,0
11678,0.2,0,0,0
11679,0.2,1,0,1
11680,0.2,3,0,0
11681,0.2,2,1,0
11682,0.2,1,0,0
11683,1.0,1,1,1
11684,0.2,1,0,1
11685,0.2,0,0,0
11686,1.0,0,0,1
11687,1.0,2,0,0
11688,0.2,0,0,0
11689,0.2,1,1,1
11690,0.2,1,1,1
11691,0.2,3,0,0
11692,0.2,1,1,1
11693,0.2,2,1,0
11694,0.2,3,0,0
11695,0.2,1,0,1
11696,0.2,1,1,1
11697,0.2,2,0,0
11698,0.2,1,0,0
11699,0.2,1,1,0
11700,0.2,2,1,1
11701,0.2,0,1,1
11702,1.0,1,0,1
11703,0.2,2,1,1
11704,2.2,1,1,0
11705,1.0,2,1,1
11706,0.2,2,1,1
11707,0.2,1,0,0
11708,2.2,2,0,1
11709,0.2,2,0,0
11710,1.0,0,1,1
11711,0.2,0,0,1
11712,0.2,2,0,0
11713,0.2,3,0,0
11714,0.2,2,0,0
11715,2.2,1,1,1
11716,1.0,1,0,1
11717,0.2,1,0,1
11718,1.0,2,1,1
11719,0.2,2,0,0
11720,0.2,0,1,1
11721,0.2,0,0,1
11722,0.2,1,1,1
11723,0.2,0,0,1
11724,0.2,2,0,0
11725,0.2,2,1,1
11726,0.2,1,1,1
11727,0.2,3,0,0
11728,1.0,2,0,0
11729,0.2,2,1,1
11730,0.2,1,1,1
11731,1.0,2,0,0
11732,0.2,0,0,0
11733,1.0,1,1,1
11734,1.0,3,1,1
11735,0.2,2,1,0
11736,0.2,1,0,0
11737,0.2,3,0,0
11738,0.2,3,0,0
11739,0.2,1,0,0
11740,0.2,2,1,0
11741,1.0,1,0,0
11742,0.2,0,0,0
11743,2.2,1,0,1
11744,0.2,2,0,0
11745,2.2,2,1,1
11746,1.0,1,1,1
11747,2.2,1,1,1
11748,0.2,2,0,0
11749,0.2,1,1,1
11750,0.2,2,0,0
11751,0.2,2,1,1
11752,0.2,2,1,0
11753,0.2,1,1,0
11754,2.2,3,1,1
11755,0.2,3,0,0
11756,0.2,2,0,0
11757,0.2,2,0,0
11758,1.8,2,0,0
11759,0.2,0,1,1
11760,0.2,1,0,0
11761,0.2,2,0,0
11762,0.2,1,1,1
11763,0.2,0,1,1
11764,0.2,1,1,1
11765,0.2,2,1,0
11766,1.0,2,1,1
11767,0.2,1,0,0
11768,0.2,0,0,0
11769,0.2,1,0,1
11770,0.2,3,0,0
11771,0.2,1,1,1
11772,3.8,0,1,0
11773,0.2,1,1,0
11774,0.2,2,0,0
11775,0.2,3,0,0
11776,0.2,2,0,0
11777,1.0,2,1,1
11778,0.2,3,0,0
11779,2.5999999999999996,2,0,0
11780,0.2,2,1,1
11781,0.2,1,0,0
11782,1.0,2,1,1
11783,0.2,1,1,0
11784,1.0,0,0,0
11785,1.0,1,1,1
11786,0.2,1,1,1
11787,0.2,0,1,1
11788,0.2,0,0,0
11789,1.0,1,1,1
11790,1.0,1,1,1
11791,0.2,1,0,0
11792,0.2,1,0,0
11793,0.2,0,1,0
11794,3.4000000000000004,2,0,0
11795,0.2,3,1,0
11796,0.2,2,0,0
11797,0.2,2,0,0
11798,0.2,2,1,1
11799,0.2,2,1,0
11800,0.2,3,1,0
11801,0.2,1,1,1
11802,0.2,3,0,0
11803,0.2,0,1,0
11804,0.2,1,0,0
11805,0.2,1,0,0
11806,0.2,1,1,1
11807,0.2,2,1,0
11808,0.2,3,1,0
11809,0.2,0,0,0
11810,0.2,0,0,0
11811,0.2,2,1,1
11812,1.0,1,0,1
11813,1.0,1,0,0
11814,0.2,3,0,1
11815,2.2,3,1,1
11816,0.2,2,0,0
11817,0.2,3,1,0
11818,0.2,1,0,0
11819,0.2,3,1,0
11820,0.2,2,0,1
11821,0.2,2,0,0
11822,0.2,1,0,1
11823,0.2,1,0,0
11824,0.2,1,0,0
11825,0.2,1,1,0
11826,0.2,1,0,1
11827,0.2,2,0,1
11828,0.2,2,1,0
11829,0.2,1,0,1
11830,1.0,1,0,1
11831,0.2,2,1,0
11832,0.2,2,1,0
11833,0.2,1,0,0
11834,0.2,2,0,1
11835,1.0,2,0,1
11836,0.2,1,1,0
11837,0.2,2,0,1
11838,0.2,2,0,0
11839,0.2,1,0,0
11840,0.2,1,0,0
11841,0.2,1,1,0
11842,0.2,3,1,1
11843,0.2,3,0,0
11844,0.2,1,0,1
11845,0.2,1,0,0
11846,0.2,3,1,0
11847,1.0,1,1,1
11848,0.2,3,1,0
11849,0.2,3,1,1
11850,0.2,2,1,1
11851,0.2,2,0,0
11852,0.2,2,0,1
11853,0.2,1,1,1
11854,0.2,1,1,1
11855,0.2,2,0,1
11856,0.2,1,0,0
11857,0.2,1,1,1
11858,1.0,3,0,0
11859,1.0,1,1,1
11860,0.2,3,1,1
11861,0.2,1,0,0
11862,0.2,3,0,1
11863,0.2,3,0,0
11864,2.2,2,0,0
11865,0.2,2,0,0
11866,0.2,2,0,0
11867,2.2,0,1,1
11868,0.2,2,1,1
11869,0.2,2,1,0
11870,0.6000000000000001,2,1,1
11871,0.2,1,0,0
11872,0.2,2,1,0
11873,1.0,3,0,0
11874,0.2,1,1,1
11875,0.2,1,1,0
11876,0.2,3,0,0
11877,0.2,3,0,0
11878,0.2,2,1,1
11879,1.0,3,1,1
11880,0.2,1,1,1
11881,0.2,2,0,0
11882,1.0,3,0,0
11883,1.0,3,0,1
11884,0.2,1,1,1
11885,1.0,2,1,1
11886,0.2,2,1,0
11887,0.2,2,0,1
11888,1.0,2,0,0
11889,0.2,2,0,0
11890,0.2,3,1,1
11891,0.2,2,1,0
11892,0.2,0,0,1
11893,0.2,0,1,0
11894,0.2,2,1,1
11895,0.2,1,1,0
11896,0.2,3,0,1
11897,0.2,2,0,0
11898,0.2,1,1,1
11899,0.2,2,1,0
11900,1.0,0,0,0
11901,1.0,1,0,1
11902,0.2,0,1,1
11903,0.2,2,1,1
11904,0.2,3,0,0
11905,0.2,0,1,1
11906,0.2,1,1,0
11907,0.2,0,0,0
11908,0.2,2,0,0
11909,1.0,0,1,1
11910,2.2,0,1,1
11911,0.2,0,1,1
11912,0.2,2,0,0
11913,0.2,2,0,0
11914,0.2,3,1,0
11915,0.2,0,1,0
11916,1.0,1,1,1
11917,0.2,1,1,1
11918,0.2,1,1,1
11919,0.2,2,1,1
11920,0.2,1,1,1
11921,2.2,2,1,1
11922,0.2,2,0,1
11923,0.2,1,0,0
11924,0.2,0,1,1
11925,0.2,1,1,1
11926,0.2,2,1,1
11927,0.2,1,0,0
11928,0.2,2,1,0
11929,0.2,2,1,1
11930,0.2,2,0,0
11931,0.2,2,0,0
11932,0.2,2,0,0
11933,1.0,3,1,1
11934,0.2,1,1,1
11935,0.2,0,1,1
11936,1.0,2,1,1
11937,0.2,1,1,1
11938,0.2,3,0,1
11939,0.2,3,0,0
11940,0.2,1,0,0
11941,0.2,2,0,0
11942,0.2,1,0,0
11943,1.0,1,1,1
11944,0.2,1,0,0
11945,0.2,1,0,0
11946,0.2,2,1,1
11947,0.2,2,0,0
11948,1.0,2,0,1
11949,1.0,2,1,1
11950,1.0,2,1,1
11951,0.2,3,0,0
11952,1.0,0,1,1
11953,1.0,2,0,0
11954,0.2,2,1,1
11955,0.2,1,0,1
11956,1.0,1,0,0
11957,0.2,2,1,0
11958,0.2,0,0,0
11959,0.2,2,0,0
11960,0.2,2,0,1
11961,0.2,1,1,1
11962,0.2,2,0,0
11963,1.0,0,1,1
11964,1.0,2,1,1
11965,0.2,3,1,0
11966,0.2,3,0,0
11967,0.2,1,0,0
11968,1.0,1,0,0
11969,0.2,0,0,0
11970,0.2,1,0,0
11971,0.2,2,0,0
11972,0.2,3,0,0
11973,0.2,1,1,1
11974,1.0,2,1,1
11975,0.2,3,1,1
11976,0.2,2,0,0
11977,0.2,1,0,0
11978,0.2,0,0,0
11979,0.2,2,0,0
11980,1.0,2,0,0
11981,0.2,1,1,1
11982,0.2,0,0,0
11983,0.2,1,1,0
11984,0.2,1,1,1
11985,0.2,0,0,0
11986,0.2,1,1,1
11987,0.2,2,1,1
11988,0.2,2,0,0
11989,0.2,2,0,0
11990,1.0,2,1,1
11991,0.2,3,0,0
11992,0.2,2,1,1
11993,0.2,1,0,0
11994,0.2,2,0,0
11995,0.2,1,1,1
11996,0.2,2,0,0
11997,0.2,3,1,1
11998,0.2,2,1,1
11999,0.2,2,1,1
12000,1.0,2,1,1
12001,1.0,3,1,1
12002,0.2,2,1,1
12003,0.2,0,0,0
12004,0.2,1,0,1
12005,2.2,1,0,1
12006,0.2,3,0,0
12007,1.0,3,1,1
12008,1.0,1,0,0
12009,0.2,2,1,1
12010,0.2,2,0,0
12011,0.2,1,0,0
12012,0.2,0,0,0
12013,0.2,0,1,1
12014,0.2,1,0,0
12015,1.0,2,0,0
12016,0.2,2,1,1
12017,0.2,3,0,0
12018,0.2,2,0,0
12019,0.2,2,0,0
12020,0.2,3,0,1
12021,0.2,1,1,1
12022,0.2,0,0,0
12023,1.0,2,0,1
12024,0.2,0,1,0
12025,0.2,2,0,1
12026,0.2,3,1,1
12027,0.2,1,1,1
12028,0.2,2,1,1
12029,0.2,1,1,1
12030,0.2,2,0,1
12031,0.2,2,0,0
12032,1.0,2,1,1
12033,0.2,2,1,1
12034,0.2,1,0,1
12035,1.0,0,1,0
12036,0.2,1,0,0
12037,1.0,1,1,1
12038,0.2,2,1,0
12039,0.2,1,0,0
12040,0.2,2,0,0
12041,1.0,1,1,0
12042,1.0,2,1,0
12043,0.2,2,0,0
12044,0.2,2,1,1
12045,0.2,2,0,0
12046,0.2,2,1,1
12047,1.0,0,0,0
12048,0.2,1,1,0
12049,0.2,2,1,0
12050,0.2,1,0,0
12051,2.2,1,0,1
12052,0.2,3,1,1
12053,0.2,2,0,0
12054,0.2,1,0,0
12055,0.2,2,1,1
12056,0.2,3,0,0
12057,0.2,1,0,1
12058,0.2,1,0,0
12059,0.2,1,1,0
12060,0.2,1,1,1
12061,0.2,1,1,1
12062,1.0,0,1,1
12063,1.0,2,0,1
12064,0.2,2,0,1
12065,0.2,2,0,0
12066,0.2,1,0,0
12067,0.2,2,0,0
12068,0.2,2,0,0
12069,2.2,0,1,1
12070,1.0,1,1,1
12071,1.0,1,0,1
12072,0.2,3,0,1
12073,0.2,3,1,0
12074,1.0,1,1,1
12075,0.2,2,1,1
12076,0.2,3,0,0
12077,1.0,2,1,1
12078,0.2,1,1,0
12079,0.2,2,0,0
12080,1.0,1,1,1
12081,0.2,1,1,1
12082,0.2,0,1,1
12083,0.2,1,1,1
12084,0.2,2,0,0
12085,0.2,2,1,0
12086,0.2,0,0,0
12087,0.2,0,0,0
12088,0.2,1,1,0
12089,0.2,2,0,0
12090,0.2,0,1,0
12091,1.0,2,1,1
12092,1.0,2,0,0
12093,0.2,3,0,0
12094,0.2,2,0,0
12095,0.2,1,0,1
12096,0.2,1,1,1
12097,0.2,0,1,0
12098,1.0,2,0,1
12099,0.2,1,1,1
12100,0.2,2,1,1
12101,0.2,2,0,0
12102,0.2,1,1,0
12103,0.2,1,0,0
12104,0.2,2,1,1
12105,0.2,2,1,0
12106,2.2,2,1,1
12107,1.0,2,0,0
12108,0.2,2,1,1
12109,0.2,3,1,0
12110,0.2,1,0,0
12111,0.2,2,1,1
12112,1.0,2,1,1
12113,0.2,3,0,1
12114,0.2,1,1,1
12115,0.2,1,0,0
12116,1.0,1,1,1
12117,0.2,0,1,1
12118,1.0,2,0,0
12119,1.0,1,1,1
12120,1.0,1,1,1
12121,0.2,3,0,1
12122,0.2,2,1,1
12123,1.0,2,1,1
12124,0.2,1,0,0
12125,0.2,3,1,0
12126,0.2,2,0,0
12127,1.0,2,1,1
12128,0.2,1,1,1
12129,0.2,0,1,0
12130,0.2,1,0,0
12131,0.2,1,1,0
12132,0.2,1,1,1
12133,0.2,0,1,0
12134,1.0,1,1,1
12135,0.2,1,1,1
12136,1.0,0,1,1
12137,0.2,2,0,0
12138,0.2,1,0,0
12139,0.2,2,0,0
12140,1.0,2,1,1
12141,1.0,1,1,1
12142,0.2,1,1,1
12143,0.2,1,1,1
12144,0.2,3,1,0
12145,0.2,3,1,1
12146,0.2,2,0,0
12147,0.2,3,0,0
12148,0.2,1,0,0
12149,2.2,1,1,1
12150,1.0,1,1,1
12151,0.2,3,1,1
12152,0.2,1,0,0
12153,0.2,2,0,0
12154,0.2,2,1,0
12155,0.2,1,1,1
12156,0.2,2,1,1
12157,0.2,2,0,1
12158,1.0,3,0,0
12159,0.2,1,1,1
12160,0.2,2,0,1
12161,0.2,0,0,0
12162,1.0,1,1,1
12163,0.2,3,0,0
12164,0.2,3,0,0
12165,1.0,3,1,1
12166,0.2,3,0,1
12167,1.0,2,1,1
12168,0.2,2,0,0
12169,0.2,1,0,0
12170,1.0,1,1,1
12171,0.2,1,1,1
12172,1.0,2,1,1
12173,0.2,2,0,0
12174,0.2,1,1,1
12175,0.2,1,1,1
12176,0.2,3,0,0
12177,1.0,1,1,0
12178,0.2,1,0,0
12179,0.2,3,1,1
12180,0.2,0,1,0
12181,1.0,1,1,1
12182,0.2,2,1,1
12183,1.0,0,1,1
12184,1.0,2,0,1
12185,2.2,0,1,1
12186,1.0,1,1,1
12187,0.2,2,0,1
12188,1.0,1,1,1
12189,0.2,1,0,0
12190,0.2,0,1,1
12191,0.2,3,1,0
12192,0.2,1,0,0
12193,1.0,0,1,1
12194,0.2,1,0,0
12195,0.2,1,1,1
12196,0.2,0,0,1
12197,1.0,1,0,0
12198,0.2,1,1,1
12199,0.2,2,0,0
12200,0.2,2,1,1
12201,0.2,2,1,1
12202,0.2,2,0,0
12203,0.2,0,0,0
12204,0.2,0,1,0
12205,0.2,1,1,1
12206,0.2,2,0,0
12207,0.2,1,0,0
12208,0.2,2,0,0
12209,0.2,2,0,0
12210,0.2,2,1,1
12211,0.2,1,0,0
12212,1.0,1,0,0
12213,0.2,2,0,0
12214,0.2,0,1,1
12215,0.2,2,0,0
12216,0.2,0,0,1
12217,0.2,1,0,0
12218,0.2,3,0,0
12219,0.2,2,1,0
12220,0.2,3,0,0
12221,0.2,2,0,0
12222,1.0,2,1,1
12223,1.0,2,0,1
12224,0.2,0,0,0
12225,0.2,2,0,0
12226,0.2,0,0,0
12227,0.2,3,0,0
12228,0.2,0,1,1
12229,0.2,0,0,0
12230,0.2,2,1,1
12231,0.2,2,1,1
12232,1.0,1,1,1
12233,1.0,1,1,1
12234,0.2,2,0,0
12235,1.0,1,1,1
12236,0.2,1,0,0
12237,2.2,1,0,1
12238,0.2,1,1,1
12239,2.2,0,1,1
12240,0.2,2,1,0
12241,0.2,2,1,1
12242,0.2,2,0,0
12243,1.0,1,0,1
12244,0.2,2,0,0
12245,0.2,1,0,0
12246,0.2,1,0,0
12247,0.2,0,0,0
12248,0.2,2,0,0
12249,1.0,2,1,0
12250,0.2,1,0,0
12251,0.2,1,0,0
12252,0.2,2,0,0
12253,0.2,1,0,1
12254,1.0,1,0,1
12255,0.2,2,1,1
12256,1.0,1,0,0
12257,0.2,2,0,0
12258,0.2,1,0,1
12259,0.2,0,1,1
12260,0.2,2,0,0
12261,0.2,0,0,0
12262,2.2,0,1,1
12263,0.2,2,0,1
12264,0.2,0,1,1
12265,0.2,1,0,0
12266,0.2,1,0,0
12267,0.2,1,0,0
12268,0.2,2,1,0
12269,0.2,3,1,1
12270,0.2,1,0,0
12271,0.2,1,0,0
12272,0.2,1,0,0
12273,0.2,1,0,0
12274,0.2,3,1,1
12275,2.2,2,1,1
12276,1.0,2,0,1
12277,1.0,1,0,0
12278,1.0,1,1,1
12279,1.0,1,1,1
12280,0.2,2,0,0
12281,0.2,2,0,0
12282,1.0,1,0,0
12283,0.2,0,1,1
12284,0.2,2,0,0
12285,1.0,2,1,1
12286,0.2,0,1,1
12287,0.2,1,0,0
12288,0.2,1,0,0
12289,0.2,2,0,0
12290,0.2,1,0,1
12291,0.2,1,0,0
12292,0.2,2,1,1
12293,0.2,3,0,0
12294,0.2,2,0,0
12295,1.0,1,1,1
12296,1.0,0,1,1
12297,0.2,3,1,0
12298,0.2,2,0,0
12299,0.2,1,0,0
12300,0.2,2,0,1
12301,1.0,1,1,1
12302,0.2,3,0,0
12303,0.2,1,1,1
12304,0.2,2,1,1
12305,0.2,3,1,1
12306,0.2,2,0,0
12307,1.0,2,1,0
12308,0.2,1,0,0
12309,0.2,2,0,0
12310,0.2,0,1,1
12311,0.2,2,0,0
12312,1.0,2,1,1
12313,0.2,1,1,1
12314,0.2,3,1,0
12315,0.2,2,1,1
12316,0.2,3,0,0
12317,1.0,2,0,1
12318,1.0,1,1,1
12319,2.2,2,1,1
12320,1.0,2,1,1
12321,0.2,0,0,1
12322,0.2,2,0,0
12323,0.2,2,0,0
12324,0.2,1,0,0
12325,0.2,1,0,0
12326,3.4000000000000004,1,0,1
12327,0.2,0,0,0
12328,0.2,2,0,0
12329,0.2,0,0,1
12330,0.2,2,0,0
12331,2.2,0,1,1
12332,0.2,3,0,0
12333,0.2,1,1,1
12334,0.2,1,1,1
12335,0.2,2,1,1
12336,1.0,2,1,1
12337,0.2,1,1,1
12338,0.2,2,0,0
12339,0.2,1,0,0
12340,0.2,1,1,1
12341,0.2,1,1,1
12342,1.0,0,1,1
12343,0.2,1,1,0
12344,1.0,1,1,1
12345,0.2,2,0,0
12346,1.0,2,0,0
12347,0.2,3,1,1
12348,0.2,1,1,1
12349,0.2,2,1,0
12350,0.2,3,0,0
12351,1.0,0,1,1
12352,0.2,3,0,0
12353,0.2,1,0,0
12354,0.2,2,1,0
12355,0.2,3,0,1
12356,1.0,3,1,1
12357,0.2,2,0,0
12358,1.0,1,0,0
12359,2.2,2,1,1
12360,0.2,3,0,0
12361,0.2,2,0,0
12362,2.2,3,0,1
12363,0.2,3,0,0
12364,0.2,1,0,0
12365,0.2,0,0,0
12366,0.2,0,1,1
12367,0.2,2,1,0
12368,1.0,1,1,1
12369,0.2,2,1,1
12370,0.2,1,1,1
12371,0.2,3,0,0
12372,0.2,1,0,0
12373,1.0,3,1,1
12374,0.2,1,1,1
12375,0.2,1,1,1
12376,0.2,2,0,0
12377,0.2,1,1,1
12378,0.2,2,0,0
12379,0.2,1,1,1
12380,0.2,2,1,0
12381,0.2,2,1,0
12382,0.2,3,0,0
12383,3.0,2,0,0
12384,0.2,1,1,0
12385,0.2,2,0,0
12386,2.2,1,0,1
12387,0.2,2,0,0
12388,0.2,2,1,1
12389,0.2,2,0,0
12390,0.2,3,0,0
12391,0.2,1,1,1
12392,0.2,2,0,0
12393,0.2,2,0,0
12394,0.2,1,0,0
12395,0.2,2,1,1
12396,1.0,2,1,1
12397,0.2,2,0,0
12398,0.2,1,0,0
12399,0.2,3,1,0
12400,0.2,1,1,0
12401,1.0,0,1,1
12402,0.2,3,1,1
12403,1.0,2,0,1
12404,2.2,0,1,1
12405,0.2,3,0,0
12406,0.2,2,1,0
12407,0.2,2,0,0
12408,0.2,1,0,0
12409,1.0,0,0,0
12410,0.2,1,0,1
12411,1.0,2,0,0
12412,0.2,3,0,0
12413,0.2,2,1,0
12414,1.0,2,1,1
12415,0.2,2,1,0
12416,0.2,2,1,1
12417,0.2,1,0,0
12418,1.0,1,1,1
12419,0.2,3,0,0
12420,0.2,0,0,0
12421,0.2,1,1,1
12422,0.2,2,0,0
12423,0.2,0,0,0
12424,0.2,2,0,1
12425,0.2,3,0,0
12426,1.0,1,0,0
12427,0.2,2,0,1
12428,0.2,2,0,1
12429,2.2,1,0,0
12430,1.0,0,1,1
12431,0.2,3,1,0
12432,1.0,2,1,1
12433,0.2,2,0,0
12434,0.2,1,0,0
12435,0.2,0,1,1
12436,0.2,1,0,0
12437,0.2,1,0,0
12438,1.0,2,1,1
12439,0.2,2,1,1
12440,0.2,1,0,0
12441,0.2,1,0,0
12442,0.2,1,1,1
12443,1.0,0,1,1
12444,0.2,2,0,0
12445,0.2,1,0,0
12446,0.2,1,1,1
12447,0.2,1,0,0
12448,1.0,0,0,1
12449,0.2,1,1,1
12450,0.2,2,0,0
12451,0.2,2,0,0
12452,0.2,2,1,1
12453,1.0,2,1,0
12454,0.2,1,1,1
12455,0.2,0,0,0
12456,0.2,3,0,0
12457,0.2,2,0,0
12458,0.2,3,0,0
12459,0.2,2,0,0
12460,0.2,0,0,0
12461,0.2,1,0,0
12462,0.2,2,1,1
12463,0.2,1,0,1
12464,0.2,0,0,0
12465,0.2,2,1,1
12466,0.2,3,0,0
12467,0.2,2,0,0
12468,0.2,0,1,1
12469,0.2,0,1,1
12470,1.0,1,0,0
12471,0.2,2,1,0
12472,0.2,2,0,1
12473,0.2,3,0,0
12474,0.2,0,0,0
12475,0.2,1,0,0
12476,1.0,1,1,1
12477,1.0,3,1,1
12478,0.2,2,0,0
12479,0.2,2,1,1
12480,0.2,2,0,0
12481,0.2,2,0,0
12482,0.2,0,0,0
12483,1.0,2,1,1
12484,0.2,3,0,0
12485,0.2,1,1,0
12486,1.0,1,1,1
12487,0.2,2,0,0
12488,0.2,1,0,0
12489,0.2,3,0,0
12490,1.0,3,0,0
12491,0.2,0,0,0
12492,0.2,2,0,0
12493,1.8,1,0,1
12494,0.2,1,1,0
12495,0.2,1,0,0
12496,0.2,3,1,0
12497,0.2,3,1,0
12498,0.2,0,1,0
12499,0.2,2,1,1
12500,1.0,2,0,1
12501,0.2,0,0,1
12502,0.2,2,0,0
12503,0.2,0,0,0
12504,0.2,1,1,1
12505,0.2,3,1,0
12506,1.0,2,1,1
12507,0.2,3,0,0
12508,0.2,2,1,1
12509,0.2,1,1,1
12510,0.2,2,1,1
12511,1.0,2,0,0
12512,0.2,1,1,1
12513,2.5999999999999996,0,0,1
12514,0.2,0,1,0
12515,0.2,2,0,1
12516,0.2,1,0,0
12517,0.2,0,1,1
12518,0.2,1,1,1
12519,0.2,1,1,1
12520,0.2,0,0,0
12521,1.0,0,1,1
12522,0.2,1,1,1
12523,0.2,2,0,1
12524,0.2,1,1,1
12525,0.2,0,1,1
12526,0.2,3,1,1
12527,1.0,1,0,0
12528,0.2,2,0,0
12529,0.2,1,1,1
12530,0.2,1,1,1
12531,0.2,2,0,0
12532,0.2,1,1,1
12533,0.2,2,1,0
12534,0.2,2,0,0
12535,0.2,1,0,0
12536,0.2,2,0,0
12537,0.2,1,1,1
12538,0.2,2,0,1
12539,0.2,0,0,0
12540,0.2,0,0,0
12541,1.0,2,0,0
12542,0.2,2,1,1
12543,1.0,3,0,1
12544,0.2,1,1,1
12545,0.2,3,1,1
12546,0.2,2,1,1
12547,0.2,1,0,0
12548,0.2,1,1,1
12549,0.2,0,1,0
12550,0.2,2,0,0
12551,0.2,1,0,0
12552,0.2,2,0,0
12553,0.2,2,0,0
12554,0.2,0,1,1
12555,1.0,0,1,1
12556,0.2,2,0,0
12557,0.2,2,0,0
12558,0.2,1,0,0
12559,0.2,1,1,1
12560,0.2,2,0,0
12561,1.0,0,0,0
12562,0.2,2,0,0
12563,1.0,3,0,0
12564,0.2,2,0,0
12565,0.2,2,1,0
12566,2.2,1,1,1
12567,0.2,0,0,0
12568,0.2,2,0,0
12569,0.2,1,0,0
12570,1.0,1,1,1
12571,0.2,2,0,0
12572,0.2,0,0,0
12573,0.2,1,0,1
12574,0.2,0,1,1
12575,1.0,1,1,1
12576,1.0,2,1,0
12577,0.2,1,0,0
12578,1.0,0,1,1
12579,0.2,1,1,1
12580,0.2,1,0,1
12581,0.2,1,0,0
12582,0.2,3,1,1
12583,0.2,0,0,0
12584,1.0,1,1,1
12585,0.2,3,1,0
12586,0.2,1,1,0
12587,1.0,1,0,0
12588,0.2,3,0,0
12589,0.2,2,1,0
12590,0.2,2,1,0
12591,0.2,0,0,0
12592,0.2,1,0,0
12593,1.0,0,1,1
12594,0.2,1,1,1
12595,1.0,3,1,1
12596,1.0,1,1,1
12597,0.2,3,0,0
12598,1.0,1,1,1
12599,1.0,1,0,0
12600,0.2,1,0,0
12601,0.2,1,1,0
12602,0.2,1,1,1
12603,0.2,1,1,1
12604,0.2,1,1,1
12605,1.0,2,0,0
12606,1.0,1,1,1
12607,0.2,2,0,0
12608,0.2,2,0,0
12609,0.2,1,1,1
12610,0.2,1,0,0
12611,0.2,1,0,0
12612,0.2,1,0,0
12613,0.2,2,0,0
12614,0.2,1,0,0
12615,0.2,3,0,0
12616,0.2,1,0,0
12617,0.2,2,1,0
12618,0.2,2,0,0
12619,0.2,2,1,1
12620,0.2,1,1,1
12621,1.0,2,1,1
12622,0.2,1,0,0
12623,1.0,2,1,1
12624,1.0,3,0,1
12625,0.2,0,1,1
12626,0.2,2,1,0
12627,0.2,2,0,0
12628,0.2,2,0,0
12629,0.2,0,1,0
12630,1.0,0,1,1
12631,0.2,2,1,1
12632,1.0,2,0,0
12633,0.2,2,0,0
12634,1.0,3,1,0
12635,0.2,1,1,1
12636,1.0,0,1,1
12637,1.0,1,1,0
12638,0.2,2,1,1
12639,0.2,3,0,0
12640,0.2,1,1,1
12641,0.2,0,1,1
12642,0.2,2,0,0
12643,0.2,2,1,1
12644,1.0,2,1,1
12645,0.2,2,1,0
12646,0.2,1,1,1
12647,1.0,2,1,1
12648,0.2,3,0,0
12649,0.2,1,1,1
12650,0.2,2,1,0
12651,0.2,2,0,1
12652,0.2,3,0,0
12653,0.2,2,1,1
12654,0.2,0,1,1
12655,1.0,0,1,1
12656,0.2,1,1,1
12657,0.2,1,0,0
12658,0.2,1,0,1
12659,0.2,1,1,1
12660,0.2,2,1,1
12661,1.0,1,1,1
12662,0.2,0,1,0
12663,0.2,3,0,0
12664,0.2,2,0,0
12665,0.2,0,0,1
12666,0.2,0,1,1
12667,0.2,2,1,1
12668,0.2,2,0,0
12669,0.2,2,0,0
12670,0.2,1,0,0
12671,0.2,1,1,1
12672,0.2,0,1,1
12673,0.2,1,0,0
12674,0.2,2,1,1
12675,0.2,2,0,0
12676,0.2,2,1,0
12677,0.2,0,1,1
12678,0.2,2,1,1
12679,0.2,0,0,0
12680,0.2,1,0,0
12681,0.2,1,0,0
12682,0.2,2,0,1
12683,0.2,2,0,0
12684,1.0,3,1,1
12685,0.2,2,1,0
12686,0.2,0,1,1
12687,0.2,1,1,1
12688,1.0,2,0,1
12689,0.2,1,1,1
12690,0.2,3,0,0
12691,1.0,1,1,0
12692,0.2,0,1,1
12693,0.2,2,1,0
12694,0.2,1,1,1
12695,0.2,1,1,1
12696,0.2,2,1,1
12697,0.2,1,0,0
12698,1.0,1,1,1
12699,0.2,0,1,1
12700,0.2,2,1,1
12701,0.2,3,1,0
12702,0.2,3,0,0
12703,1.0,2,0,0
12704,1.0,2,0,1
12705,1.0,1,1,1
12706,0.2,2,0,0
12707,0.2,1,1,1
12708,0.2,1,1,0
12709,0.2,0,0,0
12710,0.2,1,1,1
12711,0.2,2,1,0
12712,0.2,3,0,0
12713,0.2,3,0,0
12714,0.2,2,0,0
12715,0.2,1,0,1
12716,1.0,1,1,1
12717,0.2,3,0,0
12718,0.2,2,1,1
12719,1.0,0,1,1
12720,0.2,1,1,1
12721,0.2,0,1,1
12722,0.2,1,0,0
12723,2.2,1,0,1
12724,0.2,1,0,0
12725,0.2,2,0,0
12726,0.2,1,0,0
12727,0.2,1,0,0
12728,0.2,1,1,1
12729,0.2,1,0,0
12730,1.0,0,1,1
12731,0.2,1,0,0
12732,1.0,2,0,0
12733,0.2,3,1,1
12734,0.2,2,1,1
12735,1.0,2,1,1
12736,0.2,2,1,0
12737,0.2,1,0,0
12738,0.2,1,1,1
12739,0.2,1,1,0
12740,2.2,1,1,1
12741,1.0,1,1,1
12742,0.2,2,1,1
12743,0.2,1,0,0
12744,0.2,2,1,0
12745,0.2,1,0,0
12746,1.0,1,1,1
12747,0.2,1,1,1
12748,0.2,3,1,0
12749,1.0,1,1,1
12750,0.2,1,0,0
12751,0.2,0,0,1
12752,0.2,0,1,1
12753,0.2,2,1,1
12754,1.0,0,0,1
12755,0.2,3,0,0
12756,0.2,2,0,0
12757,1.0,1,1,1
12758,0.2,0,1,1
12759,0.2,2,0,0
12760,2.2,1,1,1
12761,0.2,3,0,0
12762,0.2,1,1,1
12763,0.2,0,1,1
12764,0.2,1,0,0
12765,0.2,2,0,0
12766,0.2,2,0,0
12767,0.2,1,0,0
12768,0.2,1,0,0
12769,0.2,2,0,0
12770,1.0,2,1,1
12771,1.0,1,1,1
12772,0.2,2,0,0
12773,0.2,1,1,1
12774,1.0,3,1,1
12775,0.2,3,1,0
12776,0.2,2,1,1
12777,1.0,1,1,1
12778,0.2,1,0,0
12779,0.2,1,0,0
12780,0.2,2,1,1
12781,0.2,2,1,1
12782,0.2,2,0,0
12783,0.2,2,0,0
12784,0.2,3,0,0
12785,0.2,1,0,0
12786,1.0,2,1,1
12787,1.0,1,1,1
12788,0.2,0,0,0
12789,0.2,0,1,1
12790,1.0,2,1,1
12791,1.0,1,0,0
12792,0.2,1,0,0
12793,0.2,0,1,1
12794,0.2,2,1,1
12795,1.0,2,0,0
12796,0.2,2,0,0
12797,1.0,3,1,0
12798,1.0,1,1,1
12799,0.2,2,0,0
12800,0.2,2,1,1
12801,0.2,0,0,0
12802,0.2,2,0,0
12803,1.0,1,1,1
12804,0.2,1,1,0
12805,0.2,2,0,0
12806,0.2,1,0,0
12807,1.0,2,1,1
12808,0.2,0,1,1
12809,1.0,2,0,1
12810,1.0,1,1,1
12811,0.2,2,0,0
12812,1.0,0,0,1
12813,0.2,1,1,1
12814,0.2,1,1,0
12815,0.2,0,0,0
12816,1.0,2,0,1
12817,0.2,2,0,1
12818,0.2,1,0,1
12819,0.2,2,0,0
12820,0.2,2,0,0
12821,0.2,2,0,0
12822,0.2,1,1,1
12823,0.2,0,0,1
12824,0.2,2,0,0
12825,0.2,2,1,1
12826,0.2,3,0,0
12827,1.0,2,1,1
12828,1.0,1,1,1
12829,0.2,1,1,1
12830,0.2,2,1,0
12831,0.2,1,1,1
12832,1.0,1,0,0
12833,0.2,2,0,0
12834,0.2,3,0,1
12835,0.2,1,1,1
12836,0.2,2,1,1
12837,0.2,1,0,0
12838,0.2,1,1,1
12839,1.0,1,1,1
12840,0.2,3,0,0
12841,1.0,2,0,0
12842,1.0,2,1,0
12843,0.2,3,0,0
12844,0.2,2,1,1
12845,0.2,1,1,1
12846,1.0,3,1,1
12847,0.2,0,0,0
12848,0.2,0,1,0
12849,0.2,1,0,0
12850,1.0,0,1,1
12851,1.0,3,0,1
12852,0.2,1,1,1
12853,0.2,2,1,1
12854,0.2,3,1,0
12855,1.0,1,0,0
12856,0.2,2,0,1
12857,2.2,2,1,1
12858,0.2,1,0,0
12859,0.2,0,1,1
12860,0.2,3,0,0
12861,0.2,0,0,0
12862,0.2,2,1,0
12863,0.2,2,0,0
12864,0.2,1,1,0
12865,1.0,1,0,1
12866,0.2,1,1,0
12867,1.0,1,1,1
12868,0.2,2,1,0
12869,0.2,2,0,0
12870,0.2,2,0,0
12871,0.2,2,0,0
12872,0.2,3,0,0
12873,0.2,1,0,0
12874,0.2,2,1,0
12875,0.2,1,0,0
12876,0.2,1,1,1
12877,0.2,2,1,1
12878,0.2,1,0,0
12879,0.2,3,1,0
12880,0.2,0,0,0
12881,1.0,1,1,1
12882,0.2,2,1,1
12883,0.2,1,1,1
12884,2.2,0,1,1
12885,0.2,2,0,0
12886,0.2,1,0,0
12887,0.2,2,1,1
12888,0.2,3,0,0
12889,1.8,3,0,0
12890,1.0,1,1,1
12891,0.2,2,0,0
12892,0.2,2,1,1
12893,1.0,1,0,1
12894,0.2,2,0,0
12895,0.2,1,0,0
12896,0.2,2,0,1
12897,0.2,0,0,0
12898,1.0,0,1,1
12899,0.2,2,1,0
12900,0.2,1,0,0
12901,0.2,1,1,0
12902,0.2,1,0,1
12903,0.2,2,0,0
12904,0.2,3,0,0
12905,0.2,1,1,1
12906,2.5999999999999996,2,1,0
12907,0.2,2,1,0
12908,1.0,1,1,1
12909,0.2,2,1,1
12910,0.2,1,1,1
12911,0.2,1,1,1
12912,0.2,0,1,1
12913,0.2,3,0,1
12914,2.2,1,0,1
12915,1.0,1,1,1
12916,0.2,3,0,0
12917,1.0,1,1,1
12918,1.0,1,1,1
12919,2.2,3,1,1
12920,0.2,1,0,0
12921,1.0,3,1,1
12922,0.2,1,0,0
12923,0.2,2,0,0
12924,1.0,2,1,1
12925,0.2,3,0,0
12926,0.2,0,1,1
12927,1.0,2,1,1
12928,0.2,1,1,0
12929,0.2,2,1,1
12930,0.2,1,1,1
12931,0.2,3,0,0
12932,1.0,1,1,1
12933,0.2,3,0,0
12934,0.2,0,1,1
12935,0.2,2,0,0
12936,0.2,1,0,0
12937,0.2,2,0,0
12938,0.2,0,0,0
12939,0.2,2,0,0
12940,0.2,1,1,0
12941,1.0,1,1,1
12942,0.2,3,0,0
12943,0.2,1,0,0
12944,0.2,2,0,0
12945,0.2,1,1,1
12946,0.2,1,0,0
12947,0.2,2,0,0
12948,0.2,2,0,0
12949,1.0,1,1,1
12950,0.2,1,1,1
12951,1.0,1,0,1
12952,0.2,2,0,0
12953,0.2,2,0,0
12954,0.2,2,1,0
12955,0.2,3,0,0
12956,0.2,1,1,1
12957,0.2,2,0,0
12958,0.2,0,0,1
12959,0.2,1,0,0
12960,0.2,1,0,0
12961,0.2,1,0,0
12962,0.2,1,1,1
12963,0.2,2,0,0
12964,0.2,1,0,0
12965,0.2,2,0,0
12966,0.2,1,0,1
12967,1.0,1,0,0
12968,1.0,2,1,1
12969,0.2,3,0,0
12970,0.2,1,1,1
12971,0.2,1,1,1
12972,0.2,0,1,1
12973,2.2,1,1,1
12974,0.2,0,0,0
12975,0.2,2,0,0
12976,0.2,2,0,0
12977,0.2,2,1,0
12978,1.0,1,1,1
12979,1.0,2,0,0
12980,0.2,1,1,1
12981,0.2,1,0,1
12982,0.2,2,0,1
12983,0.2,2,0,0
12984,1.0,2,0,0
12985,2.2,1,1,1
12986,0.2,1,1,1
12987,0.2,2,1,1
12988,1.0,1,1,1
12989,0.2,2,0,0
12990,0.2,0,1,1
12991,0.2,1,0,0
12992,0.2,3,0,0
12993,0.2,2,1,1
12994,0.2,2,0,1
12995,1.0,2,1,0
12996,0.2,1,0,0
12997,1.0,2,1,1
12998,0.2,1,1,1
12999,1.0,2,1,1
13000,0.2,1,0,0
13001,0.2,2,0,0
13002,1.0,1,1,1
13003,0.2,0,0,0
13004,0.2,0,1,1
13005,0.2,2,1,1
13006,1.0,2,0,1
13007,0.2,3,0,0
13008,0.2,3,1,1
13009,0.2,0,1,0
13010,0.2,1,0,0
13011,1.4,1,1,1
13012,0.2,1,1,0
13013,1.0,2,0,1
13014,0.2,3,0,0
13015,0.2,1,0,0
13016,0.2,2,0,0
13017,0.2,2,1,1
13018,0.2,0,1,1
13019,0.2,1,0,0
13020,2.2,0,1,1
13021,0.2,3,0,1
13022,2.2,1,1,1
13023,0.2,2,0,0
13024,0.2,2,0,0
13025,0.2,1,0,0
13026,0.2,1,0,0
13027,0.2,0,1,1
13028,1.0,1,1,1
13029,0.2,1,1,1
13030,0.2,1,0,0
13031,0.2,3,0,0
13032,0.2,2,0,1
13033,0.2,1,0,0
13034,0.2,1,0,0
13035,1.0,1,1,1
13036,0.2,2,0,0
13037,0.2,1,1,1
13038,0.2,3,0,0
13039,0.2,3,1,0
13040,0.2,2,0,0
13041,0.2,3,1,1
13042,0.2,1,0,1
13043,0.2,1,1,1
13044,1.0,2,1,1
13045,0.2,2,0,1
13046,0.2,1,0,0
13047,0.2,1,1,0
13048,0.2,1,1,0
13049,0.2,2,1,1
13050,0.2,1,1,1
13051,0.2,1,1,0
13052,1.0,1,1,1
13053,0.2,2,0,0
13054,0.2,0,1,0
13055,1.0,0,1,1
13056,0.2,2,0,0
13057,0.2,1,0,0
13058,1.0,0,1,1
13059,2.2,2,1,1
13060,1.0,3,1,1
13061,0.2,3,1,1
13062,0.2,2,1,1
13063,0.2,1,0,0
13064,1.0,2,0,0
13065,0.2,1,0,0
13066,0.2,3,0,0
13067,0.2,2,1,0
13068,0.2,1,1,1
13069,0.2,3,0,0
13070,0.2,1,0,0
13071,0.2,2,1,0
13072,0.2,0,0,0
13073,0.2,2,0,0
13074,0.2,0,0,0
13075,0.2,3,1,0
13076,0.2,0,1,0
13077,0.2,1,0,0
13078,0.2,2,0,0
13079,1.0,2,1,0
13080,1.0,0,1,1
13081,1.0,1,0,0
13082,0.2,0,1,0
13083,0.2,0,1,1
13084,0.2,3,0,0
13085,0.2,2,0,0
13086,0.2,1,0,0
13087,1.0,3,0,0
13088,0.2,2,0,0
13089,0.2,0,0,0
13090,0.2,2,0,0
13091,0.2,1,0,0
13092,0.2,2,1,1
13093,1.0,2,0,0
13094,1.0,1,0,0
13095,0.2,3,0,0
13096,1.0,1,1,1
13097,0.2,1,1,0
13098,0.2,2,1,1
13099,0.2,2,1,0
13100,0.2,2,1,1
13101,1.0,1,0,1
13102,0.2,3,0,0
13103,0.2,1,0,0
13104,0.2,3,1,0
13105,0.2,1,0,0
13106,1.0,0,0,1
13107,0.2,1,0,0
13108,1.0,1,0,0
13109,0.2,3,0,0
13110,0.2,3,1,1
13111,0.2,2,0,0
13112,0.2,2,1,0
13113,0.2,3,1,1
13114,0.2,2,0,0
13115,0.2,2,0,0
13116,0.2,1,0,0
13117,0.2,1,1,1
13118,1.0,2,1,1
13119,1.0,2,0,0
13120,0.2,1,1,1
13121,0.2,2,1,1
13122,0.2,1,0,0
13123,0.2,0,1,1
13124,0.2,2,0,0
13125,0.2,2,0,0
13126,0.2,2,1,1
13127,1.0,0,1,1
13128,0.2,2,0,0
13129,2.2,1,1,1
13130,0.2,2,0,0
13131,0.2,0,1,1
13132,0.2,1,1,1
13133,0.2,1,1,0
13134,0.2,1,0,1
13135,0.2,2,0,0
13136,0.2,2,0,0
13137,0.2,0,1,1
13138,2.2,2,1,1
13139,1.0,1,0,1
13140,0.2,1,0,0
13141,0.2,1,0,0
13142,0.2,2,1,1
13143,0.2,2,0,0
13144,0.2,1,0,0
13145,1.0,2,1,1
13146,0.2,2,0,0
13147,0.2,2,1,1
13148,0.2,2,1,1
13149,0.2,0,0,0
13150,0.2,2,1,1
13151,0.2,1,1,1
13152,0.2,2,1,0
13153,0.2,1,0,0
13154,1.0,2,1,1
13155,0.2,2,1,0
13156,0.2,2,1,1
13157,1.0,1,1,1
13158,2.2,2,0,1
13159,0.2,3,0,1
13160,0.2,1,0,0
13161,0.2,2,0,0
13162,0.2,0,1,1
13163,0.2,2,0,0
13164,0.2,2,0,0
13165,1.0,2,0,1
13166,0.2,2,1,0
13167,1.0,3,1,1
13168,0.2,0,1,1
13169,0.2,1,1,1
13170,0.2,1,1,1
13171,0.2,0,0,0
13172,0.2,2,0,1
13173,0.2,1,1,0
13174,1.0,3,0,0
13175,0.2,1,0,0
13176,0.2,3,0,0
13177,0.2,1,1,1
13178,0.2,2,1,0
13179,0.2,3,0,0
13180,0.2,0,0,0
13181,0.2,2,1,1
13182,0.2,2,0,0
13183,2.2,1,0,1
13184,0.2,2,0,0
13185,0.2,2,0,0
13186,1.0,2,1,1
13187,0.2,3,0,0
13188,0.2,2,1,1
13189,0.2,1,0,0
13190,1.0,1,0,0
13191,1.0,2,0,1
13192,0.2,2,1,1
13193,0.2,1,1,0
13194,1.0,1,1,0
13195,0.2,1,1,1
13196,0.2,2,0,1
13197,1.0,2,0,0
13198,0.2,1,1,1
13199,0.2,3,0,1
13200,0.2,1,0,1
13201,0.2,0,0,1
13202,0.2,2,0,0
13203,0.2,2,0,0
13204,0.2,1,0,0
13205,0.2,1,0,0
13206,0.2,1,1,0
13207,0.2,1,0,0
13208,0.2,0,1,1
13209,0.2,3,1,1
13210,0.2,2,1,1
13211,0.2,1,0,0
13212,0.2,2,0,0
13213,1.0,2,1,1
13214,0.2,1,1,1
13215,0.2,0,0,0
13216,0.2,1,0,0
13217,0.2,1,1,1
13218,0.2,1,1,1
13219,1.0,0,1,1
13220,3.4000000000000004,1,0,1
13221,0.2,2,1,1
13222,0.2,1,1,1
13223,1.0,0,1,1
13224,2.2,1,1,1
13225,1.0,2,0,1
13226,0.2,2,0,0
13227,0.2,0,0,0
13228,0.2,0,0,1
13229,0.2,1,0,1
13230,1.0,1,0,1
13231,0.2,2,0,0
13232,0.2,1,0,1
13233,0.2,2,1,0
13234,1.0,1,1,1
13235,0.2,3,0,0
13236,0.2,1,0,0
13237,0.2,1,0,0
13238,0.2,0,1,1
13239,1.0,0,0,0
13240,0.2,2,1,1
13241,0.2,2,0,0
13242,0.2,3,0,1
13243,0.2,1,0,0
13244,1.0,1,0,0
13245,0.2,2,0,0
13246,0.2,1,1,1
13247,0.2,0,1,1
13248,0.2,2,1,0
13249,0.2,3,1,1
13250,0.2,0,1,0
13251,0.2,2,1,1
13252,0.2,2,1,1
13253,0.2,1,0,0
13254,1.0,1,1,1
13255,0.2,1,1,1
13256,0.2,1,1,0
13257,0.2,1,1,1
13258,0.2,1,0,0
13259,0.2,2,1,0
13260,0.2,2,0,0
13261,0.2,1,0,0
13262,0.2,2,0,0
13263,0.2,2,0,0
13264,0.2,1,1,0
13265,0.2,3,1,0
13266,0.2,1,1,1
13267,0.2,3,0,0
13268,0.2,1,1,0
13269,0.2,2,1,1
13270,1.0,3,1,1
13271,0.2,0,0,0
13272,0.2,1,0,1
13273,0.2,1,0,0
13274,0.2,3,1,1
13275,1.0,1,1,1
13276,0.2,3,0,0
13277,0.2,3,0,0
13278,0.2,2,0,1
13279,0.2,1,1,1
13280,0.2,2,1,0
13281,0.2,3,1,0
13282,0.2,3,0,1
13283,0.2,2,0,1
13284,0.2,0,1,1
13285,0.2,2,0,0
13286,0.2,2,1,1
13287,0.2,3,0,1
13288,0.2,3,1,1
13289,0.2,3,1,1
13290,0.2,3,0,0
13291,0.2,2,1,0
13292,0.2,1,0,0
13293,0.2,0,0,0
13294,0.2,2,0,1
13295,0.2,0,1,1
13296,0.2,3,0,1
13297,0.2,2,0,0
13298,0.2,0,1,1
13299,1.0,0,1,1
13300,0.2,2,0,0
13301,0.2,3,0,0
13302,0.2,2,0,0
13303,0.2,2,1,1
13304,0.2,3,0,0
13305,1.0,1,1,1
13306,1.0,3,1,1
13307,0.2,1,0,0
13308,0.2,2,0,0
13309,0.6000000000000001,2,0,0
13310,1.0,0,1,1
13311,0.2,2,1,1
13312,1.8,2,0,0
13313,0.2,1,1,1
13314,1.0,3,1,1
13315,1.0,2,1,1
13316,0.2,1,0,0
13317,0.2,2,1,0
13318,1.0,3,1,1
13319,0.2,2,0,0
13320,1.0,2,0,0
13321,0.2,1,1,1
13322,3.4000000000000004,0,0,1
13323,0.2,0,1,1
13324,0.2,2,1,1
13325,0.2,1,0,1
13326,0.2,1,1,1
13327,0.2,1,1,1
13328,0.2,2,1,1
13329,0.2,3,1,1
13330,0.2,1,1,1
13331,0.2,3,1,0
13332,0.2,3,0,0
13333,0.2,3,0,0
13334,1.0,3,1,1
13335,0.2,2,1,1
13336,1.0,2,1,1
13337,1.0,1,0,1
13338,0.2,1,1,0
13339,0.2,2,1,1
13340,0.2,1,1,1
13341,0.2,1,0,1
13342,0.2,2,1,0
13343,0.2,1,0,0
13344,2.2,0,1,1
13345,0.2,1,1,0
13346,1.0,1,1,1
13347,0.2,1,1,1
13348,1.0,1,1,0
13349,0.2,2,0,0
13350,0.2,3,1,1
13351,0.2,2,1,1
13352,1.0,1,0,1
13353,1.0,1,1,0
13354,1.0,0,1,1
13355,0.2,1,0,0
13356,0.2,1,0,0
13357,0.2,0,1,1
13358,0.2,2,0,1
13359,0.2,1,0,1
13360,0.2,1,0,1
13361,1.0,2,1,1
13362,0.2,2,0,0
13363,0.2,1,1,0
13364,0.2,1,0,1
13365,0.2,2,1,0
13366,0.2,2,1,1
13367,0.2,0,0,0
13368,0.2,1,1,1
13369,0.2,2,0,1
13370,0.2,2,1,1
13371,1.0,1,1,1
13372,1.0,2,1,1
13373,0.2,1,0,0
13374,0.2,1,0,1
13375,0.2,1,1,1
13376,0.2,2,1,1
13377,0.2,2,1,1
13378,0.2,1,0,0
13379,1.0,3,1,1
13380,0.2,1,0,0
13381,2.5999999999999996,1,1,1
13382,0.2,1,0,0
13383,0.2,1,1,1
13384,1.0,2,1,1
13385,0.2,2,1,0
13386,0.2,2,0,0
13387,0.2,1,0,0
13388,1.0,1,1,1
13389,0.2,3,1,1
13390,0.2,2,0,0
13391,0.2,1,0,0
13392,0.2,1,1,1
13393,1.0,2,0,0
13394,0.2,2,0,1
13395,0.2,2,0,0
13396,0.2,2,1,0
13397,0.2,2,0,0
13398,0.2,2,1,1
13399,0.2,1,0,0
13400,0.2,2,0,0
13401,0.2,2,0,0
13402,0.2,2,1,1
13403,0.2,2,0,0
13404,0.2,2,1,1
13405,1.0,1,0,0
13406,0.2,2,1,0
13407,1.0,1,1,1
13408,0.2,3,0,0
13409,0.2,2,0,0
13410,0.2,1,1,1
13411,0.2,1,0,1
13412,0.2,3,1,1
13413,0.2,3,0,0
13414,0.2,1,1,1
13415,0.2,2,1,1
13416,1.0,1,0,1
13417,0.2,1,0,0
13418,0.2,1,1,1
13419,0.2,2,0,0
13420,0.2,1,1,1
13421,0.2,1,1,1
13422,0.2,2,1,1
13423,0.2,1,0,0
13424,1.0,0,1,1
13425,0.2,1,0,0
13426,0.2,2,1,1
13427,1.0,1,0,1
13428,0.2,0,1,0
13429,0.2,2,0,0
13430,0.2,1,0,1
13431,0.2,2,0,0
13432,0.2,0,0,0
13433,0.2,2,0,0
13434,1.0,2,1,1
13435,0.2,2,1,1
13436,0.2,2,0,0
13437,0.2,1,1,1
13438,0.2,0,0,0
13439,0.2,2,1,1
13440,1.0,3,1,1
13441,0.2,2,1,1
13442,0.2,1,0,0
13443,1.0,1,0,1
13444,1.0,3,1,1
13445,0.2,1,1,1
13446,0.2,0,0,1
13447,0.2,1,0,0
13448,0.2,3,0,1
13449,0.2,3,0,0
13450,0.2,2,0,0
13451,0.2,1,1,1
13452,1.0,2,1,1
13453,0.2,1,0,0
13454,0.2,2,0,1
13455,0.2,1,1,1
13456,0.2,0,1,1
13457,1.0,1,1,1
13458,0.2,3,1,0
13459,1.0,0,1,1
13460,0.2,0,0,0
13461,1.0,2,0,1
13462,1.0,1,0,1
13463,0.2,3,1,0
13464,0.2,2,0,0
13465,0.2,2,0,0
13466,0.2,1,0,0
13467,0.2,2,0,0
13468,0.2,2,0,0
13469,0.2,1,1,1
13470,0.2,1,1,1
13471,0.2,1,0,1
13472,0.2,0,1,0
13473,0.2,0,0,0
13474,0.2,3,0,0
13475,0.2,1,1,1
13476,0.2,0,1,1
13477,1.0,1,1,1
13478,1.0,1,1,1
13479,0.2,2,1,1
13480,0.2,3,1,1
13481,0.2,2,1,0
13482,0.2,2,0,0
13483,0.2,1,0,0
13484,1.0,1,1,1
13485,0.2,2,1,1
13486,0.2,1,0,0
13487,1.0,0,0,0
13488,0.2,1,0,1
13489,0.2,1,0,1
13490,0.2,3,1,0
13491,0.2,2,0,0
13492,0.2,1,0,0
13493,0.2,0,0,0
13494,0.2,2,1,1
13495,0.2,1,1,1
13496,0.2,3,0,0
13497,0.2,2,1,0
13498,2.2,2,1,1
13499,0.2,2,1,1
13500,0.2,2,1,1
13501,0.2,0,1,0
13502,2.2,1,1,1
13503,1.0,2,0,0
13504,1.0,1,0,0
13505,0.2,2,1,1
13506,0.2,0,0,1
13507,0.2,0,1,0
13508,0.2,3,0,0
13509,0.2,2,1,0
13510,0.2,1,0,1
13511,0.2,2,0,0
13512,0.2,1,0,0
13513,0.2,2,0,0
13514,0.2,1,0,0
13515,0.2,2,0,0
13516,1.0,2,0,0
13517,0.2,1,0,1
13518,0.2,3,0,0
13519,1.0,1,1,1
13520,0.2,1,1,0
13521,1.0,2,0,0
13522,0.2,3,1,1
13523,0.2,3,0,0
13524,1.0,2,1,1
13525,0.2,1,0,0
13526,0.2,2,1,1
13527,1.0,2,1,1
13528,0.2,1,1,0
13529,0.2,1,0,0
13530,0.2,3,1,1
13531,1.0,1,0,0
13532,0.2,3,0,0
13533,0.2,3,0,1
13534,0.2,2,1,0
13535,1.0,3,1,1
13536,0.2,2,0,1
13537,0.2,2,0,0
13538,1.0,1,1,1
13539,1.0,0,0,1
13540,0.2,2,0,0
13541,0.2,2,1,1
13542,0.2,2,0,0
13543,0.2,3,0,0
13544,0.2,3,0,0
13545,0.2,0,1,1
13546,0.2,0,1,0
13547,0.2,2,1,1
13548,1.0,1,0,0
13549,0.2,2,1,1
13550,0.2,1,0,0
13551,0.2,2,0,0
13552,0.2,3,0,0
13553,0.2,2,1,1
13554,0.2,2,1,1
13555,0.2,1,0,0
13556,0.2,1,0,0
13557,0.2,1,1,0
13558,0.2,0,0,0
13559,0.2,1,0,0
13560,1.0,2,1,1
13561,1.0,1,1,1
13562,0.2,1,0,1
13563,0.2,2,0,0
13564,0.2,1,0,0
13565,0.2,3,1,1
13566,1.0,1,0,1
13567,0.2,1,1,1
13568,0.2,1,0,0
13569,0.2,1,1,0
13570,0.2,2,0,0
13571,0.2,2,0,0
13572,0.2,2,0,0
13573,0.2,1,1,1
13574,0.2,1,0,1
13575,0.2,0,0,0
13576,0.2,1,1,1
13577,0.2,2,1,1
13578,0.2,2,0,0
13579,0.2,1,0,0
13580,1.0,2,0,0
13581,1.0,0,1,1
13582,0.2,3,0,0
13583,0.2,1,1,1
13584,0.2,1,1,1
13585,0.2,2,0,0
13586,1.0,1,1,1
13587,0.2,1,1,0
13588,0.2,1,1,1
13589,0.2,1,1,0
13590,0.2,2,0,1
13591,1.0,3,1,1
13592,0.2,2,1,1
13593,1.0,0,0,1
13594,0.2,3,0,0
13595,0.2,2,1,0
13596,0.2,1,0,0
13597,1.0,2,1,1
13598,0.2,2,1,1
13599,1.0,2,1,1
13600,0.2,1,1,1
13601,2.2,3,1,1
13602,1.0,2,1,1
13603,1.0,2,1,1
13604,0.2,3,0,0
13605,1.0,3,0,1
13606,0.2,1,0,0
13607,1.0,0,0,1
13608,1.0,3,1,0
13609,0.2,0,0,0
13610,0.2,2,1,1
13611,0.2,1,0,0
13612,0.2,2,0,0
13613,0.2,2,1,1
13614,0.2,1,0,0
13615,1.0,2,1,1
13616,1.0,1,0,0
13617,0.2,1,1,0
13618,1.0,3,0,0
13619,1.0,1,0,0
13620,0.2,2,0,1
13621,1.0,1,0,1
13622,0.2,1,0,0
13623,0.2,2,0,0
13624,0.2,2,1,0
13625,0.2,1,0,0
13626,0.2,2,1,1
13627,0.2,2,0,0
13628,0.2,2,0,0
13629,0.2,2,1,1
13630,0.2,1,0,0
13631,0.2,1,1,0
13632,1.0,1,1,1
13633,1.0,2,1,1
13634,0.2,3,0,0
13635,0.2,2,1,1
13636,0.2,2,0,0
13637,0.2,1,1,1
13638,0.2,3,1,1
13639,0.2,2,1,1
13640,0.2,1,1,1
13641,0.2,1,1,0
13642,0.2,2,1,1
13643,0.2,1,0,1
13644,0.2,2,0,0
13645,0.2,2,0,0
13646,0.2,2,0,0
13647,1.0,2,0,0
13648,0.2,2,1,1
13649,0.2,2,1,1
13650,0.2,2,1,1
13651,1.0,1,1,0
13652,0.2,2,0,0
13653,0.2,2,1,0
13654,0.2,1,0,0
13655,0.2,1,1,1
13656,0.2,1,0,1
13657,0.2,2,0,0
13658,1.0,1,0,0
13659,1.0,0,1,1
13660,0.2,2,0,0
13661,1.0,1,1,0
13662,1.0,2,0,1
13663,0.2,2,0,0
13664,0.2,2,0,0
13665,2.2,0,1,1
13666,0.2,2,0,0
13667,0.2,2,0,0
13668,0.2,1,0,1
13669,0.2,1,0,0
13670,0.2,2,0,1
13671,1.0,1,1,1
13672,0.2,1,1,1
13673,0.2,0,1,1
13674,1.0,2,0,1
13675,0.2,1,1,1
13676,0.2,2,0,0
13677,0.2,1,0,0
13678,0.2,1,0,0
13679,0.2,0,1,1
13680,1.0,2,0,0
13681,0.2,1,0,0
13682,0.2,2,1,1
13683,0.2,1,0,1
13684,0.2,1,1,0
13685,0.2,3,0,0
13686,0.2,2,1,0
13687,0.2,1,1,1
13688,0.2,1,0,0
13689,0.2,2,1,0
13690,1.0,0,1,1
13691,0.2,1,0,0
13692,0.2,2,0,1
13693,0.2,0,1,1
13694,0.2,0,0,0
13695,0.2,1,1,1
13696,0.2,0,0,1
13697,0.2,2,0,0
13698,1.0,1,1,1
13699,0.2,0,0,0
13700,0.2,1,1,1
13701,0.2,2,1,0
13702,1.0,0,1,1
13703,1.0,2,1,1
13704,0.2,1,0,1
13705,0.2,2,1,1
13706,0.2,2,0,0
13707,1.0,2,1,1
13708,0.2,3,1,1
13709,0.2,1,1,0
13710,0.2,1,1,0
13711,0.2,1,0,0
13712,0.2,2,1,0
13713,0.2,1,1,1
13714,0.2,2,1,1
13715,1.0,2,0,0
13716,0.2,3,0,0
13717,0.2,3,0,0
13718,0.2,1,0,0
13719,0.2,1,0,0
13720,0.2,1,0,0
13721,0.2,2,1,1
13722,0.2,1,0,0
13723,0.2,1,0,0
13724,0.2,3,1,0
13725,0.2,1,1,1
13726,0.2,2,0,1
13727,0.2,1,0,0
13728,0.2,3,1,1
13729,0.2,1,0,0
13730,0.2,1,0,1
13731,0.2,2,1,0
13732,0.2,1,0,0
13733,0.2,2,0,0
13734,0.2,1,0,0
13735,0.2,0,0,0
13736,0.2,3,0,0
13737,0.2,1,1,1
13738,1.0,1,0,1
13739,1.0,3,0,0
13740,1.0,3,1,1
13741,0.2,2,0,0
13742,1.0,2,1,1
13743,0.2,1,0,0
13744,1.0,1,0,1
13745,1.0,2,0,1
13746,0.2,1,0,0
13747,0.2,2,0,0
13748,1.0,2,1,1
13749,0.2,0,0,0
13750,0.2,2,1,1
13751,0.2,0,1,1
13752,0.2,2,0,0
13753,0.2,2,0,0
13754,1.0,2,0,1
13755,0.2,1,1,1
13756,0.2,1,1,1
13757,0.2,1,0,0
13758,0.2,1,0,1
13759,1.0,2,0,0
13760,1.0,1,0,0
13761,1.0,2,1,1
13762,0.2,1,1,1
13763,0.2,0,0,0
13764,0.2,0,0,0
13765,0.2,1,0,0
13766,1.0,0,0,0
13767,0.2,0,0,1
13768,1.0,2,0,1
13769,1.0,0,0,1
13770,0.2,2,1,0
13771,1.4,2,0,0
13772,1.0,1,0,0
13773,2.2,2,1,1
13774,0.2,2,0,0
13775,0.2,2,0,0
13776,0.2,1,1,1
13777,0.2,2,1,1
13778,0.2,2,1,1
13779,0.2,0,1,1
13780,0.2,2,1,0
13781,0.2,2,0,1
13782,1.0,2,0,1
13783,0.2,2,0,0
13784,0.2,2,0,1
13785,0.2,1,1,0
13786,0.2,2,0,0
13787,0.2,0,0,1
13788,0.2,2,0,0
13789,0.2,2,0,0
13790,0.2,2,0,1
13791,0.2,2,0,0
13792,1.0,3,0,0
13793,0.2,1,0,0
13794,0.2,1,0,0
13795,0.2,3,1,0
13796,1.0,2,0,0
13797,0.2,1,0,0
13798,0.2,3,0,0
13799,1.0,1,0,1
13800,0.2,1,1,1
13801,0.2,1,0,0
13802,0.2,2,1,1
13803,1.0,1,0,1
13804,0.2,2,1,1
13805,0.2,1,0,0
13806,0.2,1,1,1
13807,1.0,2,1,1
13808,0.2,2,0,0
13809,0.2,1,1,1
13810,2.2,0,1,1
13811,0.2,3,1,1
13812,0.2,1,1,1
13813,2.2,1,1,1
13814,0.2,0,0,0
13815,0.2,3,0,0
13816,1.0,1,1,1
13817,0.2,1,0,1
13818,0.2,1,1,1
13819,0.2,2,0,1
13820,0.2,2,1,0
13821,0.2,1,0,0
13822,0.2,0,0,0
13823,0.2,1,1,0
13824,0.2,3,0,0
13825,0.2,2,1,1
13826,0.2,2,1,0
13827,0.2,3,0,0
13828,0.2,1,1,1
13829,0.2,3,1,0
13830,1.0,3,1,1
13831,1.0,2,1,1
13832,1.0,0,1,1
13833,0.2,3,0,0
13834,0.2,2,0,1
13835,1.0,2,1,1
13836,0.2,2,1,1
13837,1.0,3,0,0
13838,0.2,2,0,0
13839,1.0,2,0,1
13840,0.2,2,0,0
13841,0.2,1,1,1
13842,2.2,1,0,0
13843,0.2,2,1,1
13844,0.2,2,0,0
13845,0.2,3,1,0
13846,0.2,3,1,1
13847,2.2,1,1,1
13848,0.2,2,1,1
13849,0.2,2,1,1
13850,0.2,1,0,1
13851,0.2,3,0,0
13852,0.2,2,0,1
13853,1.0,1,1,1
13854,0.2,2,1,0
13855,0.2,1,1,1
13856,0.2,0,1,1
13857,0.2,2,1,1
13858,0.2,0,0,0
13859,0.2,2,1,0
13860,0.2,2,0,0
13861,0.2,2,1,1
13862,0.2,0,0,0
13863,0.2,2,0,0
13864,0.2,1,0,0
13865,0.2,0,1,1
13866,0.2,2,0,0
13867,0.2,2,1,1
13868,0.2,2,0,0
13869,0.2,2,1,1
13870,0.2,3,0,0
13871,1.0,2,0,0
13872,0.2,1,1,1
13873,1.0,3,0,0
13874,1.0,1,0,0
13875,0.2,2,0,0
13876,1.0,1,0,1
13877,0.2,2,0,0
13878,0.2,0,0,0
13879,0.2,2,1,1
13880,0.2,1,0,0
13881,1.0,3,0,1
13882,1.0,1,1,1
13883,0.2,2,0,1
13884,0.2,2,0,1
13885,0.2,0,0,0
13886,1.0,1,0,0
13887,0.2,1,0,1
13888,0.2,3,0,1
13889,1.0,1,1,1
13890,1.0,2,1,1
13891,0.2,2,1,0
13892,1.0,0,0,1
13893,0.2,1,0,0
13894,0.2,1,1,1
13895,1.0,1,1,0
13896,0.2,1,0,0
13897,0.2,2,0,0
13898,0.2,1,0,0
13899,0.2,1,1,0
13900,2.2,1,1,1
13901,0.2,3,0,1
13902,0.2,2,1,1
13903,1.0,3,1,1
13904,1.0,2,1,1
13905,1.0,2,1,1
13906,0.2,1,1,1
13907,0.2,1,1,0
13908,0.2,2,0,0
13909,0.2,1,1,1
13910,0.2,2,1,1
13911,0.2,2,0,0
13912,0.2,2,1,1
13913,0.2,1,0,0
13914,0.2,0,1,0
13915,0.2,3,0,0
13916,0.2,2,0,0
13917,0.2,1,0,0
13918,0.2,2,1,0
13919,0.2,1,0,1
13920,0.2,0,1,1
13921,0.2,2,0,0
13922,1.0,2,1,1
13923,0.2,3,0,0
13924,0.2,2,1,1
13925,1.0,0,1,1
13926,0.2,2,0,0
13927,0.2,1,0,1
13928,0.2,0,0,0
13929,0.2,0,1,1
13930,0.2,3,0,0
13931,0.2,3,1,1
13932,1.0,1,1,1
13933,0.2,2,0,0
13934,0.2,1,1,0
13935,0.2,1,0,0
13936,0.2,3,1,1
13937,1.0,2,0,1
13938,1.0,0,1,1
13939,0.2,2,1,1
13940,0.2,2,1,1
13941,1.0,3,1,1
13942,1.0,2,1,0
13943,1.0,1,1,1
13944,0.2,2,1,1
13945,1.0,2,0,0
13946,0.2,2,0,0
13947,0.2,2,0,0
13948,0.2,2,0,0
13949,0.2,1,1,1
13950,0.2,2,0,0
13951,0.2,1,0,0
13952,0.2,0,0,1
13953,1.0,2,0,0
13954,1.0,1,1,1
13955,0.2,1,1,0
13956,0.2,1,0,0
13957,0.2,3,0,0
13958,1.0,3,1,1
13959,0.2,1,0,0
13960,0.2,1,1,1
13961,0.2,2,0,0
13962,0.2,1,0,0
13963,0.2,1,0,0
13964,0.2,1,0,1
13965,0.2,1,0,0
13966,0.2,2,1,0
13967,0.2,1,0,0
13968,0.2,1,0,1
13969,1.0,0,1,0
13970,0.2,2,1,1
13971,1.0,1,1,1
13972,2.2,0,0,1
13973,1.0,2,1,1
13974,0.2,0,1,1
13975,0.2,2,1,1
13976,0.2,2,0,0
13977,1.0,2,1,0
13978,0.2,3,0,0
13979,0.2,2,0,0
13980,0.2,1,1,0
13981,1.0,1,0,1
13982,0.2,2,0,0
13983,0.2,3,0,0
13984,0.2,2,0,0
13985,0.2,3,1,1
13986,0.2,0,1,1
13987,1.0,2,1,1
13988,1.0,1,1,1
13989,0.2,3,0,0
13990,0.2,1,0,0
13991,0.2,2,0,0
13992,0.2,2,1,1
13993,1.0,1,0,1
13994,0.2,1,0,0
13995,0.2,1,0,0
13996,0.2,3,0,0
13997,0.2,0,1,1
13998,1.0,3,1,1
13999,0.2,2,1,1
14000,0.2,2,1,1
14001,1.0,2,1,1
14002,1.0,2,0,1
14003,0.2,0,1,1
14004,0.2,0,1,1
14005,0.2,2,1,1
14006,0.2,3,0,0
14007,1.0,1,1,1
14008,0.2,1,0,0
14009,0.2,2,1,1
14010,1.0,2,0,0
14011,0.2,2,1,1
14012,1.0,2,1,1
14013,0.2,1,1,1
14014,0.2,2,1,0
14015,0.2,1,0,1
14016,0.2,1,1,0
14017,0.2,1,0,0
14018,0.2,2,0,0
14019,1.0,2,1,1
14020,0.2,3,1,0
14021,1.0,1,1,1
14022,2.2,1,1,1
14023,0.2,2,0,0
14024,0.2,2,0,0
14025,0.2,3,0,0
14026,0.2,1,0,1
14027,0.2,1,1,1
14028,0.2,0,0,0
14029,0.2,2,0,0
14030,1.0,1,0,0
14031,0.2,1,0,0
14032,2.2,1,0,1
14033,0.2,1,0,0
14034,2.2,2,0,0
14035,0.2,2,0,0
14036,0.2,1,0,0
14037,0.2,1,1,1
14038,0.2,2,1,1
14039,1.0,1,0,0
14040,0.2,1,1,1
14041,0.2,0,1,1
14042,0.2,3,0,0
14043,1.0,2,1,1
14044,0.2,2,0,0
14045,0.2,2,0,0
14046,0.2,3,0,0
14047,0.2,2,0,0
14048,0.2,2,1,0
14049,1.0,1,0,1
14050,0.2,2,1,1
14051,0.2,3,0,0
14052,1.0,0,1,1
14053,0.2,3,0,0
14054,0.2,2,0,0
14055,0.2,1,1,0
14056,1.0,2,1,1
14057,0.2,1,0,0
14058,0.2,2,0,0
14059,0.2,2,0,0
14060,1.0,2,1,1
14061,0.2,1,1,1
14062,0.2,1,0,0
14063,0.2,2,0,0
14064,0.2,2,1,1
14065,0.2,1,1,1
14066,1.0,2,1,0
14067,2.2,3,1,1
14068,0.2,1,1,0
14069,0.2,1,0,0
14070,1.0,3,0,0
14071,0.2,2,1,1
14072,0.2,0,1,1
14073,0.2,1,0,0
14074,0.2,1,0,1
14075,0.2,0,0,0
14076,0.2,1,0,1
14077,0.2,1,1,0
14078,0.2,0,1,1
14079,0.2,3,0,0
14080,0.2,3,0,0
14081,0.2,0,0,0
14082,1.0,2,1,1
14083,0.2,3,1,1
14084,1.0,3,1,0
14085,0.2,1,0,0
14086,0.2,2,1,1
14087,0.2,2,0,0
14088,0.2,1,1,1
14089,0.2,1,1,1
14090,0.2,0,0,0
14091,1.0,0,0,1
14092,1.0,1,1,1
14093,0.2,0,0,0
14094,0.2,1,0,0
14095,0.2,1,1,1
14096,0.2,2,0,0
14097,0.2,1,0,0
14098,0.2,3,0,0
14099,0.2,2,0,0
14100,1.0,0,0,0
14101,0.2,1,0,1
14102,0.2,1,1,1
14103,0.2,2,0,1
14104,0.2,3,1,0
14105,0.2,1,1,1
14106,0.2,3,1,1
14107,0.2,2,0,0
14108,0.2,1,0,1
14109,0.2,2,1,1
14110,0.2,2,0,0
14111,1.0,1,1,1
14112,0.2,1,0,0
14113,0.2,2,0,0
14114,2.2,1,1,1
14115,1.0,2,1,1
14116,0.2,2,1,0
14117,0.2,0,1,0
14118,0.2,1,1,0
14119,1.0,1,1,1
14120,0.2,1,1,0
14121,0.2,1,1,1
14122,1.0,2,0,0
14123,1.0,2,1,0
14124,0.2,2,0,0
14125,2.2,1,1,1
14126,0.2,1,1,1
14127,0.2,1,0,0
14128,0.2,2,0,1
14129,0.2,1,0,0
14130,0.2,2,0,1
14131,0.2,2,0,0
14132,1.0,0,1,1
14133,0.2,2,1,1
14134,0.2,1,1,1
14135,0.2,1,0,0
14136,0.2,2,0,0
14137,0.2,3,0,0
14138,0.2,1,1,1
14139,0.2,3,0,0
14140,1.0,1,0,1
14141,0.2,1,0,0
14142,0.2,3,1,1
14143,0.2,2,0,0
14144,0.2,3,1,1
14145,0.2,1,0,0
14146,0.2,1,1,0
14147,0.2,0,0,0
14148,0.2,1,0,0
14149,0.2,2,1,1
14150,0.2,1,0,0
14151,0.2,1,1,1
14152,1.0,0,1,1
14153,1.0,0,1,1
14154,1.0,2,1,1
14155,0.2,1,0,1
14156,0.2,1,1,1
14157,0.2,0,1,1
14158,0.2,0,0,0
14159,1.0,1,1,1
14160,0.2,1,1,1
14161,1.0,1,1,1
14162,0.2,2,1,0
14163,0.2,3,1,0
14164,0.2,2,1,1
14165,1.0,2,1,1
14166,0.2,2,0,0
14167,0.2,2,0,1
14168,0.2,1,0,0
14169,0.2,1,0,0
14170,1.0,1,1,1
14171,1.0,1,1,1
14172,0.2,2,1,1
14173,1.0,2,0,1
14174,0.2,2,1,1
14175,0.2,1,0,1
14176,0.2,1,0,0
14177,0.2,2,0,0
14178,0.2,1,1,1
14179,0.2,0,0,0
14180,0.2,0,1,1
14181,1.0,3,0,0
14182,0.2,0,1,0
14183,0.2,0,1,1
14184,0.2,2,0,1
14185,0.2,2,0,0
14186,0.2,2,1,0
14187,1.0,2,1,1
14188,0.2,2,1,0
14189,0.2,2,0,1
14190,0.2,2,1,0
14191,1.0,2,1,1
14192,0.2,2,1,1
14193,0.2,1,1,1
14194,0.2,1,1,1
14195,1.0,0,1,1
14196,0.2,0,1,1
14197,1.0,2,1,0
14198,0.2,2,0,0
14199,0.2,1,0,0
14200,0.2,2,1,1
14201,0.2,1,1,1
14202,0.2,2,1,1
14203,0.2,2,0,0
14204,0.2,1,1,1
14205,1.0,2,1,1
14206,1.0,2,1,1
14207,0.2,2,1,1
14208,0.2,1,0,1
14209,1.0,1,1,1
14210,0.2,2,0,0
14211,0.2,2,0,0
14212,1.8,0,1,1
14213,0.2,3,0,0
14214,0.2,1,1,1
14215,0.2,3,1,1
14216,0.2,2,0,0
14217,1.0,1,0,0
14218,2.2,3,1,1
14219,0.2,2,1,0
14220,1.0,1,1,0
14221,0.2,3,0,0
14222,0.2,2,0,1
14223,0.2,2,0,0
14224,1.0,0,1,1
14225,0.2,3,0,0
14226,0.2,3,0,0
14227,0.2,1,1,0
14228,1.0,1,1,1
14229,0.2,2,0,1
14230,0.2,0,0,0
14231,0.2,2,0,0
14232,0.2,3,0,0
14233,0.2,2,1,1
14234,0.2,0,0,1
14235,1.0,1,1,1
14236,0.2,2,0,0
14237,0.2,1,0,0
14238,2.2,1,1,1
14239,0.2,1,1,1
14240,2.5999999999999996,1,0,0
14241,0.2,1,0,1
14242,1.0,2,1,1
14243,0.2,1,1,1
14244,0.2,2,1,0
14245,1.0,0,0,0
14246,1.0,1,0,1
14247,0.2,2,0,1
14248,0.2,2,0,0
14249,1.0,2,1,1
14250,0.2,2,0,0
14251,0.2,2,1,0
14252,0.2,2,1,1
14253,0.2,0,1,0
14254,1.0,0,0,1
14255,0.2,1,0,0
14256,0.2,1,1,1
14257,0.2,1,1,1
14258,0.2,2,1,1
14259,0.2,2,1,0
14260,0.2,2,0,0
14261,0.2,3,0,0
14262,0.2,1,0,0
14263,0.2,3,0,0
14264,0.2,2,0,0
14265,0.2,3,0,0
14266,1.0,0,1,1
14267,0.2,2,1,1
14268,0.2,3,0,1
14269,0.2,2,1,0
14270,0.2,1,1,0
14271,0.2,3,1,0
14272,0.2,2,0,0
14273,0.2,1,0,1
14274,0.2,1,0,0
14275,0.2,1,0,0
14276,0.2,2,1,1
14277,0.2,1,1,1
14278,0.2,1,0,1
14279,0.2,2,1,1
14280,0.2,2,1,1
14281,0.2,2,0,0
14282,1.0,1,1,0
14283,0.2,1,0,0
14284,1.0,3,0,1
14285,0.2,2,1,1
14286,0.2,1,1,1
14287,0.2,3,0,0
14288,0.2,1,0,0
14289,1.0,3,1,1
14290,0.2,2,0,0
14291,1.0,0,0,0
14292,0.2,3,1,1
14293,0.2,1,1,0
14294,1.0,1,0,0
14295,0.2,0,0,0
14296,1.0,1,1,1
14297,0.2,2,0,0
14298,0.2,1,1,0
14299,0.2,0,1,1
14300,0.2,3,0,0
14301,0.2,1,1,1
14302,0.2,1,0,0
14303,0.2,1,0,0
14304,1.0,2,1,1
14305,0.2,1,1,1
14306,0.2,1,0,0
14307,0.2,3,0,0
14308,0.2,3,0,0
14309,0.2,1,0,0
14310,0.2,0,0,0
14311,1.0,3,0,0
14312,0.2,3,0,0
14313,1.0,1,0,0
14314,0.2,1,1,1
14315,0.2,1,1,0
14316,1.0,3,0,1
14317,0.2,0,0,0
14318,0.2,1,0,1
14319,0.2,3,0,1
14320,0.2,2,1,1
14321,0.2,1,1,1
14322,0.2,0,0,0
14323,1.0,2,0,1
14324,0.2,1,0,0
14325,0.2,1,0,0
14326,0.2,2,0,0
14327,1.0,1,0,0
14328,0.2,2,0,0
14329,0.2,1,1,0
14330,0.2,2,1,0
14331,0.2,2,1,1
14332,0.2,1,1,1
14333,0.2,1,0,1
14334,1.0,1,0,0
14335,0.2,1,1,1
14336,0.2,1,0,0
14337,2.2,2,1,1
14338,0.2,2,0,0
14339,1.0,2,1,0
14340,0.2,3,0,0
14341,0.2,2,0,0
14342,1.0,1,1,1
14343,2.2,1,0,1
14344,1.0,2,1,0
14345,0.2,1,0,0
14346,0.2,2,0,0
14347,0.2,1,0,1
14348,0.2,2,0,0
14349,0.2,2,0,0
14350,1.0,1,1,1
14351,0.2,2,0,0
14352,0.2,1,1,1
14353,1.0,1,0,0
14354,1.0,0,0,1
14355,0.2,2,0,0
14356,0.2,2,1,1
14357,0.2,2,1,0
14358,0.2,2,1,1
14359,0.2,2,0,0
14360,1.0,2,1,1
14361,0.2,2,1,0
14362,0.2,1,1,1
14363,0.2,2,1,1
14364,0.2,2,0,0
14365,0.2,2,1,1
14366,0.2,1,0,0
14367,0.2,3,1,1
14368,0.2,1,1,1
14369,0.2,2,0,0
14370,1.0,2,0,1
14371,0.2,2,1,1
14372,0.2,2,0,0
14373,2.2,1,1,1
14374,0.2,2,1,1
14375,1.0,3,1,1
14376,0.2,2,0,0
14377,0.2,1,0,0
14378,0.2,1,1,0
14379,0.2,2,1,1
14380,1.0,1,0,0
14381,3.4000000000000004,2,1,1
14382,0.2,2,0,0
14383,0.2,2,1,0
14384,0.2,2,1,0
14385,0.2,2,0,0
14386,0.2,2,1,1
14387,0.2,3,0,0
14388,0.2,0,1,1
14389,2.2,2,0,1
14390,0.2,2,1,0
14391,0.2,1,1,1
14392,0.2,1,0,1
14393,1.0,1,1,1
14394,0.2,2,0,0
14395,0.2,1,0,0
14396,0.2,3,0,0
14397,0.2,1,0,1
14398,0.2,2,1,1
14399,0.2,2,1,0
14400,0.2,0,1,1
14401,0.2,2,0,0
14402,0.2,2,0,0
14403,0.2,3,1,0
14404,0.2,1,0,1
14405,0.2,3,0,0
14406,0.2,1,0,0
14407,0.2,1,1,1
14408,0.2,1,1,0
14409,0.2,1,1,1
14410,0.2,0,0,0
14411,1.0,2,1,1
14412,1.0,1,1,1
14413,1.0,2,1,1
14414,0.2,2,1,1
14415,0.2,2,0,0
14416,0.2,0,1,1
14417,0.2,3,0,0
14418,0.2,1,0,0
14419,1.0,3,1,1
14420,0.2,0,1,1
14421,0.2,2,0,0
14422,0.2,0,1,1
14423,0.2,0,1,1
14424,0.2,0,1,1
14425,1.0,0,1,1
14426,1.0,1,0,1
14427,1.0,1,1,1
14428,0.2,1,0,1
14429,0.2,1,0,0
14430,0.2,3,0,0
14431,0.2,2,0,0
14432,0.2,1,0,0
14433,0.2,2,1,0
14434,0.2,1,1,1
14435,0.2,2,1,1
14436,1.0,0,1,1
14437,1.0,1,1,1
14438,0.2,2,0,0
14439,1.0,2,0,1
14440,0.2,1,0,1
14441,0.2,1,0,0
14442,0.2,2,0,0
14443,1.0,0,1,1
14444,0.2,1,0,0
14445,0.2,3,0,0
14446,0.2,0,1,1
14447,0.2,2,0,0
14448,0.2,1,0,0
14449,0.2,2,1,1
14450,0.2,3,0,1
14451,0.2,2,0,0
14452,1.0,3,1,1
14453,1.0,2,1,1
14454,0.2,1,0,0
14455,0.2,1,0,0
14456,0.2,1,1,0
14457,2.2,2,1,1
14458,1.0,1,0,0
14459,0.2,1,0,0
14460,0.2,2,1,1
14461,0.2,2,0,0
14462,0.2,2,0,0
14463,0.2,1,1,1
14464,0.2,1,1,1
14465,0.2,0,1,1
14466,0.2,2,1,0
14467,0.2,1,1,0
14468,0.2,2,0,0
14469,0.2,3,0,0
14470,0.2,3,1,0
14471,0.2,1,1,1
14472,0.2,2,1,1
14473,0.2,3,0,0
14474,0.2,2,1,0
14475,1.0,1,1,1
14476,0.2,2,0,0
14477,1.0,1,1,1
14478,0.2,3,1,1
14479,1.8,0,0,1
14480,0.2,3,1,1
14481,0.2,0,1,0
14482,0.2,3,0,0
14483,0.2,2,1,0
14484,0.2,0,1,1
14485,1.8,3,0,0
14486,2.2,1,1,1
14487,1.0,3,1,1
14488,0.2,1,0,0
14489,0.2,1,1,1
14490,0.2,2,1,1
14491,0.2,2,1,1
14492,1.0,3,1,1
14493,0.2,1,0,0
14494,0.2,2,0,1
14495,1.0,2,1,1
14496,0.2,2,1,1
14497,1.0,2,1,1
14498,0.2,1,0,1
14499,0.2,2,1,1
14500,0.2,1,0,0
14501,0.2,2,0,0
14502,0.2,1,1,1
14503,0.2,2,0,0
14504,0.2,0,0,0
14505,0.2,1,1,1
14506,1.0,2,0,1
14507,0.2,1,1,1
14508,0.2,0,0,0
14509,0.2,1,0,0
14510,0.2,0,0,1
14511,0.2,2,0,0
14512,1.0,3,1,0
14513,0.2,2,0,0
14514,1.0,0,1,1
14515,0.2,1,1,1
14516,0.2,2,1,1
14517,0.2,2,0,0
14518,0.2,3,1,1
14519,0.2,3,1,1
14520,0.2,0,0,0
14521,0.2,2,1,1
14522,0.2,1,1,0
14523,0.2,0,0,0
14524,0.2,1,1,1
14525,0.2,1,1,1
14526,0.2,2,0,0
14527,0.2,2,1,1
14528,0.2,2,1,1
14529,0.2,2,0,0
14530,0.2,1,1,0
14531,1.0,0,0,0
14532,0.2,0,1,0
14533,0.2,2,1,1
14534,0.2,1,0,1
14535,1.0,1,1,0
14536,0.2,0,0,1
14537,0.2,1,0,0
14538,0.2,3,1,1
14539,0.2,1,1,1
14540,2.2,1,1,1
14541,0.2,1,0,1
14542,0.2,2,1,1
14543,0.2,1,0,0
14544,0.2,2,0,0
14545,0.2,3,0,0
14546,0.2,2,0,0
14547,0.2,2,0,0
14548,0.2,3,0,0
14549,0.2,2,0,0
14550,2.2,1,1,1
14551,0.2,1,0,0
14552,0.2,3,0,0
14553,0.2,2,0,0
14554,0.2,2,0,0
14555,0.2,1,0,0
14556,0.2,3,1,1
14557,0.2,2,0,0
14558,0.2,2,0,0
14559,0.2,0,0,1
14560,2.2,1,1,1
14561,0.2,1,0,0
14562,1.0,0,1,1
14563,0.2,2,0,0
14564,0.2,2,0,0
14565,1.0,2,1,1
14566,0.2,1,1,1
14567,1.0,1,1,1
14568,0.2,2,0,0
14569,0.2,1,0,0
14570,0.2,2,0,0
14571,0.2,0,0,1
14572,0.2,1,0,0
14573,0.2,1,0,0
14574,1.0,2,1,1
14575,0.2,3,1,0
14576,0.2,1,1,1
14577,0.2,3,0,0
14578,0.2,3,0,0
14579,0.2,1,1,1
14580,1.0,2,0,0
14581,0.2,1,1,1
14582,0.2,3,0,0
14583,0.2,1,1,0
14584,0.2,1,0,0
14585,0.2,3,0,0
14586,1.0,2,1,1
14587,0.2,2,1,1
14588,0.2,2,1,1
14589,0.2,1,0,0
14590,0.2,2,0,0
14591,0.2,0,1,0
14592,1.0,0,1,1
14593,0.2,0,1,1
14594,0.2,3,0,0
14595,1.0,1,1,1
14596,0.2,0,0,0
14597,1.0,3,0,1
14598,0.2,2,1,1
14599,0.2,2,0,0
14600,0.2,2,1,1
14601,0.2,3,1,0
14602,0.2,2,0,0
14603,0.2,2,0,1
14604,0.2,2,1,1
14605,1.0,1,1,1
14606,1.0,1,1,1
14607,0.2,1,1,0
14608,0.2,3,1,0
14609,0.2,2,1,0
14610,0.2,0,1,1
14611,0.2,1,1,1
14612,0.2,2,0,0
14613,0.2,2,0,0
14614,0.2,2,0,1
14615,1.0,1,0,1
14616,0.2,2,0,1
14617,0.2,1,1,1
14618,1.0,2,1,1
14619,0.2,2,1,1
14620,1.8,1,1,1
14621,0.2,1,0,0
14622,0.2,1,0,0
14623,1.0,1,1,1
14624,0.2,3,1,0
14625,0.2,1,0,0
14626,0.2,2,1,1
14627,0.2,2,1,0
14628,0.2,3,0,1
14629,1.0,2,1,1
14630,1.0,0,1,1
14631,0.2,2,0,0
14632,1.0,3,0,0
14633,0.2,3,0,0
14634,0.2,1,0,0
14635,0.2,1,0,1
14636,2.2,2,1,0
14637,1.0,1,1,1
14638,0.2,1,0,0
14639,1.0,3,1,1
14640,3.8,0,0,0
14641,0.2,1,0,0
14642,0.2,2,1,1
14643,0.2,1,0,0
14644,1.0,2,1,1
14645,0.2,2,0,0
14646,1.0,0,0,1
14647,0.2,1,0,0
14648,1.0,1,0,1
14649,0.2,2,0,0
14650,0.2,2,0,0
14651,0.2,1,0,1
14652,0.2,1,1,1
14653,0.2,2,1,1
14654,0.2,1,0,0
14655,0.2,3,0,0
14656,1.0,3,0,1
14657,0.2,1,1,1
14658,2.2,1,1,1
14659,0.2,1,0,0
14660,0.2,0,1,1
14661,0.2,2,0,0
14662,1.0,2,0,0
14663,0.2,2,1,1
14664,0.2,3,0,0
14665,0.2,2,1,1
14666,1.0,2,1,1
14667,1.4,3,0,0
14668,0.2,2,0,1
14669,0.2,2,0,0
14670,0.2,3,0,0
14671,0.2,1,0,0
14672,1.0,2,0,1
14673,0.2,2,1,1
14674,0.2,3,0,0
14675,0.2,1,0,0
14676,0.2,1,0,0
14677,2.2,2,1,1
14678,0.2,2,0,0
14679,0.2,1,0,0
14680,1.0,1,1,1
14681,1.0,1,1,1
14682,0.2,1,0,0
14683,0.2,0,1,1
14684,0.2,2,1,0
14685,0.2,2,0,0
14686,0.2,1,0,0
14687,0.2,3,0,0
14688,0.2,1,1,0
14689,0.2,2,0,1
14690,0.2,2,0,0
14691,0.2,0,0,0
14692,0.2,1,1,1
14693,0.2,2,0,0
14694,1.0,1,1,1
14695,0.2,1,0,0
14696,0.2,1,1,1
14697,1.0,2,1,1
14698,0.2,1,1,1
14699,0.2,2,0,0
14700,0.2,2,0,0
14701,2.2,2,1,1
14702,2.5999999999999996,0,0,0
14703,0.2,1,1,1
14704,0.2,2,0,0
14705,0.2,1,0,1
14706,0.2,2,1,1
14707,1.0,0,0,1
14708,0.2,0,1,1
14709,1.0,0,1,1
14710,0.2,1,1,1
14711,0.2,1,0,0
14712,1.0,1,1,1
14713,1.0,0,1,0
14714,2.2,2,1,1
14715,0.2,1,1,1
14716,0.2,0,0,1
14717,0.2,2,0,1
14718,0.2,3,0,0
14719,0.2,3,1,1
14720,1.0,1,1,1
14721,1.0,1,1,1
14722,1.0,2,1,1
14723,0.2,2,0,0
14724,0.2,2,1,1
14725,0.2,2,0,0
14726,1.0,2,1,1
14727,1.0,2,0,1
14728,1.0,1,0,1
14729,1.0,3,1,1
14730,0.2,0,1,1
14731,1.0,2,0,1
14732,1.0,1,1,1
14733,0.2,2,0,0
14734,0.2,2,0,0
14735,0.2,2,0,0
14736,0.2,1,0,1
14737,0.2,1,0,0
14738,0.2,1,1,0
14739,0.2,0,0,0
14740,1.0,2,1,1
14741,1.0,3,1,1
14742,0.2,0,1,1
14743,1.0,2,0,1
14744,0.2,2,1,1
14745,0.2,2,1,1
14746,1.0,2,0,0
14747,0.2,3,0,0
14748,0.2,0,0,1
14749,1.0,1,1,1
14750,0.2,1,0,0
14751,0.2,2,0,0
14752,1.0,1,1,1
14753,0.2,2,0,0
14754,0.2,0,0,0
14755,0.2,2,0,0
14756,1.0,1,1,0
14757,0.2,2,1,0
14758,0.2,1,0,1
14759,0.2,2,0,0
14760,0.2,3,0,0
14761,0.2,1,0,1
14762,0.2,0,1,1
14763,1.0,3,1,1
14764,1.0,3,0,0
14765,1.0,1,1,1
14766,0.2,1,0,0
14767,1.0,0,1,1
14768,0.2,3,0,1
14769,0.2,1,0,1
14770,0.2,0,0,0
14771,0.2,2,1,0
14772,0.2,1,0,0
14773,0.2,3,0,0
14774,0.2,2,0,0
14775,0.2,2,1,0
14776,1.0,2,1,1
14777,0.2,2,0,0
14778,0.2,0,1,1
14779,0.2,1,1,0
14780,0.2,1,1,1
14781,0.2,1,1,1
14782,1.0,1,1,1
14783,1.0,1,1,1
14784,0.2,1,1,1
14785,0.2,1,1,1
14786,0.2,2,1,1
14787,0.2,1,1,1
14788,1.0,0,1,1
14789,0.2,3,0,0
14790,1.0,2,1,1
14791,0.2,3,0,0
14792,1.0,0,1,1
14793,1.0,0,1,1
14794,0.2,1,1,1
14795,1.0,2,1,1
14796,0.2,1,1,0
14797,0.2,2,1,0
14798,0.2,1,0,0
14799,0.2,1,1,0
14800,1.0,1,1,1
14801,1.0,2,0,0
14802,0.2,1,0,0
14803,0.2,1,0,1
14804,0.2,0,1,1
14805,0.2,2,0,0
14806,0.2,2,1,1
14807,0.2,1,1,1
14808,0.2,1,1,1
14809,0.2,1,1,1
14810,1.0,1,1,1
14811,0.2,3,0,0
14812,1.0,1,0,1
14813,0.2,2,0,0
14814,0.2,1,0,0
14815,1.0,2,1,1
14816,0.2,2,0,0
14817,0.2,1,1,1
14818,1.0,1,1,1
14819,0.2,1,1,1
14820,1.0,2,1,1
14821,0.2,3,0,0
14822,1.0,1,1,1
14823,0.2,0,0,0
14824,2.2,3,1,1
14825,0.2,0,0,0
14826,2.5999999999999996,1,1,1
14827,1.0,3,0,1
14828,0.2,1,1,0
14829,2.2,3,1,1
14830,0.2,1,0,0
14831,0.2,2,1,0
14832,0.2,2,1,1
14833,0.2,1,1,0
14834,0.2,1,0,0
14835,0.2,3,0,0
14836,1.0,0,1,1
14837,0.2,0,1,1
14838,0.6000000000000001,2,1,0
14839,0.2,1,0,0
14840,0.2,2,0,1
14841,0.2,2,0,0
14842,0.2,1,1,1
14843,0.2,1,1,1
14844,0.2,1,0,0
14845,1.0,1,1,1
14846,2.2,2,0,1
14847,0.2,1,1,1
14848,0.2,1,0,0
14849,0.2,3,0,0
14850,1.0,2,1,1
14851,0.2,3,0,0
14852,0.2,2,0,1
14853,0.2,1,1,0
14854,0.2,1,0,0
14855,1.0,3,1,1
14856,0.2,1,1,1
14857,1.0,1,1,1
14858,1.0,3,1,1
14859,0.2,1,1,0
14860,0.2,2,0,0
14861,1.0,1,1,1
14862,0.2,2,0,0
14863,0.2,2,0,0
14864,0.2,2,1,1
14865,0.2,2,1,0
14866,0.2,2,1,1
14867,1.0,1,1,1
14868,0.2,0,0,0
14869,0.2,2,1,1
14870,0.2,2,0,0
14871,0.2,1,0,0
14872,2.2,0,1,1
14873,0.2,2,0,0
14874,0.2,1,1,1
14875,0.2,2,0,0
14876,0.2,1,0,0
14877,0.2,3,0,0
14878,0.2,0,0,0
14879,0.2,1,1,1
14880,0.2,1,1,1
14881,0.2,3,0,0
14882,0.2,0,0,0
14883,0.2,2,1,0
14884,0.2,2,0,1
14885,0.2,2,1,1
14886,0.2,2,0,0
14887,0.2,1,1,1
14888,0.2,2,0,1
14889,0.2,2,0,0
14890,0.2,1,1,1
14891,1.0,1,1,1
14892,0.2,0,1,1
14893,0.2,1,0,0
14894,1.0,2,0,0
14895,0.2,1,1,1
14896,0.2,3,0,1
14897,2.2,3,1,1
14898,0.2,3,1,0
14899,0.2,0,1,1
14900,0.2,0,0,0
14901,0.2,1,0,0
14902,0.2,1,0,1
14903,0.2,3,1,1
14904,1.0,2,1,1
14905,0.2,2,0,0
14906,0.2,2,0,0
14907,0.2,2,0,0
14908,0.2,0,0,0
14909,0.2,2,1,0
14910,0.2,0,0,0
14911,0.2,1,1,1
14912,0.2,1,1,1
14913,0.2,2,1,1
14914,0.2,2,1,1
14915,0.2,2,0,0
14916,0.2,1,1,1
14917,0.2,3,0,0
14918,0.2,0,1,1
14919,0.2,1,0,1
14920,0.2,1,0,1
14921,0.2,3,0,0
14922,0.2,3,1,0
14923,0.2,1,1,0
14924,1.0,3,0,1
14925,0.2,3,1,0
14926,0.2,1,1,1
14927,0.2,1,1,1
14928,0.2,1,0,0
14929,0.2,0,0,0
14930,0.2,2,0,0
14931,0.2,1,0,0
14932,0.2,1,0,0
14933,0.2,1,1,1
14934,1.0,1,0,0
14935,0.2,2,0,0
14936,0.2,0,0,0
14937,0.2,3,0,0
14938,0.2,1,0,0
14939,0.2,1,0,0
14940,0.2,2,0,1
14941,0.2,1,0,0
14942,0.2,1,1,1
14943,1.0,1,1,0
14944,2.2,0,1,1
14945,0.2,1,0,0
14946,0.2,3,1,1
14947,0.2,2,0,0
14948,0.2,3,1,1
14949,0.2,1,1,1
14950,0.2,3,1,1
14951,0.2,1,0,0
14952,0.2,3,1,0
14953,0.2,2,1,1
14954,0.2,1,0,1
14955,1.0,1,1,1
14956,1.0,2,0,0
14957,0.2,2,0,0
14958,1.0,2,0,0
14959,0.2,3,1,1
14960,0.2,3,1,1
14961,0.2,1,1,1
14962,0.2,2,1,1
14963,0.2,3,0,0
14964,1.0,1,0,1
14965,1.0,1,1,0
14966,0.2,3,0,0
14967,0.2,2,0,0
14968,0.2,1,0,0
14969,0.2,2,1,0
14970,2.2,1,1,1
14971,0.2,1,1,1
14972,0.2,3,1,0
14973,0.2,1,1,1
14974,0.2,2,1,1
14975,2.2,2,1,1
14976,0.2,2,0,0
14977,0.2,0,0,0
14978,1.0,3,1,0
14979,0.2,2,0,0
14980,1.0,2,1,1
14981,0.2,1,1,1
14982,1.0,2,1,1
14983,0.2,1,1,1
14984,0.2,2,1,1
14985,0.2,2,1,0
14986,1.0,0,1,1
14987,1.0,2,1,1
14988,0.2,2,1,0
14989,0.2,2,1,0
14990,0.2,1,1,0
14991,0.2,2,1,1
14992,0.2,1,0,0
14993,0.2,3,0,0
14994,1.0,1,0,0
14995,0.2,2,1,1
14996,0.2,3,0,0
14997,1.0,3,1,1
14998,0.2,3,1,0
14999,0.2,1,1,1
15000,0.2,1,1,1
15001,0.2,2,0,0
15002,0.2,2,0,1
15003,0.2,2,0,0
15004,0.2,1,0,1
15005,0.2,2,0,0
15006,0.2,1,0,0
15007,0.2,2,1,1
15008,1.0,1,1,1
15009,0.2,1,0,0
15010,0.2,0,1,1
15011,0.2,2,0,0
15012,0.2,1,0,0
15013,1.0,1,1,0
15014,0.2,2,0,0
15015,1.0,2,0,1
15016,0.2,2,1,0
15017,0.2,2,1,1
15018,0.2,1,1,1
15019,1.0,1,1,1
15020,0.2,2,0,1
15021,0.2,1,1,1
15022,1.0,1,1,1
15023,0.2,1,1,1
15024,0.2,1,0,1
15025,0.2,2,0,0
15026,0.2,1,0,0
15027,0.2,2,1,1
15028,0.2,2,1,0
15029,0.2,1,1,0
15030,0.2,2,1,1
15031,0.2,3,0,0
15032,1.0,1,1,1
15033,0.2,3,0,0
15034,0.2,2,1,0
15035,0.2,1,0,1
15036,0.2,2,1,1
15037,1.0,1,0,0
15038,0.2,2,0,0
15039,1.0,0,1,1
15040,0.2,1,0,0
15041,0.2,1,0,0
15042,0.2,2,0,1
15043,0.2,1,0,0
15044,1.0,2,1,1
15045,0.2,3,0,0
15046,0.2,2,0,0
15047,1.0,1,0,0
15048,0.2,1,0,0
15049,0.2,1,0,0
15050,0.2,1,1,0
15051,0.2,2,0,0
15052,0.2,3,0,0
15053,1.0,1,1,1
15054,0.2,2,0,0
15055,0.2,1,0,0
15056,0.2,1,0,0
15057,0.2,1,1,0
15058,0.2,0,1,1
15059,0.2,1,0,0
15060,1.0,1,0,0
15061,0.2,1,0,1
15062,0.2,2,0,0
15063,0.2,1,0,0
15064,0.2,2,1,1
15065,0.2,2,0,0
15066,0.2,2,1,1
15067,0.2,1,0,0
15068,0.2,2,0,0
15069,1.0,2,1,1
15070,0.2,2,0,0
15071,1.0,1,1,1
15072,1.0,0,1,1
15073,0.2,1,1,1
15074,0.2,1,0,0
15075,0.2,2,0,0
15076,0.2,2,1,1
15077,0.2,3,1,1
15078,1.0,0,1,1
15079,0.2,2,0,0
15080,0.2,1,0,0
15081,0.2,2,1,1
15082,2.2,1,0,1
15083,0.2,1,1,0
15084,0.2,1,1,0
15085,1.0,1,1,1
15086,1.0,3,1,1
15087,0.2,3,1,0
15088,0.2,1,1,0
15089,1.0,2,1,1
15090,0.2,2,1,0
15091,1.0,2,1,1
15092,0.2,1,1,1
15093,0.2,1,1,0
15094,0.2,2,0,0
15095,0.2,2,0,0
15096,0.2,0,1,1
15097,1.0,2,1,0
15098,0.2,0,0,0
15099,0.2,1,0,1
15100,0.2,3,0,0
15101,0.2,2,0,0
15102,0.2,1,1,0
15103,0.2,1,0,1
15104,1.0,3,0,0
15105,1.0,3,0,1
15106,0.2,2,1,0
15107,0.2,1,0,0
15108,1.0,1,0,1
15109,0.2,0,1,1
15110,0.2,1,1,1
15111,0.2,2,0,0
15112,0.2,0,1,1
15113,0.2,2,0,0
15114,0.2,1,0,0
15115,1.0,3,1,1
15116,0.2,3,0,0
15117,1.0,3,0,0
15118,0.2,3,0,0
15119,0.2,3,1,0
15120,1.0,1,1,0
15121,0.2,2,0,0
15122,1.0,0,0,0
15123,0.2,2,1,0
15124,0.2,2,0,0
15125,1.0,2,1,1
15126,0.2,2,0,0
15127,1.0,1,1,1
15128,0.2,1,0,0
15129,0.2,2,1,1
15130,1.0,1,1,1
15131,0.2,1,1,1
15132,1.0,2,0,0
15133,0.2,1,1,1
15134,0.2,1,1,1
15135,0.2,2,0,0
15136,1.0,2,0,0
15137,0.2,3,1,0
15138,0.2,1,1,1
15139,0.2,1,0,0
15140,0.2,2,0,1
15141,1.0,2,1,1
15142,0.2,2,1,1
15143,0.2,0,1,0
15144,1.0,2,1,1
15145,0.2,0,1,1
15146,0.2,1,1,0
15147,0.2,0,0,1
15148,1.0,1,1,1
15149,0.2,2,0,0
15150,0.2,0,1,0
15151,0.2,2,0,0
15152,1.0,3,1,1
15153,0.2,1,0,0
15154,1.0,3,0,1
15155,0.2,1,1,1
15156,1.0,2,1,1
15157,1.0,0,1,1
15158,1.0,2,1,1
15159,0.2,2,0,1
15160,1.0,2,0,1
15161,1.0,2,1,1
15162,0.2,3,0,0
15163,0.2,1,0,0
15164,0.2,3,0,0
15165,0.2,3,1,1
15166,0.2,3,0,1
15167,0.2,2,0,0
15168,0.2,1,0,1
15169,0.2,1,0,0
15170,0.2,0,1,1
15171,0.2,2,0,0
15172,1.0,2,0,1
15173,0.2,2,0,0
15174,0.2,3,0,0
15175,1.0,2,1,1
15176,0.2,1,1,1
15177,0.2,2,1,1
15178,1.0,2,0,1
15179,0.2,1,1,1
15180,0.2,2,0,0
15181,1.0,2,0,0
15182,0.2,1,1,1
15183,1.0,0,1,1
15184,0.2,3,1,1
15185,0.2,2,0,0
15186,0.2,2,1,1
15187,0.2,2,0,1
15188,1.0,1,0,1
15189,1.0,3,0,0
15190,1.0,1,1,0
15191,0.2,2,0,0
15192,1.0,2,1,1
15193,0.2,0,0,0
15194,0.2,2,0,0
15195,0.2,0,1,1
15196,0.2,0,0,0
15197,1.0,2,1,1
15198,0.2,1,0,0
15199,0.2,2,0,0
15200,0.2,3,0,1
15201,1.0,2,1,0
15202,0.2,3,0,0
15203,0.2,2,0,0
15204,1.0,0,1,1
15205,0.2,2,0,0
15206,1.0,1,1,1
15207,0.2,2,1,1
15208,0.2,0,0,0
15209,0.2,0,0,0
15210,0.2,2,0,0
15211,0.2,3,0,0
15212,0.2,0,1,1
15213,1.0,1,1,1
15214,0.2,0,0,0
15215,0.2,2,0,0
15216,0.2,0,1,0
15217,0.2,1,1,1
15218,0.2,0,0,1
15219,1.0,0,1,1
15220,0.2,2,1,1
15221,0.2,1,1,1
15222,0.2,1,1,1
15223,0.2,2,0,0
15224,0.2,1,1,1
15225,0.2,1,1,1
15226,0.2,3,0,1
15227,0.2,1,1,0
15228,0.2,2,0,0
15229,0.2,1,1,1
15230,0.2,1,1,1
15231,0.2,2,1,1
15232,0.2,1,0,0
15233,0.2,2,1,0
15234,1.0,0,0,1
15235,0.2,2,0,0
15236,0.2,2,0,0
15237,0.2,2,0,0
15238,0.2,2,1,1
15239,0.2,2,1,1
15240,0.2,2,1,0
15241,0.2,2,0,0
15242,0.2,2,0,1
15243,0.2,1,1,1
15244,0.2,3,1,1
15245,0.2,3,0,0
15246,0.2,1,1,1
15247,0.2,2,1,1
15248,0.2,0,1,0
15249,0.2,1,1,1
15250,1.0,2,1,1
15251,0.2,2,1,0
15252,0.2,3,0,0
15253,0.2,3,1,0
15254,0.2,0,1,1
15255,0.2,2,1,0
15256,0.2,1,0,0
15257,0.2,2,1,0
15258,0.2,1,0,0
15259,0.2,1,1,1
15260,0.2,2,0,1
15261,1.8,3,0,0
15262,1.0,2,1,1
15263,0.2,2,0,0
15264,0.2,0,1,1
15265,0.2,3,1,1
15266,1.0,2,0,0
15267,0.2,1,0,0
15268,0.2,0,0,1
15269,0.2,3,0,0
15270,0.2,2,1,1
15271,1.0,3,0,0
15272,0.2,1,1,1
15273,0.2,1,0,0
15274,0.2,1,1,1
15275,0.2,1,0,0
15276,0.2,2,0,0
15277,2.2,3,0,0
15278,0.2,1,1,1
15279,0.2,2,1,1
15280,0.2,2,1,0
15281,0.2,3,1,0
15282,0.2,1,1,1
15283,0.2,2,0,1
15284,0.2,3,0,0
15285,0.2,2,1,1
15286,0.2,2,0,0
15287,0.2,1,1,1
15288,0.2,2,1,1
15289,0.2,3,1,1
15290,0.2,3,0,0
15291,0.2,2,0,0
15292,0.2,2,0,0
15293,0.2,1,0,1
15294,0.2,2,0,0
15295,0.2,2,0,0
15296,0.2,2,1,0
15297,0.2,1,0,0
15298,0.2,1,1,1
15299,0.2,2,0,0
15300,0.2,2,1,1
15301,1.4,2,0,0
15302,0.2,1,1,1
15303,0.2,1,0,0
15304,0.2,0,1,1
15305,0.2,1,0,0
15306,0.2,1,0,0
15307,0.2,1,1,1
15308,0.2,1,1,1
15309,0.2,1,1,0
15310,0.2,1,0,0
15311,0.2,0,0,1
15312,0.2,1,1,1
15313,0.2,2,0,0
15314,0.2,1,0,0
15315,0.2,2,0,0
15316,0.2,1,1,1
15317,0.2,2,1,0
15318,0.2,3,1,0
15319,0.2,0,0,1
15320,0.2,2,1,1
15321,0.2,0,0,0
15322,0.2,1,0,0
15323,1.0,3,0,0
15324,0.2,1,1,1
15325,1.0,1,1,1
15326,0.2,0,1,1
15327,0.2,0,0,0
15328,0.2,2,0,1
15329,0.2,3,0,0
15330,0.2,0,0,0
15331,0.2,3,0,0
15332,0.2,2,1,1
15333,0.2,1,1,1
15334,0.2,1,0,0
15335,0.2,0,0,0
15336,1.0,2,1,1
15337,0.2,1,1,1
15338,0.2,1,0,0
15339,0.2,2,0,0
15340,0.2,2,0,0
15341,0.2,2,0,0
15342,1.0,2,1,1
15343,0.2,3,1,1
15344,1.0,1,0,0
15345,0.2,2,0,0
15346,0.2,2,1,0
15347,0.2,3,1,0
15348,0.2,3,0,0
15349,1.0,2,1,0
15350,0.2,1,1,1
15351,0.2,1,0,0
15352,0.2,2,0,1
15353,0.2,1,1,1
15354,0.2,1,1,1
15355,0.2,2,0,0
15356,0.2,1,0,1
15357,0.2,2,1,1
15358,0.2,2,0,0
15359,1.0,3,0,1
15360,0.2,2,1,1
15361,2.2,1,1,1
15362,1.0,2,0,0
15363,1.0,1,1,1
15364,0.2,2,1,1
15365,0.2,3,0,0
15366,0.2,2,0,0
15367,0.2,3,1,1
15368,0.2,1,0,1
15369,0.2,0,1,1
15370,1.0,3,1,1
15371,0.2,1,1,1
15372,0.2,2,1,0
15373,0.2,0,0,0
15374,0.2,0,0,0
15375,0.2,2,0,0
15376,0.2,3,0,0
15377,0.2,2,0,0
15378,0.2,1,0,0
15379,0.2,0,1,1
15380,0.2,0,1,1
15381,0.2,2,0,0
15382,1.0,1,1,1
15383,1.0,0,0,1
15384,1.0,2,1,1
15385,0.2,3,0,0
15386,2.2,1,0,1
15387,0.2,2,1,0
15388,1.0,1,0,0
15389,1.0,1,0,1
15390,0.2,1,1,1
15391,0.2,1,0,0
15392,0.2,2,0,0
15393,0.2,2,1,1
15394,0.2,2,1,1
15395,1.0,1,1,1
15396,0.2,1,0,0
15397,0.2,1,0,1
15398,0.2,1,0,0
15399,0.2,1,0,0
15400,1.0,2,0,0
15401,0.2,2,1,1
15402,0.2,2,0,0
15403,0.2,2,1,0
15404,1.0,3,1,1
15405,0.2,3,0,0
15406,0.2,1,0,0
15407,1.0,3,1,1
15408,0.2,1,0,0
15409,0.2,1,0,0
15410,0.2,1,0,0
15411,0.2,2,1,1
15412,0.2,2,0,0
15413,0.2,1,0,0
15414,1.0,1,0,0
15415,1.0,1,1,1
15416,0.2,2,1,1
15417,0.2,1,0,1
15418,1.0,2,1,1
15419,1.0,3,1,1
15420,0.2,1,1,1
15421,0.2,3,1,1
15422,0.2,0,1,1
15423,0.2,0,0,0
15424,0.2,0,0,1
15425,0.2,1,1,0
15426,0.2,0,1,1
15427,0.2,1,1,1
15428,0.2,2,0,0
15429,2.2,1,1,1
15430,0.2,0,0,0
15431,0.2,2,0,1
15432,1.0,2,1,1
15433,0.2,2,1,0
15434,0.2,0,0,1
15435,0.2,2,1,1
15436,0.2,1,0,0
15437,0.2,3,1,1
15438,0.2,1,0,1
15439,0.2,2,0,1
15440,1.0,0,1,1
15441,0.2,0,1,1
15442,0.2,0,0,0
15443,0.2,0,0,0
15444,0.2,0,1,1
15445,0.2,2,0,1
15446,0.2,2,0,0
15447,0.2,2,0,0
15448,1.0,1,1,1
15449,0.2,2,1,1
15450,0.2,1,0,0
15451,1.0,1,1,1
15452,0.2,1,0,0
15453,0.2,2,0,0
15454,0.2,1,1,1
15455,0.2,2,0,0
15456,0.2,2,0,0
15457,0.2,1,1,1
15458,0.2,1,1,1
15459,0.2,2,0,0
15460,1.0,2,1,1
15461,0.2,2,0,0
15462,0.2,1,0,0
15463,0.2,0,0,0
15464,1.0,3,1,1
15465,1.0,0,0,1
15466,1.0,0,1,0
15467,0.2,1,1,0
15468,0.2,2,1,1
15469,0.2,1,1,1
15470,2.2,1,1,0
15471,0.2,2,1,1
15472,0.2,0,1,1
15473,0.2,1,0,0
15474,1.0,1,1,1
15475,0.2,1,0,0
15476,1.0,2,1,1
15477,0.2,3,1,1
15478,0.2,1,1,1
15479,0.2,0,1,1
15480,2.2,0,1,1
15481,0.2,1,0,0
15482,0.2,1,1,1
15483,0.2,1,0,0
15484,0.2,0,0,0
15485,0.2,3,0,0
15486,1.0,2,0,1
15487,0.2,1,1,1
15488,0.2,3,1,0
15489,0.2,1,1,1
15490,0.2,3,1,0
15491,0.2,1,1,1
15492,0.2,1,0,1
15493,0.2,2,1,1
15494,0.2,1,0,0
15495,1.0,1,0,1
15496,0.2,1,0,0
15497,1.0,0,1,1
15498,1.0,1,0,1
15499,1.0,2,0,1
15500,0.2,2,1,1
15501,0.2,1,0,0
15502,0.2,0,1,1
15503,1.0,1,1,0
15504,1.0,1,0,1
15505,0.2,1,1,1
15506,0.2,2,0,0
15507,0.2,2,0,1
15508,0.2,1,1,0
15509,0.2,2,1,1
15510,0.2,1,0,0
15511,0.2,2,0,0
15512,0.2,2,1,1
15513,0.2,2,1,1
15514,0.2,1,1,0
15515,0.2,3,1,1
15516,0.2,2,0,0
15517,0.2,3,1,1
15518,0.2,2,1,1
15519,0.2,1,1,1
15520,0.2,1,0,0
15521,1.0,2,1,1
15522,0.2,1,1,1
15523,0.2,1,0,0
15524,0.2,0,0,0
15525,0.2,1,1,1
15526,0.2,1,0,0
15527,1.0,0,0,1
15528,0.2,1,0,0
15529,2.2,1,1,1
15530,0.2,1,1,1
15531,0.2,0,1,1
15532,0.2,2,0,0
15533,0.2,2,1,1
15534,2.2,1,1,1
15535,1.4,1,1,1
15536,0.2,0,0,0
15537,0.2,0,1,0
15538,0.2,1,0,0
15539,1.0,2,1,1
15540,1.0,2,1,1
15541,0.2,2,1,1
15542,0.2,3,1,0
15543,0.2,2,1,1
15544,0.2,0,0,0
15545,1.0,2,1,1
15546,1.0,2,0,0
15547,0.2,2,0,0
15548,0.2,2,0,0
15549,0.2,0,0,0
15550,0.2,1,1,1
15551,1.0,2,1,1
15552,1.0,1,0,0
15553,1.0,2,1,1
15554,1.0,1,0,0
15555,0.2,1,1,1
15556,0.2,2,1,1
15557,0.2,2,0,0
15558,0.2,1,0,0
15559,0.2,2,0,0
15560,0.2,2,0,0
15561,0.2,2,1,1
15562,1.0,0,1,1
15563,1.0,1,1,1
15564,0.2,2,0,0
15565,0.2,3,0,1
15566,1.0,0,0,1
15567,0.2,1,1,0
15568,1.0,2,1,1
15569,0.2,1,0,0
15570,0.2,2,0,0
15571,1.0,0,1,1
15572,0.2,2,1,1
15573,0.2,2,1,0
15574,0.2,2,0,0
15575,1.0,0,1,1
15576,0.2,1,1,1
15577,1.0,2,0,0
15578,1.0,3,0,1
15579,0.2,3,1,1
15580,1.0,2,1,1
15581,0.2,1,0,0
15582,1.0,3,1,1
15583,0.2,2,1,0
15584,0.2,3,0,0
15585,0.2,1,0,1
15586,0.2,2,0,0
15587,0.2,2,0,0
15588,0.2,1,0,1
15589,1.0,1,0,0
15590,0.2,1,0,0
15591,0.2,0,1,1
15592,0.2,2,0,0
15593,0.2,2,1,0
15594,0.2,2,0,0
15595,1.0,1,0,0
15596,0.2,0,0,1
15597,0.2,1,0,0
15598,0.2,2,1,1
15599,1.0,2,0,0
15600,2.2,2,1,1
15601,0.2,2,0,0
15602,1.0,1,0,1
15603,1.0,1,0,1
15604,0.2,3,1,1
15605,0.2,0,1,1
15606,0.2,0,0,0
15607,0.2,1,1,1
15608,0.2,3,0,0
15609,1.0,0,1,1
15610,0.2,1,1,1
15611,0.2,1,1,1
15612,0.2,2,0,0
15613,0.2,1,0,0
15614,1.0,1,1,1
15615,1.0,3,1,1
15616,0.2,2,0,0
15617,0.2,0,1,1
15618,0.2,1,1,1
15619,1.0,1,1,1
15620,0.2,0,1,1
15621,0.2,1,1,1
15622,1.0,2,1,1
15623,0.2,1,1,1
15624,0.2,2,1,1
15625,0.2,2,0,0
15626,0.2,2,0,0
15627,0.2,2,1,1
15628,0.2,1,1,0
15629,0.2,2,1,0
15630,0.2,1,1,1
15631,0.2,2,0,0
15632,1.0,1,1,1
15633,0.2,1,0,0
15634,0.2,2,1,0
15635,0.2,2,1,1
15636,0.2,2,1,1
15637,0.2,2,1,1
15638,0.2,1,0,0
15639,1.0,2,0,1
15640,0.2,2,1,1
15641,0.2,3,0,0
15642,1.0,1,0,0
15643,2.2,2,0,0
15644,0.2,2,1,1
15645,1.0,1,1,1
15646,0.2,1,0,0
15647,0.2,1,0,0
15648,0.2,1,0,0
15649,1.0,1,1,1
15650,0.2,1,1,1
15651,0.2,3,0,0
15652,1.0,3,1,1
15653,0.2,1,1,0
15654,0.2,2,1,1
15655,0.2,3,1,1
15656,0.2,2,1,1
15657,1.0,0,0,1
15658,0.2,0,1,1
15659,1.0,1,1,1
15660,0.2,2,0,0
15661,0.2,1,1,1
15662,1.0,0,1,1
15663,2.2,1,1,1
15664,0.2,2,0,0
15665,0.2,2,0,0
15666,0.2,2,0,1
15667,0.2,2,0,0
15668,1.0,0,1,1
15669,0.2,1,0,0
15670,0.2,2,1,1
15671,0.2,1,0,0
15672,1.0,3,0,0
15673,0.2,2,1,1
15674,0.2,1,0,0
15675,1.0,0,1,1
15676,2.2,0,1,1
15677,1.0,2,1,1
15678,1.0,2,0,0
15679,0.2,3,1,0
15680,1.0,3,1,1
15681,0.2,2,0,0
15682,1.0,1,1,1
15683,1.0,1,1,1
15684,0.2,1,0,0
15685,0.2,1,0,0
15686,0.2,2,1,1
15687,0.2,1,1,1
15688,1.0,2,1,1
15689,0.2,2,1,0
15690,0.2,1,1,1
15691,0.6000000000000001,1,1,1
15692,0.2,1,0,0
15693,0.2,1,0,0
15694,0.2,1,0,0
15695,0.2,3,0,0
15696,0.2,1,1,1
15697,0.2,1,0,0
15698,0.2,3,0,0
15699,0.2,3,0,1
15700,0.2,2,0,0
15701,2.2,1,1,1
15702,0.2,1,0,1
15703,0.2,1,1,1
15704,0.2,2,0,0
15705,0.2,1,0,0
15706,0.2,3,1,1
15707,0.2,0,1,1
15708,1.0,1,1,1
15709,0.2,1,0,0
15710,0.2,1,1,0
15711,0.2,0,1,1
15712,0.2,1,0,1
15713,0.2,0,0,0
15714,0.2,1,1,1
15715,1.0,2,1,1
15716,0.2,0,1,1
15717,0.2,1,0,1
15718,0.2,1,1,1
15719,0.2,1,1,0
15720,1.0,1,1,1
15721,0.2,2,1,1
15722,0.2,2,0,0
15723,0.2,3,1,0
15724,0.2,2,1,1
15725,1.0,1,0,0
15726,0.2,1,0,0
15727,0.2,2,0,0
15728,0.2,2,0,0
15729,0.2,1,1,1
15730,0.2,1,0,1
15731,0.2,3,0,1
15732,0.2,1,1,1
15733,1.0,2,0,0
15734,2.2,2,1,0
15735,0.2,1,0,1
15736,0.2,3,1,1
15737,0.2,2,0,0
15738,1.0,2,1,1
15739,1.0,1,1,1
15740,0.2,2,0,1
15741,0.2,3,0,1
15742,1.0,0,1,1
15743,0.2,3,0,0
15744,1.0,1,0,1
15745,1.0,0,1,1
15746,1.0,2,1,0
15747,1.0,2,0,0
15748,0.2,2,1,1
15749,0.2,3,0,0
15750,0.2,2,0,0
15751,0.2,1,0,1
15752,1.0,0,0,1
15753,0.2,1,0,1
15754,1.0,1,1,1
15755,0.2,3,1,1
15756,1.0,2,1,1
15757,0.2,1,1,1
15758,0.2,0,0,0
15759,0.2,2,1,0
15760,0.6000000000000001,1,0,0
15761,1.0,1,1,1
15762,0.2,1,0,1
15763,0.2,0,1,1
15764,0.2,1,1,1
15765,0.2,3,1,1
15766,0.2,1,0,0
15767,0.2,3,1,1
15768,1.0,2,1,1
15769,1.0,3,1,0
15770,0.2,1,0,0
15771,2.2,1,0,1
15772,0.2,1,1,0
15773,1.0,1,0,0
15774,0.2,2,0,0
15775,0.2,2,0,1
15776,0.2,1,0,0
15777,0.2,2,0,0
15778,0.2,2,0,0
15779,0.2,0,0,0
15780,0.2,1,1,0
15781,0.2,3,0,0
15782,0.2,0,0,0
15783,1.0,1,0,1
15784,0.2,2,0,0
15785,0.2,1,0,0
15786,0.2,0,1,1
15787,0.2,2,1,0
15788,0.2,0,1,0
15789,0.2,3,1,0
15790,1.0,0,1,1
15791,0.2,3,1,1
15792,0.2,2,0,0
15793,0.2,1,0,0
15794,0.2,2,0,0
15795,0.2,1,1,1
15796,0.2,2,0,0
15797,0.2,3,0,1
15798,0.2,2,0,0
15799,0.2,0,0,0
15800,1.0,2,1,1
15801,0.2,1,1,0
15802,0.2,0,1,1
15803,0.2,2,0,0
15804,0.2,1,0,0
15805,0.2,3,0,0
15806,0.2,2,0,0
15807,0.2,3,1,1
15808,1.0,1,1,1
15809,0.2,1,1,1
15810,2.2,2,1,1
15811,0.2,1,0,0
15812,0.2,1,1,0
15813,0.2,2,1,0
15814,0.2,0,1,1
15815,1.0,2,1,0
15816,0.2,0,0,0
15817,0.2,1,0,0
15818,0.2,0,1,0
15819,1.0,2,1,1
15820,0.2,2,1,0
15821,0.2,3,0,0
15822,0.2,3,1,1
15823,0.2,2,0,0
15824,0.2,2,0,1
15825,0.2,1,0,0
15826,0.2,2,0,0
15827,0.2,1,0,1
15828,1.0,1,0,0
15829,0.2,2,1,0
15830,1.0,3,0,0
15831,1.0,1,1,1
15832,1.0,2,1,1
15833,0.2,1,1,1
15834,0.2,2,1,1
15835,1.0,1,1,1
15836,0.2,2,1,1
15837,0.2,1,0,0
15838,0.2,3,0,0
15839,0.2,3,1,1
15840,0.2,1,0,0
15841,0.2,1,0,0
15842,2.5999999999999996,3,1,1
15843,1.0,1,1,1
15844,0.2,3,0,0
15845,0.2,2,0,0
15846,0.2,3,0,0
15847,1.0,1,0,0
15848,0.2,2,0,0
15849,0.2,1,1,1
15850,0.2,2,0,0
15851,0.2,1,1,1
15852,2.2,0,1,1
15853,0.2,2,0,0
15854,0.2,1,0,0
15855,0.2,2,1,1
15856,0.2,2,0,0
15857,0.2,0,1,1
15858,0.2,2,1,0
15859,0.2,3,1,1
15860,0.2,2,1,1
15861,0.2,2,1,1
15862,0.2,2,1,1
15863,0.2,2,0,0
15864,1.0,1,1,1
15865,0.2,1,1,0
15866,0.2,2,0,0
15867,0.2,1,0,0
15868,2.2,2,1,1
15869,1.0,1,1,1
15870,1.0,2,0,1
15871,1.0,1,0,1
15872,0.2,3,0,0
15873,1.0,2,0,0
15874,1.0,3,0,0
15875,0.2,2,0,0
15876,0.2,0,1,1
15877,2.2,3,1,1
15878,0.2,3,1,1
15879,0.2,2,0,0
15880,0.2,2,0,0
15881,0.2,3,0,1
15882,1.0,1,1,1
15883,0.2,2,1,0
15884,2.2,3,1,1
15885,0.2,2,0,0
15886,0.2,1,0,0
15887,0.2,1,1,1
15888,0.2,0,0,0
15889,2.2,3,1,1
15890,1.0,3,0,1
15891,0.2,1,0,0
15892,0.2,0,1,1
15893,2.2,1,1,1
15894,0.2,0,0,0
15895,0.2,1,1,1
15896,0.2,2,0,1
15897,0.2,3,1,1
15898,0.2,0,0,0
15899,0.2,1,1,1
15900,1.0,0,1,1
15901,0.2,1,0,0
15902,0.2,2,0,0
15903,0.2,1,0,0
15904,0.2,0,1,1
15905,0.2,1,0,0
15906,1.0,0,0,0
15907,0.2,2,0,0
15908,1.0,2,1,1
15909,0.2,3,0,1
15910,0.2,2,0,0
15911,0.2,1,1,0
15912,0.2,1,0,0
15913,0.2,0,0,0
15914,0.2,2,1,1
15915,1.0,2,0,0
15916,0.2,3,0,0
15917,1.0,1,1,1
15918,0.2,2,0,0
15919,3.8,3,0,0
15920,0.2,1,1,0
15921,0.2,1,0,0
15922,0.2,0,1,1
15923,0.2,1,0,0
15924,0.2,0,1,1
15925,0.2,2,0,0
15926,0.2,1,0,0
15927,0.2,1,0,0
15928,0.2,2,0,0
15929,0.2,2,1,0
15930,1.0,0,0,0
15931,0.2,3,1,1
15932,0.2,2,1,1
15933,0.2,0,1,1
15934,0.2,2,1,1
15935,0.2,3,1,1
15936,0.2,2,0,0
15937,0.2,3,1,1
15938,0.2,1,1,1
15939,0.2,2,0,1
15940,0.2,0,1,1
15941,1.0,1,0,1
15942,0.2,2,1,0
15943,0.2,1,1,1
15944,1.0,2,1,1
15945,0.2,2,1,0
15946,0.2,3,1,0
15947,0.2,3,0,0
15948,1.0,0,1,1
15949,0.2,1,0,0
15950,0.2,1,0,1
15951,0.2,2,1,0
15952,0.2,3,0,0
15953,0.2,1,1,0
15954,0.2,1,0,0
15955,0.2,1,0,0
15956,0.2,1,1,1
15957,1.0,2,0,0
15958,0.2,1,0,0
15959,0.2,1,0,1
15960,0.2,3,0,0
15961,0.2,2,1,1
15962,0.2,3,0,0
15963,1.0,2,1,1
15964,0.2,3,0,0
15965,0.2,2,0,0
15966,0.2,1,0,0
15967,0.2,1,0,1
15968,0.2,1,1,0
15969,0.2,0,0,0
15970,0.2,1,0,0
15971,1.0,3,0,1
15972,0.2,1,0,1
15973,0.2,1,0,0
15974,3.8,0,1,1
15975,0.2,1,1,1
15976,0.2,1,0,0
15977,0.2,1,0,0
15978,0.2,1,0,1
15979,0.2,2,0,0
15980,0.2,2,1,1
15981,1.0,3,0,0
15982,0.2,2,1,1
15983,0.2,1,0,0
15984,0.2,0,0,1
15985,0.2,1,0,0
15986,0.2,1,1,1
15987,0.2,2,0,0
15988,1.0,1,1,1
15989,0.2,2,0,0
15990,0.2,1,0,0
15991,0.2,1,1,0
15992,0.2,1,1,0
15993,2.2,3,1,1
15994,1.0,1,1,1
15995,0.2,2,0,0
15996,0.2,2,0,1
15997,1.0,2,0,1
15998,2.2,1,1,1
15999,0.2,2,1,1
16000,0.2,0,1,1
16001,0.2,3,1,1
16002,0.2,1,0,0
16003,0.2,2,1,0
16004,0.2,3,0,0
16005,0.2,1,0,0
16006,0.2,2,0,0
16007,0.2,0,0,0
16008,0.2,2,1,1
16009,0.2,1,0,1
16010,0.2,2,1,0
16011,2.2,3,0,1
16012,0.2,0,1,1
16013,0.2,3,0,0
16014,0.2,2,0,0
16015,1.0,1,1,1
16016,1.0,1,1,0
16017,1.0,2,1,1
16018,0.2,2,0,0
16019,0.2,0,0,0
16020,0.2,0,0,0
16021,0.2,1,0,0
16022,0.2,1,1,1
16023,0.2,1,1,1
16024,0.2,2,1,1
16025,0.2,1,1,1
16026,1.0,2,0,0
16027,0.2,2,1,0
16028,0.2,1,1,0
16029,0.2,1,1,1
16030,0.2,2,0,0
16031,0.2,1,0,0
16032,0.2,2,0,0
16033,0.2,1,0,0
16034,0.2,2,0,0
16035,0.2,0,0,0
16036,0.2,3,1,1
16037,0.2,2,1,0
16038,0.2,2,0,0
16039,0.2,3,0,0
16040,0.2,1,0,0
16041,1.0,2,1,1
16042,0.2,1,0,0
16043,0.2,2,0,0
16044,0.2,2,1,1
16045,0.2,2,1,1
16046,0.2,2,0,0
16047,2.2,2,0,1
16048,1.0,2,1,1
16049,1.0,0,1,1
16050,0.2,2,1,1
16051,0.2,3,0,0
16052,0.2,1,0,0
16053,0.2,3,1,0
16054,0.2,0,1,1
16055,1.0,3,1,1
16056,0.2,3,0,0
16057,0.2,2,0,0
16058,0.2,3,0,0
16059,0.2,2,1,1
16060,1.0,2,1,1
16061,0.2,1,1,1
16062,0.2,3,1,0
16063,2.2,1,1,1
16064,0.2,1,1,0
16065,1.0,2,0,1
16066,1.0,0,1,1
16067,1.0,2,1,1
16068,0.2,2,1,1
16069,0.2,2,1,0
16070,0.2,3,1,1
16071,0.2,1,0,0
16072,0.2,1,1,0
16073,0.2,1,1,1
16074,0.2,2,0,1
16075,0.2,2,0,0
16076,1.0,1,1,0
16077,0.2,0,0,0
16078,1.0,0,0,0
16079,0.2,1,0,0
16080,0.2,1,1,1
16081,0.2,2,1,0
16082,0.2,1,1,1
16083,1.0,1,0,1
16084,0.2,2,0,1
16085,1.0,2,0,0
16086,0.2,1,0,0
16087,1.0,2,0,0
16088,0.2,1,0,1
16089,0.2,3,1,1
16090,0.2,2,0,0
16091,0.2,2,0,0
16092,1.0,1,0,1
16093,0.2,2,0,0
16094,1.0,1,1,1
16095,0.2,1,1,1
16096,0.2,1,0,0
16097,0.2,1,0,1
16098,0.2,1,0,0
16099,0.2,2,1,1
16100,0.2,1,1,1
16101,0.2,1,0,0
16102,1.0,2,0,1
16103,0.2,2,0,0
16104,0.2,3,1,1
16105,0.2,2,1,0
16106,0.2,2,0,0
16107,0.2,1,0,1
16108,0.2,1,1,1
16109,0.2,0,0,1
16110,0.2,2,1,1
16111,0.2,1,1,1
16112,0.2,0,1,0
16113,0.2,2,1,1
16114,0.2,1,0,0
16115,0.2,1,1,0
16116,0.2,1,1,0
16117,1.0,2,0,0
16118,0.2,1,1,0
16119,2.5999999999999996,2,1,1
16120,0.2,1,0,0
16121,0.2,1,0,0
16122,0.2,3,0,0
16123,0.2,2,1,1
16124,0.2,2,0,0
16125,0.2,1,0,0
16126,0.2,1,1,1
16127,0.2,1,0,0
16128,0.2,2,1,1
16129,0.2,1,0,1
16130,0.2,3,0,0
16131,0.2,0,0,0
16132,1.0,1,1,0
16133,2.2,0,1,1
16134,0.2,2,1,1
16135,0.2,2,1,0
16136,1.0,3,0,1
16137,0.2,3,0,0
16138,0.2,2,0,1
16139,1.0,2,0,1
16140,0.2,1,0,1
16141,0.2,1,1,1
16142,0.2,2,0,0
16143,0.2,3,0,0
16144,2.2,1,1,1
16145,0.2,2,0,1
16146,0.2,0,1,0
16147,2.2,2,1,1
16148,0.2,2,1,1
16149,0.2,1,0,0
16150,1.0,1,0,1
16151,0.2,1,1,1
16152,0.2,2,0,0
16153,1.0,0,1,1
16154,0.2,1,0,0
16155,0.2,2,0,0
16156,0.2,1,0,0
16157,2.2,1,0,1
16158,1.0,3,1,1
16159,0.2,1,1,1
16160,1.0,2,1,1
16161,0.2,1,0,1
16162,0.2,2,0,0
16163,1.0,1,0,1
16164,0.2,0,0,0
16165,0.2,3,1,1
16166,0.2,1,0,0
16167,0.2,1,1,0
16168,0.2,3,1,1
16169,0.2,0,1,1
16170,1.0,1,0,0
16171,1.0,2,0,1
16172,0.2,2,0,0
16173,0.2,1,1,1
16174,0.2,2,1,0
16175,0.2,2,1,1
16176,1.0,2,1,1
16177,0.2,0,0,0
16178,0.2,3,1,1
16179,0.2,3,1,0
16180,0.2,2,0,0
16181,0.2,2,1,1
16182,1.0,2,1,1
16183,0.2,1,0,0
16184,1.0,0,1,1
16185,0.2,2,0,0
16186,0.2,2,0,0
16187,0.2,3,0,0
16188,0.2,1,0,0
16189,0.2,1,1,0
16190,1.0,0,1,1
16191,0.2,1,0,0
16192,0.2,2,1,0
16193,0.2,3,1,0
16194,0.2,1,1,0
16195,0.2,2,0,0
16196,1.0,2,1,1
16197,0.2,0,0,0
16198,0.2,1,1,1
16199,0.2,2,0,0
16200,0.2,2,0,1
16201,0.2,3,1,0
16202,1.0,0,0,1
16203,0.2,3,1,1
16204,0.2,1,0,0
16205,0.2,2,0,0
16206,1.0,1,1,1
16207,0.2,2,1,0
16208,0.2,2,1,1
16209,1.0,1,1,1
16210,0.2,1,0,0
16211,0.2,1,0,0
16212,1.0,2,0,1
16213,1.0,1,0,1
16214,0.2,2,0,1
16215,0.2,2,0,1
16216,0.2,2,1,1
16217,0.2,2,0,0
16218,0.2,1,0,1
16219,1.0,2,1,1
16220,1.0,2,0,0
16221,0.2,2,1,0
16222,0.2,1,0,0
16223,0.2,3,0,0
16224,0.2,2,0,0
16225,1.0,1,1,1
16226,1.0,2,1,0
16227,1.0,2,0,1
16228,0.2,1,0,1
16229,2.2,2,0,1
16230,1.0,1,0,0
16231,0.2,0,1,1
16232,0.2,1,0,0
16233,1.0,1,0,1
16234,0.2,3,0,0
16235,1.0,0,1,1
16236,2.2,2,1,1
16237,0.2,1,1,1
16238,1.0,0,1,1
16239,0.2,1,0,0
16240,0.2,2,1,1
16241,0.2,3,0,0
16242,0.2,0,1,1
16243,0.2,1,1,0
16244,0.2,3,1,1
16245,1.0,1,0,1
16246,0.2,1,0,0
16247,0.2,2,0,0
16248,0.2,3,0,0
16249,0.2,2,0,0
16250,1.0,1,0,1
16251,1.0,0,0,0
16252,0.2,1,0,1
16253,0.2,1,0,0
16254,0.2,2,0,1
16255,1.0,1,1,1
16256,0.2,3,0,0
16257,1.0,2,1,1
16258,0.2,3,0,0
16259,0.2,1,1,1
16260,0.2,1,0,0
16261,0.2,3,1,1
16262,0.2,1,1,1
16263,1.0,1,0,0
16264,1.0,1,1,1
16265,0.2,2,0,0
16266,1.0,2,1,1
16267,0.2,2,0,0
16268,2.2,1,1,1
16269,0.2,2,0,0
16270,0.2,2,1,1
16271,0.2,2,0,0
16272,0.2,3,0,1
16273,1.0,0,1,1
16274,0.2,2,1,1
16275,0.2,1,1,0
16276,0.2,1,1,1
16277,1.0,2,0,0
16278,0.2,2,1,1
16279,0.2,2,1,1
16280,1.0,2,1,1
16281,2.2,0,0,0
16282,1.0,3,0,1
16283,0.2,2,1,1
16284,0.2,0,0,0
16285,0.2,2,0,0
16286,0.2,1,1,0
16287,0.2,1,1,1
16288,2.2,1,1,1
16289,1.0,1,1,1
16290,0.2,2,0,0
16291,0.2,2,0,0
16292,0.2,1,0,0
16293,0.2,3,0,0
16294,0.2,2,0,0
16295,0.2,2,0,0
16296,0.2,1,0,0
16297,0.2,3,0,0
16298,0.2,1,1,0
16299,0.2,1,1,1
16300,0.2,3,1,0
16301,1.0,0,1,1
16302,1.0,1,1,1
16303,0.2,2,1,1
16304,0.2,1,1,0
16305,0.2,2,0,0
16306,2.2,1,0,1
16307,0.2,1,1,1
16308,1.0,1,0,0
16309,0.2,1,0,0
16310,1.0,1,1,1
16311,0.2,0,0,0
16312,0.2,2,0,0
16313,1.0,0,0,0
16314,1.0,0,1,1
16315,0.2,3,0,0
16316,0.2,2,1,1
16317,0.2,2,0,0
16318,0.2,1,0,1
16319,1.0,1,0,1
16320,0.2,2,1,0
16321,0.2,1,1,1
16322,1.0,1,0,0
16323,0.2,1,0,0
16324,0.2,1,0,0
16325,0.2,1,0,0
16326,1.0,1,1,1
16327,0.2,1,0,0
16328,1.0,1,0,0
16329,1.0,1,1,1
16330,0.2,1,1,0
16331,0.2,2,0,0
16332,1.0,3,1,1
16333,1.0,2,1,1
16334,0.2,2,1,1
16335,0.2,2,0,0
16336,1.0,2,0,1
16337,0.2,2,1,1
16338,0.2,0,1,1
16339,0.2,0,1,1
16340,0.2,1,1,1
16341,1.0,2,1,1
16342,0.2,0,0,0
16343,0.2,2,1,0
16344,0.2,2,1,0
16345,0.2,2,1,1
16346,0.2,1,1,1
16347,0.2,3,0,0
16348,1.0,3,0,0
16349,0.2,2,1,0
16350,0.2,1,1,1
16351,0.2,1,1,0
16352,0.2,3,0,0
16353,1.0,2,1,1
16354,0.2,1,0,0
16355,0.2,3,0,0
16356,0.2,2,0,0
16357,0.2,2,0,0
16358,0.2,1,0,0
16359,0.2,2,0,0
16360,0.2,1,0,1
16361,1.0,0,0,0
16362,0.2,2,0,0
16363,1.0,2,1,1
16364,0.2,1,1,1
16365,0.2,3,1,0
16366,0.2,2,1,1
16367,0.2,2,1,1
16368,0.2,1,1,0
16369,0.2,2,1,1
16370,0.2,1,1,1
16371,0.2,0,1,1
16372,1.0,1,1,1
16373,0.2,3,0,0
16374,0.2,2,1,1
16375,0.2,1,0,0
16376,0.2,0,0,0
16377,1.0,1,0,1
16378,0.2,2,1,0
16379,0.2,0,1,1
16380,0.2,1,1,1
16381,1.0,1,0,0
16382,0.2,1,0,1
16383,0.2,2,1,1
16384,0.2,0,1,1
16385,0.2,1,0,0
16386,0.2,2,1,1
16387,0.2,2,0,0
16388,0.2,2,1,1
16389,0.2,2,0,0
16390,1.0,1,1,1
16391,1.0,1,0,0
16392,0.2,1,1,1
16393,0.2,1,1,1
16394,1.0,2,1,1
16395,0.2,2,1,0
16396,0.2,1,0,1
16397,0.2,2,1,1
16398,0.2,0,1,1
16399,1.0,1,1,1
16400,0.2,2,1,1
16401,0.2,2,1,0
16402,0.2,3,0,0
16403,0.2,1,0,0
16404,0.2,3,0,0
16405,0.2,2,1,1
16406,0.2,1,0,0
16407,0.2,3,0,0
16408,0.2,3,0,0
16409,0.2,2,1,1
16410,1.0,2,1,1
16411,0.2,2,0,1
16412,0.2,0,1,1
16413,1.0,1,1,1
16414,0.2,2,1,1
16415,0.2,1,1,1
16416,2.2,1,1,1
16417,0.2,2,0,0
16418,0.2,1,1,1
16419,1.0,2,0,1
16420,1.0,2,0,0
16421,0.2,2,1,0
16422,1.0,0,1,1
16423,1.0,1,0,0
16424,0.2,0,0,0
16425,0.2,3,0,1
16426,0.2,1,0,1
16427,0.2,1,0,0
16428,0.2,2,1,1
16429,0.2,2,0,0
16430,0.2,1,1,1
16431,0.2,2,1,1
16432,0.2,1,1,1
16433,1.0,1,1,1
16434,0.2,2,1,1
16435,1.0,1,0,0
16436,0.2,2,0,0
16437,0.2,1,0,0
16438,0.2,3,1,0
16439,0.2,2,1,1
16440,0.2,1,1,1
16441,0.2,2,1,1
16442,0.2,1,1,0
16443,1.0,2,1,1
16444,2.2,2,1,1
16445,1.0,1,0,1
16446,1.0,1,1,1
16447,0.2,2,1,0
16448,0.2,2,0,0
16449,0.2,1,1,0
16450,0.2,2,0,0
16451,0.2,1,1,0
16452,0.2,0,0,0
16453,0.2,1,1,1
16454,1.0,1,0,1
16455,0.2,1,0,0
16456,1.0,2,1,1
16457,0.2,0,1,1
16458,0.2,1,1,0
16459,1.0,3,0,0
16460,2.2,2,1,1
16461,0.2,2,0,0
16462,0.2,1,1,1
16463,0.2,2,0,0
16464,0.2,1,0,0
16465,1.0,1,1,1
16466,0.2,1,0,0
16467,0.2,1,0,0
16468,0.2,1,1,1
16469,1.0,1,0,0
16470,0.2,3,0,0
16471,0.2,2,1,1
16472,1.0,1,1,1
16473,1.0,3,1,1
16474,0.2,2,1,1
16475,0.2,0,0,0
16476,0.2,1,0,0
16477,0.2,1,0,0
16478,0.2,2,0,0
16479,0.2,0,1,1
16480,0.2,0,0,0
16481,0.2,1,1,1
16482,0.2,1,0,1
16483,2.2,0,1,1
16484,0.2,2,1,0
16485,0.2,1,0,0
16486,1.0,1,1,1
16487,0.2,2,1,0
16488,1.0,2,0,1
16489,0.2,1,1,1
16490,0.2,1,0,1
16491,0.2,2,0,0
16492,0.2,1,0,0
16493,0.2,2,0,0
16494,0.2,1,0,0
16495,0.2,0,1,1
16496,0.2,1,0,0
16497,1.0,3,1,1
16498,0.2,0,1,1
16499,0.2,2,0,1
16500,0.2,2,1,1
16501,0.2,1,0,0
16502,0.2,1,1,1
16503,0.2,3,1,1
16504,0.2,2,0,0
16505,0.2,0,1,1
16506,0.2,2,1,0
16507,0.2,2,0,0
16508,1.0,1,1,1
16509,0.6000000000000001,1,0,0
16510,1.0,2,1,1
16511,0.2,2,1,1
16512,0.2,1,0,0
16513,0.2,2,0,1
16514,0.2,0,0,0
16515,0.2,1,1,1
16516,2.2,2,1,1
16517,0.2,2,1,1
16518,0.2,2,0,0
16519,0.2,1,1,0
16520,0.2,0,1,1
16521,1.0,2,1,1
16522,0.2,1,1,1
16523,1.0,1,1,1
16524,0.2,2,0,1
16525,1.0,0,1,0
16526,0.2,0,1,0
16527,0.2,0,0,0
16528,0.2,2,0,0
16529,0.2,1,0,0
16530,0.2,2,0,0
16531,0.2,0,1,1
16532,0.2,2,0,0
16533,0.2,0,0,0
16534,0.2,2,0,0
16535,0.2,3,1,1
16536,0.2,2,1,1
16537,0.2,1,0,1
16538,2.2,3,0,1
16539,0.2,1,0,0
16540,0.2,1,1,1
16541,0.2,2,1,1
16542,0.2,2,1,0
16543,0.2,1,0,0
16544,1.0,2,1,1
16545,1.0,1,0,0
16546,0.2,1,0,0
16547,0.2,2,0,0
16548,1.0,0,0,0
16549,0.2,2,1,1
16550,1.0,2,1,1
16551,0.2,0,1,1
16552,0.2,1,1,1
16553,0.2,1,0,0
16554,0.2,2,1,1
16555,0.2,0,1,1
16556,0.2,3,1,0
16557,0.2,1,1,0
16558,1.0,2,1,1
16559,0.2,1,1,0
16560,0.2,1,0,0
16561,1.0,1,1,1
16562,0.2,2,0,0
16563,1.0,1,1,1
16564,0.2,3,0,0
16565,0.2,2,1,1
16566,0.2,1,1,1
16567,0.2,1,1,1
16568,0.2,1,0,0
16569,1.0,1,1,1
16570,0.2,1,1,1
16571,1.0,1,1,1
16572,1.0,2,0,0
16573,0.2,2,0,0
16574,1.0,1,1,1
16575,0.2,1,0,0
16576,0.2,1,1,1
16577,1.0,3,0,1
16578,0.2,1,1,1
16579,1.0,1,1,1
16580,0.2,0,0,0
16581,0.2,1,1,0
16582,0.2,1,1,1
16583,0.2,2,1,1
16584,1.0,2,0,0
16585,0.2,0,0,0
16586,0.2,3,0,0
16587,0.2,2,0,0
16588,1.0,3,1,0
16589,0.2,2,1,0
16590,0.2,3,0,1
16591,1.0,2,0,0
16592,1.0,1,0,1
16593,0.2,1,1,1
16594,1.0,1,0,1
16595,0.2,1,0,1
16596,1.0,0,0,0
16597,1.0,3,0,0
16598,0.2,2,0,0
16599,0.2,2,0,0
16600,0.2,1,1,1
16601,0.2,0,1,1
16602,0.2,3,0,0
16603,0.2,3,0,0
16604,0.2,1,0,1
16605,2.2,1,1,1
16606,0.2,0,1,1
16607,0.2,2,0,0
16608,0.2,1,0,0
16609,0.2,2,1,1
16610,0.2,2,0,1
16611,0.2,1,1,0
16612,0.2,1,1,0
16613,0.2,0,1,0
16614,1.0,2,1,1
16615,0.2,1,1,1
16616,0.2,1,1,1
16617,1.0,2,0,1
16618,1.0,3,1,0
16619,0.2,2,0,0
16620,0.2,1,1,1
16621,0.2,2,0,0
16622,0.2,1,0,0
16623,0.2,1,1,1
16624,0.2,0,1,1
16625,0.2,1,0,0
16626,0.2,0,0,0
16627,0.2,1,0,0
16628,1.0,2,1,1
16629,0.2,2,0,0
16630,0.2,2,1,1
16631,0.2,2,1,1
16632,0.2,2,1,1
16633,1.0,2,1,0
16634,1.0,2,1,1
16635,0.2,2,0,0
16636,0.2,2,0,0
16637,1.0,1,1,1
16638,1.0,3,1,1
16639,0.2,2,1,1
16640,0.2,2,0,0
16641,0.2,0,1,1
16642,0.2,3,0,0
16643,0.2,1,0,0
16644,0.2,3,0,0
16645,1.0,0,1,1
16646,0.2,2,1,0
16647,0.2,2,1,1
16648,0.2,1,1,1
16649,0.2,0,0,1
16650,1.0,1,1,1
16651,0.2,1,1,1
16652,0.2,1,0,1
16653,0.2,1,0,1
16654,0.2,1,1,1
16655,3.4000000000000004,0,0,0
16656,0.2,1,0,0
16657,0.2,2,0,0
16658,0.2,0,0,0
16659,0.2,1,0,0
16660,0.2,1,0,0
16661,0.2,1,1,1
16662,0.2,2,0,0
16663,0.2,3,0,0
16664,0.2,1,0,0
16665,0.2,1,1,0
16666,0.2,2,0,0
16667,0.2,1,1,1
16668,0.2,3,1,1
16669,0.2,1,0,0
16670,0.2,2,0,0
16671,0.2,2,1,0
16672,0.2,2,1,0
16673,0.2,2,0,0
16674,0.2,2,0,0
16675,0.2,2,1,1
16676,0.2,0,1,1
16677,0.2,2,1,0
16678,0.2,1,1,1
16679,1.0,1,1,1
16680,0.2,1,1,0
16681,1.0,1,1,1
16682,0.2,2,0,0
16683,0.2,3,0,1
16684,0.2,2,1,0
16685,1.0,1,0,1
16686,0.2,1,0,0
16687,0.2,1,0,0
16688,0.2,2,0,0
16689,0.2,2,0,0
16690,0.2,2,0,0
16691,0.2,0,0,0
16692,1.0,2,1,1
16693,0.2,2,0,0
16694,0.2,1,0,0
16695,0.2,3,0,0
16696,1.0,1,0,1
16697,0.2,1,1,0
16698,0.2,2,0,0
16699,0.2,3,0,0
16700,0.2,2,1,1
16701,0.2,0,1,1
16702,0.2,2,0,0
16703,0.2,2,0,0
16704,0.2,1,0,0
16705,0.2,1,0,0
16706,0.2,1,1,1
16707,1.0,2,1,1
16708,0.2,3,0,0
16709,2.2,0,1,1
16710,0.2,3,1,1
16711,0.2,2,1,1
16712,0.2,0,0,0
16713,0.2,1,1,1
16714,0.2,2,0,0
16715,0.2,1,0,0
16716,0.2,1,1,0
16717,0.2,1,0,1
16718,0.2,2,0,1
16719,0.2,3,0,0
16720,0.2,1,0,0
16721,0.2,3,1,0
16722,0.2,2,0,0
16723,0.2,2,1,1
16724,1.0,3,1,1
16725,0.2,2,0,0
16726,0.2,2,1,1
16727,1.0,2,1,1
16728,1.0,2,1,1
16729,1.0,2,1,1
16730,0.2,1,0,0
16731,0.2,2,0,0
16732,1.0,1,1,1
16733,1.0,3,0,0
16734,1.0,1,1,1
16735,0.2,1,1,1
16736,0.2,2,1,0
16737,0.2,2,0,0
16738,0.2,3,0,0
16739,1.0,1,1,1
16740,0.2,2,1,1
16741,0.2,1,1,0
16742,0.2,2,0,0
16743,1.0,1,1,1
16744,1.0,2,1,1
16745,0.2,1,0,0
16746,1.0,3,0,1
16747,0.2,2,0,0
16748,1.8,1,1,1
16749,0.2,2,1,1
16750,0.2,2,1,1
16751,0.2,2,0,1
16752,0.2,1,0,0
16753,0.2,1,1,1
16754,0.2,2,0,0
16755,0.2,1,1,0
16756,1.0,2,1,0
16757,0.2,0,0,0
16758,0.2,2,0,0
16759,0.2,2,1,0
16760,0.2,3,0,0
16761,1.0,2,1,1
16762,0.2,3,0,0
16763,0.2,2,1,0
16764,1.0,0,0,1
16765,0.2,0,1,1
16766,1.0,2,1,1
16767,0.2,2,0,0
16768,0.2,1,1,1
16769,0.2,2,1,1
16770,0.2,2,0,0
16771,0.2,2,0,1
16772,0.2,2,0,0
16773,0.2,2,1,1
16774,0.2,3,0,0
16775,0.2,2,0,0
16776,0.2,2,1,1
16777,0.2,0,1,1
16778,0.2,2,0,0
16779,0.2,3,0,0
16780,0.2,2,0,0
16781,1.0,1,1,1
16782,0.2,0,1,1
16783,0.2,1,1,1
16784,0.2,3,0,0
16785,1.0,0,0,0
16786,1.0,2,1,1
16787,0.2,2,1,1
16788,0.2,1,1,1
16789,1.0,1,1,1
16790,0.2,0,0,0
16791,1.0,2,0,0
16792,0.2,2,1,1
16793,0.2,3,0,1
16794,2.2,0,1,1
16795,0.2,0,1,1
16796,0.2,3,1,0
16797,0.2,1,1,1
16798,1.0,2,1,1
16799,0.2,2,1,0
16800,0.2,2,0,0
16801,1.0,2,1,1
16802,0.2,2,0,0
16803,1.0,2,1,1
16804,0.2,2,0,0
16805,1.0,3,0,0
16806,2.2,0,0,1
16807,0.2,2,0,0
16808,1.0,2,1,1
16809,0.2,1,1,1
16810,0.2,3,1,0
16811,0.2,3,1,1
16812,0.2,2,1,1
16813,0.2,1,0,0
16814,1.0,2,1,1
16815,0.2,1,0,0
16816,1.0,2,0,1
16817,0.2,0,1,1
16818,0.2,1,1,0
16819,0.2,2,1,1
16820,0.2,2,0,0
16821,0.2,1,1,1
16822,0.2,1,1,1
16823,0.2,1,1,1
16824,2.2,0,1,1
16825,0.2,3,0,0
16826,0.2,2,0,1
16827,0.2,2,0,0
16828,0.2,2,0,0
16829,0.2,3,0,0
16830,0.2,1,1,1
16831,0.2,2,1,1
16832,1.0,0,1,1
16833,1.0,1,0,0
16834,1.0,0,1,1
16835,0.2,1,1,0
16836,0.2,2,1,1
16837,0.2,0,0,0
16838,0.2,0,0,0
16839,3.8,1,0,1
16840,1.0,1,0,0
16841,0.2,0,1,0
16842,0.2,1,1,1
16843,0.2,1,0,0
16844,1.0,1,0,0
16845,0.2,1,1,0
16846,0.2,2,0,0
16847,0.2,1,0,0
16848,0.2,2,0,0
16849,0.2,2,0,0
16850,0.2,2,0,0
16851,0.2,3,0,0
16852,0.2,2,1,1
16853,0.2,1,1,0
16854,0.2,2,0,0
16855,0.2,2,0,0
16856,0.2,3,0,0
16857,0.2,2,0,0
16858,0.2,0,0,0
16859,0.2,2,0,0
16860,0.2,2,1,0
16861,0.2,1,0,0
16862,0.2,1,0,0
16863,1.0,1,1,1
16864,0.2,1,0,0
16865,0.2,2,0,0
16866,0.2,1,0,0
16867,0.2,1,1,1
16868,0.2,1,0,0
16869,0.2,1,1,1
16870,0.2,1,0,0
16871,0.2,1,0,1
16872,0.2,1,0,0
16873,0.2,2,0,0
16874,0.2,1,0,0
16875,0.2,1,1,1
16876,0.2,1,1,0
16877,2.2,1,1,1
16878,0.2,1,1,1
16879,0.2,1,0,0
16880,0.2,2,0,0
16881,0.2,2,1,1
16882,0.2,1,1,0
16883,0.2,3,0,0
16884,0.2,1,1,1
16885,0.2,1,1,1
16886,0.2,1,1,1
16887,0.2,3,0,0
16888,1.0,0,1,1
16889,0.2,0,1,1
16890,0.2,2,1,1
16891,1.0,0,0,0
16892,2.2,2,1,1
16893,0.2,2,1,1
16894,0.2,1,1,0
16895,0.2,1,0,1
16896,0.2,2,1,1
16897,0.2,2,0,0
16898,1.0,1,1,1
16899,1.0,1,0,1
16900,1.0,2,1,1
16901,0.2,1,1,0
16902,0.2,1,1,0
16903,0.2,1,1,1
16904,0.2,2,1,1
16905,0.2,1,0,0
16906,0.2,2,1,1
16907,1.0,1,1,1
16908,0.2,1,0,0
16909,0.2,2,0,0
16910,0.2,3,1,0
16911,0.2,0,0,1
16912,0.2,2,0,0
16913,0.2,2,1,0
16914,0.2,3,1,1
16915,0.2,2,0,0
16916,0.2,1,0,0
16917,0.2,1,1,1
16918,0.2,1,1,1
16919,0.2,0,1,0
16920,1.0,2,1,0
16921,0.2,1,1,1
16922,1.0,2,1,1
16923,1.0,0,1,1
16924,1.0,2,1,1
16925,1.0,2,0,0
16926,2.2,0,1,1
16927,0.2,3,0,0
16928,0.2,1,1,1
16929,0.2,2,1,1
16930,1.0,1,0,0
16931,0.2,1,0,1
16932,1.0,1,1,1
16933,0.2,2,1,1
16934,1.0,2,1,1
16935,0.2,1,0,0
16936,0.2,3,0,0
16937,0.2,1,1,1
16938,0.2,2,1,0
16939,1.0,1,1,1
16940,1.0,2,1,1
16941,0.2,2,1,0
16942,0.2,1,1,1
16943,0.2,2,1,1
16944,0.2,1,0,1
16945,0.2,2,0,0
16946,0.2,0,0,0
16947,1.0,3,1,1
16948,0.2,1,0,0
16949,0.2,0,1,1
16950,1.0,1,0,0
16951,0.2,3,1,0
16952,0.2,1,1,1
16953,1.0,2,1,1
16954,0.2,2,1,0
16955,1.0,1,0,0
16956,0.2,0,1,0
16957,2.2,1,1,1
16958,0.2,1,1,1
16959,0.2,2,0,0
16960,1.0,1,0,0
16961,0.2,3,1,1
16962,0.2,2,0,0
16963,0.2,0,1,1
16964,0.2,2,1,1
16965,0.2,3,1,0
16966,1.0,0,1,0
16967,0.2,1,0,0
16968,0.2,2,1,1
16969,0.2,1,0,0
16970,0.2,2,1,1
16971,0.2,3,1,1
16972,0.2,1,0,0
16973,0.2,2,0,0
16974,2.2,1,0,1
16975,0.2,1,1,1
16976,0.2,2,0,0
16977,1.0,1,1,0
16978,0.2,3,0,0
16979,1.0,2,1,1
16980,0.2,0,0,0
16981,0.2,2,1,0
16982,0.2,1,1,1
16983,0.2,2,0,0
16984,0.2,2,1,1
16985,0.2,0,1,1
16986,0.2,3,1,1
16987,0.2,1,1,1
16988,2.2,1,1,1
16989,0.2,3,1,1
16990,0.2,2,0,0
16991,1.0,2,1,0
16992,1.0,2,0,1
16993,1.0,1,0,0
16994,0.2,1,0,0
16995,0.2,1,1,0
16996,0.2,1,0,0
16997,1.0,2,1,1
16998,0.2,0,0,1
16999,0.2,0,0,1
17000,0.2,0,0,1
17001,1.0,1,1,1
17002,0.2,1,0,1
17003,0.2,2,0,0
17004,0.2,2,0,0
17005,0.2,0,0,0
17006,0.2,1,1,0
17007,2.2,0,1,1
17008,0.2,2,0,1
17009,1.0,2,0,0
17010,0.2,2,1,1
17011,1.0,2,1,1
17012,1.0,1,1,1
17013,1.0,1,1,1
17014,1.0,1,1,1
17015,0.2,1,1,1
17016,0.2,1,0,0
17017,0.2,1,1,1
17018,0.2,2,0,0
17019,0.2,1,1,1
17020,0.2,2,0,0
17021,0.2,1,1,1
17022,1.0,2,1,1
17023,0.2,3,1,0
17024,0.2,3,0,0
17025,0.2,2,0,0
17026,0.2,3,1,0
17027,0.2,1,0,0
17028,0.2,3,1,0
17029,0.2,3,0,0
17030,0.2,1,0,1
17031,0.2,1,1,1
17032,0.2,0,1,1
17033,0.2,1,1,0
17034,0.2,3,0,0
17035,0.2,3,1,1
17036,1.0,2,1,1
17037,0.2,2,0,0
17038,0.2,3,1,1
17039,0.2,2,1,1
17040,0.2,1,0,0
17041,1.0,1,1,1
17042,1.0,2,0,0
17043,0.2,2,0,0
17044,0.2,0,0,1
17045,2.2,3,1,1
17046,1.0,2,0,1
17047,0.2,1,0,0
17048,0.2,2,1,0
17049,0.2,1,0,0
17050,1.0,3,1,1
17051,0.2,2,0,1
17052,0.2,2,0,0
17053,0.2,2,1,1
17054,0.2,0,0,1
17055,0.2,2,1,1
17056,1.0,1,1,1
17057,0.2,0,1,1
17058,0.2,2,1,1
17059,0.2,2,0,0
17060,1.0,3,1,1
17061,0.2,2,0,0
17062,0.2,3,1,0
17063,0.2,1,0,0
17064,1.0,2,0,0
17065,0.2,1,1,1
17066,0.2,1,1,0
17067,0.2,1,0,1
17068,1.0,1,1,1
17069,0.2,3,1,1
17070,1.0,2,0,1
17071,1.0,2,1,1
17072,1.0,2,1,1
17073,1.0,0,0,1
17074,0.2,3,1,0
17075,1.0,2,1,1
17076,0.2,1,0,0
17077,0.2,1,1,1
17078,0.2,2,0,0
17079,0.2,3,0,0
17080,0.2,0,1,1
17081,0.2,3,1,1
17082,0.2,1,1,1
17083,0.2,1,1,1
17084,0.2,3,1,0
17085,0.2,2,0,0
17086,0.2,0,1,1
17087,0.2,2,1,1
17088,0.2,3,1,0
17089,0.2,1,0,0
17090,0.2,2,0,0
17091,0.2,2,0,0
17092,1.0,3,0,0
17093,0.2,3,1,0
17094,0.2,2,0,1
17095,1.0,1,1,1
17096,0.2,3,1,0
17097,1.0,1,0,1
17098,0.2,1,0,0
17099,0.2,0,0,0
17100,1.0,2,1,1
17101,0.2,1,0,0
17102,0.2,3,1,1
17103,1.0,1,0,0
17104,0.2,1,0,0
17105,1.0,1,1,1
17106,0.2,1,1,0
17107,0.2,1,0,0
17108,0.2,1,1,1
17109,0.2,2,1,1
17110,1.0,1,0,0
17111,1.0,0,1,0
17112,1.0,1,0,1
17113,0.2,3,0,0
17114,0.2,1,1,1
17115,0.2,1,0,1
17116,0.2,2,1,1
17117,0.2,3,0,0
17118,0.2,1,1,1
17119,0.2,2,1,0
17120,0.2,2,1,0
17121,0.2,1,0,0
17122,0.2,1,1,1
17123,0.2,1,1,1
17124,0.2,2,0,0
17125,0.2,1,1,1
17126,0.2,2,0,0
17127,0.2,1,1,1
17128,1.0,2,1,1
17129,0.2,1,1,0
17130,1.0,0,1,1
17131,1.0,2,1,1
17132,0.2,2,1,1
17133,0.2,1,0,0
17134,1.0,3,1,1
17135,0.2,1,1,1
17136,0.2,1,1,1
17137,1.0,1,1,1
17138,0.2,2,0,0
17139,0.2,2,1,1
17140,0.2,0,0,0
17141,0.2,2,1,0
17142,0.2,2,1,1
17143,0.2,2,0,0
17144,0.2,1,0,0
17145,0.2,1,0,0
17146,0.2,1,1,1
17147,1.0,1,1,1
17148,1.0,1,0,1
17149,0.2,1,1,0
17150,0.2,2,1,1
17151,2.2,2,1,1
17152,1.0,2,1,1
17153,0.2,1,0,0
17154,0.2,2,1,0
17155,0.2,3,1,0
17156,0.2,2,0,1
17157,1.0,2,1,1
17158,0.2,3,0,0
17159,0.2,1,1,0
17160,0.2,3,1,1
17161,0.2,1,0,1
17162,0.2,1,0,0
17163,1.0,1,1,1
17164,0.2,2,1,1
17165,0.2,2,1,1
17166,0.2,2,0,0
17167,0.2,0,1,1
17168,0.2,2,1,1
17169,0.2,3,1,1
17170,1.0,1,0,1
17171,0.2,0,1,1
17172,0.2,3,0,0
17173,0.2,1,0,0
17174,0.2,2,1,0
17175,0.2,1,0,0
17176,0.2,0,0,0
17177,0.2,1,1,1
17178,0.2,0,1,1
17179,1.0,1,0,1
17180,0.2,1,0,0
17181,2.2,1,1,1
17182,0.2,1,0,0
17183,0.2,3,0,1
17184,0.2,1,0,0
17185,0.2,2,1,1
17186,0.2,1,1,0
17187,0.2,0,0,0
17188,1.0,2,1,1
17189,0.2,2,1,0
17190,1.0,2,1,1
17191,0.2,0,0,1
17192,0.2,0,0,0
17193,0.2,1,0,0
17194,0.2,2,0,0
17195,1.0,2,0,0
17196,0.2,1,1,0
17197,1.0,1,0,1
17198,0.2,1,1,1
17199,1.0,1,0,1
17200,1.0,0,1,1
17201,0.2,2,0,1
17202,0.2,1,0,0
17203,0.2,3,0,0
17204,1.0,1,0,0
17205,0.2,2,0,0
17206,0.2,0,0,0
17207,0.2,1,0,1
17208,0.2,2,1,1
17209,0.2,2,1,0
17210,0.2,1,1,0
17211,1.0,1,0,1
17212,0.2,1,1,0
17213,0.2,2,0,0
17214,2.2,2,1,1
17215,0.2,2,1,1
17216,0.2,1,0,0
17217,0.2,1,1,0
17218,0.2,0,0,0
17219,0.2,2,1,1
17220,0.2,1,0,1
17221,1.0,2,1,0
17222,1.0,3,0,1
17223,0.2,1,1,1
17224,1.0,1,1,1
17225,1.0,1,1,1
17226,0.2,1,0,0
17227,0.2,2,0,0
17228,0.2,2,0,0
17229,0.2,2,0,0
17230,1.0,2,1,1
17231,0.2,2,1,0
17232,0.2,3,0,0
17233,0.2,2,0,0
17234,0.2,1,1,0
17235,3.0,2,0,0
17236,0.2,2,0,0
17237,1.0,2,1,1
17238,1.0,0,1,1
17239,0.2,2,1,1
17240,3.8,0,1,1
17241,1.0,3,0,1
17242,0.2,2,0,0
17243,0.2,3,1,1
17244,0.2,1,0,0
17245,0.2,2,0,0
17246,0.2,2,1,1
17247,0.2,1,0,0
17248,0.2,1,0,0
17249,0.2,1,1,0
17250,0.2,1,0,0
17251,0.2,0,0,1
17252,0.2,1,0,0
17253,0.2,0,0,0
17254,0.2,0,0,1
17255,1.0,1,0,1
17256,0.2,2,0,1
17257,0.2,3,1,1
17258,0.2,2,0,0
17259,0.2,2,1,1
17260,0.2,3,0,0
17261,0.2,1,0,0
17262,0.2,2,0,1
17263,0.2,3,1,0
17264,1.0,0,1,1
17265,0.2,1,0,1
17266,0.2,2,0,1
17267,0.2,0,0,0
17268,0.2,2,1,1
17269,1.0,1,1,1
17270,1.0,1,1,1
17271,1.0,2,1,0
17272,1.8,2,1,1
17273,0.2,1,0,0
17274,0.2,3,0,0
17275,0.2,2,1,1
17276,0.2,1,0,0
17277,0.2,1,0,0
17278,0.2,0,1,1
17279,0.2,0,0,0
17280,1.0,2,1,1
17281,0.2,1,1,1
17282,2.2,3,0,1
17283,0.2,1,1,0
17284,0.2,2,1,1
17285,1.0,1,1,1
17286,0.2,2,1,0
17287,0.2,2,0,0
17288,0.2,0,0,0
17289,0.2,1,1,1
17290,0.2,1,1,0
17291,0.2,1,1,1
17292,0.2,3,0,0
17293,0.2,3,1,1
17294,1.0,2,1,1
17295,0.2,2,0,0
17296,0.2,2,1,1
17297,0.2,1,0,0
17298,0.2,2,0,0
17299,0.2,1,1,0
17300,0.2,1,0,0
17301,0.2,3,0,0
17302,0.2,3,0,0
17303,0.2,1,0,1
17304,1.0,2,1,1
17305,0.2,1,1,1
17306,0.2,1,1,1
17307,1.0,2,0,0
17308,1.0,1,1,1
17309,0.2,2,0,0
17310,0.2,3,0,0
17311,0.2,1,0,0
17312,0.2,3,0,0
17313,0.2,1,0,1
17314,1.0,1,1,1
17315,0.2,2,0,0
17316,0.2,3,1,1
17317,0.2,2,1,0
17318,1.0,0,1,1
17319,1.0,2,1,1
17320,0.2,3,0,0
17321,0.2,0,0,0
17322,1.0,1,1,1
17323,1.0,2,1,1
17324,0.2,1,1,1
17325,0.2,2,0,0
17326,0.2,0,1,0
17327,0.2,2,0,0
17328,0.2,2,0,0
17329,0.2,2,1,1
17330,0.2,2,0,0
17331,1.0,2,0,1
17332,0.2,2,0,0
17333,0.2,1,0,1
17334,0.2,1,1,1
17335,0.2,2,0,0
17336,0.2,1,1,1
17337,1.0,3,0,0
17338,0.2,1,0,0
17339,0.2,1,1,1
17340,0.2,2,0,0
17341,0.2,1,0,0
17342,0.2,0,1,1
17343,0.2,2,0,1
17344,0.2,2,0,0
17345,0.2,0,1,0
17346,1.0,1,1,1
17347,0.2,2,0,1
17348,0.2,1,0,0
17349,0.2,2,0,0
17350,0.2,2,0,0
17351,0.2,0,0,0
17352,0.2,2,0,0
17353,0.2,2,1,1
17354,0.2,2,0,0
17355,0.2,1,1,1
17356,0.2,1,0,0
17357,0.2,1,0,0
17358,0.2,1,0,0
17359,0.2,2,0,0
17360,0.2,2,0,0
17361,0.2,2,1,1
17362,1.0,0,1,1
17363,2.2,1,1,1
17364,1.0,1,1,1
17365,1.0,2,1,1
17366,0.2,2,0,0
17367,0.2,0,1,0
17368,0.2,2,0,0
17369,0.2,0,0,0
17370,1.0,0,0,1
17371,1.0,1,1,1
17372,1.0,2,1,1
17373,0.2,2,1,1
17374,0.2,3,0,0
17375,1.4,2,1,1
17376,0.2,2,1,1
17377,0.2,3,0,0
17378,0.2,1,0,0
17379,0.2,1,1,1
17380,1.0,2,1,0
17381,0.2,1,0,1
17382,2.2,2,1,1
17383,0.2,1,1,1
17384,0.2,3,0,0
17385,0.2,2,1,0
17386,1.0,2,1,0
17387,1.0,1,1,1
17388,1.0,1,0,1
17389,1.0,1,1,1
17390,0.2,2,0,0
17391,0.2,2,0,0
17392,1.0,2,1,1
17393,1.0,3,0,0
17394,0.2,2,1,0
17395,0.2,1,0,0
17396,0.2,2,0,0
17397,0.2,2,0,0
17398,2.5999999999999996,0,1,1
17399,1.0,2,0,1
17400,0.2,1,0,0
17401,0.2,0,1,1
17402,0.2,3,0,0
17403,1.0,1,1,1
17404,1.0,0,1,1
17405,1.0,1,0,0
17406,0.2,3,1,0
17407,0.2,0,1,1
17408,0.2,1,1,1
17409,0.2,1,1,1
17410,0.2,1,1,1
17411,1.0,1,0,1
17412,0.2,2,0,0
17413,0.2,1,1,1
17414,0.2,3,0,0
17415,0.2,2,1,0
17416,0.2,3,0,0
17417,0.2,1,1,1
17418,0.2,3,1,0
17419,0.2,3,0,0
17420,1.0,2,1,1
17421,0.2,1,0,0
17422,0.2,1,1,0
17423,1.0,1,1,1
17424,0.2,2,1,1
17425,0.2,1,0,1
17426,1.8,2,1,1
17427,0.2,3,0,0
17428,1.0,1,1,1
17429,0.2,2,0,0
17430,0.2,3,0,0
17431,0.2,1,0,0
17432,0.2,2,1,1
17433,0.2,2,0,0
17434,0.2,0,1,1
17435,0.2,1,1,1
17436,0.2,1,1,1
17437,0.2,2,1,0
17438,0.2,2,0,0
17439,0.2,3,0,0
17440,0.2,2,0,0
17441,0.2,2,0,0
17442,0.2,3,0,0
17443,0.2,1,0,0
17444,0.2,2,1,0
17445,1.0,0,1,1
17446,1.0,2,1,1
17447,0.2,1,0,0
17448,0.2,1,0,1
17449,0.2,3,1,0
17450,0.2,0,0,0
17451,0.2,2,0,0
17452,0.2,1,1,1
17453,0.2,3,0,0
17454,0.2,3,1,0
17455,0.2,1,1,1
17456,0.2,2,0,0
17457,0.2,1,1,1
17458,0.2,2,0,0
17459,0.2,2,1,0
17460,0.2,1,0,0
17461,0.2,1,1,1
17462,0.2,2,1,1
17463,0.2,1,0,0
17464,0.2,1,1,0
17465,0.2,0,1,1
17466,0.2,2,0,0
17467,0.2,1,1,1
17468,0.2,2,0,0
17469,1.0,3,0,0
17470,1.0,2,1,1
17471,0.2,2,0,0
17472,0.2,2,1,1
17473,0.2,0,1,0
17474,0.2,2,0,0
17475,0.2,1,0,0
17476,1.0,1,0,0
17477,0.2,2,1,1
17478,0.2,0,1,1
17479,0.2,1,0,0
17480,0.2,0,1,1
17481,0.2,0,0,0
17482,0.2,2,0,0
17483,1.0,2,0,0
17484,0.2,1,1,0
17485,0.2,2,0,0
17486,0.2,2,1,1
17487,0.2,0,1,1
17488,0.2,1,1,0
17489,0.2,1,0,1
17490,0.2,2,1,0
17491,0.2,2,1,1
17492,1.0,1,1,1
17493,0.2,1,0,0
17494,1.0,2,0,0
17495,0.2,2,1,0
17496,0.2,1,0,1
17497,1.0,2,1,1
17498,0.2,1,1,1
17499,1.0,3,0,1
17500,1.0,1,1,1
17501,1.0,1,0,1
17502,0.2,0,1,1
17503,0.2,3,1,0
17504,0.2,1,1,1
17505,0.2,0,1,1
17506,1.0,1,1,1
17507,0.2,3,1,0
17508,1.0,2,1,1
17509,1.0,2,1,1
17510,0.2,1,0,0
17511,0.2,2,0,0
17512,0.2,1,0,0
17513,0.2,2,1,1
17514,0.2,2,0,0
17515,1.0,3,1,0
17516,0.2,1,1,1
17517,0.2,0,0,0
17518,0.2,3,1,1
17519,1.0,1,1,1
17520,1.0,2,0,0
17521,0.2,0,1,1
17522,0.2,2,0,0
17523,0.2,1,1,1
17524,0.2,1,1,0
17525,1.0,2,0,0
17526,1.0,3,0,0
17527,2.2,0,1,1
17528,0.2,2,0,0
17529,1.0,1,0,1
17530,0.2,2,1,0
17531,0.2,1,0,0
17532,2.2,0,1,1
17533,1.0,2,1,1
17534,0.2,1,0,0
17535,0.2,1,1,1
17536,0.2,1,0,0
17537,0.2,0,1,1
17538,1.8,3,0,1
17539,1.0,1,1,1
17540,0.2,2,1,1
17541,0.2,2,0,0
17542,0.2,3,0,0
17543,0.2,2,0,0
17544,0.2,1,0,0
17545,1.0,2,0,0
17546,0.2,2,0,0
17547,0.2,0,1,0
17548,0.2,2,0,0
17549,0.2,1,1,1
17550,0.2,0,1,1
17551,0.2,2,0,1
17552,2.2,1,1,1
17553,1.0,1,1,1
17554,0.2,1,0,0
17555,0.2,1,0,1
17556,1.0,2,1,1
17557,0.2,2,0,0
17558,0.2,3,1,1
17559,0.2,0,1,1
17560,0.2,1,1,1
17561,1.0,0,1,1
17562,0.2,2,0,0
17563,0.2,1,0,0
17564,0.2,1,0,0
17565,1.0,2,1,1
17566,0.2,1,1,1
17567,0.2,0,1,1
17568,1.0,2,0,0
17569,0.2,1,0,0
17570,0.2,2,0,0
17571,0.2,1,0,1
17572,0.2,2,1,1
17573,0.2,1,1,1
17574,1.0,1,0,1
17575,0.2,1,1,0
17576,0.2,1,1,1
17577,0.2,3,0,0
17578,1.0,2,0,0
17579,0.2,1,0,1
17580,2.2,1,1,1
17581,0.2,2,0,0
17582,0.2,0,1,1
17583,0.2,2,0,0
17584,0.2,2,0,0
17585,0.2,1,0,0
17586,0.2,1,0,1
17587,0.2,2,0,0
17588,0.2,2,1,1
17589,1.0,3,0,0
17590,1.0,2,0,1
17591,0.2,2,1,1
17592,1.0,2,0,0
17593,0.2,3,1,0
17594,0.2,2,1,1
17595,0.2,2,0,0
17596,0.2,3,0,1
17597,0.2,1,0,0
17598,0.2,2,0,0
17599,0.2,2,1,0
17600,0.2,2,1,1
17601,1.0,0,1,1
17602,0.2,1,0,1
17603,0.2,2,0,0
17604,0.2,1,0,0
17605,0.2,3,0,0
17606,0.2,1,1,1
17607,0.2,2,0,1
17608,0.2,3,0,0
17609,1.0,0,1,1
17610,0.2,1,0,1
17611,0.2,2,0,0
17612,0.2,1,1,1
17613,0.2,2,0,1
17614,1.0,1,1,1
17615,0.2,0,1,1
17616,0.2,2,0,0
17617,1.0,3,0,0
17618,0.2,2,0,0
17619,0.2,0,0,1
17620,0.2,0,0,0
17621,0.2,2,1,0
17622,1.0,1,1,1
17623,1.0,1,0,0
17624,0.2,1,0,0
17625,0.2,0,1,1
17626,0.2,2,1,0
17627,0.2,2,1,1
17628,1.0,1,0,1
17629,1.0,3,1,1
17630,0.2,0,1,1
17631,0.2,1,0,0
17632,0.2,2,0,0
17633,0.2,2,0,0
17634,0.2,2,0,0
17635,0.2,2,1,1
17636,0.2,2,0,1
17637,1.0,3,0,0
17638,1.0,2,1,1
17639,0.2,0,1,1
17640,1.0,2,1,1
17641,2.2,1,1,1
17642,1.0,2,1,1
17643,0.2,1,1,1
17644,0.2,1,0,0
17645,0.2,1,0,0
17646,0.2,2,1,1
17647,0.2,2,0,0
17648,0.2,1,0,0
17649,0.2,1,1,1
17650,0.2,1,0,0
17651,0.2,2,1,0
17652,0.2,2,0,0
17653,1.0,1,0,0
17654,0.2,1,0,0
17655,0.2,1,1,1
17656,0.2,1,0,1
17657,0.2,1,0,0
17658,0.2,2,1,0
17659,0.2,1,0,0
17660,0.2,3,1,0
17661,0.2,1,0,1
17662,0.2,2,1,1
17663,0.2,2,1,1
17664,0.2,1,1,1
17665,0.2,1,0,0
17666,0.2,1,0,0
17667,0.2,2,0,0
17668,0.2,1,1,1
17669,0.2,2,0,0
17670,1.0,0,1,1
17671,1.0,3,1,0
17672,0.2,2,0,0
17673,0.2,3,1,1
17674,0.2,2,0,0
17675,1.0,1,1,1
17676,1.0,0,1,1
17677,0.2,1,0,0
17678,0.2,1,1,1
17679,0.2,1,0,0
17680,0.2,2,0,1
17681,1.0,2,0,1
17682,0.2,1,1,1
17683,1.0,2,1,1
17684,0.2,1,0,1
17685,0.2,1,1,0
17686,0.2,2,1,0
17687,0.2,1,1,1
17688,0.2,3,0,0
17689,1.0,2,0,0
17690,1.0,3,0,0
17691,0.2,0,0,0
17692,0.2,1,0,0
17693,0.2,0,0,1
17694,0.2,1,0,0
17695,0.2,3,1,1
17696,0.2,2,0,0
17697,0.2,2,1,0
17698,0.2,2,0,0
17699,0.2,1,1,0
17700,2.5999999999999996,1,0,0
17701,1.0,1,1,1
17702,0.2,0,0,0
17703,0.2,0,1,0
17704,1.0,2,1,1
17705,0.2,1,0,1
17706,0.2,3,0,0
17707,1.0,1,0,0
17708,0.2,2,0,1
17709,0.2,2,0,1
17710,1.0,2,1,1
17711,1.0,1,1,1
17712,0.2,2,1,1
17713,0.2,1,1,0
17714,1.0,1,0,1
17715,0.2,2,0,0
17716,0.2,1,0,0
17717,0.2,2,0,0
17718,0.2,1,1,1
17719,1.0,1,0,1
17720,1.0,0,1,1
17721,0.2,1,1,1
17722,0.2,1,0,0
17723,0.2,2,1,1
17724,0.2,2,1,0
17725,0.2,1,1,1
17726,0.2,2,0,0
17727,0.2,3,0,0
17728,0.2,3,1,1
17729,0.2,1,1,1
17730,0.2,2,1,1
17731,0.2,2,0,0
17732,0.2,1,1,1
17733,0.2,3,1,0
17734,2.2,0,0,1
17735,0.2,2,1,1
17736,0.2,0,1,0
17737,0.2,1,0,0
17738,0.2,2,0,1
17739,0.2,1,1,1
17740,0.2,0,1,1
17741,0.2,2,0,0
17742,1.0,1,1,1
17743,0.2,3,0,0
17744,0.2,2,0,0
17745,0.2,2,1,0
17746,0.2,2,1,1
17747,0.2,2,0,0
17748,0.2,1,1,1
17749,0.2,1,0,1
17750,0.2,2,1,0
17751,0.2,2,0,0
17752,1.0,3,1,1
17753,0.2,1,0,0
17754,1.0,2,1,0
17755,0.2,1,0,1
17756,0.2,1,0,0
17757,0.2,0,1,1
17758,0.2,1,1,1
17759,0.2,0,0,0
17760,0.2,2,0,0
17761,0.2,2,0,0
17762,0.2,3,0,0
17763,0.2,0,1,1
17764,0.2,2,1,0
17765,0.2,2,1,1
17766,1.0,1,0,0
17767,0.2,3,0,0
17768,0.2,1,1,1
17769,1.0,2,1,1
17770,0.2,2,0,0
17771,0.2,1,0,0
17772,0.2,2,0,0
17773,0.2,1,0,0
17774,0.2,1,0,0
17775,0.2,1,0,0
17776,0.2,2,0,0
17777,0.2,1,0,0
17778,0.2,3,1,1
17779,0.2,1,0,0
17780,0.2,1,0,0
17781,0.2,3,1,0
17782,0.2,1,1,1
17783,0.2,2,0,0
17784,0.2,3,0,0
17785,0.2,0,1,1
17786,1.0,1,0,0
17787,1.0,1,1,1
17788,0.2,2,1,1
17789,1.0,1,0,0
17790,1.0,1,1,1
17791,0.2,0,1,1
17792,0.2,1,1,0
17793,0.2,1,1,1
17794,0.2,0,1,1
17795,1.0,0,1,1
17796,0.2,2,1,1
17797,0.2,1,0,0
17798,1.0,0,1,1
17799,0.2,2,1,1
17800,1.0,1,0,0
17801,1.0,3,1,1
17802,0.2,1,0,0
17803,0.2,2,1,0
17804,0.2,0,0,0
17805,0.2,1,0,0
17806,0.2,0,1,1
17807,0.2,1,0,0
17808,1.0,1,1,1
17809,0.2,0,1,1
17810,0.2,2,1,1
17811,0.2,1,0,0
17812,0.2,2,1,1
17813,0.2,1,0,0
17814,1.0,2,1,1
17815,0.2,1,1,1
17816,1.0,2,0,0
17817,1.0,2,1,1
17818,0.2,1,1,1
17819,0.2,2,0,0
17820,0.2,1,1,1
17821,1.0,2,1,1
17822,0.2,3,1,0
17823,1.0,2,1,1
17824,0.2,2,0,0
17825,1.0,2,1,1
17826,1.0,2,0,1
17827,0.2,3,0,0
17828,0.2,1,0,0
17829,0.2,2,1,0
17830,0.2,3,0,0
17831,1.0,1,0,1
17832,0.2,1,1,1
17833,0.2,1,0,0
17834,1.0,0,1,1
17835,0.2,2,0,0
17836,0.2,1,0,0
17837,0.2,2,1,0
17838,0.2,1,0,0
17839,0.2,2,0,0
17840,0.2,2,1,1
17841,1.0,2,1,1
17842,0.2,1,1,1
17843,0.2,3,0,0
17844,0.2,2,1,1
17845,1.0,1,0,1
17846,1.0,2,1,1
17847,0.2,0,1,1
17848,0.2,1,1,0
17849,1.0,2,0,1
17850,1.0,1,0,1
17851,1.0,3,0,1
17852,0.2,1,0,1
17853,2.2,1,0,1
17854,0.2,2,0,0
17855,1.0,2,0,0
17856,0.2,1,0,0
17857,1.0,1,0,0
17858,0.2,1,1,0
17859,1.0,0,0,0
17860,0.2,1,0,0
17861,0.2,2,0,0
17862,1.0,1,0,0
17863,0.2,0,1,1
17864,1.0,3,1,1
17865,0.2,3,0,1
17866,0.2,1,0,0
17867,0.2,2,0,0
17868,0.2,1,1,1
17869,0.2,1,0,0
17870,0.2,1,1,1
17871,0.2,2,0,0
17872,0.2,1,0,1
17873,1.0,1,1,1
17874,1.0,0,0,0
17875,1.0,1,1,1
17876,0.2,2,1,0
17877,1.0,2,0,0
17878,0.2,1,1,1
17879,0.2,1,1,1
17880,0.2,2,0,0
17881,0.2,0,1,1
17882,0.2,2,0,0
17883,0.2,2,1,1
17884,0.2,3,1,0
17885,0.2,3,1,0
17886,0.2,1,0,0
17887,0.2,2,0,0
17888,0.2,2,0,0
17889,0.2,1,1,1
17890,2.2,1,1,1
17891,0.2,2,1,1
17892,0.2,1,0,0
17893,0.2,2,0,1
17894,1.0,2,1,1
17895,0.2,3,0,0
17896,0.2,0,1,1
17897,0.2,2,0,0
17898,1.0,3,1,0
17899,1.0,2,1,1
17900,1.0,2,0,0
17901,0.2,2,0,0
17902,0.2,2,0,0
17903,1.0,2,1,1
17904,1.0,2,0,0
17905,1.0,0,1,1
17906,1.0,0,1,1
17907,1.0,0,1,1
17908,0.2,1,0,0
17909,0.2,2,1,1
17910,0.2,1,1,0
17911,0.2,1,1,1
17912,0.2,1,0,0
17913,0.2,1,0,0
17914,0.2,1,1,0
17915,1.0,2,0,1
17916,0.2,2,1,1
17917,1.0,2,0,1
17918,0.2,2,0,0
17919,0.2,1,1,0
17920,0.2,0,1,0
17921,0.2,1,0,1
17922,0.2,3,0,0
17923,0.2,3,1,1
17924,0.2,2,0,0
17925,0.2,1,1,0
17926,0.2,1,1,1
17927,0.2,3,1,1
17928,0.2,3,0,0
17929,0.2,2,1,1
17930,1.0,1,0,0
17931,0.2,1,1,0
17932,0.2,2,1,0
17933,0.2,1,1,1
17934,0.2,3,0,0
17935,0.2,1,0,0
17936,0.2,2,0,0
17937,0.2,2,0,1
17938,0.2,1,1,1
17939,0.2,2,0,0
17940,0.2,2,1,1
17941,2.2,1,1,1
17942,1.0,1,1,1
17943,0.2,2,1,0
17944,0.2,2,0,1
17945,0.2,0,1,1
17946,0.2,1,1,1
17947,0.2,1,0,1
17948,0.2,2,0,0
17949,0.2,3,0,0
17950,1.0,1,1,1
17951,0.2,3,0,0
17952,0.2,2,1,1
17953,0.2,3,0,0
17954,0.2,2,1,1
17955,1.0,0,0,0
17956,0.2,2,0,0
17957,0.2,0,1,1
17958,0.2,2,1,0
17959,0.2,3,0,0
17960,1.0,2,1,1
17961,0.2,2,0,0
17962,1.0,3,1,1
17963,2.2,2,1,1
17964,0.2,2,0,0
17965,1.0,2,0,1
17966,0.2,1,1,1
17967,0.2,0,1,1
17968,0.2,2,1,1
17969,0.2,0,1,0
17970,0.2,0,1,1
17971,0.2,1,1,1
17972,2.2,2,0,1
17973,0.2,1,1,1
17974,0.2,2,0,0
17975,0.2,1,1,0
17976,0.2,1,1,1
17977,0.2,2,1,1
17978,0.2,1,0,0
17979,0.2,1,0,0
17980,1.0,3,0,0
17981,0.2,0,1,1
17982,0.2,2,0,0
17983,0.2,0,1,1
17984,0.2,1,0,0
17985,0.2,2,1,1
17986,1.0,0,1,1
17987,0.2,2,0,0
17988,1.0,1,0,0
17989,0.2,3,0,0
17990,0.2,1,1,0
17991,0.2,3,1,1
17992,0.2,1,0,1
17993,0.2,1,1,0
17994,1.0,2,0,1
17995,0.2,1,0,0
17996,1.0,2,1,1
17997,1.0,0,1,1
17998,1.0,1,1,1
17999,0.2,2,0,1
