,R,Q,A,Y
0,1.0,2,1,1
1,0.2,1,1,0
2,0.2,1,1,0
3,0.2,2,0,0
4,0.2,1,1,0
5,0.2,2,1,1
6,1.0,1,1,0
7,1.0,1,0,1
8,0.2,1,0,0
9,0.2,1,0,0
10,1.0,2,0,1
11,0.2,2,1,0
12,0.2,1,1,0
13,1.0,1,0,0
14,2.2,2,1,1
15,0.2,0,0,1
16,0.2,2,0,0
17,0.2,2,0,0
18,0.2,2,1,0
19,0.2,0,1,1
20,0.2,1,0,0
21,3.0,2,1,1
22,0.2,1,1,0
23,0.2,3,0,0
24,0.2,3,1,1
25,1.0,2,0,0
26,0.2,1,1,1
27,0.2,1,1,0
28,0.2,1,1,1
29,0.2,3,0,0
30,0.2,2,0,0
31,0.2,3,1,1
32,0.2,2,0,0
33,0.2,3,1,1
34,1.0,2,1,1
35,0.2,2,1,1
36,1.0,2,0,1
37,0.2,2,0,0
38,0.2,3,0,0
39,1.0,0,0,1
40,0.2,2,0,0
41,0.2,1,0,1
42,0.2,2,0,0
43,0.2,2,1,0
44,1.0,1,1,1
45,0.2,1,0,0
46,0.2,3,0,0
47,0.2,1,1,0
48,0.2,0,0,1
49,0.2,0,1,1
50,0.2,1,1,1
51,0.2,1,0,0
52,1.0,2,0,1
53,0.2,2,1,1
54,1.0,1,0,0
55,0.2,1,1,1
56,0.2,2,0,0
57,1.0,2,1,0
58,0.2,2,0,0
59,1.0,1,1,0
60,0.2,3,1,0
61,0.2,3,0,0
62,0.2,0,1,1
63,1.0,2,1,0
64,0.2,2,0,0
65,0.2,1,0,0
66,0.2,2,0,0
67,0.2,1,0,1
68,0.2,1,0,0
69,0.2,2,0,0
70,0.2,0,1,1
71,0.2,1,1,0
72,0.2,1,1,1
73,1.0,1,0,1
74,1.0,0,0,1
75,2.2,2,1,1
76,0.2,2,1,0
77,0.2,0,1,1
78,0.2,2,1,0
79,0.2,1,1,0
80,1.0,2,0,0
81,0.2,2,0,0
82,0.2,1,0,0
83,1.0,0,1,1
84,0.2,2,0,0
85,0.2,2,1,0
86,0.2,1,1,0
87,0.2,3,0,0
88,0.2,1,1,1
89,0.2,0,1,0
90,0.2,0,0,0
91,0.2,2,0,0
92,1.0,2,1,1
93,0.2,1,1,0
94,0.2,3,0,0
95,0.2,2,0,0
96,0.2,1,0,0
97,0.2,0,1,1
98,1.0,1,0,0
99,1.0,2,0,0
100,0.2,2,1,1
101,0.2,3,0,0
102,0.2,0,1,1
103,1.0,1,1,1
104,2.2,0,0,1
105,1.0,1,0,1
106,1.0,2,1,1
107,0.2,3,0,0
108,0.2,0,0,1
109,0.2,2,1,1
110,0.2,1,1,1
111,0.2,2,1,1
112,0.2,2,0,0
113,1.0,2,1,0
114,1.0,2,1,1
115,1.0,1,1,1
116,0.2,2,1,1
117,0.2,0,1,1
118,0.2,2,0,0
119,0.2,2,1,1
120,0.2,1,1,1
121,0.2,2,0,0
122,1.0,0,1,1
123,1.0,0,0,1
124,0.2,3,0,0
125,1.0,3,1,1
126,0.6000000000000001,1,1,1
127,0.2,1,1,1
128,1.0,2,1,1
129,0.2,1,1,1
130,2.2,2,0,1
131,1.0,0,0,1
132,1.0,1,0,0
133,0.2,0,0,0
134,1.0,2,1,1
135,0.2,1,1,1
136,0.2,2,1,0
137,0.2,1,0,0
138,1.0,1,0,0
139,0.2,3,1,0
140,1.0,2,1,1
141,0.2,2,1,0
142,0.2,2,1,1
143,0.2,2,0,0
144,0.2,2,1,0
145,0.2,2,1,1
146,0.2,2,0,0
147,2.2,0,1,1
148,0.2,3,1,1
149,0.2,2,1,1
150,1.0,3,0,0
151,1.0,2,1,1
152,0.2,1,1,0
153,0.2,1,0,0
154,0.2,1,0,0
155,1.0,2,0,0
156,0.2,1,1,1
157,0.2,2,0,0
158,0.2,0,1,1
159,0.2,2,1,0
160,0.2,1,0,0
161,0.2,1,1,1
162,1.0,1,0,0
163,0.2,1,0,1
164,0.2,3,1,0
165,0.2,1,1,1
166,0.2,2,1,0
167,0.2,2,1,0
168,0.2,0,1,1
169,1.0,2,0,0
170,0.2,2,1,1
171,0.2,1,1,0
172,0.2,2,1,1
173,0.2,1,1,1
174,0.2,2,1,1
175,1.0,2,1,1
176,0.2,0,1,1
177,0.2,3,1,0
178,0.2,1,1,1
179,0.2,3,0,0
180,1.0,2,1,0
181,0.2,1,0,0
182,0.2,2,1,1
183,0.2,2,1,0
184,0.2,0,1,1
185,0.2,1,0,0
186,0.2,1,0,0
187,0.2,3,1,1
188,0.2,3,0,0
189,0.2,1,0,0
190,0.2,3,1,0
191,1.0,3,0,0
192,0.2,1,1,0
193,2.2,1,1,1
194,0.2,1,1,1
195,1.0,2,0,0
196,0.2,1,0,1
197,0.2,0,1,1
198,0.2,2,1,1
199,0.2,1,1,1
200,0.2,1,1,0
201,0.2,2,0,0
202,0.2,3,1,0
203,0.2,1,0,0
204,0.2,3,0,1
205,2.2,3,1,1
206,1.0,2,0,1
207,2.2,1,0,1
208,0.2,1,0,0
209,0.2,1,1,0
210,1.0,2,0,0
211,1.0,2,1,1
212,1.0,2,0,1
213,0.2,3,1,0
214,0.2,1,1,1
215,0.2,1,1,1
216,1.0,1,0,0
217,0.2,1,0,0
218,0.2,1,0,0
219,0.2,1,1,0
220,1.0,1,0,1
221,0.2,2,0,1
222,0.2,1,1,1
223,0.2,2,0,0
224,3.0,0,1,1
225,0.2,0,0,0
226,0.2,1,0,0
227,0.2,0,0,0
228,0.2,2,0,0
229,0.2,1,1,0
230,0.2,2,0,0
231,0.2,3,0,0
232,0.2,0,1,1
233,0.2,1,0,0
234,0.2,1,1,1
235,0.2,3,0,0
236,1.0,1,0,1
237,0.2,3,1,0
238,0.2,0,1,1
239,1.0,3,1,1
240,0.2,2,0,0
241,0.2,1,0,0
242,0.2,2,1,1
243,0.2,3,1,1
244,0.2,3,1,1
245,0.2,1,0,0
246,0.2,2,1,0
247,1.0,0,1,1
248,0.2,2,1,0
249,0.2,0,0,0
250,1.0,1,1,1
251,0.2,2,1,0
252,0.2,1,0,0
253,1.0,1,0,1
254,0.2,1,1,1
255,0.2,2,0,0
256,0.2,1,0,0
257,0.2,2,1,0
258,0.2,3,1,1
259,1.0,1,1,1
260,0.2,3,1,1
261,0.2,1,0,0
262,0.2,2,0,0
263,0.2,2,1,1
264,1.0,3,1,1
265,0.2,0,0,0
266,0.2,1,1,0
267,0.2,2,1,1
268,0.2,2,1,1
269,0.2,1,0,0
270,0.2,0,1,1
271,1.0,2,0,0
272,1.0,1,1,1
273,0.2,1,1,1
274,0.2,1,0,0
275,0.2,2,1,1
276,0.2,3,0,0
277,0.2,2,0,1
278,1.0,1,0,0
279,0.2,2,0,0
280,1.0,0,0,0
281,0.2,1,0,0
282,0.2,1,1,1
283,0.2,2,0,0
284,1.0,0,0,0
285,0.2,2,1,1
286,0.2,3,0,0
287,0.2,2,0,0
288,0.2,1,1,1
289,0.2,2,1,0
290,0.2,2,0,0
291,1.0,2,1,1
292,0.2,2,0,1
293,1.0,2,1,1
294,0.2,0,1,1
295,0.2,2,0,1
296,0.2,0,1,1
297,0.2,1,1,1
298,0.2,1,0,0
299,0.2,1,1,1
300,1.0,1,1,1
301,2.2,0,1,1
302,0.2,2,0,0
303,1.0,1,1,1
304,0.2,2,0,0
305,0.2,2,1,0
306,0.2,0,0,0
307,0.2,2,0,0
308,0.2,1,1,1
309,1.0,0,0,1
310,0.2,0,1,1
311,0.2,2,1,0
312,1.0,1,0,0
313,1.0,2,1,1
314,0.2,1,1,1
315,1.0,2,1,0
316,1.0,2,1,1
317,0.2,0,0,0
318,0.2,2,1,0
319,0.2,1,1,1
320,0.2,1,1,1
321,0.2,1,1,0
322,0.2,1,1,1
323,0.2,2,0,0
324,0.2,2,1,1
325,0.2,0,0,0
326,0.2,2,1,1
327,0.2,2,0,0
328,0.2,2,1,0
329,0.2,1,1,1
330,0.2,2,0,0
331,0.2,1,1,1
332,0.2,2,1,0
333,0.2,2,1,0
334,0.2,0,1,1
335,0.2,3,1,1
336,0.2,3,1,1
337,0.2,3,1,0
338,0.2,3,1,1
339,0.2,1,1,1
340,0.2,1,0,1
341,0.2,2,0,0
342,0.2,2,1,1
343,0.2,1,0,0
344,0.2,2,1,1
345,0.2,2,1,0
346,1.0,2,0,0
347,0.2,2,1,0
348,0.2,2,1,0
349,0.2,0,0,1
350,0.2,3,0,0
351,0.2,1,0,0
352,0.2,2,1,0
353,0.2,1,1,0
354,0.2,2,0,0
355,0.2,1,0,1
356,1.0,0,1,1
357,0.2,2,1,1
358,1.0,2,1,1
359,0.2,1,0,0
360,0.2,1,0,0
361,1.0,1,0,1
362,1.0,1,0,0
363,1.0,2,0,1
364,0.2,2,1,0
365,0.2,0,0,0
366,0.2,1,1,0
367,0.2,1,0,0
368,0.2,0,1,1
369,0.2,1,1,1
370,0.2,2,0,0
371,0.2,2,1,1
372,0.2,1,0,0
373,0.2,2,0,0
374,0.2,1,1,1
375,0.2,1,1,1
376,0.2,1,0,0
377,0.2,1,1,1
378,0.2,2,0,0
379,0.2,3,0,0
380,0.2,0,0,0
381,0.2,1,1,1
382,0.2,1,0,0
383,1.0,1,0,1
384,1.0,3,0,0
385,0.2,1,1,1
386,0.2,2,1,1
387,0.2,0,1,1
388,0.2,2,0,0
389,0.2,2,0,0
390,1.0,1,0,1
391,0.2,1,0,0
392,0.2,2,1,1
393,0.2,1,0,0
394,0.2,1,1,1
395,0.2,1,0,0
396,0.2,2,0,0
397,0.2,2,1,1
398,0.2,1,0,0
399,0.2,2,1,1
400,0.2,2,0,1
401,0.2,2,0,0
402,0.2,2,1,0
403,1.0,1,1,1
404,0.2,2,0,0
405,0.2,2,0,0
406,0.2,2,0,0
407,0.2,2,1,1
408,0.2,1,1,1
409,0.2,2,0,0
410,0.2,1,1,0
411,0.2,1,1,1
412,0.2,1,1,1
413,0.2,0,0,0
414,1.0,2,0,1
415,1.0,1,0,0
416,1.0,1,0,0
417,0.2,1,0,0
418,0.2,0,1,1
419,0.2,1,1,1
420,0.2,1,0,0
421,1.0,3,0,0
422,0.2,1,1,1
423,0.2,2,1,0
424,0.2,1,0,1
425,1.0,1,0,1
426,1.0,2,1,1
427,0.2,2,1,1
428,0.2,2,1,1
429,0.2,1,1,0
430,1.0,1,1,1
431,0.2,1,1,1
432,0.2,3,0,0
433,1.0,0,1,1
434,0.2,1,1,1
435,0.2,1,0,0
436,0.2,1,1,1
437,0.2,2,0,0
438,1.0,2,1,1
439,1.0,2,1,1
440,0.2,2,0,0
441,1.0,0,1,1
442,1.0,0,0,0
443,0.2,1,0,1
444,0.2,2,0,0
445,0.2,1,0,0
446,0.2,0,1,1
447,1.0,2,0,0
448,0.2,2,0,0
449,0.2,1,0,0
450,0.2,2,0,0
451,0.2,1,0,0
452,1.0,1,1,1
453,0.2,1,1,1
454,1.0,0,1,1
455,0.2,1,1,1
456,1.0,3,1,1
457,0.2,2,0,0
458,1.0,3,1,1
459,0.2,1,0,0
460,2.2,1,0,1
461,1.0,1,0,0
462,1.0,2,1,1
463,1.0,1,0,1
464,0.2,2,1,0
465,0.2,3,1,1
466,0.2,0,1,1
467,1.0,2,1,1
468,1.0,1,0,1
469,0.2,0,0,0
470,0.2,3,0,0
471,0.2,3,1,1
472,0.2,1,1,1
473,0.2,0,1,1
474,1.0,3,1,1
475,0.2,0,1,1
476,0.2,1,0,0
477,0.2,1,0,0
478,0.2,2,1,0
479,0.2,2,1,0
480,0.2,2,1,0
481,0.2,3,0,0
482,0.2,2,0,0
483,0.2,2,0,0
484,0.2,0,1,1
485,0.2,2,1,1
486,0.2,2,0,0
487,1.0,2,0,1
488,0.2,1,0,0
489,0.2,1,1,1
490,0.2,1,1,1
491,0.2,1,0,0
492,1.0,2,1,1
493,0.2,2,0,0
494,0.2,2,0,0
495,0.2,2,1,1
496,2.2,1,1,1
497,1.0,1,1,1
498,0.2,2,0,0
499,0.2,2,0,1
500,1.0,2,1,1
501,0.2,1,0,0
502,0.2,0,0,0
503,0.2,1,1,1
504,1.0,1,1,1
505,0.2,1,0,0
506,1.0,2,0,1
507,1.0,3,1,1
508,0.2,2,1,1
509,0.2,1,1,0
510,1.0,2,1,1
511,0.2,2,0,0
512,1.0,1,0,0
513,0.2,2,1,0
514,1.0,2,0,0
515,0.2,0,1,1
516,0.2,2,1,1
517,0.2,1,0,1
518,0.2,2,0,0
519,0.2,2,1,1
520,0.2,1,1,1
521,0.2,1,1,1
522,0.2,1,0,0
523,0.2,3,0,0
524,0.2,1,1,1
525,0.2,1,0,1
526,0.2,1,0,0
527,0.2,2,0,0
528,0.2,1,0,0
529,0.2,2,1,1
530,2.2,2,0,1
531,0.2,1,1,1
532,0.2,0,1,1
533,0.2,2,1,0
534,1.0,2,1,1
535,0.2,2,0,1
536,0.2,2,1,1
537,2.2,0,0,1
538,1.0,1,1,1
539,0.2,3,1,1
540,1.0,1,0,0
541,1.0,1,0,1
542,0.2,2,1,1
543,0.2,2,1,1
544,0.2,1,0,0
545,0.2,1,0,0
546,0.2,2,1,0
547,0.2,3,0,0
548,0.2,1,0,0
549,0.2,2,0,0
550,1.0,1,0,1
551,0.2,2,1,1
552,0.2,1,1,1
553,0.2,3,0,0
554,0.2,1,0,0
555,0.2,1,0,0
556,0.2,2,0,0
557,0.2,1,0,0
558,0.2,1,1,0
559,1.0,0,1,1
560,1.0,1,1,1
561,0.2,1,0,0
562,0.2,2,0,0
563,0.2,0,1,1
564,0.2,1,1,1
565,1.0,3,1,1
566,0.2,2,1,1
567,0.2,0,0,0
568,0.2,2,0,0
569,0.2,2,0,0
570,0.2,2,1,0
571,1.0,2,1,1
572,0.2,0,1,1
573,0.2,0,0,1
574,0.2,2,1,0
575,0.2,3,1,1
576,1.0,2,1,1
577,1.0,2,0,1
578,0.2,1,1,1
579,0.2,1,0,0
580,0.2,1,0,0
581,1.0,1,1,0
582,0.2,2,1,0
583,0.2,2,0,0
584,1.0,0,0,1
585,1.0,2,0,1
586,0.2,1,0,0
587,1.0,2,1,1
588,0.2,2,0,0
589,0.2,1,1,1
590,0.2,2,0,0
591,0.2,2,0,0
592,0.2,2,0,0
593,1.0,1,1,1
594,0.2,1,1,1
595,0.2,2,0,0
596,0.2,2,1,1
597,1.0,1,1,1
598,0.2,2,1,1
599,0.2,0,0,0
600,0.2,0,0,0
601,0.2,1,1,0
602,0.2,1,1,1
603,0.2,0,1,1
604,0.2,2,0,1
605,1.0,2,1,1
606,1.0,2,1,0
607,0.2,1,1,1
608,0.2,2,0,0
609,0.2,1,0,0
610,0.2,0,0,0
611,1.0,1,0,0
612,2.2,0,1,1
613,0.2,2,0,0
614,0.2,1,0,0
615,1.0,2,0,1
616,0.2,3,1,1
617,0.2,1,0,0
618,0.2,2,0,0
619,0.2,2,0,0
620,0.2,1,1,1
621,1.0,1,0,1
622,0.2,2,1,0
623,2.2,0,0,1
624,0.2,1,0,0
625,1.0,3,0,0
626,0.2,0,0,0
627,0.2,0,1,1
628,0.2,2,0,0
629,0.2,3,0,0
630,0.2,2,0,0
631,0.2,1,1,1
632,0.2,0,1,1
633,0.2,1,1,1
634,0.2,0,1,1
635,0.2,2,0,0
636,0.2,3,0,0
637,0.2,1,0,0
638,0.2,2,0,0
639,0.2,3,1,0
640,0.2,0,1,1
641,0.2,3,0,0
642,1.0,2,1,1
643,1.0,1,1,1
644,0.2,2,0,0
645,0.2,0,0,1
646,0.2,0,1,1
647,1.0,2,0,1
648,0.2,1,1,1
649,0.2,1,0,0
650,0.2,2,0,0
651,1.0,2,1,1
652,0.2,2,0,0
653,0.2,3,1,1
654,1.0,1,1,1
655,0.2,2,0,0
656,1.0,1,1,1
657,1.0,2,0,1
658,0.2,2,1,0
659,0.2,1,1,1
660,0.2,1,0,0
661,0.2,1,0,0
662,0.2,1,1,1
663,0.2,1,1,1
664,1.0,2,1,1
665,0.2,2,1,1
666,0.2,2,1,1
667,0.2,1,1,1
668,1.0,2,1,1
669,0.2,1,0,0
670,0.2,1,1,1
671,0.2,1,0,0
672,1.0,2,1,1
673,0.2,3,1,0
674,1.0,2,1,1
675,0.2,1,0,0
676,1.0,3,0,0
677,0.2,0,0,1
678,0.2,1,1,1
679,0.2,2,0,0
680,0.2,2,1,1
681,0.2,1,0,0
682,0.2,1,0,0
683,1.0,2,0,1
684,0.2,1,0,0
685,0.2,2,1,1
686,1.0,1,1,1
687,0.2,1,0,1
688,1.0,0,0,1
689,1.0,0,0,1
690,0.2,2,0,0
691,0.2,3,0,0
692,1.0,2,1,1
693,0.2,1,0,0
694,0.2,1,0,0
695,0.2,3,0,0
696,0.2,3,1,1
697,0.2,2,0,0
698,1.0,3,0,0
699,0.2,0,0,1
700,0.2,3,1,1
701,0.2,1,0,0
702,1.0,2,1,1
703,0.2,1,0,0
704,0.2,2,0,1
705,0.2,3,0,0
706,0.2,1,0,0
707,0.2,1,0,0
708,0.2,2,1,0
709,0.2,2,0,0
710,0.2,0,0,0
711,0.2,1,0,0
712,0.2,2,0,0
713,0.2,3,0,0
714,1.0,0,0,1
715,0.2,1,1,1
716,0.2,1,0,0
717,0.2,2,0,0
718,0.2,3,0,0
719,0.2,2,0,0
720,0.2,1,1,1
721,1.0,2,1,0
722,1.0,2,1,1
723,1.0,2,0,0
724,1.0,1,1,1
725,0.2,1,1,1
726,0.2,1,1,0
727,0.2,2,0,0
728,0.2,2,1,1
729,1.0,3,1,0
730,1.0,2,1,1
731,0.2,0,0,0
732,0.2,2,0,0
733,0.2,2,0,0
734,0.2,2,0,0
735,0.2,3,0,0
736,0.2,1,1,0
737,0.2,2,0,0
738,1.0,1,0,1
739,1.0,2,1,1
740,0.2,0,1,0
741,0.2,2,1,0
742,0.2,3,1,1
743,0.2,2,0,0
744,0.2,1,0,0
745,1.0,2,1,1
746,3.8,2,0,0
747,0.2,2,0,0
748,0.2,2,1,1
749,0.2,1,1,1
750,0.2,3,0,0
751,0.2,2,0,0
752,0.2,2,0,0
753,1.0,0,1,1
754,0.2,1,1,1
755,0.2,1,1,1
756,0.2,1,0,0
757,0.2,2,0,0
758,0.2,0,1,1
759,0.2,0,0,1
760,0.2,2,0,0
761,1.0,1,1,1
762,0.2,0,1,1
763,1.0,1,1,1
764,0.2,1,0,0
765,0.2,0,0,0
766,0.2,1,0,0
767,0.2,2,1,0
768,0.2,2,0,0
769,1.0,1,1,1
770,0.2,0,0,0
771,0.2,2,0,0
772,0.2,2,1,0
773,0.2,2,1,0
774,0.2,2,0,0
775,0.2,2,0,0
776,0.2,1,0,0
777,0.2,1,0,0
778,0.2,0,1,1
779,1.0,1,1,1
780,0.2,2,0,0
781,0.2,1,1,1
782,1.0,0,0,1
783,0.2,1,0,0
784,0.2,1,1,1
785,0.2,2,0,0
786,1.0,1,1,1
787,0.2,3,0,0
788,0.2,2,0,0
789,0.2,1,0,0
790,0.2,1,1,1
791,0.2,2,0,0
792,1.0,3,1,1
793,0.2,3,0,0
794,0.2,0,0,0
795,0.2,2,1,0
796,0.2,0,0,0
797,0.2,3,1,0
798,2.2,2,1,1
799,0.2,2,1,0
800,0.2,2,1,0
801,1.0,2,1,1
802,0.2,1,0,0
803,0.2,1,0,0
804,0.2,1,1,1
805,0.2,1,0,0
806,1.0,2,0,0
807,0.2,2,0,0
808,0.2,1,0,0
809,0.2,1,1,0
810,0.2,0,1,1
811,0.2,1,0,0
812,0.2,3,0,0
813,0.2,3,1,1
814,0.2,2,0,0
815,0.2,1,1,1
816,0.2,1,1,1
817,0.2,2,0,0
818,0.2,0,0,0
819,0.2,1,0,1
820,0.2,2,0,0
821,0.2,2,0,0
822,1.0,1,1,1
823,0.2,3,1,1
824,0.2,1,1,0
825,1.0,2,1,1
826,0.2,2,0,0
827,1.0,2,0,0
828,0.2,1,0,0
829,2.2,2,0,0
830,0.2,1,1,1
831,0.2,2,0,0
832,0.2,3,1,1
833,0.2,1,1,1
834,0.2,2,0,0
835,0.2,3,0,0
836,0.2,2,0,0
837,3.0,2,1,1
838,0.2,1,1,0
839,0.2,3,0,1
840,0.2,2,0,0
841,0.2,2,0,0
842,0.2,0,1,1
843,0.2,1,1,0
844,0.2,3,0,0
845,1.0,1,1,1
846,0.2,2,0,0
847,0.2,1,1,1
848,0.2,1,1,0
849,0.2,1,0,0
850,0.2,0,1,1
851,0.2,1,1,1
852,0.2,2,1,0
853,0.2,0,1,1
854,0.2,1,1,1
855,0.2,0,1,1
856,0.2,1,1,1
857,1.0,1,0,1
858,2.2,2,1,1
859,0.2,0,1,0
860,1.0,2,0,0
861,1.0,2,0,0
862,0.2,2,1,0
863,0.2,2,1,1
864,0.2,2,1,1
865,0.2,0,1,1
866,0.2,3,0,0
867,0.2,2,0,0
868,0.2,2,0,0
869,0.2,1,1,1
870,0.2,0,0,1
871,0.2,2,1,0
872,0.2,0,0,0
873,1.0,1,0,1
874,0.2,2,0,0
875,0.2,2,1,1
876,0.2,1,0,0
877,0.2,2,0,0
878,1.0,2,1,1
879,0.2,3,0,0
880,0.2,1,1,1
881,0.2,1,0,1
882,0.2,3,0,0
883,0.2,3,1,1
884,0.2,3,0,0
885,1.0,1,0,0
886,1.0,2,0,0
887,1.0,0,0,0
888,0.2,2,1,1
889,0.2,1,0,0
890,0.2,3,1,0
891,0.2,2,0,0
892,1.0,1,0,1
893,1.0,1,1,1
894,1.0,3,1,1
895,0.2,1,0,0
896,0.2,1,0,0
897,0.2,1,0,0
898,0.2,2,1,1
899,1.0,1,1,1
900,0.2,1,0,0
901,0.2,1,0,0
902,0.2,3,1,1
903,1.0,1,1,1
904,0.2,1,1,1
905,0.2,2,1,1
906,1.0,2,0,0
907,1.0,2,0,0
908,0.2,3,0,0
909,1.0,0,0,0
910,1.0,1,0,1
911,0.2,1,0,0
912,0.2,3,0,0
913,0.2,2,1,1
914,0.2,3,1,1
915,2.2,0,1,1
916,1.0,2,1,1
917,1.0,2,0,1
918,0.2,1,0,1
919,0.2,2,1,1
920,0.2,1,1,1
921,0.2,3,0,0
922,0.2,1,1,1
923,0.2,1,1,1
924,0.2,2,1,0
925,0.2,1,0,0
926,0.2,2,1,1
927,1.0,1,0,1
928,0.2,1,1,0
929,1.0,3,1,1
930,0.2,3,1,0
931,1.0,1,1,0
932,1.0,2,0,0
933,0.2,1,0,0
934,0.2,2,1,1
935,0.2,1,1,1
936,1.0,2,0,0
937,0.2,2,1,0
938,0.2,1,1,1
939,0.2,2,0,0
940,0.2,2,0,0
941,1.0,2,1,1
942,0.2,2,0,0
943,1.0,1,1,1
944,0.2,1,0,0
945,0.2,1,0,0
946,0.2,1,1,1
947,0.2,0,1,1
948,0.2,1,1,1
949,0.2,1,0,0
950,0.2,0,1,1
951,0.2,2,1,1
952,1.0,0,1,1
953,0.2,1,0,0
954,0.2,1,1,1
955,0.2,1,1,0
956,0.2,0,1,0
957,0.2,1,1,1
958,0.2,3,0,0
959,1.0,0,0,1
960,0.2,2,1,1
961,1.0,0,0,1
962,0.2,1,0,0
963,0.2,2,0,0
964,0.2,2,1,1
965,0.2,0,0,0
966,0.2,2,0,0
967,1.0,1,1,1
968,1.0,1,0,1
969,1.0,2,1,1
970,0.2,0,1,1
971,0.2,1,0,0
972,0.2,1,1,1
973,0.2,2,0,0
974,0.2,2,0,0
975,0.2,2,1,1
976,0.2,2,0,0
977,0.2,2,0,0
978,0.2,3,1,0
979,0.2,2,0,0
980,0.2,1,0,0
981,0.2,2,1,1
982,0.2,2,0,0
983,0.2,3,0,0
984,0.2,1,1,1
985,0.2,1,1,1
986,1.0,2,1,1
987,0.2,2,0,0
988,0.2,2,0,1
989,0.2,2,0,0
990,0.2,2,0,0
991,0.2,1,1,0
992,0.2,2,0,0
993,0.2,0,1,1
994,0.2,2,0,0
995,1.0,2,1,1
996,0.2,1,1,0
997,1.0,2,0,1
998,0.2,2,1,0
999,0.2,2,1,0
1000,0.2,1,1,1
1001,0.2,2,1,0
1002,0.2,2,0,0
1003,0.2,1,0,1
1004,0.2,1,1,1
1005,0.2,0,0,0
1006,0.2,2,1,1
1007,0.2,3,0,0
1008,0.2,2,0,0
1009,0.2,1,0,0
1010,0.2,1,0,0
1011,0.2,2,1,1
1012,0.2,2,1,1
1013,0.2,3,1,1
1014,0.2,2,1,0
1015,0.2,2,0,0
1016,1.0,2,1,1
1017,0.2,1,0,1
1018,0.2,2,1,0
1019,0.2,3,0,0
1020,0.2,1,0,1
1021,1.0,2,1,1
1022,1.0,0,1,1
1023,0.2,1,1,1
1024,1.0,0,0,1
1025,0.2,1,1,1
1026,0.2,2,1,1
1027,0.2,2,1,0
1028,1.0,0,1,1
1029,0.2,1,0,1
1030,0.2,3,1,1
1031,0.2,2,0,0
1032,0.2,2,1,0
1033,3.0,2,1,1
1034,0.2,1,0,0
1035,0.2,1,1,1
1036,0.2,0,1,1
1037,0.2,2,1,0
1038,1.0,1,1,1
1039,0.2,2,1,1
1040,0.2,2,0,0
1041,1.0,3,1,1
1042,1.0,1,0,0
1043,0.2,1,0,0
1044,1.0,0,0,1
1045,0.2,2,0,0
1046,0.2,1,1,0
1047,0.2,1,1,1
1048,2.2,2,1,1
1049,0.2,1,0,0
1050,1.0,2,0,0
1051,1.0,2,1,0
1052,0.2,2,0,0
1053,1.0,1,1,1
1054,0.2,1,1,1
1055,1.0,1,1,1
1056,0.2,2,1,0
1057,0.2,1,1,1
1058,0.2,2,0,0
1059,0.2,1,0,0
1060,1.0,1,0,1
1061,0.2,2,1,0
1062,0.2,2,0,0
1063,1.0,2,0,0
1064,0.2,2,1,1
1065,3.0,1,1,1
1066,0.2,1,1,0
1067,0.2,2,0,1
1068,0.2,1,1,0
1069,1.0,1,0,0
1070,0.2,3,0,0
1071,0.2,1,0,0
1072,0.2,2,1,1
1073,0.2,3,1,0
1074,1.0,1,1,1
1075,0.2,2,0,0
1076,0.2,3,1,0
1077,0.2,1,0,0
1078,0.2,0,1,1
1079,1.0,1,1,1
1080,0.2,2,0,0
1081,0.2,2,1,0
1082,0.2,1,1,0
1083,0.2,1,1,1
1084,1.0,0,0,0
1085,1.0,2,0,0
1086,0.2,2,0,0
1087,0.2,1,0,0
1088,0.2,2,1,1
1089,0.2,2,1,0
1090,0.2,3,0,0
1091,0.2,2,0,0
1092,0.2,1,0,0
1093,0.2,1,0,0
1094,0.2,3,1,0
1095,1.0,1,0,1
1096,0.2,0,1,1
1097,0.2,1,1,0
1098,0.2,1,1,0
1099,2.2,1,1,1
1100,1.0,0,1,1
1101,0.2,2,0,0
1102,0.2,2,0,0
1103,0.2,1,0,0
1104,0.2,2,0,0
1105,0.2,1,0,1
1106,0.2,1,0,0
1107,0.2,3,0,0
1108,1.0,1,0,1
1109,0.2,2,1,0
1110,1.0,2,1,1
1111,2.2,1,0,1
1112,0.2,2,0,0
1113,0.2,1,1,1
1114,0.2,3,0,0
1115,0.2,2,1,1
1116,0.2,2,1,1
1117,0.2,2,1,1
1118,0.2,2,1,0
1119,0.2,2,0,0
1120,0.2,0,0,0
1121,1.0,2,0,0
1122,0.2,1,0,0
1123,0.2,2,0,0
1124,0.2,2,0,0
1125,0.2,1,1,1
1126,0.2,1,1,1
1127,0.2,1,1,1
1128,1.0,2,0,0
1129,1.0,0,0,1
1130,0.2,0,0,0
1131,0.2,2,1,1
1132,0.2,2,1,1
1133,0.2,2,0,0
1134,0.2,2,0,0
1135,0.2,1,0,1
1136,0.2,3,0,0
1137,0.2,1,1,1
1138,0.2,0,1,1
1139,1.0,2,1,1
1140,1.0,2,0,0
1141,0.2,0,1,1
1142,0.2,3,1,1
1143,1.0,1,1,1
1144,0.2,1,0,0
1145,0.2,0,1,1
1146,1.0,3,1,1
1147,1.0,2,1,1
1148,0.2,1,1,1
1149,0.2,2,0,0
1150,0.2,1,1,1
1151,0.2,0,1,1
1152,1.0,0,1,1
1153,0.2,2,1,1
1154,1.0,1,1,1
1155,0.2,2,0,0
1156,1.0,0,1,1
1157,1.0,1,0,0
1158,0.2,0,0,0
1159,1.0,2,0,0
1160,0.2,1,1,0
1161,1.0,2,0,1
1162,0.2,2,1,0
1163,0.2,2,1,0
1164,0.2,1,1,1
1165,0.2,2,1,1
1166,0.2,2,1,0
1167,2.2,2,1,1
1168,0.2,0,1,1
1169,1.0,1,0,0
1170,0.2,2,1,1
1171,0.2,1,1,0
1172,1.0,2,0,0
1173,1.0,1,0,1
1174,0.2,1,0,0
1175,0.2,2,0,0
1176,0.2,2,0,0
1177,0.2,0,1,1
1178,0.2,2,0,0
1179,1.0,3,1,1
1180,0.2,2,0,0
1181,0.2,1,0,0
1182,0.2,1,0,0
1183,0.2,2,0,0
1184,1.0,1,0,1
1185,0.2,0,1,1
1186,0.2,1,1,1
1187,0.2,1,1,1
1188,1.0,0,1,1
1189,1.0,1,1,1
1190,1.0,2,0,0
1191,1.0,2,0,0
1192,0.2,2,1,1
1193,0.2,2,0,1
1194,0.2,0,1,1
1195,0.2,2,0,0
1196,0.2,3,0,0
1197,0.2,1,1,1
1198,0.2,2,0,0
1199,0.2,1,1,0
1200,0.2,1,1,1
1201,0.2,1,1,1
1202,0.2,1,1,1
1203,0.2,1,0,1
1204,1.0,2,1,1
1205,0.2,2,1,1
1206,0.2,1,1,1
1207,0.2,2,0,0
1208,0.2,1,1,1
1209,1.0,3,1,1
1210,0.2,2,0,0
1211,0.2,2,0,0
1212,1.0,2,0,0
1213,1.0,3,0,0
1214,0.2,2,0,0
1215,0.2,3,0,0
1216,0.2,0,0,0
1217,1.0,1,0,0
1218,0.2,2,0,0
1219,2.2,0,1,1
1220,1.0,2,0,0
1221,0.2,2,1,1
1222,1.0,1,1,1
1223,0.2,1,1,1
1224,0.2,3,0,0
1225,1.0,2,0,1
1226,0.2,1,1,1
1227,0.2,1,1,1
1228,0.2,0,1,1
1229,0.2,2,0,0
1230,0.2,1,0,0
1231,1.0,2,0,0
1232,1.0,1,1,1
1233,0.2,1,0,0
1234,0.2,0,1,1
1235,0.2,2,1,0
1236,0.2,3,0,0
1237,0.2,2,0,0
1238,0.2,2,0,0
1239,0.2,2,1,0
1240,0.2,2,0,0
1241,2.2,2,1,1
1242,0.2,2,0,0
1243,0.2,2,0,1
1244,0.2,3,0,0
1245,0.2,1,0,0
1246,1.0,1,1,1
1247,0.2,2,0,0
1248,0.2,2,1,1
1249,0.2,1,0,0
1250,0.2,2,0,1
1251,0.2,2,0,0
1252,0.2,1,1,1
1253,1.0,2,0,0
1254,0.2,3,0,0
1255,0.2,2,1,0
1256,0.2,3,0,0
1257,0.2,2,1,1
1258,0.2,1,0,0
1259,0.2,1,1,0
1260,0.2,2,0,0
1261,0.2,2,0,0
1262,0.2,0,1,1
1263,0.2,2,0,1
1264,0.2,3,1,0
1265,1.0,2,0,1
1266,0.2,1,1,1
1267,1.0,1,0,1
1268,1.0,1,1,1
1269,0.2,2,0,0
1270,0.2,3,0,0
1271,0.2,3,1,0
1272,0.2,2,1,1
1273,0.2,0,1,1
1274,0.2,0,0,0
1275,0.2,0,1,0
1276,0.2,0,1,0
1277,0.2,2,0,0
1278,0.2,0,1,1
1279,0.2,0,1,1
1280,1.0,1,1,1
1281,0.2,1,1,1
1282,0.2,2,0,0
1283,0.2,1,1,0
1284,0.2,0,1,1
1285,0.2,3,0,0
1286,1.0,3,1,1
1287,0.2,0,0,0
1288,1.0,2,0,1
1289,1.0,1,1,1
1290,2.2,2,1,1
1291,0.2,0,0,0
1292,0.2,2,0,0
1293,0.2,3,1,0
1294,0.2,1,1,1
1295,0.2,2,1,1
1296,0.2,2,1,1
1297,0.2,3,0,0
1298,0.2,1,0,0
1299,2.2,2,0,1
1300,0.2,3,0,0
1301,0.2,0,0,0
1302,0.2,1,0,0
1303,1.0,2,0,0
1304,0.2,1,0,1
1305,1.0,1,0,1
1306,0.2,1,1,0
1307,0.2,1,1,0
1308,0.2,2,0,0
1309,0.2,1,1,1
1310,1.0,2,1,1
1311,0.2,1,0,0
1312,1.0,2,1,1
1313,0.2,3,0,0
1314,0.2,2,1,0
1315,0.2,2,0,0
1316,0.2,2,1,1
1317,1.0,1,0,1
1318,1.0,1,1,1
1319,1.0,0,0,1
1320,1.0,1,0,1
1321,1.0,2,0,1
1322,0.2,3,0,0
1323,0.2,2,0,0
1324,0.2,0,1,1
1325,0.2,1,1,1
1326,0.2,1,0,0
1327,0.2,1,0,1
1328,0.2,1,1,1
1329,0.2,3,0,0
1330,0.2,1,1,1
1331,0.2,2,1,0
1332,0.2,3,0,1
1333,1.0,0,1,1
1334,0.2,2,1,1
1335,0.2,3,1,1
1336,1.0,1,0,1
1337,0.2,2,0,0
1338,0.2,2,0,0
1339,0.2,0,0,0
1340,1.0,2,1,1
1341,0.2,3,1,0
1342,0.2,2,1,1
1343,1.0,2,0,0
1344,0.2,0,1,1
1345,0.2,2,0,0
1346,1.0,1,0,1
1347,0.2,1,0,0
1348,1.0,3,1,1
1349,0.2,0,0,0
1350,0.2,3,0,0
1351,0.2,2,1,1
1352,0.2,2,1,1
1353,0.2,0,1,1
1354,0.2,2,1,1
1355,1.0,2,1,1
1356,1.0,3,0,0
1357,0.2,0,1,1
1358,0.2,0,0,0
1359,0.2,1,1,1
1360,0.2,3,0,0
1361,0.2,2,1,1
1362,1.0,2,1,1
1363,0.2,2,1,0
1364,0.2,3,1,0
1365,0.2,1,0,0
1366,0.2,1,0,0
1367,0.2,2,1,0
1368,0.2,2,0,0
1369,0.2,1,1,1
1370,0.2,0,0,0
1371,0.2,2,0,1
1372,0.2,0,0,0
1373,1.0,2,1,1
1374,0.2,2,1,1
1375,0.2,1,0,0
1376,0.2,2,1,1
1377,1.0,1,1,1
1378,0.2,1,0,0
1379,1.0,2,0,0
1380,2.2,2,1,1
1381,1.0,1,1,1
1382,0.2,2,1,0
1383,0.2,3,1,1
1384,0.2,1,0,0
1385,0.2,1,1,1
1386,1.0,2,0,1
1387,0.2,2,0,0
1388,0.2,3,1,0
1389,0.2,1,1,1
1390,0.2,2,1,1
1391,1.0,2,1,1
1392,0.2,1,1,0
1393,0.2,1,1,0
1394,0.2,1,1,1
1395,0.2,2,0,0
1396,0.2,2,1,0
1397,0.2,1,0,0
1398,0.2,2,1,1
1399,1.0,2,1,1
1400,0.2,1,1,0
1401,0.2,2,0,0
1402,0.2,1,1,0
1403,0.2,2,0,0
1404,0.2,0,0,0
1405,0.2,1,1,1
1406,0.2,2,1,0
1407,0.2,0,1,1
1408,0.2,2,1,1
1409,0.2,1,1,1
1410,1.0,1,1,1
1411,0.2,2,1,1
1412,0.2,1,1,1
1413,1.0,1,1,1
1414,0.2,3,0,0
1415,0.2,2,1,0
1416,1.0,2,0,1
1417,0.2,3,1,0
1418,0.2,1,1,1
1419,0.2,2,1,0
1420,0.2,3,0,0
1421,0.2,1,1,1
1422,0.2,1,0,0
1423,0.2,2,0,0
1424,1.0,1,0,1
1425,0.2,0,0,0
1426,1.0,2,0,0
1427,0.2,1,0,1
1428,0.2,1,1,1
1429,0.2,0,0,0
1430,0.2,2,1,1
1431,1.0,2,0,0
1432,1.0,2,0,0
1433,0.2,0,1,1
1434,0.2,2,0,0
1435,0.2,3,1,0
1436,0.2,3,1,0
1437,0.2,0,0,0
1438,1.0,3,0,1
1439,0.2,2,1,0
1440,1.0,1,0,1
1441,0.2,1,0,0
1442,0.2,2,0,0
1443,1.0,1,0,0
1444,2.2,1,0,1
1445,1.0,2,0,1
1446,0.2,1,0,0
1447,1.0,1,0,1
1448,0.2,0,1,1
1449,1.0,2,0,1
1450,0.2,1,1,1
1451,0.2,3,1,1
1452,0.2,1,0,0
1453,0.2,1,0,1
1454,0.2,3,1,0
1455,1.0,0,1,1
1456,0.2,1,1,1
1457,0.2,0,0,0
1458,0.2,1,0,0
1459,0.2,2,1,1
1460,0.2,3,0,0
1461,1.0,1,0,1
1462,0.2,1,1,1
1463,0.2,0,1,1
1464,0.2,2,0,0
1465,0.2,0,1,1
1466,0.2,3,0,0
1467,0.2,3,1,1
1468,0.2,0,0,1
1469,0.2,1,1,0
1470,0.2,1,0,0
1471,0.2,1,1,1
1472,0.2,2,1,1
1473,0.2,2,1,0
1474,1.0,1,0,1
1475,0.2,1,0,0
1476,0.2,1,0,0
1477,1.0,2,0,0
1478,0.2,1,0,0
1479,0.2,1,0,0
1480,0.2,1,1,1
1481,0.2,2,0,0
1482,0.2,2,1,1
1483,0.2,2,1,1
1484,2.2,0,1,1
1485,0.2,2,1,1
1486,0.2,2,0,0
1487,0.2,2,0,0
1488,0.2,2,1,0
1489,0.2,3,1,1
1490,1.0,1,1,1
1491,0.2,0,1,1
1492,1.0,2,0,0
1493,0.2,1,0,0
1494,1.0,1,0,1
1495,0.2,2,0,0
1496,0.2,2,0,0
1497,0.2,2,0,0
1498,0.2,1,0,0
1499,0.2,1,0,0
1500,2.2,1,0,1
1501,0.2,1,1,1
1502,1.0,2,1,1
1503,0.2,2,0,0
1504,0.2,2,0,0
1505,0.2,1,1,1
1506,1.0,2,0,0
1507,0.2,3,1,0
1508,0.2,2,0,0
1509,0.2,2,0,0
1510,0.2,2,1,1
1511,2.2,3,1,1
1512,0.2,1,0,0
1513,0.2,3,1,0
1514,0.2,2,0,0
1515,0.2,2,1,0
1516,0.2,2,1,1
1517,0.2,2,1,0
1518,0.2,2,0,0
1519,0.2,2,0,0
1520,0.2,3,1,1
1521,1.0,2,1,1
1522,0.2,1,1,0
1523,0.2,1,1,1
1524,1.0,3,1,1
1525,0.2,2,1,1
1526,0.2,1,0,1
1527,0.2,1,0,0
1528,0.2,1,0,1
1529,0.2,1,1,1
1530,1.0,2,1,1
1531,1.0,2,1,1
1532,0.2,2,1,1
1533,1.0,2,1,1
1534,1.0,2,1,1
1535,0.2,1,0,0
1536,0.2,2,0,0
1537,0.2,3,1,0
1538,0.2,2,0,0
1539,0.2,3,0,0
1540,0.2,1,0,0
1541,1.0,2,1,1
1542,1.0,1,1,1
1543,0.2,2,0,0
1544,0.2,1,0,0
1545,0.2,1,1,1
1546,0.2,1,1,1
1547,0.2,3,0,0
1548,0.2,3,1,0
1549,0.2,1,1,1
1550,0.2,2,1,1
1551,0.2,1,0,0
1552,0.2,1,0,0
1553,0.2,1,0,1
1554,0.2,1,1,1
1555,0.2,2,0,0
1556,1.0,3,0,0
1557,0.2,2,1,0
1558,0.2,1,1,1
1559,1.0,0,0,1
1560,0.2,3,0,0
1561,1.0,0,1,1
1562,0.2,1,1,1
1563,0.2,1,0,1
1564,0.2,3,0,0
1565,0.2,2,0,0
1566,0.2,1,0,0
1567,0.2,3,1,1
1568,1.0,3,0,0
1569,0.2,3,1,0
1570,1.0,1,0,0
1571,0.2,0,1,1
1572,0.2,3,0,0
1573,1.0,2,1,1
1574,0.2,1,1,1
1575,1.0,1,0,1
1576,1.0,0,0,1
1577,0.2,0,0,1
1578,0.2,1,0,0
1579,1.0,3,1,1
1580,0.2,0,1,1
1581,1.0,3,1,1
1582,0.2,2,0,0
1583,1.0,2,0,1
1584,0.2,2,0,0
1585,0.2,2,1,0
1586,1.0,2,1,1
1587,0.2,2,1,1
1588,0.2,1,1,1
1589,0.2,3,1,1
1590,0.2,3,1,1
1591,0.2,3,0,0
1592,0.2,2,0,0
1593,0.2,1,1,1
1594,0.2,2,0,0
1595,1.0,2,1,0
1596,1.0,0,1,1
1597,0.2,1,0,0
1598,0.2,3,0,0
1599,0.2,3,0,0
1600,1.0,2,0,0
1601,0.2,0,1,1
1602,0.2,1,0,0
1603,0.2,0,0,0
1604,1.0,0,1,1
1605,1.0,1,0,0
1606,1.0,1,0,0
1607,0.2,2,1,1
1608,1.0,2,0,0
1609,0.2,3,0,0
1610,0.2,2,1,1
1611,1.0,1,0,0
1612,1.0,0,0,1
1613,0.2,1,1,1
1614,0.2,2,1,1
1615,0.2,2,1,0
1616,0.2,2,0,0
1617,0.2,1,1,1
1618,0.2,2,0,0
1619,0.2,2,0,0
1620,1.0,1,1,1
1621,0.2,1,0,0
1622,0.2,2,0,0
1623,0.2,2,0,0
1624,1.0,0,0,0
1625,0.2,1,1,1
1626,1.0,1,0,1
1627,0.2,2,0,0
1628,0.2,1,0,0
1629,1.0,2,1,1
1630,0.2,1,1,1
1631,0.2,2,0,0
1632,0.2,2,1,1
1633,0.2,1,1,1
1634,1.0,2,0,0
1635,0.2,2,0,0
1636,0.2,0,0,0
1637,0.2,2,0,0
1638,0.2,2,0,0
1639,0.2,3,1,1
1640,0.2,1,1,1
1641,0.2,2,0,1
1642,0.2,2,0,0
1643,0.2,1,0,1
1644,0.2,1,1,1
1645,0.2,1,1,1
1646,0.2,2,0,0
1647,0.2,1,1,1
1648,0.2,0,0,0
1649,0.2,1,0,0
1650,0.2,0,1,1
1651,0.2,1,0,1
1652,1.0,1,0,1
1653,1.0,1,1,1
1654,0.2,1,0,0
1655,1.0,1,0,0
1656,0.2,2,0,0
1657,0.2,1,0,0
1658,0.2,2,0,0
1659,0.2,2,0,0
1660,1.0,3,1,1
1661,0.2,1,1,1
1662,0.2,3,1,0
1663,0.2,1,0,0
1664,1.8,3,0,0
1665,1.0,2,0,0
1666,0.2,2,1,0
1667,0.2,1,1,1
1668,0.2,1,1,1
1669,0.2,2,0,1
1670,1.0,2,1,1
1671,1.0,2,0,1
1672,1.0,3,1,1
1673,1.0,2,0,0
1674,0.2,1,0,0
1675,0.2,2,1,1
1676,0.2,3,0,0
1677,0.2,1,1,1
1678,1.0,1,0,1
1679,0.2,0,1,1
1680,0.2,2,0,0
1681,0.2,2,0,0
1682,0.2,2,0,0
1683,1.0,1,1,1
1684,1.0,2,0,0
1685,0.2,1,1,1
1686,1.0,1,1,1
1687,0.2,1,0,0
1688,1.0,2,1,1
1689,0.2,1,1,0
1690,1.0,2,0,0
1691,0.2,2,1,1
1692,1.0,2,0,1
1693,1.0,2,1,1
1694,0.2,2,0,0
1695,1.0,1,1,1
1696,0.2,2,0,0
1697,0.2,1,1,1
1698,1.0,1,1,1
1699,0.2,2,0,0
1700,0.2,1,1,1
1701,0.2,1,0,0
1702,1.0,1,0,0
1703,0.2,2,0,0
1704,0.2,1,1,1
1705,1.0,3,1,1
1706,0.2,0,1,1
1707,1.0,1,0,1
1708,0.2,3,1,0
1709,0.2,1,1,1
1710,2.2,2,1,1
1711,0.2,0,0,0
1712,0.2,2,0,1
1713,0.2,2,1,1
1714,1.0,1,1,1
1715,0.2,2,1,0
1716,0.2,2,0,0
1717,0.2,0,1,0
1718,0.2,2,0,0
1719,0.2,1,1,1
1720,0.2,3,0,0
1721,1.0,2,0,1
1722,0.2,0,0,1
1723,1.0,0,0,1
1724,1.0,1,1,1
1725,0.2,2,0,0
1726,1.0,2,1,1
1727,0.2,1,1,1
1728,0.2,2,1,1
1729,1.0,1,1,1
1730,0.2,3,0,0
1731,0.2,3,1,1
1732,0.2,2,0,0
1733,1.0,1,0,0
1734,0.2,1,1,1
1735,0.2,1,0,0
1736,0.2,2,1,0
1737,1.0,3,0,1
1738,1.0,1,0,0
1739,3.0,1,0,1
1740,0.2,2,0,0
1741,0.2,2,1,1
1742,0.2,1,1,1
1743,0.2,2,0,0
1744,1.0,2,1,1
1745,0.2,1,1,0
1746,0.2,3,1,0
1747,2.2,2,1,1
1748,0.2,2,1,1
1749,1.0,2,0,0
1750,0.2,1,0,0
1751,0.2,1,0,0
1752,0.2,1,1,0
1753,1.0,3,1,1
1754,0.2,1,1,1
1755,0.2,1,0,0
1756,0.2,2,0,0
1757,0.2,1,1,1
1758,0.2,2,1,1
1759,1.0,1,0,1
1760,0.2,1,0,0
1761,0.2,3,0,0
1762,0.2,0,0,0
1763,1.0,2,0,1
1764,0.2,2,1,0
1765,0.2,1,0,1
1766,0.2,1,0,0
1767,0.2,1,0,0
1768,0.2,0,1,1
1769,0.2,2,1,0
1770,1.0,2,0,0
1771,0.2,0,1,1
1772,0.2,1,1,1
1773,0.2,1,0,1
1774,0.2,2,1,1
1775,0.2,2,1,0
1776,0.2,1,1,1
1777,1.0,1,0,1
1778,0.2,2,1,1
1779,0.2,1,0,0
1780,0.2,3,1,1
1781,1.0,1,0,0
1782,0.2,3,0,0
1783,0.2,0,0,0
1784,0.2,1,0,0
1785,0.2,1,0,0
1786,0.2,3,1,1
1787,0.2,1,1,1
1788,0.2,3,1,1
1789,1.0,1,1,1
1790,0.2,1,1,1
1791,0.2,3,0,0
1792,2.2,1,0,1
1793,0.2,1,1,1
1794,0.2,0,1,1
1795,0.2,1,0,0
1796,0.2,2,0,0
1797,1.0,2,1,1
1798,0.2,2,0,0
1799,0.2,2,1,1
1800,0.2,2,1,1
1801,1.0,0,1,1
1802,0.2,3,0,0
1803,1.0,1,1,1
1804,0.2,3,0,0
1805,1.0,0,0,0
1806,0.2,2,1,0
1807,0.2,2,1,1
1808,1.0,0,0,1
1809,0.2,2,1,1
1810,0.2,1,1,1
1811,0.2,2,0,0
1812,0.2,2,1,1
1813,0.2,2,1,1
1814,0.2,3,1,1
1815,0.2,1,0,0
1816,1.0,2,1,1
1817,0.2,1,1,1
1818,0.2,1,0,0
1819,0.2,2,1,1
1820,0.2,1,1,1
1821,1.0,0,0,1
1822,0.2,1,0,0
1823,2.2,2,0,1
1824,3.0,1,1,1
1825,0.2,2,0,0
1826,1.0,1,0,0
1827,1.0,1,0,1
1828,0.2,1,1,1
1829,0.2,1,0,0
1830,0.2,2,0,0
1831,0.2,3,0,0
1832,0.2,3,1,0
1833,0.2,1,0,0
1834,0.2,0,0,0
1835,1.0,1,0,1
1836,0.2,2,1,1
1837,0.2,2,1,1
1838,1.0,2,0,1
1839,0.2,2,0,0
1840,0.2,2,1,0
1841,0.2,2,0,1
1842,1.0,2,1,1
1843,0.2,1,1,0
1844,0.2,2,0,0
1845,0.2,2,1,1
1846,0.2,2,1,1
1847,0.2,1,0,0
1848,0.2,2,1,1
1849,1.0,0,0,0
1850,0.2,3,0,0
1851,0.2,0,1,1
1852,1.0,2,0,1
1853,0.2,2,1,1
1854,0.2,1,1,1
1855,0.2,2,1,0
1856,1.0,1,0,1
1857,0.2,3,0,0
1858,0.2,3,0,0
1859,0.2,1,0,0
1860,0.2,2,0,0
1861,1.0,1,1,1
1862,1.0,1,1,1
1863,1.0,1,0,0
1864,2.2,2,0,1
1865,1.0,1,1,1
1866,1.0,2,0,0
1867,0.2,2,1,1
1868,1.0,1,1,1
1869,1.0,2,0,0
1870,0.2,2,0,0
1871,0.2,0,1,1
1872,0.2,1,0,0
1873,0.2,2,0,0
1874,0.2,1,1,1
1875,0.2,2,1,1
1876,0.2,2,0,0
1877,2.2,3,1,1
1878,1.0,1,1,1
1879,1.0,2,1,1
1880,0.2,2,1,1
1881,0.2,2,1,0
1882,0.2,1,0,1
1883,0.2,2,0,0
1884,0.2,0,0,1
1885,1.0,1,0,1
1886,0.2,0,0,1
1887,0.2,1,1,1
1888,0.2,2,0,1
1889,1.0,1,0,1
1890,0.2,1,0,0
1891,1.0,2,0,1
1892,1.0,2,0,1
1893,0.2,2,1,1
1894,0.2,2,0,0
1895,0.2,3,0,1
1896,0.2,0,1,1
1897,0.2,3,1,1
1898,0.2,1,0,0
1899,0.2,3,1,0
1900,0.2,1,1,0
1901,0.2,2,1,1
1902,1.0,2,1,1
1903,1.0,0,0,1
1904,1.0,1,1,1
1905,0.2,1,0,0
1906,0.2,3,0,0
1907,0.2,1,1,1
1908,0.2,0,1,1
1909,1.0,2,1,1
1910,0.2,0,0,0
1911,0.2,1,1,1
1912,0.2,3,1,0
1913,0.2,3,0,0
1914,0.2,1,1,1
1915,0.2,2,1,0
1916,0.2,1,0,0
1917,0.2,1,0,0
1918,0.2,1,0,0
1919,0.2,2,0,0
1920,0.2,2,1,0
1921,0.2,1,0,0
1922,1.0,1,1,1
1923,1.0,0,0,1
1924,0.2,0,0,1
1925,0.2,0,0,0
1926,0.2,1,1,1
1927,1.0,2,1,1
1928,0.2,0,0,0
1929,0.2,2,1,1
1930,0.2,1,1,1
1931,1.0,1,1,1
1932,0.2,2,0,1
1933,0.2,1,1,1
1934,1.0,3,1,1
1935,0.2,1,1,1
1936,1.0,2,1,1
1937,0.2,1,1,1
1938,0.2,2,0,0
1939,0.2,2,0,0
1940,1.0,2,0,0
1941,1.0,1,1,1
1942,0.2,1,0,0
1943,0.2,3,1,1
1944,0.2,3,1,1
1945,1.0,3,1,1
1946,1.0,2,0,0
1947,1.0,0,0,1
1948,0.2,2,0,0
1949,0.2,1,0,1
1950,0.2,2,0,0
1951,0.2,1,1,1
1952,0.2,3,0,0
1953,0.2,2,1,1
1954,0.2,0,1,1
1955,0.2,1,1,0
1956,0.2,1,1,1
1957,0.2,2,0,0
1958,0.2,0,1,0
1959,0.2,2,0,0
1960,1.0,3,1,1
1961,0.2,2,0,0
1962,0.2,1,1,0
1963,0.2,3,0,0
1964,0.2,3,1,0
1965,0.2,3,0,0
1966,1.0,2,1,1
1967,0.2,2,1,0
1968,0.2,1,0,0
1969,1.0,3,1,1
1970,0.2,2,1,1
1971,2.2,1,0,1
1972,0.2,0,1,1
1973,0.2,1,0,0
1974,0.2,2,1,1
1975,0.2,2,1,1
1976,1.0,1,1,1
1977,1.0,0,1,1
1978,0.2,1,0,1
1979,0.2,1,1,1
1980,0.2,2,1,0
1981,0.2,1,1,1
1982,0.2,1,0,0
1983,0.2,2,0,0
1984,0.2,1,1,1
1985,0.2,1,0,0
1986,0.2,1,0,0
1987,0.2,2,0,0
1988,0.2,2,0,0
1989,0.2,1,1,1
1990,1.0,0,1,1
1991,0.2,1,0,0
1992,1.0,0,0,1
1993,0.2,2,1,1
1994,0.2,3,0,0
1995,0.2,2,1,1
1996,0.2,1,0,0
1997,0.2,1,1,1
1998,0.2,3,0,0
1999,0.2,2,1,1
2000,0.2,3,1,0
2001,1.0,1,0,1
2002,0.2,1,1,1
2003,1.0,3,0,0
2004,1.0,3,0,0
2005,0.2,2,1,0
2006,0.2,1,1,0
2007,0.2,2,1,1
2008,0.2,3,0,0
2009,0.2,1,0,1
2010,0.2,1,1,1
2011,1.0,2,1,1
2012,0.2,1,0,0
2013,0.2,1,0,0
2014,0.2,2,0,0
2015,0.2,1,0,0
2016,0.2,1,0,0
2017,0.2,1,0,0
2018,0.2,2,0,0
2019,0.2,2,1,1
2020,0.2,1,0,0
2021,0.2,2,0,0
2022,0.2,2,0,0
2023,0.2,2,0,0
2024,0.2,0,1,1
2025,0.2,2,0,0
2026,0.2,1,1,1
2027,0.2,0,1,1
2028,1.0,2,1,1
2029,0.2,0,1,1
2030,0.2,1,0,0
2031,0.2,1,0,0
2032,1.0,2,1,1
2033,1.0,2,1,1
2034,0.2,0,0,0
2035,0.2,3,0,1
2036,0.2,1,0,0
2037,0.2,2,1,1
2038,0.2,2,0,0
2039,0.2,3,1,0
2040,0.2,2,1,0
2041,0.2,2,1,0
2042,1.0,1,1,1
2043,0.2,2,1,0
2044,0.2,1,0,0
2045,0.2,2,1,1
2046,0.2,1,1,1
2047,1.0,2,0,0
2048,0.2,1,0,0
2049,0.2,1,1,0
2050,0.2,0,1,1
2051,0.2,2,0,0
2052,0.2,0,0,0
2053,1.0,2,1,0
2054,0.2,1,0,0
2055,0.2,1,0,1
2056,0.2,1,0,0
2057,0.2,2,1,1
2058,0.2,2,0,0
2059,0.2,2,0,0
2060,0.2,1,0,0
2061,1.0,3,0,0
2062,0.2,0,0,0
2063,0.2,2,0,0
2064,0.2,1,1,0
2065,0.2,2,1,1
2066,0.2,2,0,0
2067,2.2,1,1,1
2068,0.2,2,1,1
2069,0.2,2,1,0
2070,0.2,2,0,0
2071,0.2,2,1,1
2072,1.0,1,1,1
2073,0.2,2,1,1
2074,0.2,2,0,0
2075,0.2,2,0,1
2076,0.2,2,1,0
2077,1.0,2,1,1
2078,0.2,1,1,0
2079,0.2,1,0,0
2080,0.2,2,1,1
2081,1.0,2,0,0
2082,1.0,1,0,0
2083,0.2,1,1,1
2084,0.2,2,0,0
2085,0.2,1,1,1
2086,0.2,3,1,0
2087,1.0,3,1,1
2088,0.2,1,1,1
2089,0.2,2,1,0
2090,0.2,0,0,1
2091,1.0,1,0,0
2092,0.2,2,1,1
2093,0.2,1,1,1
2094,0.2,2,0,0
2095,0.2,3,1,0
2096,0.2,2,1,1
2097,0.2,1,0,0
2098,1.0,2,1,1
2099,1.0,2,1,1
2100,0.2,1,0,0
2101,2.2,1,1,1
2102,0.2,1,1,1
2103,0.2,1,0,0
2104,0.2,0,1,1
2105,0.2,2,0,0
2106,0.2,0,1,1
2107,1.0,0,1,1
2108,0.2,1,0,1
2109,0.2,3,1,0
2110,0.2,1,0,0
2111,0.2,2,0,0
2112,0.2,1,1,1
2113,0.2,1,0,0
2114,0.2,1,1,1
2115,0.2,1,1,0
2116,0.2,1,0,0
2117,0.2,1,0,0
2118,0.2,0,1,1
2119,0.2,1,1,1
2120,0.2,2,1,1
2121,1.0,2,0,0
2122,0.2,1,0,0
2123,0.2,2,1,1
2124,1.0,2,0,0
2125,0.2,1,0,0
2126,1.0,2,1,1
2127,0.2,3,1,1
2128,0.2,2,0,0
2129,1.0,3,1,1
2130,0.2,0,0,0
2131,0.2,2,1,1
2132,0.2,1,1,0
2133,0.2,1,1,1
2134,1.0,3,1,1
2135,1.0,1,0,1
2136,0.2,3,0,0
2137,0.2,2,1,0
2138,1.0,0,0,1
2139,0.2,2,1,0
2140,0.2,1,0,0
2141,0.2,1,0,0
2142,0.2,1,1,1
2143,0.2,1,1,1
2144,0.2,2,1,1
2145,0.2,2,1,0
2146,0.2,2,1,1
2147,0.2,0,1,1
2148,0.2,2,1,1
2149,0.2,2,1,1
2150,0.2,2,0,0
2151,0.2,2,0,0
2152,0.2,1,1,0
2153,0.2,0,0,1
2154,2.2,1,0,1
2155,0.2,2,1,1
2156,0.2,2,0,0
2157,0.2,3,1,1
2158,0.2,1,0,0
2159,0.2,2,0,0
2160,0.2,2,0,0
2161,0.2,1,0,0
2162,0.2,2,0,0
2163,0.2,0,1,1
2164,0.2,1,0,0
2165,0.2,0,1,1
2166,0.2,1,1,1
2167,0.2,1,0,0
2168,0.2,1,1,1
2169,1.0,1,0,0
2170,0.2,2,1,1
2171,0.2,2,0,0
2172,0.2,0,0,0
2173,1.0,1,1,1
2174,0.2,1,0,0
2175,0.2,0,0,0
2176,0.2,2,0,0
2177,0.2,0,0,1
2178,0.2,2,1,0
2179,1.0,1,1,1
2180,0.2,1,0,0
2181,0.2,1,0,0
2182,0.2,0,0,1
2183,0.2,1,0,0
2184,0.2,0,0,0
2185,1.0,2,0,0
2186,0.2,3,1,1
2187,1.0,1,0,1
2188,0.2,1,0,0
2189,0.2,2,0,0
2190,1.0,2,0,0
2191,0.2,2,1,0
2192,0.2,1,0,0
2193,1.0,2,0,0
2194,1.0,2,1,1
2195,1.0,2,1,1
2196,0.2,2,0,0
2197,0.2,3,1,0
2198,0.2,2,1,1
2199,0.2,1,0,0
2200,0.2,2,1,0
2201,0.2,1,1,0
2202,0.2,1,1,1
2203,0.2,2,0,0
2204,0.2,3,0,0
2205,0.2,1,1,0
2206,0.2,2,0,0
2207,0.2,1,0,0
2208,1.0,1,1,1
2209,0.2,1,0,0
2210,0.2,0,1,1
2211,1.0,1,1,1
2212,0.2,2,1,1
2213,0.2,1,1,0
2214,1.0,2,1,1
2215,0.2,2,1,1
2216,0.2,2,1,0
2217,1.0,0,0,1
2218,1.0,2,0,0
2219,0.2,2,0,0
2220,0.2,2,0,0
2221,0.2,2,0,0
2222,0.2,2,0,0
2223,0.2,0,0,1
2224,0.2,2,1,1
2225,0.2,3,0,0
2226,0.2,1,1,1
2227,1.0,0,1,1
2228,0.2,1,0,0
2229,1.0,2,1,1
2230,0.2,2,1,1
2231,1.0,0,0,1
2232,0.2,1,0,0
2233,0.2,3,0,0
2234,0.2,2,1,1
2235,0.2,1,0,1
2236,0.2,2,0,0
2237,0.2,3,0,0
2238,0.2,1,0,0
2239,0.2,0,0,0
2240,1.0,2,0,1
2241,1.0,0,0,1
2242,1.0,2,1,1
2243,0.2,2,1,1
2244,1.0,2,1,1
2245,0.2,0,1,1
2246,0.2,0,1,1
2247,0.2,1,1,1
2248,0.2,1,1,1
2249,0.2,2,0,0
2250,1.0,2,1,1
2251,0.2,2,1,1
2252,1.0,2,0,0
2253,1.0,2,1,1
2254,0.2,2,1,0
2255,0.2,1,1,1
2256,0.2,1,1,1
2257,1.0,2,1,1
2258,0.2,1,1,1
2259,0.2,3,1,1
2260,0.2,3,0,0
2261,0.2,3,1,1
2262,0.2,1,0,0
2263,0.2,2,0,1
2264,0.2,3,1,0
2265,0.2,1,0,0
2266,0.2,0,1,1
2267,1.0,3,1,1
2268,0.2,3,0,0
2269,2.2,1,1,1
2270,0.2,3,1,0
2271,1.0,2,0,0
2272,0.2,2,0,0
2273,0.2,2,0,0
2274,0.2,1,1,0
2275,0.2,2,0,0
2276,0.2,2,0,0
2277,0.2,0,1,1
2278,0.2,2,1,0
2279,0.2,2,1,1
2280,0.2,2,1,1
2281,0.2,2,1,0
2282,0.2,1,1,1
2283,0.2,3,1,0
2284,0.2,2,0,0
2285,0.2,2,0,1
2286,1.0,2,1,1
2287,0.2,2,1,0
2288,0.2,2,0,0
2289,1.0,2,0,0
2290,0.2,2,0,0
2291,0.2,1,1,0
2292,0.2,1,1,0
2293,0.2,1,0,0
2294,0.2,1,0,0
2295,1.0,1,1,1
2296,0.2,2,0,0
2297,0.2,1,1,0
2298,0.2,1,0,0
2299,0.2,2,1,0
2300,1.0,1,0,1
2301,1.0,1,1,1
2302,0.2,1,1,1
2303,1.0,1,0,1
2304,0.2,3,1,1
2305,0.2,2,0,0
2306,1.0,2,0,1
2307,1.0,1,0,1
2308,0.2,0,1,1
2309,0.2,1,1,1
2310,0.2,1,0,0
2311,0.2,2,1,0
2312,0.2,2,1,0
2313,1.0,1,0,1
2314,0.2,3,0,0
2315,1.0,2,0,0
2316,1.0,2,1,1
2317,0.2,2,1,1
2318,0.2,2,1,1
2319,0.2,0,0,0
2320,0.2,1,0,1
2321,2.2,2,0,1
2322,1.0,2,1,1
2323,0.2,1,1,1
2324,1.0,2,1,1
2325,0.2,3,0,0
2326,1.0,2,0,0
2327,1.0,0,0,1
2328,0.2,0,1,0
2329,1.0,1,0,1
2330,0.2,2,0,0
2331,1.0,1,1,1
2332,0.2,0,1,1
2333,0.2,0,1,0
2334,0.2,1,1,0
2335,0.2,1,1,0
2336,0.2,0,0,0
2337,0.2,1,0,0
2338,0.2,2,0,1
2339,0.2,1,0,0
2340,0.2,0,0,1
2341,0.2,1,1,1
2342,0.2,3,1,1
2343,1.0,2,0,1
2344,0.2,0,1,1
2345,0.2,1,0,0
2346,0.2,1,0,0
2347,0.2,1,0,1
2348,0.2,1,1,1
2349,0.2,3,0,0
2350,0.2,3,0,0
2351,1.0,2,0,0
2352,0.2,1,0,0
2353,0.2,3,1,1
2354,0.2,2,1,0
2355,0.2,2,0,0
2356,0.2,3,0,0
2357,0.2,2,0,0
2358,1.0,0,0,1
2359,0.2,1,1,1
2360,0.2,1,0,0
2361,0.2,0,0,0
2362,0.2,2,0,0
2363,0.2,1,0,0
2364,0.2,2,1,0
2365,0.2,0,1,1
2366,1.0,1,1,1
2367,0.2,1,0,0
2368,1.0,0,1,1
2369,0.2,2,1,1
2370,0.2,3,0,0
2371,0.2,1,0,0
2372,0.2,3,0,0
2373,0.2,2,0,1
2374,1.0,1,1,1
2375,0.2,1,0,0
2376,1.0,1,0,1
2377,0.2,3,0,0
2378,0.2,1,1,0
2379,0.2,3,1,0
2380,0.2,2,0,0
2381,0.2,0,0,0
2382,0.2,3,0,0
2383,2.2,2,1,1
2384,0.2,2,1,1
2385,0.2,1,0,0
2386,1.0,0,0,0
2387,0.2,1,0,1
2388,0.2,1,0,0
2389,0.2,1,0,0
2390,1.0,2,0,0
2391,0.2,2,1,1
2392,0.2,2,0,0
2393,1.0,2,1,1
2394,0.2,3,1,1
2395,0.2,1,1,1
2396,1.0,0,0,0
2397,0.2,1,1,1
2398,0.2,1,0,1
2399,1.0,1,0,1
2400,0.2,2,0,0
2401,0.2,1,1,0
2402,0.2,2,0,0
2403,0.2,1,0,0
2404,0.2,1,0,0
2405,0.2,2,1,0
2406,0.2,1,1,1
2407,0.2,0,0,1
2408,0.2,1,1,0
2409,0.2,1,1,0
2410,3.0,2,0,1
2411,1.0,2,0,0
2412,0.2,3,0,0
2413,1.0,1,0,1
2414,0.2,1,0,0
2415,0.2,3,0,0
2416,0.2,3,1,1
2417,0.2,0,1,1
2418,0.2,2,1,0
2419,0.2,0,1,1
2420,0.2,0,1,1
2421,0.2,2,1,0
2422,0.2,0,0,0
2423,1.0,1,1,1
2424,0.2,3,0,0
2425,0.2,2,0,0
2426,0.2,0,0,1
2427,0.2,1,0,0
2428,1.0,2,0,1
2429,0.2,3,0,0
2430,0.2,2,1,1
2431,0.2,1,1,0
2432,0.2,3,0,0
2433,0.2,1,0,0
2434,1.0,2,1,1
2435,0.2,1,0,0
2436,0.2,1,0,0
2437,0.2,3,0,0
2438,0.2,2,0,0
2439,0.2,1,1,1
2440,0.2,1,0,0
2441,0.2,1,0,0
2442,0.2,1,1,1
2443,0.2,1,0,0
2444,0.2,1,0,0
2445,1.0,3,1,0
2446,1.0,0,0,1
2447,0.2,1,1,1
2448,0.2,1,1,1
2449,2.2,0,1,1
2450,1.0,0,0,0
2451,0.2,2,1,0
2452,0.2,1,1,1
2453,0.2,1,0,0
2454,1.0,1,1,1
2455,0.2,2,0,0
2456,0.2,1,1,1
2457,1.0,1,1,1
2458,0.2,2,1,0
2459,0.2,1,0,0
2460,0.2,0,0,0
2461,1.0,2,1,1
2462,0.2,2,0,0
2463,0.2,1,1,0
2464,1.0,2,0,0
2465,1.0,1,0,0
2466,0.2,1,0,0
2467,0.2,0,0,0
2468,0.2,0,1,1
2469,0.2,1,1,1
2470,0.2,3,1,1
2471,1.0,2,1,1
2472,1.0,1,1,1
2473,1.0,1,0,1
2474,0.2,2,1,0
2475,1.0,0,1,1
2476,0.2,0,1,1
2477,0.2,0,1,1
2478,0.2,3,1,1
2479,0.2,2,0,0
2480,0.2,1,1,1
2481,0.2,1,0,0
2482,0.2,1,1,1
2483,0.2,3,1,0
2484,0.2,1,1,1
2485,0.2,2,0,0
2486,0.2,1,0,0
2487,1.0,3,0,1
2488,1.0,2,0,1
2489,0.2,2,1,0
2490,0.2,1,0,0
2491,1.0,3,1,1
2492,0.2,2,1,1
2493,0.2,0,0,0
2494,1.0,1,1,1
2495,0.2,2,0,0
2496,0.2,2,0,0
2497,0.2,3,1,1
2498,0.2,2,1,1
2499,0.2,2,0,0
2500,0.2,0,0,0
2501,0.2,2,0,1
2502,0.2,1,1,1
2503,0.2,1,0,0
2504,0.2,1,1,1
2505,0.2,2,1,1
2506,1.0,2,1,1
2507,0.2,1,0,1
2508,1.0,1,0,1
2509,1.0,2,0,0
2510,1.0,1,0,0
2511,0.2,3,1,0
2512,0.2,2,0,0
2513,0.2,3,1,0
2514,0.2,2,1,1
2515,0.2,2,0,0
2516,0.2,2,1,0
2517,0.2,2,1,1
2518,0.2,0,1,1
2519,0.2,1,1,1
2520,0.2,2,0,0
2521,0.2,2,1,0
2522,2.2,0,0,1
2523,0.2,0,1,1
2524,0.2,1,0,0
2525,0.2,1,0,0
2526,0.2,1,0,0
2527,1.0,1,1,1
2528,0.2,1,0,0
2529,1.0,2,1,1
2530,0.2,1,1,1
2531,0.2,1,1,1
2532,0.2,2,0,0
2533,1.0,1,1,1
2534,0.2,1,0,1
2535,0.2,0,1,1
2536,0.2,1,0,0
2537,0.2,1,0,0
2538,1.0,2,1,1
2539,0.2,2,1,1
2540,1.0,0,0,1
2541,0.2,2,0,0
2542,0.2,2,0,0
2543,0.2,3,0,0
2544,0.2,2,1,1
2545,0.2,2,0,0
2546,0.2,0,1,1
2547,0.2,1,1,1
2548,2.2,2,1,1
2549,0.2,1,1,1
2550,1.0,3,1,1
2551,0.2,3,0,0
2552,0.2,2,0,0
2553,0.2,1,0,0
2554,0.2,2,1,1
2555,0.2,1,1,1
2556,1.0,1,0,0
2557,0.2,2,0,0
2558,0.2,0,0,0
2559,0.2,2,1,0
2560,0.2,2,1,1
2561,0.2,2,1,1
2562,0.2,2,1,1
2563,0.2,2,0,0
2564,0.2,1,0,0
2565,0.2,1,0,0
2566,0.2,2,1,0
2567,0.2,2,0,0
2568,0.2,0,0,0
2569,1.0,2,1,1
2570,0.2,2,0,0
2571,0.2,2,0,0
2572,0.2,2,0,0
2573,0.2,1,0,0
2574,1.0,0,0,1
2575,1.0,3,0,0
2576,0.2,1,1,1
2577,1.0,1,1,1
2578,0.2,1,0,0
2579,0.2,1,1,1
2580,0.2,1,0,1
2581,0.2,2,1,0
2582,0.2,1,0,0
2583,0.2,2,1,1
2584,0.2,1,0,0
2585,0.2,3,0,1
2586,1.0,1,1,1
2587,0.2,1,1,1
2588,0.2,2,1,0
2589,0.2,1,1,0
2590,1.0,3,0,1
2591,1.0,1,1,1
2592,0.2,0,1,1
2593,0.2,0,1,1
2594,0.2,1,1,1
2595,0.2,0,1,1
2596,0.2,1,1,1
2597,0.2,1,0,0
2598,0.2,1,0,0
2599,0.2,2,1,0
2600,0.2,1,0,0
2601,0.2,2,1,1
2602,0.2,2,0,0
2603,0.2,1,1,1
2604,1.0,2,1,1
2605,0.2,1,1,1
2606,0.2,1,0,0
2607,0.2,2,1,1
2608,0.2,1,1,1
2609,0.2,2,0,0
2610,1.0,1,0,1
2611,1.0,2,0,0
2612,0.2,0,1,1
2613,0.2,2,1,1
2614,0.2,3,1,0
2615,1.0,1,0,1
2616,1.0,2,1,1
2617,2.2,1,0,1
2618,0.2,3,1,1
2619,0.2,2,0,0
2620,0.2,0,1,1
2621,0.2,2,0,0
2622,1.0,2,1,1
2623,0.2,2,1,1
2624,0.2,1,0,1
2625,0.2,0,1,1
2626,1.0,2,1,1
2627,0.2,2,0,0
2628,0.2,1,0,0
2629,0.2,2,0,0
2630,0.2,1,1,1
2631,0.2,3,0,0
2632,1.0,1,0,1
2633,0.2,0,0,0
2634,0.2,1,1,0
2635,0.2,1,1,1
2636,0.2,2,0,0
2637,0.2,0,1,1
2638,0.2,3,1,0
2639,0.2,1,1,1
2640,0.2,2,0,0
2641,0.2,1,0,0
2642,0.2,3,0,0
2643,1.0,2,1,1
2644,0.2,2,1,0
2645,0.2,2,0,0
2646,0.2,2,1,1
2647,0.2,1,0,0
2648,0.2,2,0,0
2649,0.2,2,0,0
2650,0.2,3,1,0
2651,0.2,2,0,0
2652,1.0,0,0,1
2653,0.2,3,1,1
2654,0.2,0,1,1
2655,1.0,2,1,1
2656,0.2,2,0,0
2657,0.2,2,1,1
2658,0.2,2,0,0
2659,1.0,2,0,1
2660,0.2,1,0,0
2661,1.0,2,1,1
2662,0.2,1,0,0
2663,0.2,1,0,0
2664,0.2,1,1,1
2665,0.2,2,0,0
2666,0.2,0,1,1
2667,0.2,2,1,1
2668,2.2,2,0,1
2669,0.2,1,0,0
2670,0.2,1,0,1
2671,0.2,1,1,1
2672,1.0,1,0,1
2673,0.2,1,1,1
2674,0.2,0,0,0
2675,2.2,1,1,1
2676,1.0,1,0,1
2677,0.2,2,0,0
2678,0.2,1,1,1
2679,0.2,2,1,1
2680,0.2,2,0,0
2681,1.0,2,1,1
2682,0.2,2,0,0
2683,0.2,3,0,0
2684,1.0,2,1,1
2685,0.2,0,1,1
2686,1.0,0,1,1
2687,0.2,2,0,1
2688,0.2,1,1,1
2689,0.2,1,1,1
2690,1.0,2,0,1
2691,0.2,0,0,0
2692,0.2,1,1,1
2693,0.2,1,1,1
2694,1.0,3,1,1
2695,0.2,2,0,0
2696,0.2,0,0,0
2697,0.2,3,1,1
2698,0.2,1,0,0
2699,1.0,1,0,0
2700,0.2,1,0,0
2701,1.0,2,1,1
2702,0.2,1,0,0
2703,1.0,3,1,1
2704,2.2,1,0,1
2705,0.2,1,0,1
2706,0.2,3,0,1
2707,0.2,1,1,1
2708,0.2,0,1,1
2709,0.2,2,1,0
2710,0.2,2,0,0
2711,0.2,2,1,0
2712,0.2,1,0,0
2713,0.2,2,1,0
2714,0.2,2,1,0
2715,0.2,1,1,1
2716,0.2,2,0,0
2717,2.2,2,1,1
2718,0.2,3,0,0
2719,0.2,1,0,0
2720,0.2,1,1,1
2721,1.0,3,0,0
2722,1.0,0,0,1
2723,0.2,1,0,1
2724,0.2,2,0,0
2725,0.2,0,1,1
2726,0.2,1,0,0
2727,0.2,2,1,1
2728,0.2,0,1,1
2729,1.0,1,1,1
2730,0.2,3,1,0
2731,0.2,2,0,0
2732,1.0,2,0,0
2733,0.2,1,1,1
2734,0.2,1,0,0
2735,0.2,1,0,0
2736,0.2,2,0,0
2737,1.0,0,0,0
2738,0.2,2,1,1
2739,0.2,3,1,1
2740,0.2,3,1,1
2741,1.0,2,1,1
2742,0.2,3,1,1
2743,0.2,3,1,1
2744,0.2,2,1,1
2745,1.0,2,1,1
2746,1.0,0,1,1
2747,0.2,0,0,0
2748,0.2,1,0,0
2749,1.0,1,0,1
2750,1.0,2,0,1
2751,0.2,1,0,0
2752,0.2,0,0,1
2753,1.0,2,1,1
2754,0.2,1,1,1
2755,1.0,2,1,1
2756,1.0,1,0,1
2757,1.0,2,1,1
2758,0.2,0,1,1
2759,0.2,3,0,0
2760,0.2,2,0,0
2761,0.2,0,1,1
2762,1.0,2,0,0
2763,1.0,2,1,1
2764,0.2,1,1,1
2765,1.0,1,0,1
2766,0.2,3,1,0
2767,1.0,1,0,1
2768,0.2,2,0,0
2769,0.2,2,1,0
2770,1.0,0,1,1
2771,1.0,2,1,1
2772,0.2,1,0,0
2773,0.2,1,1,1
2774,0.2,1,0,0
2775,0.2,1,1,1
2776,0.2,2,1,1
2777,0.2,1,1,0
2778,0.2,1,1,0
2779,0.2,1,1,1
2780,1.0,1,0,1
2781,0.2,1,0,0
2782,0.2,1,0,0
2783,0.2,3,0,0
2784,1.0,1,0,1
2785,0.2,2,0,0
2786,0.2,2,0,0
2787,0.2,1,1,1
2788,3.0,2,1,1
2789,0.2,0,1,1
2790,0.2,0,0,1
2791,0.2,3,0,0
2792,1.0,1,0,0
2793,1.0,2,0,1
2794,0.2,1,0,0
2795,0.2,3,1,1
2796,0.2,0,0,0
2797,1.0,1,0,1
2798,1.0,1,0,1
2799,1.0,2,0,1
2800,0.2,1,1,1
2801,1.0,1,0,0
2802,0.2,0,0,1
2803,0.2,2,1,1
2804,0.2,1,1,1
2805,1.0,2,0,0
2806,0.2,1,0,0
2807,0.2,1,1,0
2808,1.0,2,0,0
2809,0.2,0,1,1
2810,1.0,3,1,1
2811,0.2,2,0,0
2812,0.2,0,0,0
2813,1.0,0,1,1
2814,0.2,1,0,0
2815,0.2,1,1,1
2816,0.2,1,1,1
2817,0.2,1,0,1
2818,0.2,1,0,0
2819,1.0,1,1,1
2820,0.2,1,0,0
2821,0.2,3,0,0
2822,1.0,3,1,0
2823,0.2,1,1,1
2824,0.2,1,1,1
2825,0.2,2,1,0
2826,0.2,0,1,1
2827,0.2,3,1,1
2828,0.2,2,1,1
2829,1.0,1,0,0
2830,0.2,1,0,0
2831,0.2,1,0,0
2832,0.2,2,1,0
2833,0.2,0,1,1
2834,0.2,2,0,0
2835,0.2,2,0,0
2836,0.2,2,1,1
2837,0.2,2,0,0
2838,1.0,1,0,1
2839,0.6000000000000001,1,1,1
2840,1.0,1,0,1
2841,0.2,2,0,0
2842,0.2,1,0,1
2843,0.2,1,1,1
2844,0.2,0,1,1
2845,0.2,2,0,0
2846,0.2,1,0,0
2847,0.2,2,1,0
2848,0.2,1,0,0
2849,0.2,1,1,0
2850,0.2,2,1,0
2851,0.2,1,1,1
2852,0.2,1,0,1
2853,0.2,2,0,0
2854,0.2,1,1,1
2855,0.2,2,0,0
2856,0.2,0,1,1
2857,0.2,2,0,0
2858,0.2,1,0,0
2859,0.2,1,1,1
2860,1.0,2,0,1
2861,0.2,2,0,0
2862,0.2,2,1,1
2863,1.0,3,1,1
2864,0.2,1,1,0
2865,1.0,1,1,1
2866,0.2,1,0,0
2867,1.0,2,0,0
2868,0.2,1,0,0
2869,0.2,1,1,1
2870,0.2,2,1,0
2871,0.2,0,1,1
2872,0.2,3,0,0
2873,0.2,0,1,1
2874,0.2,1,1,1
2875,0.2,2,1,1
2876,0.2,3,0,0
2877,1.0,2,0,0
2878,1.0,0,0,1
2879,0.2,3,0,0
2880,1.0,2,0,0
2881,0.2,1,0,0
2882,0.2,1,1,1
2883,0.2,2,0,0
2884,0.2,2,0,0
2885,0.2,3,1,0
2886,0.2,1,1,1
2887,0.2,2,0,0
2888,0.2,1,0,0
2889,0.2,1,1,1
2890,0.2,1,0,0
2891,1.0,1,0,1
2892,0.2,2,0,0
2893,0.2,1,0,0
2894,1.0,1,0,1
2895,0.2,1,1,0
2896,0.2,3,0,0
2897,0.2,2,0,0
2898,1.0,1,0,1
2899,0.2,1,0,0
2900,1.0,1,0,1
2901,0.2,1,1,1
2902,0.2,2,0,0
2903,1.0,3,0,1
2904,0.2,1,0,0
2905,0.2,1,0,0
2906,1.0,1,1,1
2907,0.2,0,1,1
2908,1.0,2,0,1
2909,0.2,2,0,0
2910,0.2,1,0,0
2911,0.2,2,0,0
2912,1.0,0,0,1
2913,0.2,1,0,0
2914,0.2,2,0,0
2915,0.2,0,1,1
2916,0.2,1,0,0
2917,0.2,1,0,0
2918,0.2,2,1,1
2919,0.2,2,0,0
2920,0.2,3,0,0
2921,0.2,1,0,1
2922,0.2,1,0,0
2923,0.2,0,1,1
2924,0.2,1,1,0
2925,0.2,0,0,0
2926,0.2,2,0,0
2927,0.2,1,1,1
2928,0.2,1,0,0
2929,1.0,0,1,1
2930,0.2,2,0,0
2931,0.2,1,1,0
2932,0.2,2,1,1
2933,0.2,2,1,1
2934,1.0,1,0,1
2935,0.2,1,0,0
2936,0.2,2,0,1
2937,0.2,1,0,0
2938,0.2,2,1,1
2939,0.2,2,1,0
2940,1.0,1,0,0
2941,1.0,1,0,1
2942,1.0,1,1,1
2943,0.2,1,1,1
2944,0.2,2,1,0
2945,0.2,1,0,0
2946,0.2,3,1,1
2947,1.0,3,0,0
2948,0.2,1,0,0
2949,0.2,1,1,1
2950,0.2,2,1,0
2951,0.2,3,1,1
2952,0.2,1,1,0
2953,0.2,3,1,0
2954,0.2,3,1,0
2955,0.2,2,0,0
2956,0.2,1,0,1
2957,0.2,1,0,0
2958,0.2,3,1,1
2959,0.2,2,1,1
2960,0.2,0,0,1
2961,2.2,2,1,1
2962,1.0,1,1,1
2963,1.0,0,1,1
2964,0.2,2,0,0
2965,0.2,3,1,1
2966,0.2,1,0,0
2967,0.2,0,1,1
2968,0.2,1,0,0
2969,0.2,2,1,1
2970,0.2,1,1,1
2971,0.2,2,1,1
2972,0.2,1,1,1
2973,0.2,2,1,0
2974,1.0,3,1,1
2975,0.2,1,0,1
2976,0.2,2,0,0
2977,1.0,1,0,1
2978,0.2,0,1,1
2979,1.0,1,0,0
2980,1.0,1,1,1
2981,0.2,0,0,1
2982,0.2,1,0,0
2983,0.2,3,0,0
2984,1.0,2,0,1
2985,0.2,2,1,0
2986,0.2,3,0,0
2987,0.2,0,1,1
2988,1.0,2,0,0
2989,0.2,1,1,0
2990,0.2,2,0,0
2991,0.2,2,0,0
2992,0.2,3,1,1
2993,0.2,1,1,0
2994,0.2,2,1,1
2995,1.0,1,0,1
2996,0.2,0,1,0
2997,0.2,3,1,1
2998,0.2,1,1,1
2999,0.2,2,1,0
3000,1.0,1,0,0
3001,1.0,1,0,1
3002,0.2,0,0,0
3003,0.2,2,0,0
3004,0.2,1,0,0
3005,1.0,2,1,1
3006,0.2,2,1,1
3007,0.2,2,1,1
3008,0.2,2,0,0
3009,1.0,3,1,1
3010,0.2,1,0,0
3011,0.2,2,1,1
3012,0.2,2,1,1
3013,0.2,1,0,0
3014,0.2,2,1,0
3015,1.0,1,1,1
3016,0.2,2,1,1
3017,0.2,2,1,1
3018,0.2,2,0,0
3019,0.2,1,0,0
3020,0.2,2,0,0
3021,0.2,0,1,1
3022,0.2,1,1,0
3023,2.2,2,1,1
3024,1.0,3,1,1
3025,0.2,3,0,0
3026,0.2,1,0,0
3027,2.2,2,0,1
3028,0.2,0,1,1
3029,0.2,2,0,0
3030,0.2,0,1,1
3031,1.0,1,0,0
3032,0.2,3,0,0
3033,1.0,2,1,1
3034,0.2,0,0,0
3035,0.2,1,1,1
3036,1.0,2,1,1
3037,1.0,2,1,1
3038,0.2,1,1,0
3039,0.2,0,1,0
3040,1.0,1,0,1
3041,0.2,2,0,0
3042,0.2,0,1,1
3043,0.2,2,0,0
3044,0.2,3,0,1
3045,1.0,1,1,1
3046,0.2,2,0,0
3047,0.2,2,0,0
3048,0.2,3,1,0
3049,0.2,2,0,0
3050,2.2,0,0,1
3051,1.0,1,0,0
3052,0.2,1,0,0
3053,0.2,1,1,0
3054,0.2,1,1,1
3055,0.2,1,0,0
3056,1.0,1,0,0
3057,0.2,1,0,0
3058,0.2,2,1,1
3059,0.2,1,0,0
3060,2.2,0,0,1
3061,0.2,1,1,1
3062,1.0,3,0,0
3063,0.2,0,0,0
3064,0.2,2,1,0
3065,1.0,1,1,1
3066,0.2,2,0,0
3067,0.2,1,1,1
3068,0.2,0,1,1
3069,0.2,2,0,0
3070,1.0,1,1,1
3071,0.2,3,1,0
3072,0.2,1,0,0
3073,0.2,2,1,0
3074,0.2,0,1,1
3075,0.2,2,0,0
3076,1.0,3,0,1
3077,0.2,1,1,1
3078,0.2,1,0,0
3079,1.0,2,1,1
3080,0.2,0,0,0
3081,0.2,1,0,0
3082,0.2,2,1,1
3083,0.2,0,1,1
3084,1.0,0,1,1
3085,0.2,2,0,0
3086,2.2,3,0,1
3087,1.0,2,0,0
3088,0.2,1,1,1
3089,2.2,1,0,1
3090,0.2,0,1,1
3091,0.2,3,0,0
3092,0.2,2,1,0
3093,1.0,1,0,1
3094,1.0,1,1,1
3095,0.2,2,1,0
3096,0.2,1,1,0
3097,1.0,2,1,1
3098,0.2,1,1,1
3099,2.2,1,0,1
3100,0.2,1,1,1
3101,0.2,3,1,0
3102,0.2,1,1,1
3103,0.2,1,1,1
3104,0.2,1,0,0
3105,0.2,1,0,0
3106,0.2,1,0,0
3107,0.2,1,1,1
3108,0.2,2,1,1
3109,0.2,1,0,0
3110,1.0,2,1,1
3111,0.2,1,0,0
3112,0.2,2,0,0
3113,1.0,2,1,1
3114,0.2,1,1,1
3115,0.2,1,0,0
3116,0.2,1,0,0
3117,0.2,1,1,1
3118,1.0,2,1,1
3119,0.2,1,0,0
3120,1.0,1,0,1
3121,0.2,1,1,1
3122,2.2,1,0,1
3123,0.2,3,1,1
3124,1.0,1,1,1
3125,0.2,2,0,0
3126,0.2,2,1,1
3127,0.2,2,1,1
3128,0.2,2,1,0
3129,1.0,1,0,1
3130,1.0,3,0,1
3131,0.2,0,1,0
3132,0.2,3,1,1
3133,0.2,2,1,0
3134,0.2,2,1,1
3135,0.2,1,0,0
3136,0.2,2,1,1
3137,0.2,2,1,0
3138,2.2,1,0,1
3139,0.2,0,1,1
3140,0.2,0,1,1
3141,0.2,1,1,1
3142,2.2,1,1,1
3143,0.2,0,1,0
3144,0.2,2,0,0
3145,1.0,1,0,0
3146,0.2,2,1,1
3147,0.2,2,0,0
3148,0.2,0,0,0
3149,0.2,2,1,1
3150,0.2,1,1,1
3151,0.2,2,1,1
3152,0.2,1,1,1
3153,0.2,2,0,1
3154,0.2,1,0,0
3155,0.2,2,1,1
3156,0.2,2,1,1
3157,0.2,1,0,0
3158,1.0,3,1,1
3159,0.2,1,1,1
3160,0.2,2,0,0
3161,0.2,1,0,1
3162,1.0,1,0,1
3163,0.2,1,1,1
3164,0.2,1,0,0
3165,1.0,2,0,0
3166,0.2,1,1,0
3167,0.2,1,0,0
3168,0.2,2,0,0
3169,0.2,1,0,0
3170,0.2,1,1,1
3171,0.2,1,1,1
3172,0.2,1,0,0
3173,0.2,1,0,0
3174,1.0,2,1,1
3175,0.2,0,1,0
3176,0.2,3,1,1
3177,0.2,1,0,0
3178,0.2,1,1,1
3179,1.0,1,1,1
3180,0.2,1,1,0
3181,0.2,0,1,1
3182,1.0,1,1,1
3183,0.2,1,0,0
3184,0.2,0,0,1
3185,1.0,1,1,1
3186,0.2,0,1,0
3187,0.2,2,1,1
3188,1.0,3,0,1
3189,0.2,1,0,0
3190,0.2,3,1,0
3191,1.0,3,1,1
3192,0.2,3,1,0
3193,0.2,1,1,1
3194,1.0,0,1,1
3195,0.2,1,1,0
3196,1.0,1,0,1
3197,0.2,1,0,0
3198,0.2,2,1,1
3199,0.2,3,0,0
3200,1.0,2,0,1
3201,1.0,2,1,1
3202,1.0,3,0,1
3203,0.2,3,1,1
3204,0.2,2,1,0
3205,1.0,1,0,1
3206,0.2,2,0,0
3207,0.2,3,1,0
3208,0.2,1,1,1
3209,2.2,1,1,1
3210,0.2,0,0,0
3211,0.2,1,0,0
3212,1.0,2,0,0
3213,0.2,1,1,1
3214,1.0,2,1,0
3215,0.2,2,1,1
3216,0.2,3,1,0
3217,0.2,2,1,0
3218,1.0,1,1,1
3219,0.2,1,1,1
3220,0.2,2,0,0
3221,0.2,1,1,1
3222,0.2,3,0,0
3223,0.2,1,0,1
3224,0.2,2,0,1
3225,0.2,2,1,0
3226,0.2,3,0,1
3227,0.2,2,1,1
3228,0.2,0,1,0
3229,0.2,1,1,1
3230,0.2,2,0,0
3231,0.2,0,0,1
3232,0.2,2,1,1
3233,1.0,2,1,1
3234,0.2,2,0,0
3235,0.2,1,0,0
3236,0.2,2,0,0
3237,0.2,2,0,0
3238,0.2,1,1,1
3239,0.2,3,1,0
3240,0.2,2,0,0
3241,0.2,2,1,1
3242,0.2,1,1,0
3243,0.2,1,0,0
3244,0.2,3,1,1
3245,0.2,2,1,0
3246,0.2,2,1,0
3247,1.0,2,1,1
3248,0.2,2,1,0
3249,0.2,1,0,0
3250,1.0,1,0,0
3251,1.0,1,1,1
3252,0.2,1,1,1
3253,0.2,0,1,1
3254,0.2,1,0,0
3255,1.0,1,1,1
3256,1.0,1,0,0
3257,2.2,2,0,1
3258,1.0,1,1,1
3259,0.2,0,1,1
3260,0.2,2,0,0
3261,0.2,2,0,0
3262,0.2,1,1,1
3263,1.0,1,1,1
3264,0.2,2,1,1
3265,0.2,0,0,0
3266,0.2,2,0,0
3267,1.0,1,1,1
3268,0.2,2,0,0
3269,0.2,3,1,1
3270,2.2,2,1,1
3271,0.2,1,1,1
3272,0.2,1,0,0
3273,1.0,2,1,1
3274,0.2,2,0,0
3275,0.2,1,1,1
3276,0.2,3,1,0
3277,1.0,0,1,1
3278,0.2,2,0,0
3279,1.0,1,1,1
3280,0.2,3,0,0
3281,0.2,2,0,0
3282,0.2,1,1,0
3283,0.2,1,0,0
3284,0.2,2,0,0
3285,0.2,2,1,0
3286,0.2,2,0,0
3287,1.0,2,1,1
3288,1.0,1,0,1
3289,1.0,3,1,1
3290,1.0,0,0,1
3291,0.2,1,0,0
3292,0.2,2,0,0
3293,0.2,2,0,0
3294,0.2,2,0,0
3295,0.2,1,1,1
3296,0.2,2,1,0
3297,1.0,2,0,0
3298,0.2,2,0,0
3299,0.2,2,0,0
3300,0.2,2,1,0
3301,0.2,2,1,1
3302,0.2,1,0,0
3303,0.2,1,0,0
3304,0.2,2,0,0
3305,1.0,3,0,0
3306,0.2,2,0,0
3307,1.0,3,1,1
3308,0.2,0,0,0
3309,0.2,2,1,1
3310,0.2,1,0,0
3311,0.2,2,1,1
3312,1.0,1,1,1
3313,0.2,1,1,1
3314,0.2,1,1,1
3315,0.2,2,1,0
3316,0.2,2,0,0
3317,0.2,0,1,1
3318,0.2,1,0,0
3319,0.2,2,0,0
3320,0.2,0,0,0
3321,0.2,2,0,0
3322,0.2,3,0,0
3323,2.2,1,0,1
3324,0.2,1,1,1
3325,0.2,1,0,0
3326,0.2,2,1,0
3327,0.2,2,0,0
3328,1.0,2,1,1
3329,0.2,3,0,0
3330,1.0,3,1,1
3331,0.2,1,1,1
3332,1.0,1,1,1
3333,1.0,3,0,1
3334,1.0,2,1,1
3335,1.0,2,1,1
3336,0.2,3,1,1
3337,0.2,2,1,0
3338,1.0,1,1,1
3339,0.2,1,1,1
3340,0.2,2,0,0
3341,0.2,2,1,1
3342,0.2,3,0,0
3343,0.2,1,0,0
3344,0.2,2,1,1
3345,0.2,1,0,0
3346,0.2,1,1,1
3347,0.2,2,0,0
3348,0.2,2,0,0
3349,0.2,2,1,1
3350,0.2,0,0,1
3351,1.0,1,0,1
3352,1.0,3,1,1
3353,0.2,2,1,1
3354,1.0,1,1,1
3355,2.2,2,1,1
3356,0.2,0,0,1
3357,1.0,1,1,1
3358,1.0,1,1,1
3359,0.2,2,1,1
3360,1.0,0,1,1
3361,0.2,1,0,0
3362,0.2,2,0,0
3363,1.0,1,0,0
3364,0.2,0,0,1
3365,0.2,1,1,1
3366,1.0,1,0,1
3367,0.2,1,1,1
3368,0.2,2,0,0
3369,0.2,0,1,1
3370,0.2,3,0,0
3371,0.2,2,1,1
3372,1.0,1,1,1
3373,0.2,2,0,0
3374,1.0,1,1,1
3375,0.2,0,1,1
3376,0.2,1,1,0
3377,0.2,2,0,0
3378,0.2,1,1,1
3379,0.2,0,1,1
3380,1.0,0,1,1
3381,1.0,2,0,1
3382,1.0,2,1,1
3383,0.2,1,0,0
3384,0.2,1,0,0
3385,0.2,2,0,0
3386,0.2,2,0,1
3387,0.2,0,1,1
3388,1.0,3,1,1
3389,1.0,0,0,1
3390,0.2,1,1,0
3391,0.2,1,1,0
3392,0.2,2,1,0
3393,1.0,2,0,1
3394,0.2,2,1,1
3395,2.2,1,0,1
3396,0.2,1,0,0
3397,1.0,1,1,1
3398,1.0,2,0,0
3399,0.2,1,0,0
3400,0.2,2,1,1
3401,1.0,3,1,1
3402,0.2,0,0,0
3403,0.2,0,0,1
3404,0.2,0,1,1
3405,0.2,1,1,1
3406,0.2,3,0,0
3407,0.2,3,0,0
3408,0.2,3,0,0
3409,0.2,2,1,0
3410,0.2,1,1,1
3411,1.0,0,1,1
3412,1.0,1,1,1
3413,1.0,3,1,1
3414,0.2,1,0,0
3415,0.2,1,1,1
3416,0.2,1,1,1
3417,1.0,3,1,1
3418,0.2,2,1,1
3419,0.2,1,0,0
3420,0.2,1,0,0
3421,0.2,1,0,0
3422,0.2,3,1,0
3423,1.0,1,1,1
3424,0.2,1,1,1
3425,0.2,0,0,0
3426,0.2,2,1,0
3427,0.2,3,1,0
3428,0.2,2,1,0
3429,0.2,3,0,0
3430,0.2,2,0,0
3431,0.2,3,1,0
3432,0.2,2,0,1
3433,0.2,0,1,1
3434,0.2,2,1,1
3435,0.2,0,1,1
3436,0.2,2,1,1
3437,0.2,1,1,1
3438,1.0,2,0,1
3439,2.2,1,1,1
3440,0.2,0,1,1
3441,0.2,2,0,0
3442,2.2,2,1,1
3443,0.2,3,1,1
3444,0.2,1,0,0
3445,0.2,1,0,0
3446,0.2,3,0,0
3447,0.2,2,1,1
3448,0.2,2,1,0
3449,1.0,1,1,1
3450,0.2,0,0,0
3451,0.2,2,0,0
3452,0.2,0,1,0
3453,0.2,1,1,0
3454,0.2,1,1,0
3455,1.0,0,0,1
3456,0.2,3,0,0
3457,0.2,2,0,0
3458,0.2,1,0,0
3459,0.2,1,0,0
3460,0.2,0,1,1
3461,0.2,3,1,1
3462,1.0,1,1,1
3463,2.2,2,1,1
3464,1.0,1,0,1
3465,0.2,2,0,0
3466,0.2,2,1,1
3467,0.2,2,0,0
3468,0.2,1,1,0
3469,0.2,1,0,0
3470,0.2,1,1,1
3471,1.0,2,0,1
3472,0.2,1,1,0
3473,0.2,2,0,0
3474,0.2,0,0,0
3475,1.0,0,0,1
3476,0.2,3,0,0
3477,0.2,1,1,1
3478,1.0,2,0,0
3479,2.2,0,0,1
3480,0.2,2,1,0
3481,1.0,2,0,1
3482,0.2,2,0,0
3483,0.2,1,0,0
3484,0.2,1,0,1
3485,0.2,3,0,0
3486,0.2,0,1,1
3487,0.2,1,0,0
3488,0.2,2,1,1
3489,0.2,2,0,0
3490,0.2,1,0,0
3491,1.0,2,1,1
3492,0.2,1,1,0
3493,0.2,1,1,1
3494,1.0,0,0,1
3495,0.2,2,0,0
3496,0.2,1,0,1
3497,0.2,0,0,1
3498,0.2,1,1,0
3499,0.2,2,1,0
3500,0.2,2,1,1
3501,0.2,3,1,0
3502,0.2,0,1,1
3503,0.2,2,1,1
3504,0.2,3,1,0
3505,0.2,2,1,1
3506,0.2,2,1,1
3507,0.2,2,1,0
3508,0.2,1,0,0
3509,0.2,1,0,0
3510,1.0,2,1,1
3511,0.2,1,0,0
3512,0.2,1,1,1
3513,0.2,1,1,1
3514,0.2,3,0,0
3515,0.2,3,1,1
3516,0.2,2,0,0
3517,0.2,2,0,1
3518,0.2,0,1,1
3519,0.2,2,1,1
3520,0.2,2,0,1
3521,0.2,3,1,1
3522,0.2,1,1,1
3523,0.2,1,1,1
3524,0.2,2,0,0
3525,0.2,1,1,1
3526,0.2,1,1,0
3527,0.2,1,1,1
3528,0.2,1,1,1
3529,1.0,0,1,1
3530,1.0,2,1,1
3531,0.2,3,0,0
3532,0.2,1,1,1
3533,0.2,3,1,0
3534,0.2,1,1,1
3535,2.2,1,0,1
3536,0.2,2,0,0
3537,0.2,2,0,0
3538,0.2,2,0,0
3539,1.0,1,0,1
3540,0.2,2,1,1
3541,0.2,3,1,0
3542,0.2,2,1,0
3543,0.2,3,0,0
3544,0.2,3,1,0
3545,1.0,2,0,0
3546,0.2,0,1,1
3547,0.2,1,0,0
3548,0.2,1,0,0
3549,0.2,1,1,1
3550,0.2,1,1,0
3551,0.2,3,0,0
3552,0.2,0,1,0
3553,0.2,1,0,0
3554,0.2,3,1,0
3555,0.2,1,0,0
3556,0.2,3,1,0
3557,0.2,2,0,0
3558,0.2,1,1,0
3559,0.2,2,1,1
3560,0.2,2,1,0
3561,0.2,3,0,0
3562,0.2,3,0,0
3563,0.2,1,0,0
3564,0.2,2,1,1
3565,0.2,1,1,0
3566,0.2,3,0,0
3567,0.2,1,1,1
3568,1.0,2,1,1
3569,0.2,1,1,1
3570,0.2,2,1,1
3571,0.2,1,0,0
3572,0.2,2,1,0
3573,1.0,3,1,1
3574,0.2,2,0,1
3575,1.0,1,1,1
3576,1.0,1,0,0
3577,0.2,1,0,0
3578,0.2,2,1,0
3579,0.2,3,0,0
3580,0.2,2,0,1
3581,0.2,2,0,0
3582,0.2,2,1,1
3583,1.0,1,1,1
3584,0.2,3,1,1
3585,0.2,1,1,1
3586,0.2,2,1,1
3587,2.2,1,1,1
3588,1.0,1,1,1
3589,0.2,2,1,1
3590,0.2,2,0,0
3591,0.2,2,0,0
3592,0.2,2,1,1
3593,0.2,2,0,1
3594,2.2,1,1,1
3595,0.2,2,1,1
3596,0.2,1,0,0
3597,0.2,2,1,1
3598,0.2,1,0,0
3599,0.2,2,0,0
3600,0.2,3,1,1
3601,0.2,2,0,1
3602,1.0,1,0,1
3603,0.2,2,0,0
3604,0.2,1,1,1
3605,1.0,0,0,0
3606,0.2,1,0,0
3607,1.0,3,0,1
3608,2.2,2,1,1
3609,0.2,1,0,0
3610,0.2,0,0,0
3611,1.0,2,0,1
3612,1.0,1,1,1
3613,1.0,1,0,0
3614,0.2,0,0,0
3615,0.2,2,1,1
3616,1.0,0,0,1
3617,1.0,1,1,0
3618,0.2,2,0,0
3619,0.2,2,0,0
3620,0.2,1,0,0
3621,0.2,1,0,0
3622,1.0,2,1,1
3623,0.2,2,1,0
3624,0.2,2,1,1
3625,0.2,3,1,0
3626,1.0,3,0,0
3627,0.2,1,1,1
3628,0.2,0,0,0
3629,1.0,1,0,1
3630,0.2,3,0,0
3631,2.2,1,1,1
3632,0.2,2,0,0
3633,0.2,1,1,0
3634,0.2,1,0,0
3635,0.2,1,0,0
3636,0.2,3,1,1
3637,1.0,1,0,0
3638,0.2,2,1,1
3639,0.2,3,0,0
3640,0.2,1,1,1
3641,0.2,1,1,1
3642,0.2,1,1,1
3643,0.2,3,0,0
3644,0.2,2,1,0
3645,0.2,1,1,1
3646,0.2,0,0,0
3647,0.2,1,1,0
3648,0.2,0,1,1
3649,0.2,1,0,0
3650,0.2,2,1,0
3651,0.2,2,0,0
3652,0.2,2,1,1
3653,0.2,2,1,1
3654,0.2,2,0,0
3655,1.0,1,1,1
3656,0.2,1,0,1
3657,0.2,1,0,0
3658,0.2,1,1,1
3659,0.2,1,0,1
3660,0.2,1,1,1
3661,1.0,2,0,1
3662,0.2,3,0,0
3663,0.2,0,0,0
3664,0.2,2,1,0
3665,0.2,2,0,0
3666,0.2,2,1,1
3667,1.0,3,0,1
3668,0.2,2,1,1
3669,0.2,1,1,1
3670,0.2,2,0,0
3671,0.2,1,1,1
3672,1.0,1,1,1
3673,0.2,0,0,0
3674,0.2,1,1,0
3675,0.2,3,0,0
3676,0.2,2,0,0
3677,0.2,2,0,0
3678,0.2,1,0,1
3679,0.2,1,0,0
3680,0.2,1,1,1
3681,1.0,2,1,1
3682,0.2,2,0,0
3683,0.2,2,0,0
3684,0.2,1,0,0
3685,1.0,1,1,1
3686,0.2,3,0,0
3687,0.2,0,1,0
3688,0.2,1,1,0
3689,1.0,2,0,0
3690,0.2,1,1,1
3691,0.2,2,0,0
3692,0.2,1,1,1
3693,0.2,2,0,0
3694,1.0,1,1,1
3695,0.2,3,1,0
3696,0.2,3,1,1
3697,0.2,1,0,1
3698,0.2,2,0,0
3699,1.0,2,0,1
3700,2.2,0,0,1
3701,0.2,1,1,1
3702,1.0,2,0,0
3703,0.2,3,0,0
3704,0.2,2,1,1
3705,0.2,0,1,1
3706,0.2,3,1,0
3707,0.2,2,0,0
3708,0.2,1,0,0
3709,0.2,2,0,0
3710,0.2,2,0,0
3711,0.2,1,1,1
3712,0.2,1,1,0
3713,0.2,1,0,0
3714,0.2,3,1,0
3715,0.2,2,0,0
3716,0.2,2,0,0
3717,1.0,1,0,1
3718,0.2,1,1,1
3719,1.0,2,0,0
3720,0.2,1,1,1
3721,0.2,3,1,1
3722,0.2,2,0,0
3723,0.2,3,1,0
3724,0.2,3,0,0
3725,0.2,1,0,0
3726,0.2,1,1,1
3727,0.2,2,0,0
3728,0.2,1,1,1
3729,1.0,2,0,0
3730,1.0,1,1,1
3731,1.0,3,1,1
3732,0.2,3,1,1
3733,0.2,3,0,0
3734,0.2,1,0,1
3735,1.0,1,0,0
3736,1.0,2,1,1
3737,0.2,1,1,1
3738,0.2,3,1,0
3739,0.2,1,0,0
3740,0.2,2,0,0
3741,0.2,3,0,0
3742,0.2,2,1,0
3743,0.2,2,1,1
3744,0.2,0,0,0
3745,0.2,2,1,1
3746,0.2,3,1,0
3747,0.2,1,0,0
3748,1.0,3,0,0
3749,0.2,2,0,0
3750,0.2,3,0,0
3751,0.2,2,1,0
3752,1.0,1,0,1
3753,0.2,2,1,1
3754,0.2,2,1,0
3755,0.2,2,1,1
3756,0.2,1,0,1
3757,0.2,2,0,0
3758,0.2,3,0,0
3759,0.2,0,0,1
3760,1.0,3,0,0
3761,0.2,2,1,0
3762,1.0,1,0,1
3763,0.2,1,0,0
3764,0.2,1,1,0
3765,0.2,0,1,1
3766,2.2,1,1,1
3767,0.2,0,1,1
3768,0.2,1,0,0
3769,0.2,1,0,1
3770,0.2,0,0,0
3771,0.2,1,0,0
3772,0.2,0,1,1
3773,1.0,2,0,1
3774,1.0,1,1,1
3775,0.2,3,0,0
3776,1.0,2,0,0
3777,0.2,3,1,1
3778,1.0,2,1,1
3779,1.0,2,1,1
3780,1.0,2,1,1
3781,0.2,2,0,1
3782,0.2,1,0,0
3783,0.2,3,1,0
3784,0.2,1,0,0
3785,0.2,1,0,0
3786,0.2,2,0,0
3787,1.0,2,0,1
3788,0.2,1,0,0
3789,1.0,3,1,0
3790,0.2,2,1,1
3791,0.2,2,1,1
3792,0.2,3,1,0
3793,0.2,1,0,0
3794,0.2,3,0,0
3795,0.2,1,0,0
3796,0.2,2,0,0
3797,0.2,2,0,0
3798,0.2,0,1,1
3799,0.2,2,0,0
3800,3.0,2,1,1
3801,0.2,2,0,0
3802,0.2,1,0,0
3803,0.2,3,0,0
3804,0.2,2,0,0
3805,1.0,1,0,0
3806,1.0,2,1,1
3807,0.2,1,0,0
3808,0.2,1,0,0
3809,1.0,1,1,1
3810,0.2,2,1,1
3811,0.2,1,0,0
3812,1.0,1,1,1
3813,0.2,0,1,1
3814,0.2,1,1,1
3815,0.2,0,0,0
3816,0.2,1,1,0
3817,1.0,1,1,1
3818,1.0,1,1,1
3819,1.0,1,1,1
3820,0.2,2,1,1
3821,0.2,0,1,1
3822,0.2,2,0,0
3823,0.2,1,0,0
3824,1.0,2,0,1
3825,0.2,2,0,0
3826,0.2,3,1,1
3827,1.0,3,0,1
3828,0.2,1,0,0
3829,0.2,1,1,0
3830,0.2,3,1,1
3831,1.0,1,0,0
3832,0.2,1,1,1
3833,0.2,1,0,0
3834,0.2,0,0,0
3835,0.2,2,1,1
3836,0.2,3,1,0
3837,0.2,1,0,0
3838,0.2,1,0,1
3839,0.2,1,0,0
3840,0.2,2,0,0
3841,1.0,1,0,1
3842,0.2,3,0,0
3843,0.2,1,1,0
3844,0.2,1,1,1
3845,0.2,2,1,1
3846,0.2,1,1,1
3847,1.0,2,0,0
3848,0.2,1,0,0
3849,0.2,1,1,0
3850,0.2,0,1,1
3851,1.0,1,1,1
3852,0.2,1,1,1
3853,0.2,2,0,0
3854,1.0,1,1,1
3855,0.2,2,0,0
3856,0.2,2,1,0
3857,0.2,1,0,0
3858,1.0,3,1,1
3859,1.0,1,1,1
3860,0.2,0,0,0
3861,2.2,1,0,1
3862,0.2,2,1,1
3863,0.2,1,1,1
3864,0.2,1,1,1
3865,0.2,1,0,0
3866,2.2,1,1,1
3867,0.2,1,1,0
3868,1.0,1,0,1
3869,0.2,1,1,1
3870,0.2,1,0,0
3871,0.2,3,0,0
3872,0.2,2,1,1
3873,0.2,3,1,0
3874,0.2,2,1,1
3875,0.2,3,0,0
3876,0.2,1,1,0
3877,0.2,1,0,0
3878,1.0,0,1,1
3879,0.2,1,0,0
3880,0.2,2,1,0
3881,0.2,2,0,0
3882,0.2,3,1,0
3883,0.2,2,0,0
3884,0.2,2,1,1
3885,0.2,2,0,0
3886,0.2,2,1,1
3887,0.2,2,0,0
3888,0.2,1,1,1
3889,1.0,2,1,1
3890,1.0,1,1,1
3891,0.2,1,0,0
3892,0.2,1,0,0
3893,0.2,2,1,1
3894,0.2,1,1,1
3895,1.0,1,1,1
3896,0.2,1,0,0
3897,1.0,1,0,0
3898,0.2,3,1,0
3899,1.0,1,1,1
3900,0.2,2,0,0
3901,0.2,1,0,0
3902,0.2,3,1,0
3903,0.2,1,1,1
3904,0.2,3,0,0
3905,0.2,2,1,1
3906,0.2,2,1,1
3907,0.2,1,0,0
3908,0.2,2,0,0
3909,1.0,0,1,1
3910,0.2,1,1,0
3911,0.2,1,0,0
3912,1.0,0,0,1
3913,0.2,2,1,1
3914,0.2,2,0,0
3915,0.2,2,0,0
3916,0.2,3,0,0
3917,0.2,2,1,0
3918,0.2,3,0,0
3919,0.2,3,1,1
3920,1.0,1,0,1
3921,0.2,1,1,0
3922,1.0,1,1,1
3923,0.2,2,0,0
3924,0.2,2,0,0
3925,0.2,2,1,1
3926,1.0,1,1,1
3927,0.2,2,0,1
3928,0.2,2,1,1
3929,2.2,2,1,1
3930,0.2,1,1,1
3931,0.2,1,1,1
3932,0.2,1,1,1
3933,0.2,3,0,0
3934,0.2,0,1,1
3935,1.0,1,0,0
3936,1.0,1,1,1
3937,0.2,1,1,0
3938,0.2,2,1,0
3939,1.0,1,0,0
3940,2.2,3,1,1
3941,0.2,2,1,0
3942,0.2,2,0,0
3943,2.2,2,1,1
3944,0.2,1,0,1
3945,1.0,2,0,1
3946,1.0,0,0,1
3947,0.2,2,0,0
3948,0.2,1,0,0
3949,0.2,2,1,1
3950,0.2,1,1,0
3951,0.2,3,0,0
3952,0.2,1,1,1
3953,1.0,2,0,0
3954,0.2,1,1,1
3955,0.2,1,1,1
3956,1.0,1,1,1
3957,0.2,1,1,1
3958,1.0,1,1,1
3959,1.0,1,1,1
3960,0.2,2,0,1
3961,0.2,1,0,0
3962,1.0,2,1,1
3963,1.0,1,1,1
3964,0.2,0,0,0
3965,0.2,1,1,0
3966,0.2,2,1,1
3967,0.2,2,0,0
3968,0.2,0,1,1
3969,0.2,3,0,0
3970,0.2,2,1,1
3971,0.2,1,0,0
3972,1.0,2,1,1
3973,0.2,1,1,1
3974,0.2,2,1,0
3975,1.0,1,0,1
3976,0.2,1,0,0
3977,0.2,3,1,0
3978,1.0,1,0,0
3979,0.2,2,1,0
3980,0.2,3,1,0
3981,0.2,2,0,0
3982,0.2,3,0,0
3983,0.2,0,0,1
3984,1.0,0,0,0
3985,0.2,3,0,0
3986,1.0,1,0,1
3987,0.2,3,0,0
3988,0.2,1,0,0
3989,0.2,2,1,1
3990,0.2,3,0,0
3991,1.0,1,1,1
3992,1.0,2,1,1
3993,0.2,0,0,0
3994,0.2,2,1,1
3995,0.2,2,1,1
3996,1.0,3,1,1
3997,1.0,1,1,1
3998,0.2,3,1,0
3999,1.0,1,1,1
4000,2.2,1,0,1
4001,0.2,1,0,0
4002,0.2,2,1,1
4003,0.2,1,0,0
4004,0.2,1,0,1
4005,0.2,2,1,1
4006,0.2,1,1,1
4007,0.2,1,1,1
4008,0.2,2,0,0
4009,0.2,2,0,0
4010,1.0,3,0,1
4011,0.2,1,0,1
4012,0.2,1,0,0
4013,1.0,2,1,1
4014,0.2,1,1,1
4015,0.2,1,0,0
4016,0.2,2,0,0
4017,0.2,1,0,0
4018,0.2,3,0,0
4019,1.0,1,1,1
4020,1.0,1,1,1
4021,0.2,3,0,0
4022,0.2,2,0,0
4023,0.2,1,1,1
4024,0.2,2,1,0
4025,2.2,2,0,1
4026,0.2,1,1,1
4027,0.2,2,1,1
4028,0.2,1,1,1
4029,0.2,2,0,0
4030,1.0,2,1,0
4031,0.2,2,0,0
4032,0.2,2,0,0
4033,0.2,0,1,1
4034,0.2,0,1,1
4035,1.0,1,0,1
4036,0.2,2,0,0
4037,0.2,1,1,1
4038,0.2,2,1,0
4039,0.2,2,0,0
4040,1.0,2,0,1
4041,0.2,2,1,1
4042,0.2,1,0,0
4043,0.2,1,0,0
4044,0.2,2,1,0
4045,0.2,2,0,0
4046,0.2,2,1,1
4047,0.2,0,0,0
4048,1.0,2,1,1
4049,0.2,1,1,1
4050,0.2,2,1,0
4051,0.2,3,1,1
4052,0.2,3,0,0
4053,0.2,1,0,0
4054,0.2,1,1,1
4055,1.0,1,1,1
4056,0.2,2,1,1
4057,1.0,1,1,1
4058,0.2,2,1,1
4059,0.2,3,1,1
4060,2.2,1,0,1
4061,0.2,1,0,0
4062,0.2,2,0,0
4063,0.2,1,0,0
4064,0.2,2,1,1
4065,0.2,3,0,0
4066,0.2,0,0,0
4067,0.2,1,1,1
4068,0.2,2,1,1
4069,0.2,2,1,1
4070,1.0,1,0,1
4071,0.2,3,1,0
4072,1.0,0,0,1
4073,1.0,0,1,1
4074,0.2,1,0,1
4075,0.2,2,1,0
4076,0.2,2,1,1
4077,0.2,1,1,1
4078,1.0,0,0,0
4079,0.2,2,0,0
4080,0.2,0,1,1
4081,0.2,1,0,0
4082,0.2,2,0,0
4083,0.2,3,0,0
4084,1.0,2,1,1
4085,0.2,1,0,1
4086,0.2,2,0,0
4087,0.2,0,1,1
4088,0.2,1,0,0
4089,0.2,2,0,0
4090,0.2,1,0,0
4091,0.2,2,0,0
4092,0.2,1,1,0
4093,0.2,2,1,1
4094,0.2,1,1,1
4095,0.2,0,0,0
4096,0.2,1,1,1
4097,0.2,1,1,1
4098,1.0,1,0,1
4099,0.2,2,0,0
4100,0.2,1,0,0
4101,0.2,1,0,0
4102,0.2,2,0,0
4103,1.0,1,1,1
4104,0.2,1,0,0
4105,1.0,2,1,1
4106,0.2,1,1,1
4107,0.2,1,1,1
4108,0.2,1,1,1
4109,0.2,1,1,1
4110,0.2,3,0,0
4111,0.2,1,0,0
4112,0.2,3,0,0
4113,0.2,1,0,0
4114,0.2,3,1,0
4115,0.2,2,1,1
4116,0.2,1,1,1
4117,1.0,1,0,0
4118,1.0,0,0,1
4119,0.2,2,0,0
4120,1.0,1,1,1
4121,0.2,1,0,0
4122,0.2,2,0,0
4123,0.2,1,1,1
4124,0.2,1,0,0
4125,0.2,1,1,0
4126,0.2,0,1,1
4127,0.2,2,0,0
4128,1.0,3,0,0
4129,0.2,2,1,1
4130,0.2,1,0,0
4131,0.2,1,1,0
4132,0.2,3,0,0
4133,0.2,0,0,0
4134,0.2,2,1,1
4135,0.2,2,0,0
4136,0.2,1,0,0
4137,0.2,0,1,1
4138,0.2,1,0,0
4139,0.2,3,0,0
4140,2.2,2,1,1
4141,1.0,1,0,0
4142,0.2,1,1,0
4143,0.2,1,1,0
4144,0.2,2,1,1
4145,0.2,1,1,1
4146,0.2,0,1,1
4147,1.0,3,1,1
4148,0.2,2,1,1
4149,0.2,2,0,0
4150,0.2,3,1,1
4151,1.0,1,0,0
4152,1.0,1,1,1
4153,0.2,3,1,1
4154,0.2,3,1,1
4155,0.2,3,0,0
4156,0.2,2,1,1
4157,0.2,2,1,0
4158,0.2,1,1,1
4159,0.2,3,1,1
4160,1.0,1,0,0
4161,0.2,1,0,0
4162,1.0,2,0,1
4163,0.2,2,1,0
4164,1.0,1,1,1
4165,0.2,2,1,1
4166,0.2,3,0,0
4167,1.0,1,0,1
4168,0.2,1,0,0
4169,0.2,2,1,0
4170,0.2,2,0,0
4171,0.2,1,0,0
4172,0.2,1,1,0
4173,0.2,2,0,0
4174,0.2,2,0,0
4175,0.2,3,1,1
4176,1.0,2,1,1
4177,0.2,1,1,1
4178,0.2,2,1,1
4179,0.2,1,0,0
4180,0.2,3,0,0
4181,0.2,3,1,0
4182,1.0,3,1,0
4183,1.0,3,1,0
4184,1.0,0,0,1
4185,0.2,2,1,0
4186,2.2,1,1,1
4187,0.2,2,0,0
4188,0.2,1,0,0
4189,0.2,0,0,0
4190,1.0,2,0,1
4191,0.2,1,0,0
4192,0.2,1,0,0
4193,0.2,2,0,0
4194,1.0,2,1,1
4195,0.2,3,1,1
4196,0.2,3,0,1
4197,0.2,1,1,1
4198,0.2,2,1,0
4199,0.2,1,1,1
4200,0.2,1,0,1
4201,0.2,3,1,1
4202,1.0,0,1,1
4203,0.2,3,1,1
4204,1.0,2,0,0
4205,1.0,1,0,0
4206,1.0,1,0,0
4207,1.0,2,1,1
4208,0.2,2,0,0
4209,0.2,1,1,1
4210,0.2,2,1,1
4211,0.2,1,1,1
4212,1.0,1,1,1
4213,0.2,0,1,1
4214,0.2,2,0,0
4215,0.2,3,1,0
4216,0.2,0,0,0
4217,0.2,1,0,1
4218,0.2,0,1,1
4219,0.2,1,0,0
4220,1.0,1,0,1
4221,1.0,3,1,1
4222,1.0,3,0,0
4223,1.0,0,0,0
4224,1.0,1,0,1
4225,0.2,1,1,1
4226,1.0,3,0,0
4227,0.2,2,1,0
4228,0.2,1,1,1
4229,1.0,1,1,1
4230,0.2,0,1,0
4231,0.2,3,1,1
4232,0.2,1,1,1
4233,0.2,0,1,0
4234,0.2,3,1,0
4235,0.2,1,1,0
4236,0.2,2,1,0
4237,0.2,2,1,1
4238,0.2,2,1,0
4239,0.2,2,0,0
4240,0.2,0,0,0
4241,0.2,3,1,0
4242,0.2,3,1,0
4243,0.2,2,1,1
4244,2.2,3,1,1
4245,1.0,0,0,1
4246,0.2,2,0,0
4247,0.2,0,0,1
4248,0.2,2,0,0
4249,0.2,1,0,0
4250,0.2,1,0,0
4251,0.2,3,0,0
4252,0.2,1,1,1
4253,1.0,0,1,1
4254,0.2,3,1,1
4255,0.2,3,0,0
4256,2.2,2,1,1
4257,0.2,1,0,0
4258,0.2,1,1,1
4259,0.2,2,0,0
4260,0.2,1,1,0
4261,0.2,1,0,0
4262,0.2,2,1,0
4263,0.2,1,0,0
4264,0.2,0,1,1
4265,1.0,2,1,1
4266,0.2,0,1,1
4267,0.2,2,0,0
4268,1.0,1,1,1
4269,0.2,2,1,1
4270,0.2,1,1,1
4271,0.2,3,0,0
4272,0.2,0,1,0
4273,1.0,2,1,1
4274,0.2,1,0,0
4275,0.2,1,0,0
4276,0.2,1,0,0
4277,0.2,2,1,0
4278,1.0,1,1,1
4279,1.0,1,0,1
4280,0.2,1,1,0
4281,2.2,2,1,1
4282,0.2,2,0,0
4283,0.2,2,0,0
4284,0.2,1,1,0
4285,0.2,3,1,0
4286,1.0,0,1,1
4287,0.2,2,0,0
4288,0.2,1,0,0
4289,1.0,0,0,1
4290,1.0,0,1,1
4291,0.2,3,0,0
4292,0.2,1,1,1
4293,0.2,0,1,0
4294,0.2,2,1,0
4295,0.2,1,1,0
4296,0.2,1,1,1
4297,0.2,1,0,0
4298,0.2,2,0,0
4299,0.2,2,1,0
4300,0.2,2,1,0
4301,0.2,1,1,1
4302,0.2,1,0,0
4303,1.0,2,0,1
4304,0.2,1,1,1
4305,1.0,1,1,1
4306,1.0,0,1,1
4307,0.2,0,0,0
4308,1.0,2,0,1
4309,0.2,1,0,0
4310,0.2,1,0,0
4311,0.2,2,0,0
4312,0.2,2,0,0
4313,1.0,1,0,1
4314,0.2,2,0,0
4315,0.2,3,1,1
4316,0.2,1,1,0
4317,0.2,3,0,0
4318,0.2,1,0,0
4319,0.2,0,0,0
4320,0.2,2,0,0
4321,0.2,2,0,0
4322,0.2,1,0,0
4323,1.0,2,0,1
4324,1.0,2,0,1
4325,0.2,3,1,1
4326,1.0,1,1,1
4327,0.2,3,0,0
4328,1.0,1,1,1
4329,1.0,2,0,1
4330,1.0,1,0,0
4331,0.2,0,0,0
4332,0.2,1,1,0
4333,0.2,2,0,0
4334,0.2,1,0,0
4335,1.0,2,1,1
4336,1.0,2,1,1
4337,1.0,1,0,0
4338,0.2,1,1,1
4339,0.2,2,0,0
4340,1.0,1,0,1
4341,1.0,1,0,1
4342,0.2,1,0,0
4343,0.2,2,0,0
4344,0.2,1,0,0
4345,0.2,2,1,1
4346,0.2,1,0,0
4347,0.2,1,0,0
4348,0.2,1,1,1
4349,0.2,1,0,0
4350,0.2,2,0,0
4351,0.2,1,0,0
4352,0.2,0,1,1
4353,0.2,2,1,1
4354,1.0,2,0,0
4355,0.2,2,1,1
4356,0.2,3,1,1
4357,1.0,2,0,0
4358,0.2,0,0,0
4359,1.0,2,0,1
4360,1.0,2,1,1
4361,1.0,1,0,0
4362,0.2,2,0,0
4363,0.2,1,1,1
4364,0.2,1,0,0
4365,0.2,1,0,0
4366,0.2,2,1,1
4367,1.0,0,1,1
4368,0.2,0,0,1
4369,0.2,1,1,1
4370,0.2,1,1,1
4371,0.2,2,1,1
4372,1.0,1,0,0
4373,0.2,0,1,0
4374,0.2,1,1,1
4375,0.2,0,1,0
4376,0.2,0,1,1
4377,0.2,2,0,0
4378,0.2,1,1,1
4379,0.2,1,0,0
4380,1.0,2,1,1
4381,1.0,2,0,1
4382,1.0,0,1,1
4383,1.0,1,1,1
4384,0.2,3,0,0
4385,0.2,2,0,1
4386,0.2,3,0,0
4387,0.2,0,1,1
4388,0.2,3,0,0
4389,0.2,1,1,1
4390,2.2,1,1,1
4391,0.2,2,0,0
4392,1.0,1,0,0
4393,0.2,1,1,1
4394,0.2,2,0,0
4395,0.2,2,0,1
4396,0.2,1,0,0
4397,0.2,2,1,0
4398,1.0,1,0,1
4399,0.2,2,1,1
4400,1.0,1,0,1
4401,0.2,2,0,0
4402,0.2,3,1,0
4403,0.2,2,0,0
4404,0.2,1,0,0
4405,0.2,2,0,1
4406,0.2,2,1,1
4407,1.0,1,0,1
4408,0.2,2,1,1
4409,0.2,0,1,0
4410,0.2,3,0,0
4411,0.2,2,1,1
4412,0.2,1,0,0
4413,0.2,2,1,1
4414,0.2,3,1,1
4415,0.2,1,1,1
4416,1.0,1,1,1
4417,0.2,1,1,0
4418,0.2,0,0,0
4419,0.2,1,1,1
4420,0.2,2,1,1
4421,1.0,2,1,1
4422,0.2,1,0,0
4423,0.2,1,1,1
4424,0.2,1,0,1
4425,0.2,1,0,1
4426,0.2,3,1,1
4427,0.2,2,0,1
4428,1.0,0,0,0
4429,0.2,1,1,1
4430,1.0,2,0,0
4431,0.2,2,1,0
4432,0.2,2,1,1
4433,0.2,3,0,0
4434,0.2,1,0,0
4435,0.2,3,0,0
4436,0.2,2,0,0
4437,1.0,3,0,0
4438,0.2,2,1,0
4439,0.2,3,1,0
4440,1.0,2,1,1
4441,0.2,1,1,0
4442,0.2,1,1,1
4443,1.0,0,0,1
4444,0.2,3,0,0
4445,3.4000000000000004,2,1,1
4446,0.2,2,0,0
4447,0.2,2,0,0
4448,1.0,1,0,1
4449,1.0,0,1,1
4450,0.2,0,0,1
4451,0.2,2,0,0
4452,2.2,2,1,1
4453,0.2,3,1,1
4454,1.0,1,0,1
4455,0.2,3,1,1
4456,0.2,2,0,0
4457,0.2,2,1,1
4458,0.2,0,1,1
4459,0.2,2,0,1
4460,0.2,1,1,1
4461,0.2,1,1,0
4462,1.0,3,0,0
4463,0.2,2,1,1
4464,0.2,1,0,0
4465,0.2,1,0,1
4466,0.2,2,0,0
4467,1.0,1,1,1
4468,0.2,1,0,0
4469,1.0,1,0,0
4470,0.2,2,0,0
4471,0.2,0,0,0
4472,0.2,1,0,0
4473,0.2,2,1,1
4474,0.2,1,0,1
4475,0.2,1,0,0
4476,0.2,3,0,0
4477,0.2,2,1,0
4478,0.2,0,1,1
4479,0.2,2,1,1
4480,0.2,2,1,0
4481,0.2,3,1,1
4482,0.2,1,1,1
4483,0.2,1,1,1
4484,0.2,1,0,0
4485,0.2,2,1,0
4486,0.2,3,0,0
4487,0.2,0,0,0
4488,0.2,3,1,1
4489,0.2,3,0,0
4490,0.2,2,1,1
4491,0.2,1,1,1
4492,0.2,3,0,0
4493,1.0,1,0,1
4494,0.2,2,1,0
4495,0.2,0,0,1
4496,0.2,1,1,1
4497,0.2,1,1,1
4498,0.2,0,0,0
4499,0.2,3,0,0
4500,0.2,2,1,1
4501,0.2,1,1,0
4502,0.2,2,0,1
4503,0.2,2,0,0
4504,1.0,3,0,1
4505,0.2,3,1,0
4506,1.0,2,1,1
4507,0.2,1,1,1
4508,1.0,1,1,1
4509,0.2,3,0,0
4510,0.2,3,0,0
4511,0.2,0,1,1
4512,1.0,3,0,1
4513,0.2,1,1,1
4514,1.0,2,1,1
4515,0.2,1,0,0
4516,1.0,3,1,1
4517,1.0,0,1,1
4518,0.2,3,1,0
4519,0.2,0,0,0
4520,0.2,0,0,0
4521,0.2,1,0,0
4522,0.2,1,1,1
4523,0.2,3,0,0
4524,0.2,1,1,0
4525,0.2,2,0,0
4526,0.2,0,1,1
4527,0.2,2,0,0
4528,0.2,2,0,0
4529,1.0,1,1,1
4530,0.2,1,1,1
4531,2.2,1,1,1
4532,0.2,1,0,1
4533,0.2,2,0,0
4534,1.0,1,0,1
4535,1.0,2,1,1
4536,0.2,0,0,0
4537,0.2,1,0,0
4538,1.0,1,0,1
4539,0.2,1,0,0
4540,1.0,2,0,0
4541,0.2,1,1,1
4542,1.0,1,1,1
4543,2.2,2,0,1
4544,1.0,2,1,1
4545,1.0,1,0,0
4546,0.2,3,0,0
4547,0.2,1,1,1
4548,1.0,1,0,1
4549,1.0,3,1,1
4550,0.2,2,0,1
4551,1.0,0,1,1
4552,0.2,2,1,1
4553,0.2,3,0,0
4554,0.2,3,0,0
4555,0.2,2,1,0
4556,1.0,0,1,1
4557,0.2,1,0,0
4558,0.2,2,1,1
4559,0.2,0,1,0
4560,0.2,2,1,0
4561,1.0,1,0,0
4562,0.2,3,1,1
4563,0.2,0,1,0
4564,0.2,2,1,1
4565,0.2,2,0,0
4566,0.2,1,1,0
4567,0.2,1,0,0
4568,0.2,2,0,0
4569,0.2,3,0,0
4570,0.2,3,0,0
4571,1.0,1,0,0
4572,0.2,1,1,0
4573,1.0,1,0,1
4574,2.2,1,1,1
4575,1.0,3,0,0
4576,0.2,2,1,1
4577,0.2,3,0,0
4578,1.0,1,0,0
4579,0.2,2,1,1
4580,0.2,2,0,0
4581,0.2,2,1,1
4582,0.2,1,1,1
4583,1.0,1,0,1
4584,0.2,1,0,0
4585,0.2,2,0,0
4586,1.0,2,1,1
4587,0.2,2,0,0
4588,1.0,2,0,0
4589,0.2,1,0,0
4590,1.0,0,0,0
4591,0.2,0,1,1
4592,0.2,3,1,0
4593,0.2,1,0,0
4594,0.2,2,0,0
4595,1.0,2,1,1
4596,1.0,3,1,1
4597,1.0,1,0,1
4598,0.2,0,1,1
4599,0.2,1,1,0
4600,1.0,1,1,1
4601,0.2,1,1,0
4602,1.0,2,0,0
4603,0.2,1,0,0
4604,0.2,1,0,0
4605,1.0,3,0,0
4606,0.2,2,0,0
4607,0.2,1,1,1
4608,0.2,1,0,0
4609,0.2,2,1,1
4610,0.2,2,1,1
4611,0.2,3,0,0
4612,0.2,1,1,1
4613,0.2,2,1,1
4614,0.2,0,1,1
4615,0.2,0,1,1
4616,1.0,1,0,0
4617,0.2,1,1,1
4618,0.2,0,1,1
4619,0.2,3,1,1
4620,0.2,1,0,0
4621,2.2,1,1,1
4622,0.2,1,0,0
4623,0.2,1,1,1
4624,0.2,3,1,1
4625,0.2,2,1,1
4626,0.2,0,0,0
4627,0.2,1,0,0
4628,0.2,2,1,1
4629,0.2,1,0,0
4630,0.2,0,0,0
4631,0.2,2,1,1
4632,0.2,2,1,1
4633,2.2,1,0,1
4634,1.0,1,0,1
4635,0.2,1,1,1
4636,0.2,1,0,0
4637,0.2,1,1,1
4638,0.2,2,0,0
4639,0.2,3,1,0
4640,0.2,1,0,1
4641,0.2,2,1,0
4642,0.2,3,0,0
4643,2.2,2,1,1
4644,0.2,2,0,0
4645,0.2,0,0,1
4646,0.2,2,1,1
4647,0.2,2,1,1
4648,0.2,3,0,0
4649,0.2,1,1,0
4650,1.0,2,0,0
4651,1.0,2,0,1
4652,1.0,2,0,0
4653,0.2,3,0,0
4654,0.2,3,1,0
4655,0.2,3,0,0
4656,1.0,3,1,1
4657,0.2,1,0,0
4658,0.2,1,1,1
4659,0.2,2,0,0
4660,0.2,1,1,1
4661,1.0,2,1,1
4662,0.2,0,0,0
4663,0.2,1,0,0
4664,0.2,2,0,0
4665,0.2,2,1,1
4666,0.2,2,0,0
4667,0.2,3,0,0
4668,0.2,1,1,1
4669,0.2,1,0,0
4670,0.2,2,0,0
4671,0.2,1,0,0
4672,0.2,1,0,0
4673,1.0,1,0,0
4674,0.2,1,0,0
4675,0.2,2,0,0
4676,2.2,2,0,1
4677,0.2,2,0,0
4678,0.2,1,1,1
4679,0.2,2,0,0
4680,1.0,2,1,1
4681,0.2,2,1,1
4682,0.2,2,1,0
4683,0.2,3,1,1
4684,1.0,0,0,0
4685,0.2,2,1,1
4686,1.0,0,1,1
4687,0.2,0,0,0
4688,1.0,1,1,1
4689,1.0,2,1,1
4690,0.2,1,0,0
4691,0.2,2,0,0
4692,0.2,1,0,0
4693,1.0,3,1,1
4694,1.0,3,0,0
4695,0.2,3,1,0
4696,0.2,1,0,0
4697,0.2,1,1,1
4698,0.2,3,1,0
4699,0.2,2,1,0
4700,0.2,1,1,0
4701,0.2,2,1,0
4702,0.2,2,0,0
4703,0.2,2,0,0
4704,2.2,1,1,1
4705,1.0,3,1,1
4706,0.2,0,0,0
4707,0.2,2,1,0
4708,1.0,0,0,0
4709,0.2,1,1,1
4710,0.2,1,0,0
4711,0.2,0,1,1
4712,0.2,3,1,1
4713,0.2,1,1,1
4714,1.0,1,0,0
4715,2.2,2,0,1
4716,0.2,0,1,0
4717,0.2,1,1,1
4718,1.0,2,1,1
4719,0.2,2,0,0
4720,0.2,1,0,0
4721,0.2,2,1,1
4722,1.0,0,0,1
4723,0.2,2,0,0
4724,1.0,2,1,1
4725,0.2,0,0,0
4726,0.2,0,1,1
4727,0.2,1,1,1
4728,0.2,2,1,0
4729,0.2,2,0,0
4730,0.2,2,0,0
4731,1.0,1,0,0
4732,0.2,2,0,0
4733,1.0,2,1,1
4734,0.2,3,0,0
4735,0.2,2,0,0
4736,0.2,2,1,1
4737,0.2,3,1,0
4738,0.2,2,1,0
4739,1.0,1,1,1
4740,0.2,1,1,1
4741,0.2,1,0,0
4742,0.2,0,1,1
4743,0.2,2,1,1
4744,1.0,2,1,1
4745,0.2,2,0,1
4746,0.2,2,0,0
4747,0.2,1,0,0
4748,1.0,1,0,0
4749,0.2,1,1,1
4750,1.0,2,1,1
4751,0.2,1,1,0
4752,0.2,1,0,0
4753,1.0,1,0,0
4754,0.2,2,1,0
4755,0.2,2,1,1
4756,0.2,3,1,1
4757,0.2,2,0,0
4758,0.2,2,0,0
4759,0.2,1,0,0
4760,1.0,3,0,0
4761,0.2,1,1,1
4762,0.2,3,1,0
4763,0.2,1,0,0
4764,0.2,1,1,1
4765,0.2,2,1,0
4766,0.2,0,1,1
4767,0.2,1,0,0
4768,0.2,2,1,0
4769,0.2,1,0,0
4770,0.2,1,0,0
4771,0.2,1,1,1
4772,0.2,2,1,1
4773,1.0,3,1,1
4774,0.2,2,0,0
4775,0.2,1,0,0
4776,0.2,3,1,0
4777,0.2,3,0,0
4778,1.0,0,0,1
4779,1.0,2,1,1
4780,0.2,2,0,0
4781,0.2,1,1,0
4782,1.0,2,1,1
4783,0.2,0,0,0
4784,0.2,1,0,0
4785,0.2,1,0,0
4786,1.0,1,1,1
4787,1.0,2,1,1
4788,1.0,2,0,1
4789,0.2,0,1,1
4790,0.2,0,0,0
4791,1.0,1,0,1
4792,0.2,2,0,0
4793,0.2,3,0,0
4794,0.2,1,0,0
4795,0.2,2,1,1
4796,0.2,1,1,1
4797,1.0,0,0,1
4798,0.2,1,0,0
4799,1.0,1,1,1
4800,0.2,2,0,0
4801,0.2,1,0,0
4802,1.0,1,0,1
4803,2.2,1,1,1
4804,0.2,1,1,1
4805,0.2,1,1,1
4806,0.2,1,1,1
4807,2.2,2,1,1
4808,0.2,0,0,0
4809,0.2,0,1,1
4810,0.2,1,0,0
4811,1.0,2,0,0
4812,1.0,2,1,1
4813,0.2,2,1,1
4814,0.2,1,0,0
4815,1.0,3,1,1
4816,1.0,2,1,1
4817,1.0,1,1,1
4818,0.2,0,0,0
4819,0.2,2,1,1
4820,0.2,3,0,0
4821,0.2,1,0,0
4822,1.0,0,1,1
4823,0.2,1,0,0
4824,0.2,1,1,1
4825,0.2,2,0,0
4826,0.2,0,0,0
4827,1.0,0,0,1
4828,1.0,1,0,1
4829,0.2,2,1,0
4830,1.0,0,0,0
4831,0.2,1,1,1
4832,0.2,1,0,0
4833,0.2,1,0,0
4834,0.2,1,0,0
4835,0.2,1,1,0
4836,1.0,0,0,0
4837,1.0,3,1,1
4838,0.2,2,1,1
4839,0.2,2,1,1
4840,0.2,3,0,0
4841,0.2,1,0,0
4842,0.2,2,1,0
4843,0.2,2,1,0
4844,0.2,2,1,1
4845,0.2,2,0,0
4846,1.0,3,0,0
4847,1.0,0,0,1
4848,0.2,1,1,0
4849,0.2,2,0,0
4850,0.2,1,0,1
4851,0.2,1,0,0
4852,1.0,2,1,1
4853,0.2,3,0,0
4854,0.2,1,1,0
4855,0.2,3,0,0
4856,0.2,1,1,1
4857,0.2,1,0,0
4858,0.2,1,1,0
4859,0.2,1,1,0
4860,0.2,0,1,1
4861,0.2,2,0,0
4862,1.0,2,1,1
4863,0.2,1,0,0
4864,0.2,3,0,1
4865,2.2,1,0,1
4866,0.2,1,0,0
4867,1.0,1,1,1
4868,0.2,2,1,1
4869,0.2,1,1,1
4870,1.0,2,1,1
4871,1.0,1,0,0
4872,2.2,2,1,1
4873,0.2,1,0,0
4874,0.2,3,0,0
4875,1.0,2,0,0
4876,0.2,3,1,1
4877,0.2,2,1,1
4878,0.2,1,0,0
4879,1.0,1,0,1
4880,1.0,1,1,1
4881,0.2,2,0,0
4882,0.2,0,1,1
4883,1.0,2,0,1
4884,1.0,1,1,1
4885,0.2,2,1,1
4886,1.0,1,1,1
4887,0.2,0,1,1
4888,0.2,2,0,0
4889,0.2,3,0,0
4890,0.2,2,1,0
4891,0.2,1,0,0
4892,0.2,1,1,1
4893,0.2,2,0,0
4894,0.2,1,1,1
4895,0.2,2,1,0
4896,1.0,2,0,0
4897,0.2,2,1,0
4898,0.2,1,1,1
4899,0.2,0,0,1
4900,1.0,1,1,1
4901,0.2,2,1,0
4902,1.0,0,0,1
4903,0.2,0,1,1
4904,0.2,2,0,0
4905,0.2,3,1,0
4906,0.2,0,1,1
4907,1.0,1,1,1
4908,1.0,1,0,1
4909,1.0,1,0,0
4910,0.2,1,0,0
4911,0.2,3,1,0
4912,3.0,1,0,1
4913,0.2,0,0,1
4914,1.0,2,1,1
4915,0.2,2,0,0
4916,0.2,2,1,1
4917,0.2,1,1,1
4918,1.0,1,1,1
4919,1.0,1,1,1
4920,0.2,1,0,0
4921,0.2,2,1,0
4922,2.2,1,0,1
4923,1.0,1,1,1
4924,1.0,1,0,0
4925,0.2,1,1,1
4926,0.2,1,0,0
4927,0.2,2,0,0
4928,0.2,2,0,0
4929,1.0,3,1,1
4930,0.2,1,0,0
4931,0.2,2,1,0
4932,1.0,1,0,0
4933,0.2,2,1,0
4934,0.2,1,0,0
4935,0.2,2,1,1
4936,0.2,0,0,0
4937,0.2,1,1,1
4938,0.2,2,0,0
4939,0.2,0,0,0
4940,0.2,2,1,1
4941,0.2,3,0,0
4942,0.2,1,1,0
4943,1.0,3,0,0
4944,0.2,0,1,1
4945,0.2,2,0,0
4946,0.2,2,1,0
4947,1.0,1,1,0
4948,0.2,0,1,1
4949,0.2,1,0,0
4950,0.2,0,1,1
4951,0.2,1,1,1
4952,0.2,0,1,1
4953,1.0,2,0,0
4954,1.0,2,0,0
4955,0.2,2,1,0
4956,0.2,1,1,1
4957,0.2,2,0,0
4958,0.2,2,0,0
4959,0.2,1,1,1
4960,0.2,3,1,0
4961,0.2,0,0,0
4962,2.2,2,1,1
4963,0.2,1,0,0
4964,1.0,1,1,1
4965,2.2,2,1,1
4966,0.2,2,1,1
4967,2.2,1,1,1
4968,1.0,0,1,1
4969,0.2,0,1,1
4970,0.2,2,1,0
4971,0.2,2,1,0
4972,2.2,1,0,1
4973,1.0,1,0,1
4974,0.2,2,1,0
4975,0.2,1,0,0
4976,0.2,1,0,0
4977,0.2,1,1,1
4978,1.0,1,1,1
4979,0.2,2,1,1
4980,0.2,2,1,1
4981,0.2,2,0,0
4982,0.2,1,1,1
4983,0.2,2,1,0
4984,0.2,0,0,0
4985,0.2,1,1,1
4986,0.2,0,1,0
4987,0.2,2,0,0
4988,0.2,2,0,0
4989,0.2,2,0,1
4990,1.0,3,0,1
4991,1.0,2,0,0
4992,1.0,2,0,0
4993,0.2,2,0,0
4994,0.2,2,1,1
4995,0.2,2,1,1
4996,0.2,2,0,0
4997,0.2,1,0,0
4998,0.2,3,1,0
4999,0.2,0,1,1
5000,1.0,1,1,1
5001,1.0,2,0,0
5002,0.2,1,0,0
5003,0.2,2,0,0
5004,0.2,3,1,1
5005,1.0,3,1,1
5006,0.2,0,1,1
5007,0.2,3,0,0
5008,1.0,1,0,1
5009,0.2,1,1,1
5010,0.2,2,0,0
5011,0.2,3,0,0
5012,0.2,2,0,0
5013,1.0,1,1,1
5014,0.2,0,1,1
5015,0.2,3,1,1
5016,0.2,1,1,1
5017,0.2,1,0,0
5018,1.0,3,0,1
5019,0.2,1,0,0
5020,0.2,1,1,0
5021,0.2,0,1,1
5022,1.0,2,1,1
5023,0.2,0,0,0
5024,0.2,1,1,0
5025,0.2,3,1,0
5026,1.0,2,1,1
5027,0.2,2,1,1
5028,0.2,2,1,1
5029,0.2,3,0,1
5030,0.2,1,0,0
5031,0.2,2,0,0
5032,0.2,1,0,0
5033,0.2,2,0,0
5034,1.0,1,1,1
5035,0.2,2,1,1
5036,0.2,0,1,1
5037,0.2,0,1,1
5038,1.0,0,0,0
5039,1.0,2,1,1
5040,1.0,1,0,1
5041,0.2,0,1,1
5042,0.2,1,0,1
5043,0.2,1,1,1
5044,0.2,1,1,0
5045,1.0,2,0,1
5046,0.2,2,0,0
5047,0.2,1,1,0
5048,0.2,2,1,1
5049,0.2,3,0,0
5050,0.2,0,1,1
5051,0.2,3,0,0
5052,0.2,3,0,0
5053,1.0,1,1,1
5054,0.2,2,0,1
5055,0.2,0,0,1
5056,0.2,1,1,0
5057,0.2,1,1,1
5058,0.2,0,1,0
5059,0.2,0,1,1
5060,0.2,2,1,1
5061,0.2,1,1,0
5062,0.2,2,0,0
5063,1.0,1,0,1
5064,0.2,1,1,1
5065,0.2,2,0,0
5066,0.2,1,0,0
5067,0.2,2,1,1
5068,0.2,1,0,0
5069,1.0,0,1,0
5070,1.0,2,1,1
5071,0.2,1,1,1
5072,0.2,3,1,0
5073,0.2,1,1,1
5074,0.2,2,1,0
5075,0.2,1,0,0
5076,1.0,1,1,1
5077,0.2,0,1,1
5078,0.2,2,0,0
5079,0.2,1,0,0
5080,0.2,1,0,0
5081,0.2,1,1,1
5082,0.2,1,0,1
5083,0.2,0,0,1
5084,0.2,3,0,0
5085,0.2,1,0,1
5086,0.2,2,0,0
5087,0.2,2,1,1
5088,0.2,2,1,1
5089,0.2,0,0,0
5090,0.2,1,1,1
5091,0.2,0,1,1
5092,0.2,2,1,1
5093,0.2,2,0,0
5094,1.0,2,0,0
5095,0.2,1,0,1
5096,0.2,0,1,1
5097,0.2,2,0,0
5098,0.2,1,0,0
5099,0.2,3,1,0
5100,1.0,1,1,1
5101,1.0,1,1,1
5102,0.2,2,1,0
5103,1.0,2,0,0
5104,0.2,2,0,0
5105,1.0,2,1,1
5106,0.2,3,0,0
5107,1.0,2,1,1
5108,0.2,1,0,0
5109,0.2,2,0,0
5110,0.2,1,1,0
5111,0.2,1,0,0
5112,0.2,0,0,1
5113,0.2,1,1,1
5114,1.0,2,0,1
5115,1.0,2,1,1
5116,1.0,2,0,0
5117,1.0,3,1,0
5118,1.0,2,1,1
5119,0.2,3,0,0
5120,1.0,1,1,1
5121,1.0,3,1,1
5122,1.0,0,0,1
5123,0.2,1,0,0
5124,1.0,0,0,1
5125,0.2,1,0,0
5126,0.2,2,0,0
5127,0.2,3,1,0
5128,0.2,1,0,0
5129,2.2,1,1,1
5130,0.2,2,0,0
5131,0.2,2,1,1
5132,1.0,1,0,1
5133,1.0,1,1,0
5134,1.0,2,1,1
5135,0.2,3,0,0
5136,1.0,2,0,0
5137,1.0,0,1,1
5138,0.2,2,0,0
5139,0.2,0,1,1
5140,0.2,1,0,0
5141,0.2,1,1,1
5142,0.2,1,0,0
5143,1.0,3,0,1
5144,0.2,2,0,0
5145,0.2,1,0,0
5146,0.2,2,0,0
5147,0.2,2,1,0
5148,0.2,3,1,1
5149,1.0,3,1,1
5150,1.0,2,0,0
5151,0.2,2,0,0
5152,0.2,2,1,1
5153,0.2,0,1,1
5154,0.2,2,1,1
5155,2.2,1,0,1
5156,0.2,1,1,1
5157,0.2,1,1,0
5158,0.2,0,1,1
5159,0.2,2,0,0
5160,1.0,2,1,1
5161,0.2,1,1,1
5162,0.2,3,0,0
5163,0.2,1,0,0
5164,0.2,2,0,0
5165,0.2,1,0,0
5166,0.2,1,1,0
5167,0.2,3,1,0
5168,0.2,1,1,1
5169,0.2,0,1,1
5170,0.2,1,1,0
5171,2.2,3,0,1
5172,0.2,3,0,0
5173,2.2,2,1,1
5174,0.2,1,1,1
5175,0.2,1,0,1
5176,0.2,2,1,0
5177,0.2,1,0,1
5178,1.0,1,0,0
5179,1.0,2,0,0
5180,1.0,2,0,1
5181,0.2,2,1,1
5182,1.0,2,1,1
5183,1.0,3,1,0
5184,0.2,1,0,0
5185,0.2,2,1,0
5186,1.0,2,1,1
5187,1.0,1,0,0
5188,0.2,0,0,0
5189,0.2,0,0,0
5190,0.2,2,1,1
5191,1.0,1,1,1
5192,1.0,1,0,1
5193,0.2,1,1,1
5194,1.8,3,0,0
5195,0.2,2,0,1
5196,0.2,0,1,1
5197,0.2,1,0,0
5198,1.0,2,0,0
5199,1.0,1,0,1
5200,0.2,3,1,1
5201,0.2,2,1,1
5202,0.2,2,1,1
5203,0.2,2,0,0
5204,0.2,1,0,0
5205,0.2,0,0,0
5206,0.2,2,1,1
5207,0.2,1,1,1
5208,0.2,1,1,1
5209,0.2,2,0,0
5210,0.2,1,0,0
5211,1.0,0,0,0
5212,0.2,1,1,1
5213,0.2,1,0,0
5214,0.2,2,0,0
5215,1.0,1,1,1
5216,0.2,1,1,1
5217,0.2,2,0,0
5218,1.0,1,0,1
5219,0.2,3,1,1
5220,0.2,3,1,0
5221,0.2,0,1,1
5222,0.2,0,1,1
5223,1.0,2,1,1
5224,1.0,0,0,0
5225,1.0,0,1,1
5226,0.2,0,1,1
5227,0.2,3,0,0
5228,0.2,2,0,0
5229,0.2,2,0,0
5230,0.2,3,0,0
5231,0.2,2,0,0
5232,0.2,1,1,1
5233,1.0,1,1,1
5234,0.2,3,1,1
5235,1.0,1,0,0
5236,0.2,1,1,1
5237,1.0,2,0,1
5238,0.2,0,1,1
5239,0.2,1,0,0
5240,0.2,1,0,0
5241,0.2,1,1,1
5242,0.2,2,0,0
5243,0.2,1,1,1
5244,0.2,2,0,0
5245,0.2,1,0,0
5246,0.2,1,1,1
5247,0.2,1,0,0
5248,0.2,2,0,0
5249,0.2,3,0,0
5250,1.0,1,1,1
5251,0.2,2,0,0
5252,0.2,2,0,1
5253,0.2,0,0,0
5254,0.2,2,1,1
5255,0.2,2,1,1
5256,0.2,2,1,1
5257,0.2,1,1,0
5258,0.2,2,0,0
5259,0.2,1,0,0
5260,0.2,1,1,0
5261,0.2,1,1,1
5262,0.2,1,1,1
5263,0.2,0,1,1
5264,0.2,1,0,0
5265,0.2,1,1,0
5266,1.0,2,0,1
5267,0.2,2,1,1
5268,1.0,1,0,0
5269,1.0,1,0,1
5270,2.2,1,0,1
5271,0.2,1,0,0
5272,0.2,3,0,0
5273,0.2,2,1,1
5274,0.2,1,1,1
5275,0.2,2,0,0
5276,0.2,2,1,0
5277,1.0,2,0,1
5278,0.2,1,0,0
5279,1.0,1,1,1
5280,2.2,3,1,1
5281,0.2,2,1,1
5282,0.2,2,0,0
5283,0.2,1,1,1
5284,0.2,1,1,1
5285,0.2,1,0,1
5286,0.2,1,0,0
5287,0.2,0,1,1
5288,0.2,1,0,1
5289,2.2,1,0,1
5290,0.2,2,1,1
5291,0.2,1,1,0
5292,1.0,1,0,0
5293,0.2,1,0,0
5294,0.2,1,1,1
5295,0.2,1,0,0
5296,0.2,2,1,1
5297,0.2,2,0,0
5298,0.2,1,0,0
5299,2.2,2,0,1
5300,0.2,0,0,0
5301,0.2,2,1,1
5302,0.2,2,1,1
5303,0.2,1,0,0
5304,0.2,1,0,0
5305,0.2,2,1,1
5306,0.2,1,0,0
5307,0.2,1,1,1
5308,0.2,2,1,1
5309,0.2,2,0,0
5310,1.0,1,1,1
5311,1.0,3,0,0
5312,0.2,1,0,1
5313,0.2,1,0,1
5314,0.2,2,1,1
5315,0.2,2,1,1
5316,0.2,1,1,1
5317,0.2,1,0,0
5318,0.2,0,1,1
5319,0.2,1,0,0
5320,0.2,1,1,1
5321,0.2,1,0,0
5322,0.2,1,1,1
5323,0.2,2,0,0
5324,0.2,0,1,1
5325,0.2,1,1,0
5326,0.2,2,0,0
5327,0.2,2,1,0
5328,0.2,2,0,0
5329,0.2,1,1,1
5330,0.2,2,0,0
5331,0.2,2,0,0
5332,0.2,3,0,0
5333,0.2,1,0,0
5334,1.0,0,0,1
5335,0.2,2,0,0
5336,0.2,2,0,0
5337,0.2,3,1,0
5338,0.2,3,0,0
5339,0.2,3,0,0
5340,0.2,2,1,1
5341,0.2,2,0,0
5342,0.2,2,0,0
5343,0.2,0,1,1
5344,0.2,2,0,0
5345,0.2,1,1,1
5346,1.0,2,1,1
5347,0.2,0,1,0
5348,0.2,2,0,0
5349,0.2,0,1,1
5350,2.2,1,1,1
5351,0.2,1,0,0
5352,0.2,2,0,0
5353,0.2,1,1,1
5354,0.2,1,1,1
5355,0.2,2,1,1
5356,0.2,0,1,1
5357,0.2,1,0,0
5358,0.2,1,1,1
5359,0.2,0,0,1
5360,2.2,2,1,1
5361,1.0,1,1,1
5362,0.2,1,0,0
5363,1.0,0,0,0
5364,0.2,1,0,0
5365,0.2,1,0,0
5366,0.2,1,0,1
5367,0.2,2,0,0
5368,0.2,2,0,0
5369,1.0,0,0,0
5370,1.0,0,0,1
5371,0.2,1,1,0
5372,1.0,1,0,1
5373,1.0,1,0,1
5374,1.0,1,0,1
5375,0.2,0,0,0
5376,0.2,0,1,1
5377,0.2,2,1,1
5378,0.2,2,1,0
5379,0.2,2,0,0
5380,0.2,0,0,0
5381,0.2,1,0,0
5382,1.0,2,1,1
5383,1.0,1,0,1
5384,0.2,2,1,0
5385,0.2,1,0,0
5386,1.0,2,1,1
5387,0.2,1,1,0
5388,0.2,3,1,1
5389,0.2,2,1,0
5390,0.2,1,1,1
5391,0.2,2,1,1
5392,0.2,1,1,1
5393,0.2,2,0,0
5394,0.2,3,1,1
5395,0.2,1,1,1
5396,0.2,1,1,1
5397,0.2,3,0,0
5398,0.2,0,0,0
5399,0.2,2,0,0
5400,0.2,0,1,0
5401,0.2,2,0,0
5402,0.2,2,0,0
5403,1.0,2,1,1
5404,0.2,1,1,1
5405,0.2,2,1,0
5406,0.2,1,0,0
5407,0.2,1,1,1
5408,0.2,1,0,0
5409,0.2,2,0,0
5410,0.2,0,0,0
5411,0.2,2,1,1
5412,0.2,1,0,0
5413,0.2,0,1,1
5414,0.2,0,1,1
5415,0.2,1,0,0
5416,2.2,2,1,1
5417,1.0,1,0,0
5418,0.2,1,1,1
5419,1.0,1,0,1
5420,0.2,1,0,0
5421,0.2,1,0,0
5422,0.2,3,1,0
5423,0.2,0,1,1
5424,1.0,0,1,1
5425,0.2,2,1,1
5426,0.2,1,0,0
5427,0.2,2,0,0
5428,0.2,2,1,0
5429,0.2,3,0,0
5430,0.2,2,0,1
5431,0.2,0,1,1
5432,0.2,2,1,0
5433,0.2,2,0,0
5434,0.2,2,1,1
5435,1.0,2,1,1
5436,1.0,3,0,0
5437,0.2,1,0,0
5438,0.2,3,0,0
5439,0.2,0,0,0
5440,0.2,2,1,1
5441,0.2,1,0,0
5442,0.2,1,0,0
5443,0.2,1,1,1
5444,0.2,3,1,0
5445,0.2,2,0,0
5446,1.0,3,0,0
5447,1.0,2,0,1
5448,0.2,1,1,1
5449,1.0,2,1,1
5450,1.0,1,1,1
5451,0.2,1,0,0
5452,0.2,2,0,0
5453,1.0,1,1,1
5454,0.2,1,0,0
5455,0.2,2,1,0
5456,1.0,1,1,1
5457,1.0,1,0,0
5458,0.2,2,0,0
5459,0.2,2,1,1
5460,0.2,2,0,0
5461,2.2,1,1,1
5462,0.2,2,1,1
5463,1.0,3,1,1
5464,0.2,3,1,0
5465,1.0,3,0,1
5466,0.2,2,0,0
5467,0.2,2,0,0
5468,0.2,1,1,1
5469,0.2,3,0,0
5470,1.0,1,0,0
5471,0.2,3,1,1
5472,0.2,2,1,1
5473,0.2,1,0,0
5474,1.0,2,1,1
5475,0.2,0,0,0
5476,0.2,1,0,0
5477,0.2,0,1,1
5478,1.0,2,1,1
5479,0.2,1,1,1
5480,1.0,1,0,1
5481,0.2,1,1,1
5482,0.2,3,1,1
5483,0.2,1,1,1
5484,0.2,2,1,1
5485,2.2,0,1,1
5486,1.0,0,0,1
5487,0.2,1,0,0
5488,0.2,2,0,0
5489,0.2,3,0,0
5490,0.2,1,0,0
5491,0.2,2,1,1
5492,0.2,2,0,0
5493,0.2,1,0,0
5494,0.2,2,0,0
5495,0.2,2,1,0
5496,0.2,3,1,1
5497,1.0,2,1,1
5498,0.2,0,1,1
5499,0.2,0,0,1
5500,0.2,2,0,0
5501,0.2,1,0,0
5502,0.2,0,0,0
5503,0.2,1,1,1
5504,1.0,1,1,1
5505,0.2,1,1,1
5506,0.2,2,0,0
5507,0.2,2,0,0
5508,0.2,2,1,1
5509,0.2,1,0,0
5510,0.2,0,1,1
5511,0.2,2,0,0
5512,0.2,2,0,0
5513,0.2,1,0,0
5514,0.2,2,0,0
5515,0.2,0,1,1
5516,0.2,0,0,0
5517,1.0,3,0,0
5518,0.2,1,1,1
5519,0.2,1,0,0
5520,0.2,1,0,1
5521,0.2,1,1,1
5522,0.2,1,1,1
5523,1.0,1,0,1
5524,2.2,0,1,1
5525,0.2,0,0,0
5526,1.0,1,1,1
5527,0.2,0,1,1
5528,0.2,0,1,1
5529,0.2,0,1,1
5530,0.2,3,1,0
5531,0.2,2,0,0
5532,1.0,2,1,1
5533,0.2,2,1,1
5534,0.2,2,0,0
5535,1.0,1,0,1
5536,0.2,2,1,1
5537,0.2,1,0,0
5538,0.2,2,1,1
5539,1.0,1,0,1
5540,1.0,1,1,1
5541,0.2,2,0,0
5542,0.2,2,0,0
5543,0.2,0,0,0
5544,0.2,2,1,1
5545,0.2,0,0,0
5546,0.2,2,0,0
5547,0.2,1,1,1
5548,0.2,0,1,1
5549,0.2,1,1,0
5550,0.2,1,1,1
5551,1.0,3,0,0
5552,0.2,1,1,1
5553,2.2,2,0,1
5554,0.2,2,1,1
5555,1.0,2,0,0
5556,0.2,2,0,0
5557,1.0,3,0,0
5558,0.2,0,1,0
5559,0.2,1,1,1
5560,0.2,3,1,1
5561,0.2,3,1,1
5562,0.2,2,0,0
5563,0.2,0,1,1
5564,0.2,1,1,0
5565,0.2,0,1,1
5566,0.2,2,1,0
5567,2.2,2,1,1
5568,0.2,1,1,0
5569,1.0,1,0,0
5570,0.2,2,1,0
5571,0.2,3,1,0
5572,0.2,1,0,0
5573,0.2,3,1,1
5574,0.2,1,1,1
5575,0.2,1,0,0
5576,0.2,2,0,0
5577,0.2,2,1,0
5578,0.2,2,1,1
5579,1.0,2,1,1
5580,0.2,3,1,1
5581,0.2,2,1,1
5582,1.0,1,1,1
5583,0.2,2,0,0
5584,0.2,2,1,0
5585,0.2,1,1,1
5586,0.2,1,1,1
5587,1.0,1,0,1
5588,0.2,2,0,0
5589,0.2,1,1,1
5590,0.2,2,1,1
5591,0.2,2,1,0
5592,0.2,2,1,0
5593,0.2,1,1,1
5594,0.2,2,0,0
5595,3.0,0,0,1
5596,0.2,2,1,1
5597,1.0,1,0,0
5598,2.2,0,1,1
5599,1.0,1,0,0
5600,0.2,2,1,1
5601,0.2,2,1,1
5602,0.2,2,1,0
5603,0.2,1,1,1
5604,1.0,2,0,0
5605,0.2,3,0,0
5606,0.2,1,0,0
5607,0.2,2,0,0
5608,0.2,1,0,0
5609,0.2,1,1,1
5610,0.2,0,1,1
5611,0.2,2,1,1
5612,0.2,2,0,0
5613,1.0,2,1,1
5614,0.2,2,1,0
5615,1.0,2,0,0
5616,0.2,2,0,0
5617,0.2,2,1,1
5618,0.2,2,0,0
5619,0.2,1,1,1
5620,1.0,1,1,1
5621,0.2,1,1,1
5622,1.0,2,0,0
5623,0.2,2,0,0
5624,0.2,2,1,0
5625,0.2,0,1,1
5626,0.2,1,1,0
5627,0.2,3,1,0
5628,0.2,2,0,0
5629,1.0,1,1,1
5630,1.0,1,0,1
5631,0.2,2,0,0
5632,0.2,1,0,1
5633,0.2,2,1,1
5634,0.2,1,0,0
5635,1.0,1,0,1
5636,1.0,2,1,1
5637,0.2,2,1,0
5638,0.2,1,1,1
5639,0.2,2,1,0
5640,0.2,2,1,0
5641,1.0,1,0,1
5642,0.2,1,0,0
5643,0.2,1,0,0
5644,0.2,1,0,0
5645,0.2,2,0,0
5646,1.0,1,1,1
5647,1.0,3,0,1
5648,0.2,2,1,1
5649,3.0,2,1,1
5650,1.0,1,0,1
5651,3.8,1,1,1
5652,0.2,3,1,1
5653,0.2,2,0,0
5654,0.2,1,1,1
5655,1.0,1,1,1
5656,1.0,0,1,1
5657,1.0,0,1,1
5658,0.2,2,0,0
5659,1.0,1,1,1
5660,1.0,1,0,1
5661,0.2,0,0,1
5662,0.2,2,1,1
5663,0.2,2,1,1
5664,0.2,3,0,0
5665,0.2,2,0,0
5666,0.2,3,1,1
5667,0.2,0,1,1
5668,1.0,3,0,1
5669,0.2,2,0,0
5670,1.0,2,1,1
5671,0.2,2,1,1
5672,0.2,2,0,0
5673,0.2,1,0,1
5674,0.2,2,1,1
5675,0.2,2,0,0
5676,0.2,3,1,0
5677,1.0,2,0,0
5678,0.2,0,1,0
5679,1.0,1,1,1
5680,0.2,1,0,0
5681,0.2,2,1,0
5682,0.2,2,1,1
5683,0.2,3,1,1
5684,0.2,0,1,1
5685,0.2,3,0,0
5686,0.2,2,1,1
5687,0.2,2,1,1
5688,0.2,1,0,0
5689,0.2,2,1,0
5690,0.2,1,0,0
5691,0.2,0,0,0
5692,1.0,1,1,1
5693,0.2,1,0,0
5694,0.2,0,1,1
5695,1.0,3,0,0
5696,1.0,2,0,0
5697,0.2,2,1,0
5698,0.2,1,0,0
5699,0.2,2,1,0
5700,1.0,1,1,0
5701,0.2,3,1,0
5702,0.2,3,0,0
5703,0.2,1,0,0
5704,1.0,2,0,1
5705,0.2,1,0,1
5706,0.2,2,1,1
5707,0.2,1,1,1
5708,0.2,3,0,0
5709,0.2,2,0,0
5710,0.2,0,0,0
5711,0.2,1,1,1
5712,0.2,1,0,0
5713,0.2,2,1,1
5714,0.2,3,0,0
5715,1.0,2,0,0
5716,1.0,2,1,1
5717,0.2,1,1,1
5718,0.2,2,1,1
5719,1.0,1,1,1
5720,0.2,1,0,0
5721,0.2,1,0,0
5722,0.2,1,1,1
5723,0.2,3,0,0
5724,0.2,0,1,1
5725,0.2,1,0,0
5726,1.0,1,1,1
5727,0.2,3,0,0
5728,0.2,1,0,0
5729,0.2,0,1,1
5730,0.2,2,1,0
5731,0.2,2,0,0
5732,0.2,0,1,1
5733,0.2,2,0,0
5734,0.2,3,1,1
5735,1.0,2,0,0
5736,0.2,1,1,0
5737,0.2,1,1,1
5738,0.2,2,1,1
5739,0.2,0,1,1
5740,1.0,1,1,1
5741,1.0,1,1,1
5742,0.2,0,0,1
5743,1.0,1,1,1
5744,0.2,2,0,0
5745,0.2,2,1,0
5746,1.0,2,0,0
5747,0.2,1,0,0
5748,1.0,1,1,1
5749,0.2,2,0,0
5750,0.2,2,0,0
5751,0.2,1,0,0
5752,0.2,2,1,1
5753,0.2,1,0,0
5754,0.2,1,1,1
5755,0.2,1,1,1
5756,0.2,1,0,0
5757,0.2,3,1,0
5758,1.0,0,0,1
5759,0.2,2,1,1
5760,1.0,2,1,1
5761,0.2,1,1,0
5762,0.2,1,1,1
5763,0.2,0,1,1
5764,0.2,2,0,0
5765,0.2,2,1,0
5766,0.2,1,0,1
5767,0.2,3,1,1
5768,0.2,3,0,0
5769,0.2,3,1,0
5770,1.0,1,1,0
5771,0.2,3,0,0
5772,1.0,1,1,1
5773,0.2,2,1,1
5774,0.2,2,1,0
5775,0.2,1,1,1
5776,1.0,2,1,1
5777,0.2,1,0,0
5778,0.2,3,0,0
5779,0.2,1,1,1
5780,0.2,2,0,0
5781,0.2,1,0,0
5782,1.0,3,1,1
5783,0.2,2,1,0
5784,2.2,2,1,1
5785,0.2,1,1,1
5786,0.2,1,0,0
5787,3.0,2,1,1
5788,0.2,0,1,1
5789,0.2,3,0,0
5790,1.0,3,0,0
5791,0.2,0,0,0
5792,0.2,1,1,1
5793,1.0,3,0,1
5794,0.2,3,0,0
5795,0.2,3,0,0
5796,0.2,1,0,0
5797,1.0,2,0,1
5798,0.2,0,0,0
5799,0.2,2,1,1
5800,1.0,2,1,1
5801,1.0,1,0,0
5802,0.2,0,1,0
5803,1.0,3,1,1
5804,0.2,2,0,0
5805,0.2,0,1,1
5806,0.2,0,1,1
5807,0.2,3,1,0
5808,0.2,2,1,0
5809,0.2,1,0,0
5810,1.0,1,1,1
5811,1.0,1,0,0
5812,0.2,1,0,0
5813,0.2,1,0,0
5814,1.0,3,0,0
5815,0.2,1,0,0
5816,0.2,3,1,1
5817,0.2,0,0,1
5818,0.2,1,0,0
5819,0.2,2,1,1
5820,3.0,2,1,1
5821,1.0,1,1,1
5822,0.2,2,1,0
5823,0.2,2,1,1
5824,0.2,0,1,1
5825,0.2,2,0,1
5826,0.2,2,0,0
5827,0.2,2,1,0
5828,1.0,1,0,1
5829,0.2,2,0,0
5830,0.2,0,1,1
5831,0.2,2,0,0
5832,0.2,2,1,1
5833,0.2,2,0,0
5834,1.0,3,0,0
5835,0.2,1,1,1
5836,0.2,1,0,0
5837,0.2,1,0,0
5838,0.2,1,1,1
5839,0.2,1,0,0
5840,1.0,0,0,1
5841,0.2,2,0,0
5842,0.2,2,0,0
5843,0.2,1,0,1
5844,0.2,2,0,0
5845,1.0,1,0,1
5846,0.2,1,1,1
5847,0.2,1,0,0
5848,2.2,2,1,1
5849,0.2,1,0,0
5850,1.0,2,0,0
5851,0.2,3,1,1
5852,2.2,2,1,1
5853,0.2,1,0,0
5854,1.0,2,1,1
5855,3.0,2,0,1
5856,0.2,2,0,0
5857,1.0,2,1,1
5858,0.2,1,0,0
5859,0.2,1,1,1
5860,0.2,2,1,1
5861,0.2,3,1,1
5862,0.2,3,0,0
5863,0.2,1,1,1
5864,0.2,1,1,0
5865,0.2,3,1,0
5866,0.2,0,0,0
5867,0.2,2,0,0
5868,0.2,0,1,1
5869,0.2,2,1,1
5870,0.2,2,1,1
5871,0.2,1,0,0
5872,0.2,2,1,1
5873,1.0,2,0,0
5874,0.2,1,1,1
5875,0.2,3,0,0
5876,1.0,1,0,0
5877,0.2,2,0,0
5878,1.0,1,1,1
5879,0.2,1,0,0
5880,0.2,2,1,0
5881,0.2,2,1,1
5882,0.2,2,0,0
5883,0.2,2,0,1
5884,1.0,2,0,0
5885,0.2,1,1,1
5886,0.2,2,1,0
5887,1.0,1,0,1
5888,0.2,2,1,1
5889,1.0,1,1,1
5890,0.2,3,0,0
5891,0.2,2,0,0
5892,0.2,1,1,1
5893,0.2,1,0,0
5894,0.2,1,0,0
5895,0.2,2,0,0
5896,1.0,1,0,1
5897,0.2,2,1,1
5898,0.2,1,1,1
5899,1.0,2,0,0
5900,0.2,0,0,0
5901,0.2,3,1,0
5902,0.2,3,0,0
5903,0.2,3,0,0
5904,0.2,1,1,1
5905,0.2,0,1,1
5906,0.2,1,1,1
5907,0.2,2,0,0
5908,1.0,3,1,1
5909,0.2,1,1,1
5910,0.2,2,1,1
5911,0.2,1,1,1
5912,0.2,3,0,0
5913,1.0,2,1,1
5914,0.2,3,0,0
5915,0.2,1,1,1
5916,0.2,1,1,1
5917,0.2,1,0,0
5918,0.2,2,0,1
5919,0.2,1,1,1
5920,0.2,2,1,1
5921,0.2,1,1,1
5922,0.2,1,0,0
5923,0.2,2,0,1
5924,0.2,2,0,0
5925,0.2,0,0,0
5926,1.0,3,0,0
5927,0.2,1,1,1
5928,0.2,1,1,1
5929,0.2,2,1,1
5930,0.2,2,0,1
5931,1.0,2,0,1
5932,0.2,0,1,1
5933,0.2,0,1,1
5934,1.0,1,1,1
5935,0.2,2,1,1
5936,1.0,3,0,1
5937,1.0,1,0,0
5938,0.2,2,1,1
5939,0.2,1,1,1
5940,0.2,1,0,1
5941,0.2,1,0,0
5942,1.0,1,0,0
5943,0.2,1,1,1
5944,0.2,3,0,0
5945,0.2,2,1,1
5946,0.2,3,0,0
5947,0.2,1,0,0
5948,0.2,3,0,0
5949,0.2,1,0,0
5950,0.2,3,1,1
5951,1.0,0,0,1
5952,0.2,1,0,0
5953,0.2,1,1,0
5954,0.2,2,1,1
5955,0.2,2,0,0
5956,0.2,1,1,0
5957,0.2,1,0,0
5958,1.0,2,0,1
5959,0.2,1,0,0
5960,2.2,2,1,1
5961,0.2,1,0,0
5962,0.2,2,0,0
5963,0.2,0,0,1
5964,0.2,3,0,0
5965,0.2,2,1,0
5966,0.2,0,0,0
5967,1.0,2,1,1
5968,1.0,1,1,1
5969,1.0,2,0,1
5970,0.2,1,1,0
5971,0.2,2,0,1
5972,0.2,2,0,0
5973,0.2,0,0,0
5974,1.0,3,0,0
5975,0.2,2,0,0
5976,1.0,3,0,1
5977,0.2,1,0,0
5978,0.2,3,0,0
5979,0.2,1,1,1
5980,0.2,2,1,0
5981,0.2,2,1,1
5982,0.2,2,0,0
5983,0.2,2,0,0
5984,1.0,3,0,1
5985,0.2,1,0,0
5986,0.2,1,0,0
5987,0.2,2,1,1
5988,0.2,1,1,1
5989,1.0,3,1,0
5990,3.8,1,0,0
5991,0.2,2,1,0
5992,0.2,2,1,1
5993,0.2,1,0,0
5994,0.2,0,1,1
5995,0.2,3,0,0
5996,0.2,3,1,0
5997,0.2,3,1,0
5998,0.2,0,0,0
5999,0.2,0,0,0
6000,0.2,2,1,1
6001,0.2,1,0,0
6002,0.2,2,0,1
6003,1.0,1,1,1
6004,0.2,3,0,0
6005,0.2,2,0,0
6006,0.2,1,1,1
6007,0.2,0,1,1
6008,0.2,1,1,1
6009,0.2,2,1,0
6010,1.0,1,0,0
6011,1.0,2,0,0
6012,1.0,3,0,1
6013,0.2,0,1,1
6014,0.2,1,0,0
6015,0.2,2,0,0
6016,0.2,1,0,0
6017,0.2,2,1,0
6018,0.2,1,1,0
6019,0.2,2,0,0
6020,0.2,2,1,0
6021,0.2,1,1,1
6022,0.2,1,1,0
6023,0.2,0,0,0
6024,2.2,1,0,1
6025,0.2,2,0,0
6026,0.2,2,1,1
6027,0.2,2,0,0
6028,0.2,2,1,1
6029,0.2,3,1,1
6030,0.2,2,0,0
6031,0.2,3,1,0
6032,0.2,2,0,0
6033,0.2,2,0,0
6034,1.0,2,0,1
6035,0.2,1,1,1
6036,0.2,0,0,0
6037,1.0,2,0,0
6038,0.2,1,1,0
6039,0.2,3,1,0
6040,0.2,2,1,0
6041,0.2,1,0,0
6042,0.2,3,1,1
6043,0.2,1,1,1
6044,0.2,2,0,1
6045,0.2,2,1,0
6046,0.2,1,0,0
6047,0.2,0,0,0
6048,0.2,0,0,0
6049,0.2,2,1,0
6050,1.0,2,0,0
6051,0.2,0,1,1
6052,1.0,2,1,1
6053,1.0,2,1,0
6054,0.2,1,0,0
6055,0.2,0,0,0
6056,1.0,2,1,1
6057,0.2,2,0,0
6058,0.2,2,1,1
6059,0.2,2,1,1
6060,0.2,3,1,0
6061,1.0,0,0,1
6062,0.2,1,1,1
6063,0.2,3,1,0
6064,2.2,2,1,1
6065,0.2,1,1,0
6066,1.0,1,0,0
6067,0.2,0,1,1
6068,0.2,1,0,0
6069,0.2,0,1,1
6070,0.2,2,1,1
6071,0.2,2,0,0
6072,0.2,3,0,0
6073,0.2,0,1,1
6074,0.2,1,1,1
6075,0.2,2,1,0
6076,0.2,1,1,1
6077,0.2,2,0,0
6078,1.0,1,1,1
6079,0.2,2,1,1
6080,1.0,2,1,1
6081,1.0,1,1,1
6082,0.2,3,0,0
6083,2.2,2,1,1
6084,0.2,2,1,1
6085,0.2,2,0,0
6086,1.0,0,0,1
6087,1.0,3,0,0
6088,0.2,0,1,1
6089,2.2,1,0,1
6090,0.2,2,0,0
6091,0.2,1,0,0
6092,1.0,2,0,0
6093,0.2,3,0,0
6094,0.2,1,0,0
6095,1.0,1,0,1
6096,1.0,1,1,1
6097,1.0,1,1,1
6098,0.2,3,1,1
6099,0.2,2,0,0
6100,0.2,2,0,0
6101,0.2,1,0,0
6102,0.2,2,1,0
6103,0.2,1,0,0
6104,1.0,1,1,1
6105,0.2,2,0,0
6106,0.2,2,1,0
6107,0.2,2,0,0
6108,1.0,1,0,1
6109,0.2,3,1,0
6110,0.2,3,1,1
6111,0.2,1,0,0
6112,0.2,3,0,0
6113,0.2,1,1,1
6114,0.2,2,1,1
6115,0.2,2,0,0
6116,0.2,3,0,0
6117,0.2,2,0,0
6118,0.2,1,1,1
6119,0.2,2,0,0
6120,1.0,2,0,0
6121,0.2,1,0,0
6122,0.2,2,1,1
6123,1.0,0,0,1
6124,0.2,2,0,0
6125,0.2,3,0,0
6126,0.2,2,0,0
6127,0.2,1,0,1
6128,0.2,1,0,0
6129,0.2,1,1,1
6130,0.2,2,0,0
6131,0.2,2,0,0
6132,0.2,3,0,0
6133,1.0,1,0,1
6134,0.2,2,1,1
6135,1.0,0,1,1
6136,0.2,0,1,1
6137,0.2,1,1,1
6138,0.2,3,0,0
6139,0.2,1,1,0
6140,0.2,2,1,0
6141,1.0,1,1,1
6142,0.2,1,0,0
6143,0.2,0,0,1
6144,0.2,0,0,0
6145,0.2,1,1,0
6146,2.2,1,0,1
6147,1.0,2,1,1
6148,0.2,3,1,1
6149,0.2,2,0,0
6150,0.2,2,0,0
6151,0.2,0,1,1
6152,0.2,1,1,0
6153,1.0,2,1,1
6154,0.2,0,1,1
6155,1.0,1,0,0
6156,0.2,2,1,1
6157,0.2,2,0,0
6158,0.2,3,0,0
6159,0.2,1,0,0
6160,0.2,2,1,1
6161,0.2,3,0,0
6162,0.2,1,1,1
6163,1.0,1,1,1
6164,0.2,2,1,1
6165,0.2,2,0,0
6166,0.2,2,1,1
6167,0.2,0,1,1
6168,1.0,2,0,1
6169,0.2,1,0,0
6170,1.0,0,1,1
6171,0.2,1,1,1
6172,0.2,1,0,1
6173,1.0,2,1,1
6174,1.0,3,0,0
6175,0.2,2,0,0
6176,0.2,1,0,0
6177,0.2,3,0,0
6178,0.2,2,0,0
6179,1.0,2,0,1
6180,2.2,1,1,1
6181,0.2,2,1,0
6182,0.2,1,1,1
6183,1.0,1,1,1
6184,0.2,2,0,0
6185,0.2,2,1,1
6186,0.2,0,1,0
6187,2.2,1,0,1
6188,0.2,0,1,1
6189,0.2,0,0,0
6190,1.0,0,1,1
6191,0.2,2,1,0
6192,1.0,1,1,1
6193,0.2,3,0,0
6194,1.0,2,0,0
6195,0.2,2,1,1
6196,0.2,1,1,1
6197,0.2,2,0,0
6198,0.2,2,0,0
6199,0.2,2,1,0
6200,0.2,2,0,0
6201,0.2,3,1,1
6202,0.2,3,1,0
6203,0.2,3,0,0
6204,1.0,1,1,1
6205,0.2,2,1,0
6206,0.2,1,1,1
6207,0.2,1,1,1
6208,0.2,2,1,1
6209,0.2,2,1,1
6210,0.2,3,1,1
6211,1.0,0,1,1
6212,0.2,1,1,1
6213,0.2,3,0,0
6214,1.0,2,0,0
6215,0.2,2,1,1
6216,0.2,3,0,0
6217,0.2,2,0,0
6218,0.2,2,0,0
6219,0.2,3,0,0
6220,0.2,1,1,1
6221,1.0,1,0,1
6222,0.2,2,1,0
6223,0.2,0,0,1
6224,0.2,2,1,1
6225,0.2,0,1,1
6226,0.2,1,0,0
6227,1.0,1,0,1
6228,0.2,0,0,0
6229,0.2,3,1,1
6230,1.0,2,1,1
6231,0.2,2,1,0
6232,0.2,2,1,1
6233,0.2,1,0,0
6234,1.0,2,1,1
6235,2.2,1,1,1
6236,0.2,0,0,0
6237,0.2,2,0,0
6238,0.2,2,1,0
6239,0.2,2,0,0
6240,0.2,1,1,1
6241,0.2,0,1,1
6242,0.2,2,0,1
6243,0.2,1,1,1
6244,0.2,0,0,0
6245,1.0,1,0,0
6246,0.2,0,0,0
6247,1.0,3,1,1
6248,1.0,2,0,0
6249,0.2,2,0,0
6250,0.2,1,0,1
6251,0.2,3,0,0
6252,1.0,2,0,0
6253,0.2,1,1,1
6254,1.0,3,0,0
6255,1.0,1,1,1
6256,0.2,3,0,0
6257,0.2,2,1,0
6258,1.0,1,0,0
6259,0.2,2,0,0
6260,0.2,1,1,0
6261,0.2,1,0,1
6262,0.2,2,0,0
6263,0.2,3,1,0
6264,1.0,3,0,1
6265,0.2,2,0,0
6266,0.2,2,0,0
6267,0.2,1,0,0
6268,0.2,2,1,1
6269,0.2,1,0,1
6270,1.0,3,1,1
6271,0.2,2,1,1
6272,0.2,1,0,0
6273,0.2,2,0,0
6274,0.2,2,1,1
6275,1.0,2,1,1
6276,0.2,1,1,1
6277,0.2,2,1,0
6278,0.2,2,0,1
6279,1.0,2,1,1
6280,1.0,1,1,1
6281,0.2,2,0,0
6282,1.0,2,1,1
6283,0.2,2,1,1
6284,1.0,2,0,0
6285,0.2,2,1,0
6286,0.2,2,0,1
6287,0.2,1,0,0
6288,0.2,2,0,0
6289,0.2,1,1,1
6290,1.0,1,0,1
6291,1.0,2,0,1
6292,0.2,1,1,1
6293,0.2,1,1,1
6294,0.2,0,1,1
6295,0.2,2,1,1
6296,0.2,1,1,1
6297,0.2,1,1,0
6298,2.2,1,1,1
6299,0.2,1,0,0
6300,0.2,1,0,0
6301,1.0,2,0,0
6302,0.2,1,0,0
6303,0.2,1,1,0
6304,0.2,2,1,1
6305,0.2,3,0,0
6306,0.2,1,0,0
6307,2.2,3,1,1
6308,1.0,1,1,1
6309,0.2,1,0,0
6310,1.0,1,1,1
6311,1.0,1,1,1
6312,0.2,0,1,1
6313,0.2,1,1,0
6314,0.2,2,0,0
6315,0.2,0,1,1
6316,0.2,2,0,0
6317,0.2,3,0,0
6318,1.0,2,0,0
6319,3.0,1,0,1
6320,0.2,0,0,0
6321,1.0,1,1,1
6322,0.2,2,0,0
6323,0.2,1,0,0
6324,1.0,2,1,1
6325,0.2,1,0,0
6326,0.2,3,0,0
6327,0.2,1,1,0
6328,0.2,3,0,0
6329,0.2,1,0,0
6330,0.2,0,0,0
6331,0.2,1,0,0
6332,2.2,1,1,1
6333,0.2,3,1,1
6334,0.2,3,0,0
6335,0.2,3,0,0
6336,0.2,0,0,0
6337,0.2,2,1,1
6338,0.2,1,0,0
6339,0.2,1,0,0
6340,0.2,1,0,0
6341,0.2,0,0,0
6342,0.2,2,0,0
6343,0.2,1,0,0
6344,0.2,3,1,1
6345,0.2,1,0,0
6346,1.0,2,0,0
6347,2.2,1,1,1
6348,0.2,1,0,0
6349,1.0,2,1,1
6350,1.0,0,1,1
6351,0.2,1,1,1
6352,0.2,1,1,1
6353,0.2,1,1,1
6354,0.2,2,0,1
6355,0.2,0,0,0
6356,0.2,1,0,0
6357,0.2,1,1,1
6358,0.2,1,0,0
6359,0.2,1,0,0
6360,1.0,2,0,1
6361,0.2,2,0,0
6362,0.2,1,0,0
6363,0.2,1,1,1
6364,1.0,2,1,1
6365,0.2,0,1,0
6366,0.2,2,1,0
6367,0.2,2,0,0
6368,0.2,1,1,0
6369,0.2,0,1,1
6370,1.0,2,1,1
6371,0.2,1,0,0
6372,0.2,1,1,1
6373,0.2,1,0,0
6374,0.2,1,0,0
6375,0.2,1,1,1
6376,0.2,2,1,1
6377,2.2,1,0,1
6378,0.2,1,1,1
6379,0.2,2,0,0
6380,0.2,1,0,1
6381,0.2,2,0,0
6382,0.2,2,1,1
6383,0.2,0,1,1
6384,1.0,1,0,1
6385,0.2,1,0,0
6386,0.2,3,0,0
6387,1.0,2,0,1
6388,1.0,3,0,1
6389,1.0,3,0,0
6390,0.2,2,1,1
6391,0.2,1,1,1
6392,0.2,1,0,0
6393,1.0,2,1,1
6394,1.0,2,0,0
6395,0.2,0,1,1
6396,1.0,1,1,1
6397,0.2,3,1,1
6398,0.2,0,0,0
6399,0.2,2,0,0
6400,1.0,0,0,1
6401,3.0,0,1,1
6402,0.2,0,0,1
6403,1.0,1,0,0
6404,0.2,0,1,1
6405,0.2,3,0,0
6406,0.2,2,1,1
6407,0.2,1,1,1
6408,1.0,0,1,1
6409,0.2,2,1,0
6410,0.2,2,1,1
6411,0.2,1,0,0
6412,0.2,0,0,0
6413,0.2,1,1,1
6414,0.2,2,0,0
6415,0.2,2,1,1
6416,1.0,3,0,1
6417,0.2,2,0,0
6418,0.2,0,0,0
6419,0.2,1,1,1
6420,0.2,3,1,1
6421,0.2,1,1,1
6422,0.2,2,0,0
6423,1.0,2,1,0
6424,1.0,1,1,1
6425,0.2,0,1,0
6426,0.2,0,1,1
6427,0.2,1,1,0
6428,0.2,1,0,0
6429,1.0,2,1,1
6430,0.2,2,1,1
6431,0.2,0,0,0
6432,0.2,1,0,0
6433,0.2,1,1,1
6434,0.2,0,1,0
6435,1.0,2,1,1
6436,1.0,1,0,1
6437,0.2,1,1,0
6438,2.2,1,1,1
6439,2.2,2,0,1
6440,0.2,3,1,0
6441,0.2,2,0,0
6442,0.2,1,1,0
6443,0.2,2,0,0
6444,0.2,0,1,1
6445,0.2,3,0,0
6446,0.2,0,1,1
6447,0.2,2,0,0
6448,0.2,2,0,0
6449,0.2,3,0,0
6450,1.0,2,1,1
6451,0.2,3,0,0
6452,0.2,0,1,1
6453,1.0,0,1,1
6454,0.2,2,1,0
6455,0.2,3,0,0
6456,0.2,2,1,1
6457,0.2,3,0,0
6458,0.2,2,0,0
6459,0.2,2,0,0
6460,0.2,1,0,0
6461,0.2,1,1,1
6462,0.2,2,0,0
6463,2.2,2,1,1
6464,0.2,2,1,0
6465,1.0,2,0,0
6466,0.2,0,0,1
6467,0.2,0,1,1
6468,1.0,1,0,1
6469,0.2,2,0,0
6470,0.2,1,0,0
6471,0.2,3,1,1
6472,0.2,1,1,1
6473,0.2,2,1,0
6474,0.2,2,1,1
6475,0.2,3,1,1
6476,0.2,2,1,1
6477,0.2,2,0,0
6478,1.0,0,1,1
6479,0.2,1,1,1
6480,2.2,1,0,1
6481,0.2,1,1,1
6482,0.2,2,1,1
6483,0.2,0,0,0
6484,0.2,0,0,0
6485,3.0,2,1,1
6486,0.2,1,0,0
6487,0.2,0,1,0
6488,0.2,2,1,1
6489,1.0,1,0,1
6490,0.2,2,0,0
6491,1.0,2,0,1
6492,0.2,1,0,0
6493,1.0,1,0,0
6494,0.2,2,0,0
6495,0.2,2,1,1
6496,0.2,3,1,0
6497,0.2,2,1,1
6498,0.2,3,0,0
6499,1.0,1,0,1
6500,0.2,2,0,0
6501,2.2,2,1,1
6502,0.2,2,0,0
6503,0.2,1,0,0
6504,1.0,1,1,1
6505,0.2,1,1,0
6506,1.0,2,1,1
6507,0.2,1,1,1
6508,1.0,1,1,1
6509,0.2,2,0,0
6510,0.2,1,1,1
6511,0.2,1,1,1
6512,0.2,0,0,0
6513,0.2,0,1,1
6514,0.2,3,0,1
6515,0.2,2,0,0
6516,0.2,1,1,1
6517,0.2,2,0,0
6518,0.2,1,1,1
6519,0.2,1,1,1
6520,0.2,1,1,0
6521,0.2,3,0,0
6522,0.2,3,0,0
6523,0.2,2,0,0
6524,0.2,1,1,0
6525,1.0,1,0,1
6526,0.2,2,1,1
6527,0.2,1,1,0
6528,0.2,0,0,0
6529,1.0,1,1,1
6530,0.2,1,1,1
6531,0.2,2,0,0
6532,0.2,2,0,0
6533,0.2,2,0,0
6534,0.2,3,1,1
6535,1.0,1,1,1
6536,0.2,1,1,1
6537,0.2,1,1,1
6538,0.2,3,0,0
6539,0.2,0,0,0
6540,0.2,1,0,0
6541,0.2,3,1,0
6542,1.0,2,0,0
6543,1.0,0,0,1
6544,0.2,2,1,1
6545,0.2,2,1,0
6546,0.2,1,1,1
6547,0.2,0,0,0
6548,0.2,2,0,0
6549,0.2,1,1,1
6550,0.2,3,1,0
6551,1.0,3,0,0
6552,1.0,2,0,1
6553,0.2,1,0,0
6554,0.2,1,0,0
6555,0.2,1,0,1
6556,0.2,3,0,0
6557,0.2,2,1,0
6558,0.2,1,0,0
6559,0.2,1,0,1
6560,1.0,2,1,1
6561,0.2,0,0,0
6562,0.2,1,1,1
6563,0.2,1,0,0
6564,0.2,1,1,1
6565,0.2,2,1,1
6566,0.2,1,0,0
6567,0.2,1,0,1
6568,0.2,1,0,0
6569,0.2,1,1,1
6570,0.2,3,1,0
6571,0.2,3,1,0
6572,0.2,2,1,1
6573,1.0,1,0,1
6574,0.2,1,1,1
6575,0.2,2,0,0
6576,0.2,0,1,1
6577,0.2,0,1,1
6578,0.2,2,0,0
6579,1.0,1,1,1
6580,2.2,1,1,1
6581,0.2,3,1,0
6582,1.0,2,0,1
6583,0.2,1,1,0
6584,0.2,1,1,0
6585,0.2,1,1,1
6586,2.2,2,0,1
6587,0.2,3,0,0
6588,0.2,0,0,1
6589,0.2,2,0,1
6590,1.0,1,1,1
6591,0.2,1,0,0
6592,0.2,3,1,1
6593,0.2,2,0,0
6594,0.2,2,1,1
6595,0.2,2,1,1
6596,0.2,3,1,1
6597,0.2,2,0,0
6598,0.2,0,0,0
6599,0.2,3,0,0
6600,2.2,1,0,1
6601,0.2,2,1,0
6602,0.2,2,1,1
6603,1.0,2,1,1
6604,1.0,0,1,1
6605,1.0,1,0,1
6606,0.2,2,0,0
6607,0.2,2,0,0
6608,0.2,1,1,1
6609,0.2,2,1,1
6610,0.2,2,1,1
6611,0.2,1,1,1
6612,1.0,1,0,0
6613,0.2,1,1,1
6614,0.2,1,0,0
6615,0.2,1,0,0
6616,0.2,1,1,1
6617,0.2,3,0,0
6618,0.2,1,1,1
6619,0.2,2,0,0
6620,0.2,1,0,1
6621,0.2,2,0,0
6622,2.2,2,1,1
6623,0.2,2,1,1
6624,0.2,2,0,0
6625,0.2,2,1,1
6626,0.2,1,0,0
6627,0.2,1,1,1
6628,0.2,2,0,0
6629,0.2,1,1,1
6630,0.2,3,1,1
6631,1.0,2,1,1
6632,1.0,2,1,1
6633,0.2,3,0,0
6634,0.2,1,0,0
6635,0.2,1,0,0
6636,0.2,1,0,0
6637,0.2,1,1,1
6638,0.2,2,0,0
6639,0.2,1,1,0
6640,0.2,2,0,1
6641,0.2,2,1,1
6642,0.2,1,0,0
6643,0.2,1,1,1
6644,0.2,0,1,1
6645,0.2,1,1,1
6646,0.2,3,0,0
6647,0.2,1,0,1
6648,0.2,0,0,0
6649,0.2,1,0,1
6650,1.0,1,0,0
6651,0.2,1,1,1
6652,1.0,3,0,0
6653,0.2,2,1,1
6654,0.2,2,0,0
6655,0.2,2,1,0
6656,1.0,2,0,1
6657,0.2,1,1,1
6658,0.2,1,0,0
6659,0.2,1,1,1
6660,0.2,3,0,1
6661,0.2,2,1,0
6662,0.2,2,1,1
6663,0.2,2,0,0
6664,0.2,1,0,0
6665,1.0,3,0,0
6666,0.2,2,0,0
6667,0.2,1,1,0
6668,1.0,2,1,1
6669,0.2,1,0,0
6670,1.0,3,0,0
6671,1.0,1,0,1
6672,0.2,2,1,1
6673,0.2,2,1,1
6674,0.2,2,0,0
6675,0.2,1,1,1
6676,1.0,1,0,0
6677,1.0,1,1,1
6678,0.2,2,0,0
6679,0.2,2,0,0
6680,0.2,0,1,1
6681,0.2,0,0,0
6682,0.2,1,0,0
6683,0.2,1,1,0
6684,0.2,2,0,0
6685,1.0,1,1,1
6686,0.2,1,1,1
6687,0.2,1,0,0
6688,0.2,1,1,1
6689,2.2,2,1,1
6690,0.2,2,0,0
6691,0.2,1,0,0
6692,0.2,2,0,0
6693,0.2,3,1,0
6694,0.2,1,1,1
6695,0.2,2,0,0
6696,1.0,2,0,1
6697,0.2,0,1,1
6698,0.2,0,0,1
6699,1.0,0,1,1
6700,0.2,2,0,0
6701,0.2,2,1,0
6702,0.2,1,1,0
6703,0.2,2,0,0
6704,0.2,3,0,0
6705,0.2,2,0,0
6706,1.0,1,0,0
6707,0.2,3,1,0
6708,0.2,3,1,1
6709,1.0,3,0,0
6710,0.2,1,1,1
6711,1.0,1,0,1
6712,1.0,1,0,0
6713,0.2,3,0,0
6714,0.2,3,1,0
6715,1.0,1,1,1
6716,0.2,1,1,1
6717,0.2,1,0,0
6718,1.0,2,0,1
6719,0.2,0,1,0
6720,0.2,2,0,0
6721,2.2,1,1,1
6722,1.0,0,0,1
6723,1.0,1,0,0
6724,0.2,2,0,0
6725,0.2,1,0,0
6726,0.2,3,0,0
6727,1.0,1,0,1
6728,0.2,2,0,0
6729,0.2,1,0,1
6730,1.0,0,0,0
6731,0.2,0,1,1
6732,1.0,3,0,1
6733,0.2,1,0,0
6734,0.2,1,1,1
6735,0.2,2,1,0
6736,1.0,1,1,1
6737,0.2,2,0,0
6738,0.2,1,0,0
6739,0.2,3,1,1
6740,1.0,0,0,0
6741,2.2,1,1,1
6742,0.2,2,0,0
6743,0.2,1,0,0
6744,0.2,2,1,0
6745,0.2,2,1,0
6746,0.2,1,0,0
6747,0.2,1,1,0
6748,0.2,1,0,0
6749,1.0,1,1,1
6750,0.2,1,1,1
6751,0.2,3,0,0
6752,1.0,2,0,1
6753,1.0,2,0,1
6754,0.2,2,0,0
6755,1.0,2,0,1
6756,0.2,2,1,1
6757,1.0,2,1,0
6758,0.2,1,1,0
6759,0.2,0,0,0
6760,0.2,1,1,1
6761,0.2,0,1,1
6762,0.2,0,1,1
6763,0.2,1,1,1
6764,0.2,1,1,1
6765,0.2,2,0,0
6766,0.2,2,1,1
6767,0.2,2,0,0
6768,0.2,3,0,0
6769,0.2,0,0,1
6770,0.2,1,0,0
6771,0.2,2,1,1
6772,1.0,3,1,1
6773,1.0,1,0,0
6774,0.2,1,0,0
6775,0.2,1,1,1
6776,0.2,3,0,0
6777,0.2,2,0,0
6778,1.0,1,0,0
6779,0.2,1,0,0
6780,0.2,1,0,0
6781,0.2,1,0,0
6782,1.0,2,0,0
6783,0.2,1,0,0
6784,1.0,2,0,1
6785,1.0,1,1,1
6786,0.2,2,1,0
6787,0.2,0,0,1
6788,0.2,1,0,0
6789,0.2,2,0,0
6790,0.2,1,0,0
6791,1.0,0,0,1
6792,0.2,2,0,0
6793,1.0,2,1,1
6794,0.2,1,0,0
6795,0.2,0,0,1
6796,1.0,1,1,1
6797,1.0,3,0,1
6798,1.0,0,0,0
6799,0.2,2,0,0
6800,0.2,1,0,1
6801,1.0,1,0,0
6802,1.0,2,1,1
6803,0.2,2,1,0
6804,3.0,1,1,1
6805,0.2,2,0,0
6806,0.2,2,1,0
6807,0.2,1,0,0
6808,0.2,2,0,0
6809,0.2,2,1,1
6810,0.2,1,0,0
6811,0.2,0,0,1
6812,1.0,1,1,1
6813,0.2,0,1,0
6814,0.2,0,0,1
6815,0.2,2,1,0
6816,1.0,1,0,1
6817,0.2,2,0,0
6818,0.2,2,1,1
6819,0.2,2,0,1
6820,0.2,1,0,0
6821,0.2,0,1,1
6822,0.2,0,1,1
6823,0.2,3,1,1
6824,1.0,2,0,0
6825,0.2,1,0,0
6826,0.2,1,0,0
6827,0.2,1,1,1
6828,0.2,1,1,1
6829,0.2,0,0,0
6830,0.2,2,0,0
6831,0.2,3,1,1
6832,0.2,1,0,0
6833,0.2,2,1,1
6834,2.2,0,0,1
6835,0.2,1,0,0
6836,0.2,1,0,0
6837,0.2,2,0,0
6838,0.2,1,0,0
6839,0.2,1,0,0
6840,0.2,1,1,0
6841,0.2,1,1,1
6842,1.0,1,0,1
6843,0.2,0,1,1
6844,0.2,1,1,1
6845,0.2,3,0,0
6846,0.2,0,1,1
6847,0.2,2,1,1
6848,0.2,2,1,1
6849,0.2,0,0,0
6850,0.2,1,0,0
6851,0.2,1,1,1
6852,1.0,3,1,1
6853,0.2,1,0,0
6854,0.2,1,0,0
6855,0.2,1,1,1
6856,1.0,1,0,1
6857,0.2,3,1,0
6858,0.2,1,0,0
6859,0.2,2,1,0
6860,0.2,2,1,0
6861,0.2,0,0,1
6862,0.2,1,1,1
6863,0.2,3,0,0
6864,0.2,2,1,1
6865,0.2,0,0,0
6866,0.2,1,1,1
6867,1.0,3,1,1
6868,0.2,3,0,0
6869,1.0,3,1,1
6870,1.0,1,1,1
6871,0.2,1,0,0
6872,0.2,2,1,1
6873,0.2,1,0,0
6874,0.2,2,0,0
6875,1.0,1,1,1
6876,1.0,2,1,0
6877,0.2,0,0,0
6878,0.2,2,0,0
6879,0.2,2,0,0
6880,0.2,2,0,1
6881,0.2,3,1,0
6882,0.2,2,1,0
6883,0.2,2,0,0
6884,1.0,1,1,1
6885,0.2,1,0,0
6886,1.0,1,1,1
6887,1.0,2,0,0
6888,0.2,2,0,0
6889,1.0,0,1,1
6890,0.2,2,0,0
6891,0.2,1,0,0
6892,0.2,0,1,1
6893,0.2,0,1,1
6894,0.2,2,1,0
6895,0.2,1,0,1
6896,0.2,2,1,1
6897,0.2,1,1,1
6898,0.2,3,0,0
6899,0.2,1,0,1
6900,0.2,1,0,0
6901,1.0,1,0,1
6902,0.2,3,0,0
6903,0.2,1,0,1
6904,2.2,1,1,1
6905,0.2,0,0,1
6906,0.2,1,0,0
6907,0.2,2,1,0
6908,1.0,2,1,1
6909,0.2,1,1,1
6910,0.2,2,1,0
6911,0.2,1,1,0
6912,1.0,1,1,1
6913,1.0,2,0,1
6914,0.2,2,0,0
6915,0.2,1,0,0
6916,0.2,3,0,0
6917,0.2,2,0,0
6918,3.0,0,1,1
6919,0.2,1,0,0
6920,0.2,1,1,1
6921,0.2,3,0,0
6922,0.2,1,0,0
6923,0.2,2,1,0
6924,0.2,2,0,0
6925,0.2,0,0,0
6926,0.2,3,1,1
6927,0.2,1,1,1
6928,0.2,0,1,1
6929,0.2,2,1,1
6930,0.2,1,1,1
6931,0.2,1,1,0
6932,0.2,3,1,0
6933,0.2,2,1,0
6934,0.2,2,0,0
6935,0.2,1,1,1
6936,0.2,2,1,1
6937,0.2,0,1,1
6938,0.2,1,1,1
6939,0.2,0,0,1
6940,0.2,1,1,1
6941,0.2,2,0,0
6942,0.2,2,1,1
6943,1.0,2,0,0
6944,0.2,3,0,0
6945,0.2,3,0,0
6946,0.2,1,0,0
6947,0.2,1,0,1
6948,0.2,1,1,1
6949,0.2,3,1,1
6950,0.2,0,1,1
6951,0.2,2,1,0
6952,0.2,2,1,1
6953,0.2,1,1,0
6954,0.2,0,1,1
6955,0.2,0,1,0
6956,0.2,3,0,0
6957,0.2,1,0,0
6958,0.2,2,0,0
6959,0.2,1,0,0
6960,0.2,3,1,1
6961,0.2,0,0,1
6962,0.2,2,0,1
6963,0.2,3,1,0
6964,1.0,0,0,0
6965,0.2,2,1,0
6966,1.0,0,1,1
6967,0.2,2,0,1
6968,1.0,1,0,1
6969,1.0,1,0,0
6970,0.2,0,0,0
6971,0.2,1,0,0
6972,0.2,2,1,1
6973,0.2,2,0,0
6974,0.2,0,1,1
6975,1.0,1,0,1
6976,0.2,3,0,0
6977,0.2,1,1,0
6978,0.2,1,1,1
6979,1.0,3,0,1
6980,0.2,2,1,0
6981,0.2,2,1,1
6982,1.0,0,1,1
6983,1.0,3,0,0
6984,0.2,2,0,0
6985,0.2,0,1,1
6986,0.2,3,0,0
6987,0.2,1,0,0
6988,1.0,1,1,1
6989,0.2,2,1,1
6990,0.2,2,1,1
6991,0.2,2,0,0
6992,0.2,1,1,0
6993,0.2,2,1,0
6994,0.2,3,1,1
6995,0.2,1,1,1
6996,0.2,3,1,1
6997,2.2,1,0,1
6998,1.0,3,0,1
6999,1.0,2,1,1
7000,0.2,2,0,0
7001,0.2,2,0,0
7002,0.2,0,1,1
7003,0.2,2,1,1
7004,0.2,2,0,0
7005,0.2,1,1,1
7006,0.2,1,0,0
7007,0.2,1,1,1
7008,1.0,2,1,1
7009,0.2,2,1,0
7010,0.2,2,1,1
7011,0.2,2,0,0
7012,1.0,3,1,1
7013,0.2,2,0,0
7014,0.2,2,1,0
7015,1.0,2,1,1
7016,0.2,0,0,0
7017,0.2,2,1,1
7018,1.0,3,0,1
7019,0.2,1,0,0
7020,0.2,0,0,0
7021,1.0,1,0,0
7022,0.2,1,1,1
7023,0.2,2,1,1
7024,2.2,2,0,1
7025,0.2,1,1,1
7026,0.2,1,0,0
7027,0.2,2,1,1
7028,0.2,3,0,0
7029,0.2,2,0,0
7030,1.0,3,0,0
7031,1.0,1,0,0
7032,0.2,2,1,1
7033,0.2,3,1,1
7034,0.2,3,1,1
7035,0.2,2,0,0
7036,0.2,1,1,1
7037,0.2,2,1,1
7038,2.2,1,0,0
7039,1.0,2,0,1
7040,0.2,2,1,1
7041,0.2,0,0,0
7042,0.2,0,1,0
7043,1.0,2,0,0
7044,2.2,1,0,1
7045,0.2,0,1,1
7046,1.0,1,1,1
7047,0.2,1,1,1
7048,0.2,1,1,0
7049,0.2,2,0,0
7050,0.2,2,1,1
7051,0.2,1,0,0
7052,0.2,3,0,0
7053,1.0,2,0,1
7054,0.2,3,1,0
7055,0.2,1,1,1
7056,0.2,2,1,0
7057,1.0,2,1,1
7058,0.2,1,1,0
7059,1.0,2,1,1
7060,0.2,1,1,1
7061,0.2,3,0,0
7062,1.0,2,1,1
7063,0.2,2,1,1
7064,1.0,1,1,1
7065,0.2,1,0,0
7066,1.0,1,1,1
7067,0.2,2,1,1
7068,0.2,1,0,0
7069,0.2,1,0,0
7070,0.2,1,1,1
7071,0.2,2,0,0
7072,0.2,2,0,0
7073,0.2,1,1,1
7074,0.2,2,0,0
7075,0.2,2,0,0
7076,0.2,2,0,0
7077,0.2,2,1,0
7078,0.2,1,1,1
7079,0.2,1,0,0
7080,0.2,2,1,0
7081,0.2,3,0,0
7082,0.2,2,1,0
7083,0.2,1,1,0
7084,1.0,1,1,1
7085,1.0,0,0,1
7086,0.2,1,1,0
7087,0.2,2,0,0
7088,1.0,1,1,1
7089,1.0,1,0,1
7090,0.2,1,0,1
7091,0.2,2,1,1
7092,0.2,2,1,1
7093,0.2,1,1,1
7094,0.2,2,1,1
7095,1.0,1,1,1
7096,0.2,1,0,0
7097,1.0,1,0,0
7098,0.2,1,0,0
7099,1.0,1,1,1
7100,1.0,1,1,1
7101,0.2,2,0,0
7102,0.2,1,0,1
7103,0.2,1,1,1
7104,0.2,2,0,1
7105,0.2,1,1,1
7106,0.2,2,1,1
7107,1.0,2,1,1
7108,0.2,3,0,0
7109,1.0,1,1,1
7110,0.2,0,1,0
7111,0.2,3,0,0
7112,0.2,2,1,1
7113,0.2,1,0,0
7114,0.2,1,1,1
7115,0.2,1,1,1
7116,0.2,3,1,0
7117,0.2,2,0,1
7118,0.2,2,0,1
7119,0.2,0,1,1
7120,0.2,2,1,1
7121,0.2,1,1,1
7122,0.2,2,1,1
7123,0.2,1,0,0
7124,1.0,2,1,1
7125,1.0,2,1,1
7126,0.2,2,0,0
7127,0.2,1,0,0
7128,0.2,2,1,1
7129,0.2,0,1,0
7130,0.2,0,1,1
7131,0.2,2,1,1
7132,1.0,2,1,1
7133,0.2,2,1,1
7134,2.2,0,1,1
7135,0.2,1,0,0
7136,0.2,2,0,0
7137,1.0,3,0,0
7138,1.0,2,1,1
7139,0.2,2,1,0
7140,0.2,2,1,1
7141,0.2,2,1,1
7142,1.0,1,0,0
7143,0.2,1,0,0
7144,0.2,2,1,0
7145,0.2,0,0,0
7146,0.2,1,1,0
7147,0.2,1,1,1
7148,0.2,2,0,0
7149,1.0,1,1,1
7150,0.2,1,0,0
7151,0.2,1,0,0
7152,0.2,1,0,0
7153,0.2,3,0,0
7154,0.2,0,0,1
7155,1.0,3,1,1
7156,0.2,3,1,0
7157,0.2,1,0,0
7158,1.0,1,0,1
7159,1.0,0,0,1
7160,1.0,2,0,0
7161,0.2,2,1,0
7162,0.2,2,1,1
7163,0.2,1,1,1
7164,0.2,0,1,1
7165,1.0,0,0,0
7166,0.2,2,1,0
7167,1.0,1,0,0
7168,0.2,3,0,0
7169,0.2,2,1,0
7170,1.0,2,1,1
7171,1.0,3,1,1
7172,1.0,1,0,1
7173,0.2,1,0,0
7174,0.2,0,1,0
7175,0.2,2,0,0
7176,0.2,0,1,1
7177,1.0,2,1,1
7178,0.2,2,0,0
7179,1.0,1,0,0
7180,1.0,0,0,1
7181,0.2,0,0,0
7182,1.0,3,1,1
7183,0.2,2,0,0
7184,1.0,1,1,1
7185,0.2,3,1,1
7186,0.2,1,0,0
7187,1.0,1,1,1
7188,0.2,1,1,0
7189,0.2,0,1,1
7190,0.2,2,1,1
7191,1.0,1,1,1
7192,1.0,3,0,0
7193,1.0,2,0,1
7194,0.2,2,0,0
7195,1.0,3,0,0
7196,0.2,2,0,0
7197,1.0,0,1,1
7198,0.2,0,0,0
7199,0.2,2,1,0
7200,0.2,3,0,0
7201,0.2,1,1,0
7202,1.0,1,0,1
7203,0.2,2,0,0
7204,0.2,1,1,1
7205,1.0,1,0,0
7206,2.2,2,1,1
7207,0.2,2,1,1
7208,0.2,2,1,1
7209,0.2,1,0,0
7210,0.2,0,0,1
7211,0.2,1,0,0
7212,0.2,1,0,0
7213,0.2,2,1,1
7214,0.2,1,1,0
7215,0.2,1,1,0
7216,0.2,0,0,0
7217,0.2,2,1,1
7218,0.2,2,1,0
7219,0.2,2,1,0
7220,0.2,2,1,1
7221,0.2,1,1,1
7222,0.2,1,0,0
7223,0.2,2,1,0
7224,1.0,2,1,1
7225,0.2,2,1,0
7226,0.2,0,0,1
7227,0.2,2,0,0
7228,0.2,1,0,0
7229,0.2,2,0,0
7230,0.2,0,1,1
7231,0.2,1,1,1
7232,0.2,2,1,1
7233,0.2,1,1,1
7234,0.2,1,1,1
7235,0.2,1,1,0
7236,1.0,3,1,0
7237,0.2,2,0,0
7238,0.2,3,0,0
7239,0.2,2,1,0
7240,0.2,1,0,0
7241,0.2,2,1,1
7242,0.2,0,0,0
7243,0.2,2,0,0
7244,1.0,2,0,0
7245,0.2,1,1,1
7246,0.2,1,1,1
7247,0.2,3,1,0
7248,1.0,1,0,1
7249,0.2,0,0,1
7250,0.2,1,0,0
7251,1.0,2,1,1
7252,0.2,3,0,0
7253,0.2,1,1,0
7254,0.2,2,1,1
7255,1.0,0,1,0
7256,0.2,1,1,0
7257,0.2,1,1,1
7258,0.2,0,1,1
7259,1.0,0,0,1
7260,1.0,1,0,0
7261,1.0,1,1,1
7262,1.0,1,0,1
7263,0.2,1,1,1
7264,0.2,1,0,0
7265,0.2,2,0,0
7266,2.2,1,0,1
7267,1.0,1,0,1
7268,0.2,2,1,0
7269,0.2,3,0,0
7270,0.2,1,1,1
7271,0.2,3,1,1
7272,0.2,2,1,1
7273,0.2,3,1,1
7274,0.2,2,1,0
7275,0.2,2,0,0
7276,0.2,2,0,0
7277,0.2,2,1,1
7278,1.0,1,0,1
7279,0.2,1,0,1
7280,0.2,2,0,0
7281,0.2,2,1,0
7282,0.2,1,1,1
7283,1.0,1,1,1
7284,0.2,2,0,1
7285,0.2,2,0,0
7286,0.2,3,1,1
7287,0.2,1,1,0
7288,0.2,2,0,0
7289,0.2,2,0,0
7290,2.2,1,1,1
7291,0.2,2,0,0
7292,1.0,0,1,1
7293,0.2,2,0,0
7294,0.2,2,0,0
7295,0.2,3,1,1
7296,0.2,1,0,0
7297,0.2,1,0,0
7298,0.2,1,0,1
7299,0.2,1,1,0
7300,0.2,2,1,1
7301,0.2,1,0,0
7302,0.2,1,0,0
7303,0.2,1,0,0
7304,0.2,2,0,0
7305,0.2,0,1,1
7306,0.2,2,1,0
7307,0.2,0,0,1
7308,0.2,1,1,0
7309,0.2,1,0,0
7310,0.2,3,0,0
7311,0.2,1,0,0
7312,0.2,0,1,1
7313,0.2,2,0,0
7314,0.2,0,1,1
7315,0.2,1,1,1
7316,1.0,2,0,0
7317,1.0,1,1,1
7318,0.2,3,0,0
7319,0.2,1,0,0
7320,0.2,1,1,1
7321,0.2,2,0,0
7322,0.2,1,1,0
7323,0.2,1,1,1
7324,0.2,1,0,0
7325,0.2,2,0,0
7326,0.2,2,1,1
7327,0.2,0,0,0
7328,0.2,2,0,0
7329,0.2,1,0,0
7330,0.2,0,0,1
7331,0.2,1,1,1
7332,0.2,2,0,1
7333,0.2,1,0,0
7334,1.0,1,1,1
7335,0.2,3,1,1
7336,0.2,1,0,0
7337,0.2,3,0,0
7338,1.0,1,1,1
7339,1.0,2,1,1
7340,0.2,2,1,1
7341,1.0,2,1,1
7342,0.2,0,1,1
7343,1.0,1,0,0
7344,0.2,1,1,1
7345,1.0,2,1,1
7346,1.0,1,1,1
7347,0.2,0,1,1
7348,0.2,3,1,0
7349,0.2,1,1,1
7350,0.2,0,0,1
7351,0.2,0,0,0
7352,0.2,2,0,0
7353,0.2,1,1,1
7354,1.0,2,0,0
7355,0.2,1,0,1
7356,0.2,2,0,0
7357,0.2,1,1,1
7358,0.2,0,1,1
7359,0.2,2,1,0
7360,1.0,0,1,1
7361,0.2,1,0,0
7362,0.2,2,1,1
7363,0.2,2,0,0
7364,0.2,0,1,1
7365,1.0,1,1,1
7366,0.2,1,1,1
7367,0.2,2,0,0
7368,0.2,3,0,0
7369,1.0,2,1,1
7370,0.2,3,0,1
7371,0.2,1,0,0
7372,0.2,1,1,1
7373,1.0,1,0,1
7374,0.2,1,0,1
7375,0.2,1,1,1
7376,0.2,2,1,1
7377,1.0,1,0,1
7378,0.2,1,0,0
7379,0.2,3,0,0
7380,0.2,1,0,1
7381,0.2,1,0,0
7382,1.0,0,1,1
7383,1.0,1,0,1
7384,0.2,2,0,0
7385,0.2,1,0,1
7386,0.2,3,0,0
7387,0.2,0,1,1
7388,1.0,3,1,1
7389,0.2,3,0,0
7390,0.2,1,0,0
7391,0.2,1,0,0
7392,0.2,3,0,0
7393,1.0,0,1,1
7394,1.0,2,1,1
7395,2.2,2,0,1
7396,1.0,2,1,1
7397,1.0,1,1,1
7398,0.2,2,1,1
7399,0.2,1,0,0
7400,0.2,2,1,1
7401,0.2,1,1,1
7402,0.2,3,1,1
7403,0.2,1,1,0
7404,0.2,3,0,0
7405,0.2,1,0,0
7406,0.2,2,0,0
7407,1.0,1,0,1
7408,1.0,1,1,1
7409,0.2,3,1,0
7410,0.2,1,1,1
7411,0.2,1,0,0
7412,0.2,1,0,0
7413,0.2,3,0,0
7414,1.0,0,0,1
7415,0.2,3,1,1
7416,0.2,3,1,0
7417,0.2,1,0,0
7418,0.2,3,0,0
7419,1.0,2,0,1
7420,1.0,1,1,1
7421,0.2,3,0,0
7422,1.0,3,1,1
7423,0.2,0,1,1
7424,0.2,1,0,0
7425,1.0,1,1,1
7426,1.0,2,0,1
7427,0.2,1,1,1
7428,0.2,2,0,0
7429,1.0,1,1,0
7430,0.2,1,0,0
7431,0.2,0,0,0
7432,0.2,0,1,1
7433,0.2,1,0,0
7434,0.2,3,1,1
7435,1.0,2,1,1
7436,0.2,2,0,0
7437,0.2,1,0,0
7438,0.2,1,1,1
7439,0.2,1,0,0
7440,1.0,2,0,0
7441,2.2,0,1,1
7442,2.2,2,1,1
7443,0.2,0,1,1
7444,0.2,0,0,1
7445,0.2,1,0,0
7446,0.2,1,1,1
7447,0.2,2,1,1
7448,0.2,1,1,1
7449,0.2,3,1,1
7450,0.2,1,1,1
7451,0.2,2,0,0
7452,0.2,1,0,0
7453,0.2,1,0,0
7454,0.2,2,1,0
7455,0.2,2,0,0
7456,0.2,0,1,1
7457,0.2,0,1,1
7458,1.0,2,0,1
7459,0.2,1,0,1
7460,0.2,0,1,1
7461,2.2,3,1,1
7462,0.2,1,0,0
7463,0.2,3,0,0
7464,0.2,0,0,0
7465,1.0,0,1,1
7466,1.0,0,1,1
7467,0.2,1,0,0
7468,0.2,1,0,0
7469,0.2,1,0,0
7470,0.2,2,0,0
7471,0.2,1,0,1
7472,0.2,0,1,1
7473,0.2,3,1,0
7474,0.2,2,1,1
7475,0.2,3,0,0
7476,0.2,3,1,1
7477,0.2,2,1,0
7478,1.0,1,0,0
7479,0.2,3,0,0
7480,0.2,2,1,1
7481,0.2,0,0,0
7482,0.2,2,1,1
7483,0.2,1,1,1
7484,0.2,2,1,1
7485,0.2,1,0,0
7486,1.0,0,0,1
7487,0.2,0,0,0
7488,0.2,2,0,0
7489,1.0,2,0,1
7490,0.2,1,0,0
7491,0.2,2,0,0
7492,1.0,3,1,1
7493,0.2,1,1,0
7494,0.2,2,0,0
7495,0.2,1,1,0
7496,0.2,1,1,1
7497,0.2,2,0,0
7498,0.2,0,1,1
7499,0.2,1,1,1
7500,0.2,1,1,1
7501,1.0,1,0,1
7502,0.2,2,1,1
7503,0.2,3,1,1
7504,0.2,2,1,1
7505,0.2,2,1,1
7506,0.2,0,1,1
7507,0.2,1,1,1
7508,0.2,2,0,0
7509,0.2,1,1,1
7510,0.2,2,1,1
7511,0.2,3,1,1
7512,0.2,2,0,0
7513,0.2,2,1,0
7514,0.2,3,1,1
7515,0.2,3,1,0
7516,0.2,3,0,0
7517,1.0,3,1,1
7518,1.0,2,1,1
7519,0.2,2,1,1
7520,0.2,2,1,1
7521,0.2,2,0,0
7522,0.2,3,0,0
7523,0.2,1,0,0
7524,0.2,1,1,1
7525,0.2,0,0,0
7526,0.2,1,0,0
7527,0.2,3,1,1
7528,0.2,2,0,0
7529,0.2,1,1,0
7530,1.0,1,0,1
7531,0.2,3,0,0
7532,2.2,0,1,1
7533,1.0,2,1,1
7534,0.2,2,0,0
7535,0.2,2,0,1
7536,1.0,1,0,0
7537,0.2,1,1,0
7538,0.2,2,1,1
7539,0.2,1,0,0
7540,0.2,3,1,0
7541,0.2,1,0,1
7542,0.2,3,1,1
7543,1.0,1,0,1
7544,1.0,1,0,0
7545,0.2,3,0,0
7546,0.2,2,1,1
7547,1.0,2,1,1
7548,2.2,1,1,1
7549,0.2,0,0,0
7550,0.2,3,0,0
7551,0.2,0,1,0
7552,1.0,3,0,0
7553,0.2,3,0,0
7554,0.2,1,1,0
7555,0.2,1,0,0
7556,1.0,2,1,1
7557,0.2,1,0,1
7558,1.0,3,1,1
7559,0.2,1,0,0
7560,2.2,1,1,1
7561,1.0,2,0,1
7562,0.2,1,0,0
7563,0.2,2,1,0
7564,0.2,3,1,1
7565,0.2,1,0,1
7566,1.0,1,1,1
7567,0.2,2,1,1
7568,0.2,0,0,0
7569,1.0,1,0,1
7570,1.0,2,0,0
7571,0.2,1,1,1
7572,1.0,2,1,0
7573,0.2,2,0,0
7574,0.2,1,1,1
7575,1.0,2,1,1
7576,1.0,1,1,1
7577,0.2,2,0,0
7578,1.0,1,0,1
7579,0.2,2,1,0
7580,0.2,1,0,1
7581,1.0,2,0,1
7582,0.2,2,0,0
7583,0.2,2,1,1
7584,0.2,2,1,1
7585,0.2,2,1,1
7586,0.2,1,0,0
7587,0.2,1,0,0
7588,1.0,0,0,0
7589,0.2,2,0,0
7590,0.2,1,1,1
7591,1.0,0,0,1
7592,1.0,2,1,1
7593,1.0,2,1,1
7594,0.2,1,0,0
7595,1.0,2,1,1
7596,1.0,3,1,1
7597,0.2,1,0,1
7598,0.2,2,1,0
7599,1.0,1,1,1
7600,0.2,0,0,0
7601,0.2,1,0,1
7602,1.0,2,1,1
7603,1.0,2,1,1
7604,0.2,1,0,0
7605,0.2,1,1,1
7606,0.2,1,1,1
7607,0.2,1,1,1
7608,0.2,1,0,0
7609,0.2,0,0,0
7610,0.2,2,1,0
7611,0.2,2,1,1
7612,1.0,1,0,0
7613,0.2,1,1,0
7614,0.2,3,1,1
7615,0.2,2,1,0
7616,0.2,1,1,0
7617,0.2,1,0,0
7618,0.2,2,1,1
7619,1.0,2,0,0
7620,0.2,2,0,0
7621,0.2,2,1,1
7622,2.2,1,1,1
7623,1.0,2,1,1
7624,0.2,2,0,1
7625,0.2,2,1,1
7626,0.2,1,0,0
7627,0.2,1,1,1
7628,0.2,2,1,1
7629,0.2,2,1,1
7630,0.2,1,1,1
7631,0.2,2,0,0
7632,0.2,2,1,0
7633,0.2,2,0,0
7634,1.0,2,1,1
7635,3.4000000000000004,2,0,1
7636,1.0,2,0,1
7637,0.2,0,0,0
7638,0.2,0,0,0
7639,0.2,2,1,1
7640,0.2,0,0,0
7641,0.2,2,0,0
7642,0.2,1,1,1
7643,0.2,0,0,0
7644,0.2,0,0,0
7645,0.2,2,0,0
7646,0.2,1,1,1
7647,0.2,2,0,0
7648,1.0,2,1,1
7649,0.2,1,0,0
7650,0.2,2,0,0
7651,0.2,1,1,1
7652,0.2,3,1,0
7653,1.0,0,1,1
7654,0.2,0,1,0
7655,0.2,2,0,0
7656,0.2,3,0,0
7657,0.2,1,1,0
7658,0.2,3,1,1
7659,0.2,2,1,1
7660,0.2,2,1,1
7661,0.2,1,1,0
7662,0.2,2,1,1
7663,0.2,0,1,1
7664,1.0,1,1,1
7665,2.2,1,0,1
7666,0.2,1,0,0
7667,0.2,3,1,0
7668,0.2,0,1,1
7669,1.0,1,1,1
7670,0.2,3,1,1
7671,0.2,2,1,0
7672,1.0,3,0,1
7673,0.2,1,1,1
7674,0.2,1,1,1
7675,1.0,1,0,1
7676,0.2,2,1,1
7677,1.0,3,1,1
7678,3.0,2,1,1
7679,0.2,1,0,1
7680,1.0,1,1,1
7681,0.2,2,1,0
7682,0.2,2,0,0
7683,1.0,2,1,1
7684,0.2,2,1,0
7685,0.2,2,1,1
7686,0.2,3,1,0
7687,0.2,2,0,0
7688,0.2,0,1,0
7689,1.0,1,1,1
7690,0.2,3,1,0
7691,0.2,1,1,0
7692,0.2,2,1,1
7693,0.2,2,0,0
7694,0.2,3,0,0
7695,0.2,2,1,1
7696,0.2,1,0,0
7697,1.0,1,0,1
7698,1.0,1,1,1
7699,0.2,2,0,0
7700,0.2,2,0,0
7701,1.0,2,0,0
7702,0.2,0,1,1
7703,0.2,2,0,1
7704,0.2,1,0,0
7705,0.2,2,0,0
7706,0.2,2,1,1
7707,1.0,3,0,1
7708,0.2,3,0,0
7709,0.2,1,0,0
7710,1.0,1,0,1
7711,0.2,1,1,1
7712,0.2,3,1,0
7713,0.2,1,0,0
7714,1.0,1,0,1
7715,1.0,2,0,1
7716,0.2,2,1,0
7717,1.0,1,0,1
7718,0.2,2,1,1
7719,0.2,1,0,0
7720,1.0,1,0,1
7721,0.2,1,1,1
7722,0.2,1,1,1
7723,0.2,3,1,0
7724,0.2,1,1,1
7725,0.2,1,1,1
7726,0.2,2,0,0
7727,0.2,1,0,0
7728,0.2,2,0,0
7729,0.2,2,1,1
7730,0.2,1,0,0
7731,0.2,0,0,1
7732,0.2,2,1,0
7733,0.2,1,0,0
7734,0.2,3,0,0
7735,0.2,1,0,0
7736,0.2,1,1,1
7737,0.2,1,1,1
7738,0.2,2,1,1
7739,0.2,1,1,1
7740,0.2,1,1,1
7741,0.2,2,1,0
7742,1.0,2,1,1
7743,0.2,3,0,0
7744,0.2,1,0,0
7745,1.0,3,1,1
7746,0.2,2,1,0
7747,0.2,1,0,0
7748,0.2,3,1,1
7749,0.2,1,0,0
7750,0.2,0,0,0
7751,0.2,1,0,0
7752,0.2,1,1,1
7753,0.2,1,1,1
7754,0.2,3,1,0
7755,1.0,1,1,0
7756,0.2,2,0,0
7757,0.2,2,1,1
7758,0.2,3,0,0
7759,0.2,1,0,0
7760,0.2,2,0,0
7761,1.0,2,0,0
7762,0.2,1,0,0
7763,0.2,2,1,1
7764,0.2,3,1,1
7765,1.0,3,0,0
7766,0.2,3,0,0
7767,1.0,1,1,1
7768,0.2,2,0,0
7769,0.2,3,0,0
7770,0.2,3,1,0
7771,1.0,3,0,0
7772,0.2,3,1,0
7773,0.2,1,0,0
7774,0.2,2,1,0
7775,0.2,1,1,1
7776,0.2,0,1,0
7777,0.2,1,0,0
7778,0.2,2,1,1
7779,0.2,1,0,0
7780,1.0,1,1,1
7781,0.2,2,0,0
7782,0.2,3,1,1
7783,0.2,2,1,0
7784,1.0,1,0,1
7785,0.2,1,1,1
7786,0.2,2,0,0
7787,0.2,1,0,0
7788,0.2,1,1,1
7789,0.2,2,1,1
7790,0.2,2,1,1
7791,0.2,1,1,1
7792,0.2,1,0,0
7793,0.2,1,1,1
7794,1.0,1,1,1
7795,0.2,2,1,1
7796,0.2,1,0,0
7797,0.2,1,1,1
7798,0.2,2,0,0
7799,1.0,2,0,1
7800,0.2,2,1,1
7801,0.2,2,1,0
7802,0.2,2,1,0
7803,0.2,0,0,0
7804,0.2,1,1,1
7805,0.2,1,0,0
7806,0.2,2,1,1
7807,0.2,2,1,1
7808,0.2,1,0,0
7809,0.2,1,1,0
7810,0.2,1,1,0
7811,0.2,1,0,0
7812,1.0,1,1,1
7813,0.2,1,1,1
7814,1.0,3,0,0
7815,0.2,1,0,0
7816,0.2,2,1,1
7817,1.0,0,1,1
7818,0.2,2,0,0
7819,0.2,0,0,0
7820,0.2,3,1,1
7821,1.0,1,0,0
7822,0.2,2,1,1
7823,0.2,2,1,1
7824,0.2,0,1,1
7825,0.2,1,1,0
7826,0.2,2,1,1
7827,0.2,3,0,0
7828,0.2,1,1,1
7829,0.2,2,1,0
7830,0.2,2,1,1
7831,0.2,2,1,0
7832,0.2,2,1,1
7833,0.2,2,0,0
7834,0.2,0,0,0
7835,0.2,2,0,0
7836,2.2,2,0,1
7837,0.2,0,0,0
7838,0.2,2,1,0
7839,0.2,1,1,1
7840,0.2,2,1,1
7841,0.2,1,1,1
7842,0.2,2,1,1
7843,0.2,2,0,0
7844,0.2,1,1,1
7845,0.2,2,1,0
7846,1.0,2,0,0
7847,0.2,0,1,1
7848,0.2,1,1,1
7849,3.8,1,1,1
7850,0.2,1,1,0
7851,0.2,2,0,0
7852,0.2,1,1,0
7853,0.2,2,1,1
7854,0.2,2,0,0
7855,0.2,1,1,0
7856,0.2,2,0,0
7857,0.2,2,0,0
7858,0.2,2,0,0
7859,1.0,0,0,1
7860,0.2,1,1,1
7861,0.2,1,1,1
7862,0.2,1,1,1
7863,0.2,1,0,0
7864,0.2,1,0,0
7865,0.2,1,0,0
7866,0.2,3,0,0
7867,0.2,1,0,0
7868,0.2,2,1,1
7869,0.2,2,1,0
7870,0.2,1,0,0
7871,0.2,2,1,0
7872,0.2,2,1,1
7873,0.2,2,0,0
7874,0.2,2,0,1
7875,1.0,1,1,1
7876,0.2,2,1,1
7877,0.2,2,1,1
7878,1.0,1,0,0
7879,0.2,2,0,0
7880,0.2,1,1,1
7881,0.2,2,0,0
7882,0.2,2,0,0
7883,0.2,3,0,0
7884,0.2,3,0,0
7885,0.2,2,1,1
7886,0.2,1,0,0
7887,1.0,1,0,0
7888,0.2,2,0,0
7889,0.2,2,1,1
7890,1.0,2,1,1
7891,0.2,2,0,0
7892,0.2,2,1,1
7893,0.2,2,0,0
7894,0.2,2,1,1
7895,0.2,1,1,1
7896,0.2,1,0,0
7897,0.2,3,1,1
7898,1.0,3,1,1
7899,0.2,0,0,0
7900,1.0,2,0,0
7901,1.0,3,0,0
7902,0.2,2,0,0
7903,0.2,3,0,0
7904,0.2,2,0,0
7905,1.0,2,1,1
7906,0.2,1,1,1
7907,1.0,1,0,1
7908,0.2,0,0,1
7909,0.2,0,1,1
7910,0.2,3,1,1
7911,0.2,3,1,0
7912,0.2,2,1,1
7913,1.0,2,1,0
7914,0.2,0,0,0
7915,0.2,1,0,0
7916,0.2,1,1,1
7917,0.2,3,0,0
7918,1.0,2,1,0
7919,0.2,0,1,1
7920,0.2,2,1,1
7921,0.2,3,0,0
7922,0.2,2,1,1
7923,0.2,1,0,0
7924,0.2,2,1,0
7925,0.2,1,0,0
7926,0.2,0,0,0
7927,0.2,1,1,0
7928,0.2,2,1,1
7929,2.2,2,1,1
7930,0.2,2,1,1
7931,0.2,2,0,0
7932,0.2,3,0,0
7933,1.0,1,0,1
7934,1.0,1,1,1
7935,0.2,3,0,0
7936,1.0,1,0,0
7937,0.2,3,1,1
7938,0.2,1,1,1
7939,1.0,1,1,1
7940,0.2,1,0,0
7941,1.0,1,1,1
7942,1.0,2,0,0
7943,0.2,1,1,1
7944,0.2,1,0,0
7945,2.2,1,1,1
7946,0.2,3,1,0
7947,2.2,0,1,1
7948,0.2,3,1,1
7949,0.2,1,1,1
7950,0.2,3,1,1
7951,1.0,1,1,1
7952,1.0,3,1,1
7953,0.2,2,1,0
7954,0.2,1,0,0
7955,0.2,1,1,1
7956,1.0,3,1,1
7957,0.2,3,1,1
7958,0.2,2,0,0
7959,1.0,1,0,1
7960,0.2,1,0,0
7961,0.2,1,1,1
7962,0.2,3,1,1
7963,1.0,3,0,0
7964,1.0,2,0,0
7965,0.2,2,0,0
7966,1.0,2,1,1
7967,0.2,1,1,1
7968,0.2,2,1,0
7969,0.2,1,1,1
7970,0.2,2,1,1
7971,0.2,1,1,0
7972,0.2,1,0,0
7973,0.2,3,1,1
7974,0.2,2,1,1
7975,0.2,1,0,0
7976,0.2,3,0,0
7977,0.2,1,0,1
7978,1.0,3,0,0
7979,1.0,2,1,1
7980,0.2,1,0,1
7981,2.2,0,1,1
7982,0.2,0,0,0
7983,1.0,1,1,1
7984,1.0,2,1,1
7985,0.2,3,1,1
7986,0.2,1,0,1
7987,0.2,2,0,0
7988,0.2,0,0,0
7989,0.2,0,1,1
7990,0.2,1,1,1
7991,0.2,1,1,0
7992,0.2,1,1,1
7993,1.0,1,0,1
7994,0.2,2,0,0
7995,0.2,0,0,0
7996,0.2,0,0,1
7997,0.2,1,1,1
7998,0.2,0,1,1
7999,1.0,2,1,1
8000,1.0,2,0,0
8001,0.2,2,0,0
8002,0.2,2,1,0
8003,0.2,1,0,0
8004,0.2,0,1,1
8005,0.2,1,1,1
8006,1.0,2,1,1
8007,1.0,1,1,1
8008,0.2,3,1,1
8009,0.2,1,0,0
8010,1.0,1,0,1
8011,0.2,2,1,0
8012,0.2,1,0,0
8013,0.2,1,0,0
8014,0.2,0,1,1
8015,0.2,1,0,0
8016,1.0,1,1,1
8017,0.2,2,1,0
8018,0.2,2,1,1
8019,0.2,0,0,1
8020,1.0,1,1,1
8021,1.0,3,1,1
8022,1.0,1,0,1
8023,0.2,2,1,1
8024,0.2,2,0,0
8025,0.2,1,0,0
8026,0.2,1,0,0
8027,0.2,2,0,0
8028,0.2,2,1,1
8029,0.2,2,0,0
8030,0.2,2,1,1
8031,0.2,1,1,0
8032,0.2,3,1,1
8033,0.2,1,0,0
8034,1.0,2,0,0
8035,0.2,1,1,1
8036,1.0,3,1,0
8037,1.0,3,0,1
8038,0.2,3,1,1
8039,0.2,1,1,0
8040,0.2,2,0,0
8041,0.2,1,1,0
8042,0.2,0,1,1
8043,0.2,1,0,0
8044,0.2,3,0,0
8045,0.2,1,1,0
8046,0.2,0,1,1
8047,0.2,2,0,0
8048,0.2,2,1,0
8049,0.2,2,0,0
8050,0.2,2,0,0
8051,1.0,1,1,1
8052,0.2,2,0,0
8053,1.0,1,0,1
8054,1.0,1,0,1
8055,0.2,1,0,0
8056,1.0,1,1,1
8057,0.2,3,1,0
8058,0.2,1,0,0
8059,0.2,1,1,1
8060,1.0,1,1,1
8061,0.2,2,1,1
8062,0.2,1,1,1
8063,0.2,0,0,0
8064,0.2,2,1,1
8065,1.0,1,0,1
8066,0.2,2,1,1
8067,1.0,1,0,1
8068,0.2,0,1,1
8069,1.0,3,1,1
8070,0.2,1,0,0
8071,0.2,1,0,1
8072,0.2,1,0,0
8073,0.2,2,1,1
8074,1.0,2,1,1
8075,1.0,3,1,1
8076,0.2,1,1,1
8077,1.0,2,0,1
8078,0.2,2,1,1
8079,0.2,1,1,0
8080,0.2,2,1,1
8081,0.2,1,0,0
8082,1.0,2,1,0
8083,0.2,2,1,1
8084,0.2,1,0,0
8085,0.2,0,1,1
8086,1.0,3,1,1
8087,1.0,0,1,1
8088,0.2,0,0,0
8089,1.0,2,1,1
8090,1.0,2,0,1
8091,1.0,0,0,0
8092,0.2,0,0,1
8093,1.0,1,0,0
8094,3.4000000000000004,2,0,1
8095,0.2,2,1,1
8096,0.2,1,1,1
8097,1.0,1,0,1
8098,0.2,1,1,1
8099,1.0,1,1,1
8100,0.2,1,1,1
8101,0.2,3,1,0
8102,1.0,2,1,1
8103,2.2,2,0,1
8104,0.2,1,0,0
8105,0.2,3,1,1
8106,1.0,1,0,0
8107,0.2,0,0,0
8108,0.2,3,1,1
8109,0.2,2,0,0
8110,0.2,1,0,0
8111,0.2,2,1,1
8112,0.2,2,0,0
8113,0.2,1,0,0
8114,0.2,2,1,1
8115,0.2,0,0,0
8116,1.0,2,0,1
8117,1.0,2,0,0
8118,0.2,1,1,0
8119,0.2,1,1,1
8120,1.0,2,1,1
8121,0.2,2,0,0
8122,0.2,2,0,0
8123,0.2,2,0,1
8124,0.2,1,1,0
8125,1.0,3,1,1
8126,0.2,0,0,1
8127,0.2,3,1,1
8128,0.2,1,1,1
8129,0.2,0,1,1
8130,0.2,3,0,0
8131,0.2,2,1,1
8132,0.2,1,1,0
8133,1.0,2,1,1
8134,0.2,2,0,0
8135,0.2,1,1,1
8136,0.2,2,0,0
8137,0.2,1,1,0
8138,0.2,2,0,0
8139,0.2,2,0,0
8140,0.2,1,1,1
8141,0.2,3,1,1
8142,0.2,1,0,0
8143,1.0,2,1,1
8144,1.0,3,0,0
8145,0.2,2,0,0
8146,0.2,2,1,1
8147,0.2,1,1,0
8148,0.2,2,0,0
8149,0.2,1,0,1
8150,0.2,2,1,0
8151,0.2,1,0,0
8152,1.0,2,1,1
8153,0.2,2,0,0
8154,0.2,2,0,0
8155,0.2,3,1,0
8156,0.2,2,1,1
8157,0.2,2,0,0
8158,0.2,2,1,1
8159,1.0,1,1,1
8160,1.0,2,0,0
8161,0.2,3,1,1
8162,0.2,0,1,1
8163,2.2,2,1,1
8164,0.2,1,1,0
8165,1.0,2,1,1
8166,1.0,0,1,1
8167,1.0,2,0,0
8168,0.2,1,1,1
8169,0.2,0,1,1
8170,0.2,2,1,0
8171,0.2,2,0,0
8172,0.2,2,1,1
8173,0.2,2,1,1
8174,1.0,3,0,0
8175,0.2,1,1,1
8176,1.0,3,0,0
8177,0.2,1,0,0
8178,0.2,1,1,1
8179,0.2,1,1,1
8180,0.2,2,0,0
8181,0.2,0,1,1
8182,1.0,0,0,1
8183,1.0,0,1,1
8184,0.2,1,1,1
8185,0.2,3,0,0
8186,0.2,2,1,0
8187,1.0,2,1,1
8188,0.2,1,1,1
8189,1.0,1,0,1
8190,0.2,0,1,1
8191,0.2,1,1,1
8192,0.2,0,1,1
8193,0.2,2,0,0
8194,0.2,3,1,0
8195,0.2,3,0,0
8196,0.2,1,0,0
8197,0.2,0,1,1
8198,1.0,1,0,1
8199,0.2,1,1,1
8200,0.2,1,0,0
8201,1.0,2,0,0
8202,1.0,1,0,0
8203,0.2,1,0,0
8204,0.2,0,0,1
8205,0.2,2,1,0
8206,1.0,3,0,0
8207,0.2,2,0,0
8208,0.2,1,1,0
8209,0.2,2,1,1
8210,1.0,2,1,1
8211,0.2,3,0,0
8212,0.2,1,1,0
8213,0.2,1,0,0
8214,0.2,1,0,0
8215,0.2,3,1,0
8216,0.2,0,1,1
8217,0.2,2,1,1
8218,1.0,1,0,0
8219,0.2,1,1,1
8220,0.2,1,1,1
8221,2.2,3,1,1
8222,0.2,1,0,0
8223,0.2,0,1,1
8224,0.2,0,1,1
8225,0.2,1,0,0
8226,0.2,3,1,0
8227,0.2,0,0,1
8228,0.2,2,0,0
8229,0.2,2,1,0
8230,0.2,1,0,0
8231,1.0,2,1,1
8232,0.2,1,0,0
8233,0.2,2,1,1
8234,0.2,1,0,0
8235,0.2,2,0,0
8236,1.0,2,1,1
8237,0.2,3,0,0
8238,0.2,2,1,1
8239,1.0,2,0,0
8240,0.2,1,1,1
8241,0.2,1,1,0
8242,0.2,1,1,1
8243,1.0,3,0,0
8244,1.0,2,1,1
8245,1.0,2,1,1
8246,1.0,2,0,1
8247,0.2,3,0,0
8248,1.0,2,1,1
8249,1.0,2,1,1
8250,0.2,1,0,1
8251,0.2,1,1,0
8252,0.2,1,1,1
8253,0.2,1,0,0
8254,0.2,3,0,0
8255,1.0,3,0,1
8256,0.2,3,0,0
8257,0.2,2,0,0
8258,0.2,2,1,1
8259,0.2,2,1,0
8260,1.0,0,1,1
8261,0.2,2,0,0
8262,0.2,2,1,0
8263,0.2,2,0,1
8264,0.2,2,0,0
8265,0.2,1,0,0
8266,0.2,2,0,0
8267,1.0,2,1,1
8268,0.2,2,1,0
8269,0.2,1,1,1
8270,0.2,1,1,1
8271,0.2,1,0,0
8272,1.0,2,0,0
8273,0.2,1,1,0
8274,0.2,2,0,1
8275,1.0,2,0,0
8276,0.2,2,1,1
8277,1.0,2,0,1
8278,0.2,1,1,0
8279,0.2,1,1,1
8280,0.2,1,1,1
8281,0.2,3,0,0
8282,1.0,3,0,0
8283,1.0,2,1,1
8284,0.2,2,0,0
8285,1.0,1,1,1
8286,0.2,1,0,0
8287,1.0,0,1,1
8288,0.2,3,1,1
8289,0.2,3,0,0
8290,1.0,1,0,1
8291,0.2,2,0,0
8292,0.2,2,0,0
8293,0.2,3,0,0
8294,0.2,1,0,1
8295,0.2,3,1,1
8296,0.2,1,1,1
8297,0.2,1,0,0
8298,0.2,1,1,1
8299,1.0,1,0,0
8300,0.2,1,1,1
8301,0.2,0,0,0
8302,1.0,1,0,1
8303,1.0,2,1,1
8304,0.2,0,1,1
8305,0.2,2,1,1
8306,0.2,1,0,0
8307,0.2,1,1,1
8308,0.2,3,0,0
8309,0.2,3,0,0
8310,1.0,2,0,0
8311,0.2,3,1,1
8312,0.2,2,0,0
8313,0.2,3,1,1
8314,1.0,2,1,1
8315,0.2,1,0,0
8316,1.0,2,0,0
8317,0.2,1,0,0
8318,0.2,1,1,1
8319,0.2,2,0,0
8320,0.2,2,0,0
8321,0.2,1,1,1
8322,0.2,1,1,0
8323,0.2,3,0,0
8324,0.2,2,1,1
8325,1.0,2,1,1
8326,0.2,1,1,1
8327,0.2,1,1,1
8328,0.2,3,0,0
8329,0.2,3,0,0
8330,1.0,2,1,1
8331,0.2,0,0,0
8332,0.2,0,0,1
8333,0.2,1,0,0
8334,2.2,2,1,1
8335,0.2,2,1,1
8336,0.2,1,0,0
8337,0.2,1,1,1
8338,0.2,2,1,1
8339,0.2,3,1,1
8340,0.2,2,0,0
8341,0.2,3,0,0
8342,1.0,1,0,1
8343,0.2,1,0,0
8344,0.2,2,0,0
8345,0.2,3,1,0
8346,0.2,2,1,1
8347,0.2,2,0,0
8348,1.0,2,1,1
8349,0.2,2,1,0
8350,0.2,2,1,1
8351,1.0,0,1,1
8352,1.0,1,0,1
8353,2.2,1,1,1
8354,0.2,1,1,1
8355,0.2,1,1,1
8356,0.2,2,1,1
8357,0.2,2,0,0
8358,0.2,1,1,1
8359,0.2,2,0,0
8360,0.2,2,1,1
8361,0.2,1,1,1
8362,0.2,1,0,0
8363,1.0,1,0,1
8364,0.2,1,1,1
8365,0.2,1,0,0
8366,0.2,3,0,0
8367,0.2,1,1,1
8368,0.2,2,1,1
8369,0.2,2,0,0
8370,0.2,2,0,0
8371,0.2,3,0,0
8372,0.2,0,1,1
8373,0.2,1,0,0
8374,0.2,2,1,1
8375,0.2,2,0,1
8376,0.2,1,0,0
8377,0.2,2,0,0
8378,2.2,2,1,1
8379,0.2,1,0,0
8380,1.0,2,1,1
8381,1.0,1,0,0
8382,2.2,2,1,1
8383,0.2,1,0,0
8384,0.2,1,0,0
8385,0.2,2,0,0
8386,0.2,1,1,1
8387,0.2,1,0,0
8388,0.2,2,0,0
8389,0.2,1,1,1
8390,0.2,1,0,1
8391,0.2,3,1,0
8392,0.2,0,0,0
8393,0.2,0,0,0
8394,0.2,0,0,0
8395,0.2,2,1,1
8396,1.0,1,1,1
8397,0.2,2,0,0
8398,1.0,2,1,1
8399,0.2,0,0,0
8400,0.2,1,0,0
8401,0.2,2,1,1
8402,0.2,2,1,1
8403,0.2,1,0,0
8404,0.2,3,1,1
8405,0.2,0,0,0
8406,0.2,1,1,0
8407,0.2,1,0,0
8408,0.2,3,1,0
8409,0.2,1,0,0
8410,1.0,2,1,1
8411,1.0,2,0,1
8412,1.0,0,1,1
8413,0.2,2,0,0
8414,0.2,1,1,1
8415,1.0,1,1,1
8416,0.2,1,0,0
8417,1.0,0,0,1
8418,0.2,0,0,0
8419,0.2,3,1,1
8420,0.2,2,0,0
8421,0.2,2,1,0
8422,1.0,3,1,0
8423,0.2,2,0,0
8424,0.2,2,0,0
8425,0.2,1,1,1
8426,0.2,1,1,1
8427,1.0,0,0,1
8428,1.0,1,1,1
8429,0.2,2,1,1
8430,0.2,1,0,0
8431,0.2,3,1,0
8432,0.2,1,1,1
8433,0.2,1,0,0
8434,0.2,1,0,0
8435,0.2,0,1,1
8436,0.2,1,0,1
8437,0.2,1,0,1
8438,0.2,1,0,0
8439,0.2,1,0,0
8440,0.2,3,1,0
8441,0.2,1,1,1
8442,0.2,1,1,1
8443,0.2,1,0,0
8444,0.2,3,1,0
8445,1.0,3,0,1
8446,1.0,1,1,1
8447,0.2,0,0,1
8448,0.2,3,0,0
8449,1.0,2,0,1
8450,0.2,1,1,1
8451,0.2,2,1,1
8452,0.2,1,0,0
8453,0.2,3,0,0
8454,0.2,2,0,0
8455,1.0,1,1,1
8456,0.2,3,1,1
8457,2.2,1,0,1
8458,0.2,3,1,0
8459,1.0,1,1,1
8460,0.2,0,1,1
8461,0.2,2,0,0
8462,0.2,2,0,1
8463,0.2,2,0,0
8464,1.0,1,0,1
8465,0.2,1,1,1
8466,0.2,1,1,0
8467,0.2,2,1,0
8468,1.0,2,1,1
8469,0.2,2,0,0
8470,2.2,1,1,1
8471,0.2,0,1,1
8472,0.2,2,0,0
8473,1.0,1,0,0
8474,0.2,2,1,1
8475,0.2,2,1,0
8476,0.2,1,1,1
8477,0.2,1,0,0
8478,0.2,2,0,0
8479,0.2,1,1,1
8480,0.2,3,1,0
8481,0.2,1,1,1
8482,0.2,3,0,0
8483,0.2,3,1,0
8484,0.2,0,1,1
8485,0.2,2,0,0
8486,0.2,0,0,0
8487,0.2,2,0,0
8488,0.2,2,1,1
8489,0.2,1,0,0
8490,2.2,3,1,1
8491,0.2,2,0,0
8492,1.0,2,0,0
8493,0.2,2,1,0
8494,0.2,0,0,1
8495,0.2,2,1,1
8496,0.2,1,1,0
8497,1.0,1,1,1
8498,0.2,0,1,1
8499,0.2,1,1,1
8500,0.2,3,1,1
8501,0.2,2,0,1
8502,0.2,1,0,0
8503,0.2,3,0,0
8504,0.2,1,1,1
8505,0.2,3,0,0
8506,1.0,3,0,0
8507,1.0,1,1,1
8508,0.2,2,1,0
8509,0.2,1,0,0
8510,0.2,2,1,1
8511,0.2,2,0,0
8512,0.2,0,1,1
8513,0.2,2,0,0
8514,0.2,2,0,0
8515,0.2,1,1,1
8516,0.2,3,0,0
8517,0.2,0,0,1
8518,0.2,2,1,1
8519,0.2,2,0,0
8520,0.2,3,0,0
8521,0.2,1,1,1
8522,0.2,1,0,0
8523,0.2,1,1,1
8524,0.2,1,0,0
8525,0.2,2,0,0
8526,1.0,3,0,0
8527,0.2,2,1,1
8528,0.2,1,0,1
8529,1.0,0,0,1
8530,0.2,2,1,1
8531,0.2,1,0,0
8532,0.2,2,1,1
8533,0.2,1,0,0
8534,1.0,2,0,0
8535,1.0,2,0,0
8536,0.2,1,0,1
8537,0.2,1,1,0
8538,0.2,2,0,0
8539,0.2,2,1,0
8540,0.2,1,1,1
8541,0.2,0,0,0
8542,0.2,3,1,1
8543,0.2,3,0,0
8544,0.2,2,0,0
8545,0.2,1,0,0
8546,0.2,0,0,0
8547,0.2,2,0,0
8548,1.0,1,1,1
8549,0.2,0,0,0
8550,0.2,2,1,1
8551,3.0,1,1,1
8552,0.2,2,0,0
8553,0.2,2,0,0
8554,0.2,1,0,0
8555,1.0,2,0,0
8556,0.2,2,0,0
8557,1.0,1,0,1
8558,1.0,3,0,0
8559,0.2,2,1,1
8560,0.2,0,0,0
8561,0.2,0,1,1
8562,0.2,0,1,1
8563,0.2,2,0,1
8564,0.2,2,0,0
8565,0.2,3,0,0
8566,1.0,2,1,1
8567,0.2,2,0,0
8568,1.0,3,0,0
8569,0.2,2,1,1
8570,0.2,1,0,0
8571,1.0,3,0,0
8572,1.0,1,1,1
8573,0.2,2,0,1
8574,1.0,2,1,1
8575,0.2,0,0,1
8576,0.2,2,1,1
8577,1.0,0,0,1
8578,0.2,2,0,0
8579,0.2,1,1,0
8580,0.2,1,1,1
8581,0.2,2,1,1
8582,0.2,2,0,0
8583,0.2,2,0,0
8584,0.2,2,0,0
8585,0.2,0,0,0
8586,0.2,3,0,0
8587,0.2,0,1,1
8588,1.0,2,0,0
8589,0.2,1,1,1
8590,0.2,1,0,0
8591,0.2,1,0,0
8592,0.2,2,0,0
8593,1.0,2,1,1
8594,0.2,1,1,1
8595,0.2,2,0,0
8596,0.2,2,0,0
8597,1.0,2,1,1
8598,0.2,3,1,0
8599,0.2,2,1,1
8600,1.0,0,0,0
8601,0.2,2,0,0
8602,0.2,2,1,1
8603,0.2,2,1,1
8604,0.2,2,1,1
8605,2.2,0,0,1
8606,0.2,3,0,0
8607,0.2,2,0,0
8608,1.0,1,0,1
8609,0.2,0,1,1
8610,0.2,3,0,1
8611,0.2,2,0,0
8612,0.2,3,1,0
8613,0.2,2,1,0
8614,1.0,2,1,1
8615,0.2,2,0,0
8616,0.2,2,0,0
8617,1.0,1,1,1
8618,0.2,1,1,1
8619,0.2,2,0,0
8620,1.0,1,0,0
8621,1.0,1,0,1
8622,0.2,1,0,0
8623,0.2,3,1,1
8624,0.2,2,1,0
8625,1.0,2,1,1
8626,1.0,1,1,1
8627,0.2,2,0,0
8628,0.2,2,1,1
8629,1.0,2,1,1
8630,1.0,1,1,1
8631,0.2,1,0,0
8632,0.2,2,0,0
8633,0.2,1,0,0
8634,0.2,1,0,0
8635,0.2,1,0,0
8636,0.2,1,1,1
8637,0.2,3,0,0
8638,0.2,3,1,1
8639,0.2,1,1,1
8640,0.2,2,1,1
8641,1.0,2,0,1
8642,0.2,1,0,0
8643,1.0,2,0,1
8644,0.2,1,1,0
8645,0.2,2,0,0
8646,0.2,1,1,1
8647,0.2,2,0,1
8648,0.2,1,0,0
8649,0.2,2,0,0
8650,0.2,2,0,0
8651,1.0,2,1,1
8652,0.2,1,1,1
8653,1.0,3,1,1
8654,0.2,1,1,0
8655,0.2,2,0,0
8656,0.2,0,0,0
8657,1.0,3,1,1
8658,0.2,2,0,0
8659,1.0,0,0,1
8660,1.0,2,1,1
8661,0.2,1,1,0
8662,0.2,1,0,0
8663,1.0,1,0,1
8664,0.2,0,0,0
8665,0.2,0,1,1
8666,0.2,2,0,0
8667,0.2,2,1,0
8668,0.2,2,0,0
8669,0.2,2,0,0
8670,1.0,2,1,1
8671,0.2,2,1,1
8672,0.2,3,0,0
8673,0.2,2,1,1
8674,0.2,3,0,0
8675,0.2,1,0,1
8676,0.2,3,0,0
8677,0.2,1,1,1
8678,0.2,1,0,0
8679,0.2,2,1,1
8680,0.2,3,0,0
8681,0.2,2,1,1
8682,1.0,1,0,0
8683,1.0,1,1,1
8684,1.0,1,0,0
8685,1.0,3,0,1
8686,0.2,1,0,0
8687,0.2,1,1,1
8688,0.2,2,0,0
8689,0.2,0,0,1
8690,0.2,2,0,0
8691,0.2,2,0,0
8692,0.2,2,1,0
8693,0.2,2,0,0
8694,0.2,1,1,1
8695,2.2,1,1,1
8696,0.2,1,0,0
8697,0.2,1,1,1
8698,1.0,2,1,1
8699,0.2,0,1,1
8700,0.2,2,1,1
8701,0.2,1,0,0
8702,0.2,2,0,0
8703,0.2,1,0,1
8704,0.2,1,1,0
8705,1.0,2,0,1
8706,1.0,1,1,1
8707,0.2,3,1,1
8708,1.0,1,0,1
8709,1.0,0,0,1
8710,0.2,0,0,1
8711,0.2,2,0,0
8712,0.2,0,0,1
8713,1.0,2,0,0
8714,0.2,0,1,1
8715,0.2,2,1,0
8716,0.2,2,0,0
8717,1.0,2,1,1
8718,0.2,2,0,0
8719,0.2,1,0,0
8720,0.2,2,1,1
8721,0.2,1,0,0
8722,0.2,2,0,0
8723,0.2,0,1,1
8724,1.0,1,0,1
8725,0.2,2,1,1
8726,0.2,3,0,0
8727,0.2,0,0,1
8728,0.2,2,1,1
8729,0.2,2,1,1
8730,0.2,2,1,1
8731,0.2,0,1,1
8732,0.2,1,1,1
8733,0.2,2,1,0
8734,0.2,1,0,0
8735,0.2,1,1,1
8736,0.2,2,0,0
8737,0.2,1,1,0
8738,1.0,1,0,1
8739,1.0,1,0,1
8740,0.2,1,0,1
8741,0.2,1,0,0
8742,0.2,2,1,1
8743,0.2,1,0,0
8744,1.0,3,1,1
8745,0.2,0,1,1
8746,0.2,0,0,0
8747,0.2,2,0,0
8748,1.0,3,1,0
8749,0.2,1,0,0
8750,0.2,3,0,0
8751,0.2,2,1,1
8752,0.2,2,1,1
8753,1.0,0,0,0
8754,1.0,1,0,1
8755,0.2,1,0,0
8756,0.2,1,0,0
8757,0.2,2,0,0
8758,0.2,2,0,0
8759,0.2,1,0,0
8760,0.2,2,1,1
8761,0.2,1,0,0
8762,0.2,2,1,1
8763,0.2,2,1,0
8764,0.2,2,1,1
8765,0.2,2,0,0
8766,0.2,0,1,1
8767,0.2,0,0,0
8768,1.0,2,1,1
8769,1.0,2,0,0
8770,0.2,0,0,0
8771,0.2,3,0,0
8772,0.2,3,0,0
8773,0.2,0,1,1
8774,0.2,3,1,0
8775,0.2,2,0,0
8776,0.2,3,0,0
8777,0.2,3,0,0
8778,0.2,2,0,0
8779,0.2,0,1,0
8780,0.2,1,0,0
8781,1.0,1,0,1
8782,0.2,2,0,0
8783,1.0,0,0,0
8784,0.2,0,0,0
8785,0.2,1,1,1
8786,0.2,3,0,0
8787,0.2,2,0,0
8788,0.2,1,1,0
8789,1.0,1,0,0
8790,0.2,1,0,1
8791,1.0,2,1,1
8792,0.2,2,0,0
8793,0.2,0,0,0
8794,1.0,2,0,1
8795,0.2,2,0,0
8796,1.0,2,0,0
8797,1.0,0,0,1
8798,0.2,2,1,1
8799,0.2,2,1,1
8800,0.2,1,0,0
8801,1.0,2,1,1
8802,0.2,1,1,1
8803,0.2,3,0,0
8804,0.2,2,1,0
8805,0.2,0,0,0
8806,0.2,0,1,1
8807,0.2,1,1,1
8808,1.0,3,0,0
8809,0.2,1,0,1
8810,0.2,0,0,0
8811,0.2,2,0,0
8812,0.2,0,1,1
8813,0.2,3,0,0
8814,1.0,3,1,1
8815,0.2,2,1,0
8816,0.2,1,1,1
8817,0.2,3,1,1
8818,1.0,2,0,0
8819,0.2,1,1,1
8820,1.0,3,1,1
8821,1.0,0,1,1
8822,1.0,3,0,1
8823,1.0,2,1,1
8824,1.0,3,1,1
8825,0.2,1,0,0
8826,0.2,1,0,0
8827,1.0,1,1,1
8828,0.2,1,0,0
8829,1.0,2,1,1
8830,0.2,2,1,0
8831,0.2,2,1,1
8832,1.0,2,1,1
8833,0.2,1,1,1
8834,0.2,2,0,0
8835,0.2,1,1,1
8836,0.2,2,0,0
8837,0.2,2,0,0
8838,0.2,2,1,1
8839,0.2,2,0,0
8840,0.2,3,1,1
8841,0.2,3,0,0
8842,1.0,0,0,1
8843,0.2,0,0,0
8844,1.0,2,1,1
8845,0.2,1,0,1
8846,0.2,3,0,0
8847,1.0,3,1,0
8848,0.6000000000000001,1,1,1
8849,1.0,1,1,1
8850,0.2,2,1,0
8851,0.2,1,1,0
8852,0.2,3,0,0
8853,0.2,2,0,0
8854,1.0,2,1,1
8855,0.2,2,1,1
8856,0.2,1,0,0
8857,0.2,1,1,0
8858,0.2,2,0,0
8859,1.0,2,0,0
8860,0.2,3,1,1
8861,0.2,2,1,1
8862,0.2,1,1,1
8863,0.2,1,1,1
8864,0.2,2,1,1
8865,0.2,1,0,1
8866,0.2,2,1,1
8867,1.0,2,0,0
8868,0.2,2,1,0
8869,0.2,0,1,1
8870,0.2,3,0,0
8871,0.2,2,1,1
8872,0.2,1,1,0
8873,0.2,0,1,1
8874,0.2,2,1,1
8875,0.2,1,0,0
8876,0.2,1,1,1
8877,0.2,1,1,1
8878,1.0,1,1,1
8879,0.2,3,0,0
8880,0.2,1,1,1
8881,0.2,1,0,0
8882,0.2,3,1,1
8883,0.2,1,1,1
8884,1.0,3,0,1
8885,0.2,0,1,1
8886,0.2,2,0,0
8887,0.2,1,1,1
8888,0.2,3,1,0
8889,0.2,3,0,0
8890,0.2,2,0,0
8891,0.2,1,1,1
8892,0.2,2,1,1
8893,0.2,2,1,0
8894,0.2,1,1,1
8895,0.2,1,0,0
8896,0.2,1,1,0
8897,1.0,2,1,1
8898,0.2,1,1,1
8899,0.2,1,1,1
8900,0.2,2,1,1
8901,0.2,1,1,0
8902,0.2,3,0,0
8903,0.2,0,1,1
8904,0.2,2,1,1
8905,0.2,2,1,0
8906,0.2,3,0,0
8907,0.2,2,1,1
8908,0.2,2,1,1
8909,0.2,0,0,1
8910,1.0,2,0,1
8911,0.2,0,0,0
8912,0.2,2,1,0
8913,0.2,1,0,1
8914,0.2,2,0,0
8915,0.2,1,1,1
8916,0.2,1,1,1
8917,1.0,3,0,1
8918,0.2,1,1,1
8919,1.0,0,1,1
8920,0.2,1,1,0
8921,0.2,3,1,1
8922,0.2,1,1,1
8923,0.2,1,0,1
8924,1.0,1,0,0
8925,0.2,0,1,0
8926,0.2,1,1,1
8927,1.0,1,0,1
8928,0.2,2,0,0
8929,1.0,3,1,1
8930,1.0,1,1,1
8931,0.2,2,0,0
8932,0.2,1,1,1
8933,0.2,0,0,0
8934,0.2,0,1,0
8935,0.2,1,1,1
8936,0.2,1,1,1
8937,0.2,2,1,0
8938,0.2,1,1,1
8939,3.0,0,0,1
8940,0.2,1,1,1
8941,1.0,2,0,1
8942,0.2,2,0,0
8943,1.0,1,0,0
8944,0.2,0,0,0
8945,1.0,2,0,0
8946,0.2,2,0,0
8947,0.2,2,0,1
8948,1.0,2,1,1
8949,1.0,2,1,1
8950,0.2,2,0,0
8951,0.2,1,1,0
8952,0.2,1,0,1
8953,0.2,2,1,0
8954,2.2,3,0,1
8955,1.0,3,1,1
8956,0.2,2,1,1
8957,0.2,2,0,0
8958,1.0,2,0,0
8959,0.2,3,1,0
8960,0.2,1,1,1
8961,0.2,3,0,0
8962,0.2,3,1,0
8963,0.2,1,0,0
8964,0.2,3,0,0
8965,0.2,2,1,1
8966,0.2,1,1,0
8967,0.2,0,0,0
8968,1.0,1,0,1
8969,0.2,0,0,0
8970,1.0,2,0,0
8971,0.2,2,1,1
8972,1.0,1,0,1
8973,1.0,2,0,0
8974,0.2,2,0,0
8975,1.0,3,0,1
8976,0.2,2,0,0
8977,1.0,1,0,0
8978,0.2,1,0,0
8979,0.2,3,0,0
8980,1.0,2,1,1
8981,1.0,0,1,1
8982,1.0,0,0,1
8983,0.2,1,0,0
8984,0.2,2,1,1
8985,1.0,3,0,0
8986,0.2,1,0,0
8987,0.2,1,0,0
8988,1.0,1,0,0
8989,0.2,2,0,0
8990,0.2,3,1,1
8991,0.2,1,1,0
8992,1.0,2,0,0
8993,0.2,2,1,1
8994,0.2,1,0,0
8995,0.2,1,1,1
8996,0.2,2,1,0
8997,0.2,2,0,1
8998,0.2,2,0,0
8999,0.2,3,0,0
9000,0.2,1,1,1
9001,1.0,1,0,0
9002,0.2,2,0,0
9003,0.2,1,1,1
9004,1.0,1,1,1
9005,0.2,2,1,1
9006,0.2,1,0,0
9007,0.2,3,1,0
9008,0.2,0,0,0
9009,0.2,2,1,0
9010,0.2,3,1,0
9011,0.2,2,0,0
9012,0.2,1,0,0
9013,0.2,0,0,0
9014,2.2,1,0,1
9015,0.2,2,0,0
9016,1.0,2,0,1
9017,0.2,1,1,1
9018,0.2,1,0,1
9019,1.0,2,0,0
9020,0.2,1,0,0
9021,0.2,2,1,1
9022,0.2,1,1,1
9023,1.0,2,1,1
9024,0.2,1,0,1
9025,2.2,2,0,1
9026,0.2,3,1,1
9027,0.2,2,1,0
9028,0.2,3,1,0
9029,0.2,1,0,1
9030,0.2,1,0,0
9031,0.2,2,1,1
9032,0.2,1,1,1
9033,0.2,3,0,0
9034,0.2,1,0,0
9035,0.2,2,0,0
9036,0.2,3,1,0
9037,0.2,1,0,0
9038,0.2,1,0,0
9039,0.2,0,0,0
9040,0.2,3,1,0
9041,0.2,0,1,1
9042,0.2,1,1,0
9043,0.2,2,0,0
9044,0.2,3,1,1
9045,0.2,2,1,1
9046,0.2,1,1,1
9047,0.2,0,0,0
9048,0.2,1,1,1
9049,2.2,2,1,1
9050,0.2,2,0,0
9051,0.2,1,1,1
9052,0.2,2,0,1
9053,0.2,2,0,0
9054,1.0,1,1,1
9055,1.0,2,1,1
9056,1.0,1,0,1
9057,0.2,2,0,0
9058,1.0,2,0,1
9059,0.2,2,0,0
9060,0.2,3,1,0
9061,1.0,0,0,0
9062,1.0,3,0,0
9063,0.2,2,1,0
9064,0.2,2,0,0
9065,0.2,0,1,1
9066,2.2,3,1,1
9067,0.2,3,1,0
9068,0.2,2,1,1
9069,0.2,2,1,1
9070,0.2,2,1,0
9071,0.2,2,1,0
9072,0.2,1,1,0
9073,0.2,2,1,1
9074,1.0,0,0,1
9075,0.2,1,1,1
9076,0.2,1,0,0
9077,0.2,3,1,0
9078,2.2,2,0,1
9079,0.2,1,1,0
9080,0.2,1,1,1
9081,0.2,1,1,1
9082,0.2,0,1,1
9083,0.2,1,1,1
9084,0.2,1,0,0
9085,0.2,2,0,0
9086,0.2,1,0,0
9087,0.2,2,0,0
9088,0.2,0,1,1
9089,0.2,1,1,0
9090,1.0,0,0,1
9091,0.2,2,0,0
9092,1.0,1,1,1
9093,1.0,3,0,0
9094,0.2,3,0,0
9095,0.2,2,0,0
9096,0.2,2,1,0
9097,0.2,0,0,1
9098,1.0,1,0,0
9099,2.2,3,1,1
9100,1.0,1,1,1
9101,0.2,1,1,1
9102,0.2,2,0,0
9103,0.2,1,1,0
9104,2.2,2,1,1
9105,0.2,2,0,0
9106,0.2,3,0,0
9107,2.2,2,1,1
9108,0.2,1,0,0
9109,0.2,2,0,0
9110,1.0,1,0,1
9111,0.2,2,1,1
9112,1.0,1,1,1
9113,0.2,2,1,1
9114,0.2,1,1,1
9115,0.2,1,0,0
9116,1.0,1,1,1
9117,0.2,0,0,0
9118,0.2,2,1,0
9119,0.2,2,0,0
9120,0.2,2,0,0
9121,1.0,0,1,1
9122,0.2,1,1,1
9123,2.2,2,0,1
9124,0.2,1,0,0
9125,0.2,2,0,0
9126,0.2,1,0,0
9127,0.2,1,0,0
9128,0.2,1,1,1
9129,0.2,1,1,1
9130,0.2,1,1,1
9131,1.0,2,0,0
9132,1.0,0,0,1
9133,0.2,2,1,1
9134,0.2,0,1,1
9135,0.2,3,1,1
9136,0.2,3,1,1
9137,0.2,2,1,1
9138,1.0,0,0,1
9139,0.2,2,0,0
9140,1.0,0,1,1
9141,0.2,0,0,1
9142,0.2,0,0,0
9143,0.2,2,1,1
9144,0.2,2,0,0
9145,0.2,2,0,0
9146,0.2,2,0,0
9147,0.2,2,0,0
9148,0.2,0,0,0
9149,0.2,2,1,0
9150,1.0,3,0,0
9151,0.2,2,1,1
9152,0.2,0,0,0
9153,0.2,0,0,1
9154,0.2,1,0,0
9155,0.2,2,1,1
9156,0.2,1,1,1
9157,1.0,1,1,1
9158,0.2,1,1,0
9159,1.0,1,0,0
9160,1.0,2,1,1
9161,0.2,3,1,1
9162,1.0,0,1,1
9163,0.2,2,0,0
9164,1.0,2,1,1
9165,2.2,2,1,1
9166,1.0,2,1,1
9167,0.2,1,1,1
9168,1.0,1,0,1
9169,0.2,3,1,0
9170,0.2,2,1,0
9171,0.2,1,0,0
9172,2.2,2,0,1
9173,0.2,2,0,1
9174,0.2,1,1,1
9175,0.2,1,1,1
9176,0.2,2,1,1
9177,1.0,3,1,1
9178,2.2,2,1,1
9179,1.0,2,1,1
9180,0.2,2,0,0
9181,0.2,2,0,0
9182,0.2,1,1,0
9183,0.2,2,1,1
9184,0.2,0,1,1
9185,0.2,1,1,0
9186,0.2,0,0,0
9187,1.0,2,1,1
9188,1.0,3,1,1
9189,0.2,2,1,1
9190,0.2,2,1,1
9191,0.2,2,1,0
9192,0.2,2,1,0
9193,0.2,0,1,1
9194,0.2,1,0,0
9195,0.2,1,0,0
9196,0.2,1,0,0
9197,1.0,1,1,1
9198,0.2,1,0,0
9199,0.2,2,1,0
9200,0.2,2,0,0
9201,0.2,1,1,1
9202,1.0,1,0,0
9203,0.2,3,0,0
9204,0.2,1,1,1
9205,0.2,1,0,1
9206,1.0,3,1,1
9207,1.0,1,1,1
9208,1.0,2,0,1
9209,1.0,0,1,0
9210,0.2,1,0,0
9211,0.2,3,0,0
9212,0.2,1,0,0
9213,1.0,1,1,1
9214,1.0,3,0,0
9215,0.2,1,1,1
9216,0.2,3,1,1
9217,0.2,2,0,0
9218,0.2,1,0,0
9219,0.2,3,1,1
9220,0.2,2,1,0
9221,0.2,2,1,1
9222,0.2,1,0,0
9223,1.0,1,1,1
9224,1.0,2,0,0
9225,0.2,0,1,0
9226,0.2,1,0,0
9227,0.2,1,1,0
9228,0.2,3,1,0
9229,0.2,1,1,1
9230,0.2,3,0,0
9231,0.2,2,0,0
9232,0.2,1,0,0
9233,0.2,2,0,1
9234,0.2,0,0,0
9235,1.0,1,1,1
9236,0.2,2,0,0
9237,0.2,0,1,0
9238,0.2,1,1,0
9239,1.0,1,0,1
9240,1.0,2,0,0
9241,0.2,3,0,0
9242,1.0,0,1,1
9243,0.2,1,0,0
9244,0.2,0,1,1
9245,1.0,2,0,0
9246,0.2,3,0,0
9247,0.2,2,0,0
9248,0.2,1,1,1
9249,1.0,1,1,1
9250,0.2,2,0,0
9251,0.2,2,0,0
9252,1.0,2,0,0
9253,0.6000000000000001,1,1,1
9254,0.2,2,0,0
9255,1.0,2,1,1
9256,0.2,2,1,1
9257,0.2,2,1,1
9258,0.2,1,1,1
9259,1.0,1,1,1
9260,0.2,1,0,0
9261,0.2,3,0,0
9262,0.2,1,1,1
9263,0.2,1,1,0
9264,0.2,2,0,0
9265,0.2,2,0,0
9266,0.2,3,1,0
9267,0.2,3,1,0
9268,0.2,1,1,1
9269,1.0,0,1,1
9270,0.2,1,0,0
9271,0.2,1,1,1
9272,0.2,1,1,0
9273,0.2,1,1,0
9274,0.2,2,1,1
9275,0.2,1,0,0
9276,1.0,1,1,1
9277,0.2,1,1,1
9278,0.2,1,0,0
9279,0.2,2,1,0
9280,0.2,1,1,1
9281,0.2,2,0,1
9282,0.2,0,1,1
9283,0.2,2,1,1
9284,2.2,0,0,1
9285,1.0,1,1,1
9286,0.2,1,1,1
9287,0.2,1,1,1
9288,1.0,2,1,1
9289,0.2,1,1,1
9290,0.2,3,1,0
9291,1.0,2,0,1
9292,1.0,1,0,1
9293,0.2,2,0,0
9294,0.2,1,0,1
9295,1.0,2,0,0
9296,1.0,2,0,1
9297,1.0,1,0,0
9298,1.0,2,0,1
9299,2.2,2,1,1
9300,0.2,2,1,0
9301,0.2,1,1,0
9302,1.0,1,1,1
9303,0.2,2,1,1
9304,0.2,2,0,0
9305,1.0,1,0,0
9306,0.2,2,0,0
9307,0.2,1,1,1
9308,0.2,2,1,1
9309,0.2,3,0,0
9310,1.0,1,0,1
9311,0.2,2,0,0
9312,1.0,0,0,0
9313,0.2,0,1,1
9314,1.0,1,0,0
9315,3.0,2,1,1
9316,1.0,3,0,0
9317,0.2,2,0,0
9318,0.2,1,1,1
9319,1.0,2,0,0
9320,1.0,2,0,1
9321,0.2,2,1,1
9322,0.2,1,1,0
9323,0.2,3,0,0
9324,0.2,1,0,0
9325,0.2,1,0,0
9326,0.2,0,0,1
9327,0.2,1,0,0
9328,0.2,2,0,0
9329,0.2,1,0,0
9330,1.0,1,0,0
9331,0.2,2,0,0
9332,0.2,1,0,1
9333,0.2,1,0,0
9334,0.2,2,0,0
9335,0.2,2,1,0
9336,1.0,1,1,1
9337,0.2,1,0,0
9338,1.0,2,0,1
9339,0.2,1,0,1
9340,0.2,2,1,0
9341,1.0,1,0,1
9342,0.2,2,0,0
9343,0.2,1,0,0
9344,0.2,1,1,1
9345,0.2,2,0,0
9346,0.2,2,1,1
9347,0.2,0,1,1
9348,0.2,1,1,1
9349,0.2,2,1,1
9350,1.0,1,0,0
9351,0.2,2,0,0
9352,1.0,0,0,1
9353,0.2,3,0,0
9354,0.2,3,1,0
9355,0.2,1,0,0
9356,1.0,1,0,1
9357,0.2,2,0,0
9358,0.2,0,1,1
9359,0.2,1,1,0
9360,0.2,2,1,1
9361,1.0,1,1,1
9362,0.2,2,1,1
9363,0.2,3,1,0
9364,0.2,2,1,0
9365,0.2,1,1,0
9366,0.2,2,0,0
9367,0.2,3,0,0
9368,0.2,1,1,0
9369,0.2,1,0,0
9370,0.2,2,0,0
9371,0.2,1,1,0
9372,0.2,1,1,1
9373,0.2,0,0,0
9374,0.2,1,0,0
9375,0.2,0,0,0
9376,0.2,1,0,0
9377,0.2,1,1,1
9378,1.0,2,0,1
9379,0.2,1,0,1
9380,0.2,2,1,1
9381,0.2,1,1,0
9382,0.2,1,0,0
9383,0.2,2,1,1
9384,1.0,2,0,1
9385,0.2,2,1,1
9386,0.2,1,1,1
9387,0.2,3,1,0
9388,0.2,3,1,1
9389,0.2,0,1,1
9390,0.2,0,1,1
9391,1.0,1,0,1
9392,0.2,2,0,0
9393,1.0,3,1,1
9394,1.0,0,1,1
9395,0.2,2,1,0
9396,1.0,3,0,0
9397,0.2,1,0,0
9398,0.2,2,0,0
9399,0.2,2,1,1
9400,0.2,3,0,0
9401,0.2,0,1,1
9402,0.2,2,0,0
9403,0.2,1,1,1
9404,0.2,2,1,1
9405,0.2,2,1,1
9406,0.2,1,1,1
9407,1.0,0,1,1
9408,0.2,0,1,0
9409,0.2,2,0,0
9410,0.2,1,1,1
9411,0.2,2,1,1
9412,0.2,1,1,1
9413,0.2,2,0,0
9414,0.2,3,0,0
9415,0.2,1,1,0
9416,0.2,1,1,1
9417,0.2,3,1,1
9418,0.2,1,0,0
9419,1.0,2,0,0
9420,1.0,2,0,1
9421,0.2,0,0,0
9422,0.2,2,1,0
9423,1.0,3,0,1
9424,1.0,3,1,1
9425,0.2,1,1,0
9426,0.2,0,1,1
9427,0.2,1,0,0
9428,0.2,1,1,1
9429,0.2,0,1,1
9430,0.2,1,1,0
9431,0.2,0,1,1
9432,0.2,2,0,0
9433,1.0,2,1,1
9434,0.2,2,1,1
9435,0.2,0,0,0
9436,0.2,1,0,0
9437,0.2,1,0,0
9438,0.2,1,0,0
9439,0.2,2,0,0
9440,0.2,1,1,1
9441,1.0,2,0,0
9442,1.0,2,1,0
9443,2.2,0,0,1
9444,1.0,0,0,1
9445,1.0,1,1,1
9446,0.2,2,1,1
9447,0.2,2,1,1
9448,0.2,2,0,0
9449,0.2,3,1,1
9450,0.2,1,0,0
9451,1.0,2,0,1
9452,0.2,1,0,0
9453,0.2,2,0,0
9454,0.2,2,0,0
9455,0.2,1,1,1
9456,0.2,1,1,1
9457,1.0,1,0,1
9458,0.2,1,1,0
9459,1.0,0,0,0
9460,0.2,0,0,0
9461,0.2,1,1,1
9462,0.2,1,1,1
9463,2.2,3,1,1
9464,0.2,2,1,1
9465,0.2,1,1,1
9466,2.2,2,1,1
9467,0.2,1,0,0
9468,0.2,3,1,0
9469,0.2,2,1,1
9470,0.2,2,0,0
9471,0.2,3,0,0
9472,1.0,1,0,0
9473,0.2,1,1,1
9474,0.2,1,0,0
9475,1.0,1,0,1
9476,1.0,2,1,1
9477,1.0,2,0,0
9478,0.2,2,1,1
9479,0.2,1,0,0
9480,1.0,2,1,1
9481,1.0,2,0,1
9482,0.2,2,0,0
9483,1.0,2,0,0
9484,0.2,3,0,0
9485,0.2,3,1,1
9486,0.2,0,0,0
9487,1.0,2,1,1
9488,0.2,1,0,0
9489,0.2,2,1,1
9490,1.0,2,1,1
9491,0.2,2,1,0
9492,0.2,1,1,1
9493,0.2,2,1,1
9494,0.2,1,0,0
9495,1.0,3,1,1
9496,0.2,1,0,0
9497,0.2,1,0,0
9498,1.0,1,1,1
9499,1.0,2,1,1
9500,0.2,0,1,1
9501,0.2,1,1,1
9502,0.2,1,0,0
9503,1.0,1,0,1
9504,0.2,1,0,0
9505,1.0,2,0,0
9506,0.2,3,0,0
9507,0.2,2,0,0
9508,0.2,0,0,0
9509,0.2,2,0,0
9510,1.0,3,0,0
9511,0.2,1,0,0
9512,0.2,0,1,1
9513,0.2,2,0,0
9514,0.2,2,0,0
9515,0.2,1,0,0
9516,0.2,3,0,0
9517,2.2,1,1,1
9518,0.2,1,1,0
9519,1.0,3,0,0
9520,0.2,2,1,1
9521,1.0,1,1,1
9522,0.2,2,0,0
9523,0.2,3,1,0
9524,0.2,0,0,0
9525,1.0,1,0,1
9526,0.2,1,1,1
9527,0.2,2,1,1
9528,0.2,1,1,1
9529,1.0,1,0,0
9530,0.2,1,1,1
9531,1.0,2,1,1
9532,1.0,1,0,0
9533,0.2,2,1,1
9534,0.2,2,1,0
9535,1.0,0,0,1
9536,0.2,1,0,1
9537,0.2,2,0,0
9538,0.2,2,1,1
9539,0.2,1,0,0
9540,0.2,2,1,1
9541,0.2,0,0,0
9542,1.0,1,0,1
9543,0.2,0,1,1
9544,0.2,2,0,0
9545,1.0,2,1,1
9546,1.0,2,1,1
9547,0.2,2,1,0
9548,0.2,1,1,0
9549,0.2,3,0,0
9550,0.2,3,1,1
9551,0.2,2,1,1
9552,1.0,0,0,0
9553,1.0,0,1,1
9554,2.2,2,0,1
9555,1.0,3,0,1
9556,1.0,1,0,1
9557,0.2,2,0,0
9558,0.2,2,0,0
9559,1.0,1,1,1
9560,0.2,0,0,0
9561,1.0,3,1,1
9562,0.2,1,0,0
9563,0.2,2,1,0
9564,0.2,2,1,0
9565,0.2,0,0,1
9566,0.2,2,0,1
9567,0.2,1,1,1
9568,0.2,2,0,0
9569,0.2,2,0,0
9570,1.0,2,0,1
9571,0.2,2,1,0
9572,0.2,3,1,1
9573,0.2,2,1,0
9574,0.2,2,0,0
9575,1.0,2,0,0
9576,0.2,3,1,1
9577,0.2,3,1,1
9578,0.2,1,0,0
9579,0.2,0,0,1
9580,0.2,1,0,0
9581,0.2,3,1,0
9582,1.0,2,1,1
9583,0.2,0,1,1
9584,0.2,3,0,0
9585,0.2,1,1,0
9586,1.0,2,0,1
9587,0.2,2,0,0
9588,2.2,1,0,1
9589,1.0,2,1,1
9590,0.2,2,1,1
9591,0.2,0,0,0
9592,0.2,3,1,0
9593,0.2,0,1,1
9594,1.0,0,1,1
9595,2.2,1,1,1
9596,0.2,1,0,0
9597,0.2,2,0,1
9598,1.0,1,0,0
9599,0.2,0,1,1
9600,0.2,1,0,1
9601,1.0,1,0,1
9602,0.2,2,1,0
9603,0.2,1,0,0
9604,0.2,1,0,1
9605,1.0,2,0,0
9606,1.0,0,0,0
9607,0.2,2,0,0
9608,0.2,3,0,0
9609,0.2,0,1,1
9610,0.2,0,0,0
9611,0.2,2,1,1
9612,1.0,2,1,1
9613,0.2,1,0,0
9614,0.2,2,1,1
9615,0.2,0,0,0
9616,0.2,0,0,0
9617,0.2,3,0,0
9618,1.0,0,1,1
9619,0.2,1,0,0
9620,0.2,1,0,1
9621,0.2,1,1,1
9622,0.2,1,1,1
9623,1.0,1,1,1
9624,0.2,2,1,1
9625,0.2,1,0,0
9626,0.2,1,1,1
9627,1.0,2,0,1
9628,0.2,3,1,0
9629,2.2,1,1,1
9630,0.2,1,0,0
9631,0.2,2,0,0
9632,0.2,2,1,0
9633,0.2,2,1,0
9634,0.2,1,0,0
9635,0.2,2,0,0
9636,1.0,1,0,1
9637,0.2,2,1,1
9638,0.2,2,1,0
9639,1.0,2,0,0
9640,0.2,2,1,1
9641,1.0,0,1,1
9642,0.2,1,1,1
9643,0.2,2,0,0
9644,1.0,1,0,1
9645,1.0,3,0,1
9646,1.0,2,1,1
9647,0.2,1,0,1
9648,0.2,2,0,0
9649,0.2,2,0,0
9650,0.2,1,0,0
9651,1.0,0,0,1
9652,1.0,1,0,1
9653,1.0,0,0,1
9654,0.2,1,1,0
9655,0.2,1,1,1
9656,0.2,3,1,0
9657,0.2,1,1,1
9658,0.2,0,0,0
9659,0.2,3,0,0
9660,0.2,0,0,0
9661,0.2,2,0,0
9662,1.0,0,1,1
9663,0.2,1,0,0
9664,0.2,1,0,0
9665,1.0,0,0,1
9666,0.2,1,1,1
9667,0.2,1,0,0
9668,0.2,2,0,0
9669,0.2,1,1,1
9670,0.2,2,0,0
9671,0.2,2,1,1
9672,0.2,1,1,1
9673,0.2,2,0,0
9674,0.2,1,1,1
9675,0.2,3,0,0
9676,1.0,1,1,1
9677,1.0,2,1,1
9678,0.2,1,1,1
9679,0.2,2,0,0
9680,0.2,0,1,0
9681,0.2,2,0,0
9682,0.2,2,1,0
9683,0.2,2,1,1
9684,0.2,1,0,0
9685,0.2,2,1,1
9686,1.0,2,1,1
9687,0.2,0,1,1
9688,0.2,3,1,1
9689,0.2,1,0,1
9690,0.2,0,0,0
9691,1.0,1,0,0
9692,0.2,2,1,0
9693,0.2,2,1,0
9694,0.2,0,0,0
9695,0.2,1,0,0
9696,1.0,0,0,1
9697,0.2,1,0,0
9698,0.2,2,1,1
9699,0.2,0,0,0
9700,1.0,2,1,1
9701,0.2,2,0,0
9702,0.2,3,1,0
9703,0.2,2,1,0
9704,0.2,1,0,0
9705,0.2,2,1,0
9706,0.2,2,0,0
9707,0.2,1,0,0
9708,0.2,1,1,1
9709,1.0,1,1,1
9710,0.2,2,0,0
9711,1.0,3,0,1
9712,1.0,0,1,1
9713,0.2,1,0,0
9714,0.2,1,0,0
9715,1.0,2,1,1
9716,1.0,1,0,1
9717,0.2,2,0,0
9718,0.2,2,0,0
9719,1.0,2,1,1
9720,1.0,2,1,1
9721,0.2,2,0,0
9722,2.2,2,0,1
9723,1.0,0,0,0
9724,0.2,2,0,0
9725,2.2,0,0,1
9726,0.2,2,0,0
9727,0.2,1,1,0
9728,1.0,2,1,1
9729,0.2,2,1,1
9730,2.2,2,0,1
9731,0.2,1,0,0
9732,0.2,1,0,0
9733,0.2,1,0,0
9734,1.0,2,1,1
9735,0.2,3,0,0
9736,0.2,1,0,0
9737,0.2,0,0,0
9738,1.0,0,0,0
9739,0.2,3,0,0
9740,0.2,2,1,1
9741,1.0,3,1,1
9742,0.2,2,1,1
9743,0.2,1,1,1
9744,0.2,2,0,0
9745,0.2,1,0,0
9746,0.2,0,1,1
9747,0.2,2,1,0
9748,2.2,1,1,1
9749,0.2,1,0,1
9750,0.2,0,1,1
9751,0.2,2,0,0
9752,1.0,3,1,1
9753,0.2,1,0,0
9754,1.0,2,0,1
9755,0.2,3,0,0
9756,0.2,3,0,0
9757,0.2,3,1,1
9758,0.2,2,1,0
9759,1.0,2,0,1
9760,1.0,2,0,1
9761,0.2,2,1,1
9762,0.2,1,1,1
9763,0.2,2,1,1
9764,0.2,2,1,0
9765,0.2,2,0,0
9766,2.2,2,1,1
9767,0.2,1,0,0
9768,1.0,1,1,1
9769,0.2,2,1,1
9770,0.2,1,1,0
9771,0.2,3,1,1
9772,2.2,2,1,1
9773,0.2,2,0,0
9774,0.2,1,1,1
9775,0.2,2,1,0
9776,1.0,1,0,1
9777,0.2,1,0,0
9778,0.2,2,0,0
9779,0.2,2,1,1
9780,1.0,0,1,1
9781,0.2,2,0,0
9782,0.2,2,0,0
9783,0.2,0,1,1
9784,1.0,1,0,1
9785,0.2,3,0,0
9786,0.2,1,0,0
9787,2.2,2,0,1
9788,0.2,2,0,0
9789,0.2,3,0,0
9790,0.2,3,0,0
9791,0.2,2,1,0
9792,0.2,2,0,0
9793,0.2,2,1,0
9794,2.2,2,1,1
9795,0.2,1,0,0
9796,0.2,2,0,0
9797,0.2,0,0,0
9798,1.0,0,0,1
9799,1.0,1,1,1
9800,0.2,1,1,1
9801,1.0,0,0,1
9802,2.2,2,0,1
9803,1.0,1,1,1
9804,0.2,2,0,0
9805,0.2,3,0,0
9806,0.2,1,0,0
9807,0.2,1,1,1
9808,0.2,2,1,1
9809,0.2,2,1,0
9810,0.2,0,0,0
9811,1.0,0,0,1
9812,0.2,2,1,1
9813,0.2,1,1,0
9814,0.2,2,0,0
9815,0.2,3,1,0
9816,0.2,0,0,0
9817,1.0,2,0,0
9818,1.0,1,1,1
9819,0.2,3,1,0
9820,0.2,2,0,0
9821,0.2,2,0,0
9822,1.0,2,1,1
9823,1.0,3,0,0
9824,0.2,1,1,1
9825,0.2,1,1,1
9826,0.2,0,1,0
9827,0.2,0,0,0
9828,0.2,1,1,1
9829,0.2,3,0,0
9830,0.2,1,1,1
9831,1.0,1,1,1
9832,0.2,2,0,0
9833,0.2,0,0,0
9834,1.0,3,0,0
9835,0.2,3,0,0
9836,0.2,2,0,0
9837,0.2,3,0,1
9838,0.2,1,1,1
9839,0.2,3,0,0
9840,0.2,2,0,0
9841,0.2,2,1,1
9842,1.0,2,1,1
9843,1.0,2,1,1
9844,0.2,1,0,0
9845,0.2,0,0,1
9846,1.0,2,1,1
9847,0.2,3,0,0
9848,0.2,1,0,0
9849,0.2,2,1,1
9850,1.0,1,0,0
9851,0.2,0,1,1
9852,0.2,0,1,1
9853,0.2,0,0,1
9854,0.2,1,1,1
9855,1.0,2,0,0
9856,0.2,3,0,0
9857,0.2,1,1,1
9858,0.2,3,0,0
9859,0.2,0,0,0
9860,0.2,3,1,1
9861,0.2,2,1,0
9862,1.0,1,1,1
9863,0.2,2,1,1
9864,0.2,1,0,0
9865,0.2,3,0,0
9866,0.2,1,1,0
9867,1.0,2,1,1
9868,0.2,3,1,1
9869,0.2,0,1,1
9870,0.2,0,0,0
9871,0.2,1,1,1
9872,0.2,0,1,1
9873,0.2,1,0,0
9874,0.2,2,1,0
9875,0.2,2,0,0
9876,1.0,0,1,1
9877,1.0,2,1,1
9878,0.2,2,1,1
9879,0.2,1,0,0
9880,1.0,1,0,1
9881,0.2,1,0,0
9882,0.2,0,1,1
9883,0.2,1,1,0
9884,0.2,1,1,1
9885,0.2,1,1,1
9886,0.2,1,1,1
9887,1.0,0,0,1
9888,1.0,2,0,0
9889,0.2,1,1,0
9890,0.2,3,1,1
9891,0.2,3,1,1
9892,0.2,1,0,0
9893,0.2,2,0,0
9894,0.2,1,1,0
9895,0.2,2,1,1
9896,1.0,2,1,1
9897,2.2,3,1,1
9898,0.2,2,0,0
9899,0.2,3,0,1
9900,1.0,1,1,1
9901,1.0,2,0,1
9902,0.2,0,0,0
9903,0.2,3,0,0
9904,0.2,3,1,1
9905,0.2,2,1,0
9906,1.0,0,1,1
9907,0.2,3,1,0
9908,0.2,1,0,0
9909,1.0,2,0,1
9910,0.2,1,1,1
9911,0.2,2,1,1
9912,0.2,2,1,1
9913,1.0,2,0,0
9914,0.2,0,0,0
9915,0.2,2,0,0
9916,0.2,3,0,1
9917,0.2,1,1,1
9918,0.2,2,1,0
9919,0.2,1,1,1
9920,0.2,0,1,1
9921,0.2,2,1,1
9922,0.2,1,0,1
9923,0.2,1,0,1
9924,0.2,0,0,0
9925,0.2,3,1,1
9926,1.0,1,1,1
9927,0.2,1,1,0
9928,0.2,2,0,0
9929,0.2,2,1,1
9930,0.2,2,1,0
9931,0.2,3,0,0
9932,1.0,2,0,0
9933,1.0,2,0,1
9934,0.2,1,1,1
9935,1.0,2,0,1
9936,0.2,2,0,0
9937,0.2,3,0,0
9938,0.2,1,1,0
9939,0.2,3,1,1
9940,0.2,1,0,0
9941,0.2,1,0,0
9942,0.2,3,0,0
9943,0.2,2,1,0
9944,0.2,2,0,0
9945,0.2,1,1,1
9946,0.2,1,0,0
9947,2.2,0,1,1
9948,0.2,0,0,0
9949,1.0,1,1,1
9950,0.2,1,1,0
9951,0.2,2,1,0
9952,0.2,1,1,1
9953,0.2,1,1,1
9954,2.2,1,0,1
9955,0.2,1,1,1
9956,0.2,2,0,0
9957,0.2,0,0,0
9958,0.2,2,1,0
9959,0.2,1,0,0
9960,0.2,2,1,1
9961,0.2,2,1,1
9962,0.2,1,1,1
9963,0.2,0,1,0
9964,0.2,0,1,1
9965,0.2,1,0,0
9966,0.2,0,0,1
9967,1.0,3,1,1
9968,0.2,2,1,1
9969,0.2,2,1,1
9970,0.2,3,0,0
9971,1.0,1,1,1
9972,0.2,2,0,0
9973,0.2,3,1,1
9974,0.2,1,0,1
9975,0.2,1,1,0
9976,0.2,2,0,0
9977,0.2,2,1,1
9978,0.2,0,0,0
9979,1.0,3,1,1
9980,0.2,3,1,0
9981,0.2,1,0,0
9982,1.0,0,1,1
9983,1.0,2,0,1
9984,0.2,1,1,1
9985,0.2,0,1,1
9986,0.2,2,0,0
9987,0.2,2,0,0
9988,0.2,0,1,1
9989,2.2,2,0,1
9990,0.2,2,1,1
9991,0.2,2,1,0
9992,0.2,1,1,1
9993,0.2,3,0,0
9994,0.2,1,0,0
9995,0.2,3,0,0
9996,0.2,3,1,1
9997,1.0,1,0,0
9998,0.2,2,0,0
9999,0.2,1,0,0
10000,1.0,1,1,1
10001,0.2,0,1,0
10002,1.0,2,1,1
10003,0.2,1,0,0
10004,0.2,2,0,0
10005,2.2,2,0,1
10006,0.2,3,0,0
10007,0.2,1,1,1
10008,0.2,0,1,1
10009,1.0,0,1,1
10010,1.0,1,1,1
10011,0.2,1,1,1
10012,0.2,3,0,0
10013,0.2,2,1,0
10014,0.2,1,1,1
10015,2.2,3,1,1
10016,0.2,1,1,1
10017,1.0,2,0,0
10018,0.2,2,0,0
10019,1.0,2,0,1
10020,1.0,0,1,1
10021,0.2,2,0,0
10022,0.2,1,0,0
10023,1.0,2,1,1
10024,0.2,0,0,0
10025,0.2,1,0,0
10026,0.2,3,1,1
10027,0.2,2,1,0
10028,0.2,1,0,0
10029,0.2,1,1,0
10030,0.2,1,0,0
10031,1.0,2,1,1
10032,0.2,1,1,0
10033,0.2,2,0,0
10034,0.2,1,1,1
10035,0.2,2,0,0
10036,1.0,3,0,1
10037,2.2,2,0,1
10038,1.0,2,1,1
10039,0.2,0,0,0
10040,0.2,2,0,0
10041,0.2,1,0,0
10042,0.2,1,0,0
10043,1.0,1,1,1
10044,0.2,2,0,0
10045,0.2,3,1,0
10046,1.0,0,1,1
10047,0.2,3,0,0
10048,0.2,3,1,1
10049,0.2,0,0,1
10050,0.2,3,1,0
10051,0.2,1,0,0
10052,0.2,0,1,1
10053,2.2,0,0,1
10054,0.2,0,0,0
10055,0.2,3,1,0
10056,0.2,2,0,0
10057,1.0,1,0,0
10058,0.2,2,1,0
10059,0.2,3,0,0
10060,0.2,0,0,0
10061,0.2,2,1,0
10062,1.0,1,0,1
10063,0.2,3,1,0
10064,0.2,2,0,0
10065,0.2,2,0,0
10066,0.2,0,1,1
10067,0.2,2,0,0
10068,0.2,1,1,1
10069,0.2,1,1,0
10070,0.2,2,0,0
10071,0.2,2,0,0
10072,0.2,1,0,0
10073,0.2,0,1,1
10074,0.2,1,0,0
10075,1.0,1,1,1
10076,1.0,2,0,1
10077,1.0,0,1,1
10078,0.2,2,0,0
10079,0.2,1,0,0
10080,1.0,3,1,1
10081,0.2,2,0,0
10082,1.0,2,1,1
10083,0.2,1,1,1
10084,0.2,2,0,0
10085,0.2,2,0,0
10086,1.0,2,1,1
10087,1.0,2,0,1
10088,1.0,2,0,1
10089,0.2,2,0,0
10090,1.0,1,0,1
10091,0.2,2,1,1
10092,1.0,0,0,1
10093,0.2,2,0,0
10094,0.2,0,0,0
10095,0.2,2,1,1
10096,0.2,1,1,1
10097,0.2,2,0,0
10098,0.2,3,1,1
10099,1.0,3,1,1
10100,0.2,1,0,0
10101,0.2,1,0,0
10102,0.2,2,1,1
10103,0.2,3,0,0
10104,0.2,2,0,0
10105,0.2,1,1,1
10106,0.2,2,0,0
10107,0.2,2,1,1
10108,0.2,1,1,1
10109,0.2,3,0,0
10110,0.2,3,0,0
10111,0.2,3,0,0
10112,1.0,3,1,1
10113,0.2,1,0,0
10114,0.2,2,0,0
10115,1.0,3,1,1
10116,0.2,1,0,0
10117,0.2,1,0,1
10118,0.2,1,0,0
10119,0.2,1,0,0
10120,0.2,3,1,1
10121,0.2,1,1,1
10122,0.2,2,1,0
10123,0.2,2,1,0
10124,1.0,1,1,1
10125,0.2,2,0,0
10126,0.2,2,0,1
10127,0.2,1,0,1
10128,1.0,1,0,0
10129,0.2,1,1,1
10130,1.0,2,1,1
10131,1.0,2,0,0
10132,0.2,3,0,0
10133,0.2,2,1,1
10134,0.2,2,0,0
10135,1.0,1,1,1
10136,0.2,1,1,1
10137,1.0,2,0,0
10138,0.2,0,0,1
10139,0.2,1,1,1
10140,1.0,3,1,1
10141,0.2,2,0,0
10142,0.2,2,1,1
10143,0.2,2,1,1
10144,1.0,2,0,0
10145,0.2,1,0,0
10146,0.2,2,0,0
10147,0.2,2,1,0
10148,0.2,1,1,1
10149,1.0,0,1,1
10150,0.2,2,0,0
10151,1.0,1,1,1
10152,1.0,1,1,1
10153,0.2,2,1,1
10154,0.2,3,0,0
10155,1.0,0,1,1
10156,0.2,0,1,1
10157,0.2,2,1,1
10158,0.2,0,0,1
10159,1.0,1,1,1
10160,0.2,1,0,0
10161,0.2,1,1,1
10162,0.2,2,0,0
10163,0.2,2,1,0
10164,0.2,2,1,0
10165,0.2,3,0,0
10166,0.2,2,1,1
10167,0.2,2,0,0
10168,0.2,1,1,1
10169,0.2,1,1,0
10170,0.2,2,1,1
10171,0.2,1,1,0
10172,0.2,1,0,0
10173,0.2,1,0,0
10174,0.2,3,1,0
10175,1.0,1,1,1
10176,0.2,1,1,1
10177,1.0,2,0,1
10178,0.2,1,0,0
10179,0.2,1,1,1
10180,0.2,1,1,1
10181,0.2,1,1,1
10182,0.2,1,1,0
10183,0.2,1,0,0
10184,0.2,2,0,0
10185,0.2,0,1,0
10186,0.2,1,1,1
10187,1.0,1,1,1
10188,2.2,2,0,1
10189,0.2,0,0,1
10190,0.2,2,1,0
10191,0.2,2,0,0
10192,0.2,2,1,0
10193,0.2,1,1,1
10194,0.2,3,1,1
10195,0.2,0,0,0
10196,0.2,3,1,0
10197,0.2,2,1,1
10198,0.2,1,0,0
10199,0.2,3,0,0
10200,1.0,0,0,1
10201,1.0,1,1,1
10202,0.2,0,1,1
10203,1.0,3,1,1
10204,0.2,0,1,1
10205,1.0,1,0,1
10206,0.2,0,0,0
10207,0.2,2,1,0
10208,1.0,1,0,1
10209,0.2,2,0,0
10210,0.2,1,1,1
10211,0.2,1,0,0
10212,0.2,2,1,1
10213,0.2,0,1,1
10214,0.2,0,1,1
10215,0.2,2,1,0
10216,0.2,1,1,1
10217,0.2,0,1,0
10218,1.0,1,0,0
10219,0.2,1,1,0
10220,0.2,2,1,1
10221,0.2,1,1,1
10222,0.2,1,0,0
10223,1.0,1,0,1
10224,0.2,2,0,0
10225,0.2,2,0,0
10226,0.2,2,1,0
10227,0.2,1,0,0
10228,0.2,3,0,0
10229,0.2,1,0,0
10230,0.2,2,0,0
10231,2.2,1,0,1
10232,0.2,0,0,0
10233,0.2,1,0,0
10234,0.2,1,0,0
10235,0.2,2,1,1
10236,1.0,0,0,0
10237,0.2,3,1,0
10238,0.2,2,1,0
10239,0.2,3,0,0
10240,0.2,2,0,0
10241,0.2,2,1,1
10242,0.2,2,0,1
10243,0.2,3,1,1
10244,0.2,0,1,1
10245,0.2,0,0,0
10246,1.0,2,1,1
10247,0.2,2,1,1
10248,0.2,2,1,1
10249,0.2,3,1,0
10250,1.0,1,0,0
10251,1.0,2,0,1
10252,1.0,3,0,0
10253,0.2,3,0,0
10254,0.2,2,0,0
10255,1.0,1,0,0
10256,1.0,1,0,1
10257,0.2,1,1,1
10258,1.0,3,0,0
10259,2.2,2,1,1
10260,0.2,2,1,1
10261,0.2,3,0,0
10262,1.0,3,0,0
10263,0.2,1,1,1
10264,0.2,1,1,1
10265,0.2,1,0,0
10266,1.0,1,0,0
10267,0.2,3,1,1
10268,1.0,1,1,1
10269,1.0,1,0,1
10270,0.2,1,0,1
10271,0.2,3,1,0
10272,0.2,1,0,0
10273,0.2,0,1,1
10274,0.2,1,0,0
10275,0.2,1,1,1
10276,0.2,2,0,0
10277,0.2,2,1,1
10278,0.2,1,1,1
10279,0.2,1,0,0
10280,0.2,3,0,0
10281,1.0,1,0,1
10282,0.2,3,1,0
10283,0.2,1,1,1
10284,1.0,2,1,1
10285,0.2,2,0,0
10286,0.2,1,1,1
10287,0.2,1,1,1
10288,0.2,2,0,0
10289,0.2,2,0,1
10290,1.0,1,1,1
10291,0.2,2,0,0
10292,1.0,2,0,1
10293,0.2,1,1,0
10294,0.2,1,0,0
10295,0.2,2,1,0
10296,1.0,3,0,0
10297,0.2,2,0,0
10298,0.2,2,1,0
10299,1.0,2,1,1
10300,0.2,1,1,1
10301,0.2,2,0,0
10302,1.0,0,1,1
10303,0.2,1,1,1
10304,0.2,1,1,1
10305,0.2,2,1,0
10306,0.2,2,0,0
10307,1.0,1,1,1
10308,0.2,1,0,1
10309,0.2,1,1,0
10310,0.2,2,0,0
10311,1.0,3,1,1
10312,0.2,2,1,1
10313,0.2,3,1,1
10314,0.2,1,0,0
10315,1.0,2,1,1
10316,0.2,3,1,1
10317,0.2,1,1,1
10318,0.2,2,0,0
10319,1.0,2,1,1
10320,0.2,2,1,0
10321,0.2,3,1,1
10322,0.2,1,0,0
10323,1.0,3,1,1
10324,0.2,0,0,0
10325,1.0,2,0,1
10326,1.0,1,1,1
10327,0.2,1,0,1
10328,0.2,2,0,0
10329,0.2,2,1,0
10330,1.0,1,0,1
10331,0.2,1,1,1
10332,0.2,1,0,0
10333,0.2,1,1,0
10334,0.2,2,1,1
10335,0.2,3,0,0
10336,1.0,3,1,1
10337,0.2,1,0,0
10338,0.2,1,0,0
10339,0.2,0,1,1
10340,0.2,0,0,0
10341,0.2,1,1,0
10342,0.2,0,0,1
10343,1.0,1,0,0
10344,0.2,1,1,0
10345,0.2,1,0,0
10346,2.2,2,1,1
10347,0.2,2,1,0
10348,0.2,2,0,0
10349,0.2,3,0,1
10350,0.2,1,1,1
10351,0.2,3,0,0
10352,0.2,0,1,1
10353,0.2,3,1,0
10354,0.2,2,1,1
10355,0.2,1,0,0
10356,0.2,3,0,0
10357,1.0,2,0,0
10358,1.0,2,1,1
10359,1.0,3,1,1
10360,1.0,2,1,1
10361,1.0,1,1,1
10362,0.2,0,0,0
10363,0.2,0,0,0
10364,0.2,1,1,0
10365,0.2,2,1,1
10366,0.2,0,1,1
10367,1.0,2,0,0
10368,2.2,0,0,1
10369,0.2,2,1,1
10370,0.2,1,0,0
10371,0.2,1,1,1
10372,0.2,1,0,0
10373,0.2,0,1,1
10374,0.2,2,0,0
10375,0.2,2,1,0
10376,0.2,1,1,1
10377,0.2,1,1,1
10378,2.2,0,1,1
10379,1.8,3,0,0
10380,1.0,1,1,1
10381,0.2,1,1,1
10382,0.2,1,1,1
10383,0.2,1,0,0
10384,0.2,2,0,0
10385,0.2,2,0,0
10386,1.0,3,0,0
10387,0.2,2,0,0
10388,0.2,1,0,0
10389,0.2,0,1,1
10390,2.2,2,1,1
10391,0.2,1,0,1
10392,0.2,0,1,1
10393,0.2,2,1,1
10394,0.2,3,0,0
10395,1.0,0,0,1
10396,0.2,2,1,1
10397,0.2,2,0,0
10398,0.2,2,0,0
10399,0.2,1,0,0
10400,0.2,1,0,1
10401,0.2,2,0,0
10402,1.0,3,1,1
10403,0.2,2,0,0
10404,0.2,1,0,0
10405,0.2,2,1,1
10406,0.2,1,0,0
10407,1.0,3,0,0
10408,0.2,2,1,1
10409,0.2,2,0,0
10410,1.0,2,1,1
10411,0.2,1,0,0
10412,0.2,1,1,0
10413,0.2,1,1,1
10414,0.2,2,1,0
10415,1.0,1,1,1
10416,1.0,1,1,1
10417,0.2,1,0,1
10418,0.2,2,0,0
10419,0.2,1,1,1
10420,0.2,1,0,0
10421,0.2,3,1,0
10422,0.2,3,0,0
10423,1.0,3,0,1
10424,1.0,1,0,0
10425,0.2,2,1,0
10426,0.2,1,0,0
10427,0.2,1,0,0
10428,0.2,0,1,1
10429,0.2,1,1,0
10430,0.2,0,0,0
10431,0.2,2,0,0
10432,0.2,1,0,0
10433,1.0,1,1,1
10434,1.0,1,0,1
10435,0.2,3,0,0
10436,0.2,1,0,0
10437,0.2,1,0,1
10438,0.2,2,1,1
10439,0.2,1,1,1
10440,0.2,2,0,0
10441,1.0,3,0,0
10442,1.0,0,1,1
10443,0.2,1,0,0
10444,0.2,0,1,1
10445,1.0,1,1,1
10446,0.2,1,0,0
10447,0.2,2,0,0
10448,0.2,2,1,1
10449,0.2,2,0,0
10450,2.2,1,1,1
10451,0.2,3,1,1
10452,1.0,2,1,1
10453,0.2,1,0,0
10454,0.2,1,1,1
10455,0.2,1,0,0
10456,0.2,0,1,1
10457,0.2,3,1,1
10458,0.2,2,1,0
10459,0.2,1,1,1
10460,0.2,1,0,1
10461,0.2,2,0,0
10462,1.0,2,1,1
10463,2.2,1,0,1
10464,0.2,2,0,0
10465,0.2,2,0,0
10466,0.2,0,0,0
10467,0.2,3,1,0
10468,0.2,1,1,0
10469,0.2,1,0,0
10470,0.2,1,0,0
10471,0.2,0,0,0
10472,1.0,0,0,1
10473,0.2,1,0,0
10474,0.2,2,1,1
10475,0.2,1,0,0
10476,0.2,2,0,0
10477,0.2,2,1,0
10478,0.2,1,1,1
10479,0.2,1,0,0
10480,0.2,1,1,1
10481,0.2,1,0,0
10482,0.2,2,1,1
10483,1.0,3,0,0
10484,1.0,1,0,0
10485,1.0,2,0,0
10486,0.2,2,0,0
10487,0.2,1,0,0
10488,1.0,1,1,1
10489,0.2,0,1,0
10490,1.0,0,1,1
10491,1.0,3,1,1
10492,0.2,2,0,0
10493,1.0,1,0,0
10494,0.2,1,1,0
10495,1.0,2,1,1
10496,0.2,1,1,1
10497,0.2,2,1,1
10498,0.2,2,1,0
10499,0.2,1,0,0
10500,0.2,1,1,1
10501,0.2,1,1,0
10502,0.2,1,0,1
10503,0.2,1,0,0
10504,0.2,1,1,1
10505,1.0,1,1,1
10506,0.2,2,0,0
10507,2.2,0,0,1
10508,0.2,1,0,0
10509,0.2,2,1,1
10510,0.2,0,1,1
10511,1.0,1,1,1
10512,0.2,2,0,0
10513,0.2,1,1,1
10514,0.2,1,0,0
10515,0.2,0,0,1
10516,0.2,2,1,1
10517,0.2,3,1,1
10518,0.2,1,1,1
10519,0.2,2,0,0
10520,2.2,1,1,1
10521,0.2,3,0,0
10522,0.2,1,0,0
10523,0.2,2,1,0
10524,0.2,1,0,0
10525,0.2,1,1,1
10526,0.2,0,0,0
10527,0.2,3,1,0
10528,0.2,0,1,1
10529,0.2,1,0,0
10530,0.2,2,0,0
10531,0.2,3,0,1
10532,1.0,1,1,1
10533,0.2,1,1,1
10534,0.2,3,0,0
10535,0.2,1,0,0
10536,0.2,3,0,0
10537,0.2,2,0,0
10538,1.0,2,0,0
10539,0.2,1,0,0
10540,0.2,2,1,1
10541,0.2,2,1,1
10542,0.2,1,1,1
10543,0.2,1,0,1
10544,1.0,2,0,1
10545,0.2,2,0,0
10546,1.0,1,1,1
10547,0.2,1,1,1
10548,0.2,2,0,0
10549,0.2,2,1,1
10550,0.2,1,0,0
10551,0.2,2,0,0
10552,0.2,3,1,1
10553,0.2,2,1,1
10554,2.2,2,1,1
10555,0.2,1,0,0
10556,0.2,2,1,1
10557,0.2,2,1,1
10558,0.2,2,0,1
10559,0.2,1,0,0
10560,1.0,3,1,1
10561,0.2,2,0,0
10562,0.2,2,1,0
10563,0.2,2,1,1
10564,0.2,0,0,0
10565,0.2,1,1,0
10566,0.2,0,1,1
10567,1.0,1,0,1
10568,0.2,1,0,0
10569,0.2,2,1,1
10570,0.2,2,1,1
10571,0.2,3,1,0
10572,0.2,0,0,1
10573,1.0,2,1,1
10574,2.2,1,0,1
10575,1.0,2,1,1
10576,0.2,2,0,0
10577,0.2,1,0,0
10578,0.2,2,0,0
10579,0.2,1,1,1
10580,0.2,2,0,0
10581,0.2,0,1,0
10582,0.2,2,0,1
10583,1.0,0,0,1
10584,0.2,1,1,1
10585,0.2,2,1,1
10586,0.2,2,0,0
10587,0.2,0,0,0
10588,1.0,0,1,1
10589,0.2,1,0,0
10590,1.0,1,1,1
10591,0.2,2,1,0
10592,0.2,2,1,1
10593,0.2,3,0,0
10594,2.2,1,0,1
10595,0.2,1,1,0
10596,0.2,1,0,0
10597,0.2,2,0,0
10598,0.2,2,0,0
10599,0.2,1,1,1
10600,0.2,3,1,0
10601,0.2,2,0,0
10602,0.2,2,1,0
10603,0.2,2,1,0
10604,1.0,1,0,0
10605,0.2,2,0,0
10606,1.0,0,1,1
10607,0.2,2,1,1
10608,1.0,1,1,1
10609,0.2,3,0,0
10610,0.2,1,1,1
10611,0.2,3,0,0
10612,0.2,1,0,0
10613,0.2,0,0,0
10614,1.0,0,0,1
10615,1.0,3,1,1
10616,0.2,1,1,0
10617,0.2,2,0,0
10618,0.2,2,0,0
10619,0.2,1,1,0
10620,0.2,1,1,1
10621,0.2,1,1,1
10622,0.2,0,0,0
10623,0.2,3,0,0
10624,1.0,1,0,1
10625,0.2,2,1,1
10626,0.2,2,0,0
10627,0.2,0,1,1
10628,0.2,2,0,0
10629,0.2,0,1,1
10630,0.2,2,1,0
10631,1.0,0,0,0
10632,1.0,2,0,1
10633,0.2,2,0,1
10634,0.2,2,0,0
10635,0.2,1,0,0
10636,1.0,2,0,0
10637,1.0,0,1,1
10638,0.2,2,1,1
10639,2.2,0,0,1
10640,0.2,0,1,1
10641,0.2,2,1,0
10642,1.0,1,0,1
10643,1.0,2,0,1
10644,0.2,1,0,0
10645,0.2,3,0,0
10646,2.2,1,0,1
10647,0.2,1,0,0
10648,0.2,2,0,0
10649,2.2,2,1,1
10650,0.2,1,1,1
10651,0.2,1,0,0
10652,1.0,2,0,0
10653,0.2,1,1,1
10654,0.2,1,1,1
10655,0.2,3,0,0
10656,0.2,2,0,0
10657,0.2,3,0,0
10658,0.2,1,1,0
10659,0.2,1,1,1
10660,0.2,3,1,1
10661,0.2,0,0,1
10662,2.2,0,0,1
10663,1.0,1,0,1
10664,0.2,2,1,1
10665,0.2,3,0,0
10666,0.2,2,0,0
10667,0.2,1,1,1
10668,0.2,2,1,1
10669,1.0,3,0,0
10670,0.2,1,1,1
10671,1.0,2,1,1
10672,0.2,2,1,1
10673,0.2,1,0,1
10674,0.2,2,1,1
10675,0.2,2,0,0
10676,0.2,2,1,0
10677,0.2,2,0,0
10678,0.2,2,1,0
10679,1.0,2,1,1
10680,1.0,1,0,1
10681,0.2,2,0,0
10682,0.2,1,0,0
10683,0.2,0,0,1
10684,0.2,2,1,1
10685,0.2,0,0,0
10686,0.2,0,1,1
10687,0.2,3,0,0
10688,0.2,3,0,0
10689,0.2,1,0,0
10690,0.2,1,1,1
10691,0.2,3,0,0
10692,1.0,1,0,1
10693,0.2,0,0,0
10694,0.2,1,1,0
10695,0.2,2,0,0
10696,0.2,2,1,1
10697,3.0,1,1,1
10698,0.2,1,1,0
10699,0.2,1,0,0
10700,0.2,1,0,0
10701,0.2,1,0,0
10702,0.2,2,1,0
10703,0.2,1,1,1
10704,0.2,2,1,1
10705,1.0,2,0,0
10706,1.0,3,0,1
10707,0.2,2,0,0
10708,0.2,3,0,0
10709,0.2,1,1,0
10710,1.0,2,1,1
10711,0.2,1,1,0
10712,0.2,2,1,1
10713,0.2,2,0,0
10714,0.2,2,0,0
10715,0.2,1,1,1
10716,2.2,2,0,1
10717,0.2,3,0,0
10718,0.2,2,1,0
10719,1.0,2,1,1
10720,0.2,1,1,1
10721,1.0,1,1,1
10722,1.0,1,0,0
10723,0.2,1,1,1
10724,0.2,2,0,0
10725,1.0,1,0,1
10726,0.2,2,0,0
10727,0.2,1,1,1
10728,0.2,0,1,1
10729,0.2,1,0,0
10730,0.2,2,1,0
10731,0.2,1,1,1
10732,0.2,1,0,0
10733,1.0,2,0,0
10734,0.2,0,0,0
10735,0.2,1,1,1
10736,0.2,0,1,1
10737,0.2,0,0,0
10738,0.2,2,0,1
10739,0.2,2,0,0
10740,0.2,0,0,1
10741,0.2,2,1,1
10742,0.2,1,1,1
10743,0.2,1,0,0
10744,0.2,2,0,0
10745,0.2,2,1,1
10746,0.2,1,0,0
10747,1.0,2,0,1
10748,0.2,1,1,1
10749,0.2,2,0,0
10750,1.0,0,0,1
10751,2.2,2,1,1
10752,0.2,1,0,0
10753,0.2,3,0,0
10754,2.2,2,0,1
10755,0.2,1,1,1
10756,0.2,1,0,0
10757,0.2,1,0,0
10758,0.2,2,1,0
10759,0.2,1,1,0
10760,0.2,1,0,0
10761,0.2,2,0,0
10762,0.2,1,1,1
10763,0.2,0,1,1
10764,1.0,2,1,1
10765,0.2,1,0,0
10766,1.0,1,0,0
10767,1.0,3,1,1
10768,1.0,1,1,1
10769,0.2,0,1,1
10770,0.2,0,0,0
10771,1.0,2,1,1
10772,1.0,2,0,0
10773,0.2,0,1,0
10774,0.2,1,0,0
10775,0.2,1,0,0
10776,0.2,2,0,0
10777,0.2,1,0,1
10778,0.2,1,0,0
10779,0.2,1,1,1
10780,0.2,1,0,1
10781,0.2,2,1,1
10782,0.2,1,0,0
10783,1.0,2,1,1
10784,2.2,1,1,1
10785,0.2,3,1,1
10786,0.2,0,1,1
10787,0.2,3,1,0
10788,0.2,3,0,0
10789,0.2,2,0,0
10790,0.2,2,1,1
10791,0.2,0,0,1
10792,0.2,3,1,1
10793,1.0,2,1,1
10794,0.2,1,1,1
10795,0.2,1,1,1
10796,0.2,1,1,1
10797,0.2,2,0,0
10798,0.2,2,1,1
10799,0.2,1,1,0
10800,1.0,0,1,1
10801,0.2,2,1,1
10802,0.2,1,0,0
10803,0.2,1,1,1
10804,0.2,2,1,1
10805,0.2,3,0,0
10806,0.2,0,0,0
10807,0.2,2,1,0
10808,0.2,2,0,0
10809,1.0,2,1,1
10810,0.2,2,1,1
10811,0.2,3,1,1
10812,1.0,2,0,0
10813,0.2,1,0,0
10814,0.2,3,0,0
10815,0.2,2,0,0
10816,0.2,1,1,1
10817,1.0,0,0,1
10818,3.0,1,1,1
10819,0.2,2,0,0
10820,0.2,2,1,1
10821,0.2,1,1,0
10822,0.2,2,0,0
10823,0.2,1,0,0
10824,0.2,2,1,1
10825,0.2,1,1,1
10826,1.0,1,0,1
10827,1.0,2,1,1
10828,0.2,2,0,0
10829,0.2,1,1,1
10830,0.2,3,1,1
10831,2.2,1,1,1
10832,0.2,1,1,1
10833,1.0,2,1,1
10834,0.2,2,1,1
10835,1.0,1,0,1
10836,0.2,0,1,1
10837,0.2,0,1,1
10838,0.2,1,0,0
10839,0.2,3,1,0
10840,0.2,1,1,1
10841,0.2,1,0,0
10842,0.2,1,1,1
10843,0.2,2,1,0
10844,0.2,1,0,0
10845,1.0,1,0,1
10846,0.2,1,1,1
10847,0.2,0,1,1
10848,0.2,0,0,1
10849,1.0,1,1,1
10850,0.2,2,0,0
10851,0.2,1,0,1
10852,0.2,3,0,0
10853,0.2,2,1,0
10854,0.2,2,0,0
10855,0.2,2,1,0
10856,0.2,2,1,0
10857,0.2,2,0,0
10858,1.0,0,1,1
10859,0.2,1,0,0
10860,1.0,2,0,1
10861,0.2,3,0,0
10862,1.0,1,0,0
10863,0.2,0,1,1
10864,1.0,1,0,1
10865,0.2,2,0,0
10866,0.2,1,1,0
10867,0.2,1,0,0
10868,0.2,1,1,0
10869,0.2,2,1,0
10870,1.0,1,1,1
10871,1.0,1,0,0
10872,0.2,2,0,0
10873,0.2,0,1,1
10874,1.0,2,0,1
10875,0.2,1,1,1
10876,1.0,0,1,1
10877,1.0,0,1,1
10878,1.0,1,1,1
10879,1.0,1,1,1
10880,0.2,2,1,1
10881,0.2,2,1,1
10882,0.2,2,1,1
10883,0.2,1,0,0
10884,2.2,1,1,1
10885,1.0,2,0,0
10886,0.2,3,0,0
10887,0.2,0,1,1
10888,1.0,2,0,1
10889,0.2,2,1,1
10890,0.2,0,1,0
10891,0.2,2,0,0
10892,1.0,0,0,1
10893,0.2,3,1,0
10894,2.2,1,1,1
10895,1.0,3,0,0
10896,0.2,0,1,1
10897,0.2,3,0,0
10898,0.2,3,0,0
10899,1.0,2,0,0
10900,1.0,2,1,1
10901,0.2,2,1,0
10902,0.2,1,0,0
10903,0.2,0,0,1
10904,1.0,3,0,1
10905,1.0,2,0,0
10906,0.2,2,0,0
10907,0.2,2,0,0
10908,0.2,1,0,0
10909,0.2,2,1,1
10910,0.2,1,1,0
10911,0.2,2,0,0
10912,1.0,0,1,1
10913,0.2,2,0,0
10914,0.2,1,0,0
10915,0.2,2,1,1
10916,0.2,1,0,1
10917,0.2,1,1,1
10918,0.2,1,0,0
10919,0.2,2,0,0
10920,1.0,3,1,1
10921,2.2,2,1,1
10922,0.2,2,1,1
10923,1.0,1,1,1
10924,0.2,0,1,1
10925,0.2,1,0,0
10926,0.2,2,1,0
10927,0.2,1,0,0
10928,0.2,2,1,1
10929,0.2,3,1,0
10930,0.2,2,1,1
10931,2.2,1,0,1
10932,1.0,0,1,1
10933,0.2,1,0,0
10934,1.0,1,0,0
10935,0.2,2,1,0
10936,0.2,0,0,0
10937,0.2,2,0,0
10938,1.0,2,1,1
10939,0.2,1,1,0
10940,0.2,2,1,0
10941,1.0,2,0,1
10942,0.2,1,1,1
10943,0.2,2,1,0
10944,1.0,1,1,1
10945,0.2,0,0,0
10946,0.2,1,1,1
10947,0.2,2,0,0
10948,0.2,1,0,1
10949,0.2,1,1,1
10950,0.2,1,1,1
10951,1.0,3,0,0
10952,0.2,2,0,0
10953,0.2,1,1,1
10954,0.2,1,1,1
10955,0.2,2,1,0
10956,0.2,2,0,0
10957,0.2,2,1,1
10958,0.2,2,1,0
10959,0.2,1,0,0
10960,0.2,2,1,0
10961,0.2,1,0,0
10962,0.2,3,1,1
10963,0.2,1,0,0
10964,0.2,1,1,1
10965,0.2,0,1,1
10966,0.2,1,0,0
10967,0.2,3,1,0
10968,0.2,1,1,1
10969,0.2,2,0,0
10970,0.2,2,1,1
10971,1.0,1,1,1
10972,1.0,2,1,1
10973,0.2,2,0,0
10974,0.2,1,0,0
10975,0.2,1,0,0
10976,2.2,1,1,1
10977,0.2,2,0,0
10978,0.2,2,1,1
10979,0.2,2,0,0
10980,0.2,2,0,0
10981,0.2,3,1,0
10982,0.2,3,0,0
10983,0.2,3,1,0
10984,0.2,1,0,0
10985,1.0,2,0,0
10986,0.2,1,0,0
10987,0.2,1,1,1
10988,1.0,3,0,1
10989,1.0,1,1,1
10990,1.0,1,1,1
10991,0.2,0,1,0
10992,0.2,1,0,0
10993,1.0,1,0,1
10994,0.2,2,0,1
10995,0.2,3,0,0
10996,0.2,2,0,0
10997,1.0,2,1,1
10998,0.2,1,0,0
10999,0.2,3,1,0
11000,0.2,1,0,0
11001,0.2,1,0,1
11002,3.0,1,1,1
11003,1.0,2,1,1
11004,0.2,2,0,0
11005,0.2,1,1,1
11006,0.2,2,0,0
11007,0.2,3,0,0
11008,0.2,2,0,0
11009,0.2,3,1,1
11010,1.0,2,1,1
11011,0.2,1,0,0
11012,1.0,2,1,1
11013,0.2,2,1,0
11014,3.0,0,0,1
11015,0.2,0,1,1
11016,1.0,2,0,0
11017,0.2,2,0,1
11018,0.2,1,1,1
11019,0.2,0,1,0
11020,0.2,2,0,0
11021,0.2,1,0,0
11022,0.2,2,0,0
11023,0.2,0,0,0
11024,1.0,3,1,1
11025,0.2,2,1,1
11026,0.2,1,0,0
11027,0.2,3,1,1
11028,0.2,2,1,1
11029,0.2,1,1,1
11030,0.2,2,1,0
11031,0.2,1,0,0
11032,0.2,1,0,0
11033,3.8,2,1,1
11034,0.2,1,1,1
11035,0.2,0,1,1
11036,1.0,1,1,1
11037,1.0,1,0,1
11038,1.0,1,1,1
11039,2.2,1,1,1
11040,0.2,0,0,0
11041,0.2,2,1,1
11042,1.0,1,1,1
11043,0.2,2,1,1
11044,0.2,2,0,0
11045,0.2,2,1,0
11046,0.2,2,0,1
11047,0.2,2,1,1
11048,1.0,3,1,1
11049,1.0,3,1,1
11050,0.2,0,0,0
11051,0.2,2,0,0
11052,0.2,2,1,1
11053,1.0,1,1,1
11054,0.2,1,0,0
11055,2.2,1,1,1
11056,1.0,1,1,1
11057,0.2,1,1,1
11058,0.2,3,1,1
11059,1.0,2,1,0
11060,0.2,3,1,1
11061,0.2,2,1,0
11062,1.0,1,1,1
11063,0.2,1,1,1
11064,0.2,1,1,1
11065,1.0,3,1,1
11066,0.2,2,1,1
11067,0.2,2,1,1
11068,0.2,1,0,1
11069,1.0,2,1,1
11070,0.2,1,0,0
11071,0.2,3,1,1
11072,0.2,2,1,0
11073,0.2,2,0,0
11074,0.2,2,1,0
11075,0.2,0,0,0
11076,1.0,1,1,1
11077,0.2,3,0,0
11078,1.0,2,0,0
11079,0.2,0,0,0
11080,0.2,2,0,0
11081,0.2,3,1,1
11082,1.0,3,0,1
11083,0.2,1,0,0
11084,1.0,2,1,1
11085,0.2,2,1,1
11086,1.0,1,1,1
11087,0.2,2,0,0
11088,1.0,2,0,0
11089,0.2,1,0,1
11090,0.2,2,1,1
11091,0.2,1,1,0
11092,0.2,2,1,1
11093,0.2,2,1,1
11094,1.0,1,0,0
11095,2.2,3,1,1
11096,2.2,2,1,1
11097,0.2,1,0,0
11098,0.2,1,1,1
11099,0.2,3,0,0
11100,0.2,0,1,1
11101,1.0,2,0,0
11102,0.2,1,1,1
11103,0.2,2,1,1
11104,0.2,2,0,0
11105,0.2,1,0,0
11106,0.2,1,1,1
11107,0.2,2,1,1
11108,1.0,1,0,0
11109,0.2,1,0,0
11110,0.2,2,1,1
11111,0.2,1,1,1
11112,1.0,1,1,1
11113,0.2,0,1,1
11114,0.2,2,1,1
11115,1.0,1,0,1
11116,0.2,1,1,1
11117,0.2,1,0,0
11118,1.0,2,0,0
11119,1.0,2,0,0
11120,0.2,2,1,1
11121,1.0,0,1,1
11122,0.2,0,0,0
11123,0.2,2,1,1
11124,0.2,0,0,0
11125,0.2,3,0,0
11126,0.2,2,0,0
11127,0.2,1,0,0
11128,0.2,3,1,1
11129,0.2,0,0,1
11130,0.2,1,1,1
11131,1.0,2,0,1
11132,0.2,2,1,0
11133,0.2,1,1,1
11134,0.2,1,0,0
11135,0.2,1,0,0
11136,0.2,0,1,0
11137,0.2,3,0,0
11138,0.2,2,0,0
11139,0.2,3,1,0
11140,0.2,2,0,0
11141,0.2,1,0,0
11142,0.2,2,0,0
11143,0.2,0,1,1
11144,1.0,2,0,0
11145,0.2,1,0,0
11146,1.0,1,1,1
11147,0.2,1,1,1
11148,0.2,0,1,1
11149,0.2,2,1,1
11150,0.2,1,0,0
11151,0.2,1,0,0
11152,1.0,2,1,1
11153,1.0,2,1,1
11154,1.0,1,0,0
11155,1.0,3,0,0
11156,0.2,2,1,0
11157,0.2,1,0,0
11158,0.2,2,0,0
11159,0.2,1,1,1
11160,0.2,1,1,0
11161,0.2,1,1,1
11162,0.2,1,0,0
11163,2.2,1,0,1
11164,2.2,2,0,0
11165,0.2,2,0,0
11166,0.2,2,0,0
11167,0.2,1,0,1
11168,0.2,2,1,1
11169,1.0,3,1,1
11170,1.0,1,1,1
11171,0.2,1,1,1
11172,1.0,2,1,1
11173,0.2,0,0,0
11174,2.2,2,0,1
11175,0.2,1,1,1
11176,1.0,2,0,1
11177,0.2,2,0,0
11178,0.2,1,0,0
11179,1.0,1,0,1
11180,1.0,2,0,0
11181,0.2,2,0,0
11182,0.2,1,1,1
11183,0.2,1,1,0
11184,1.0,1,1,1
11185,0.2,3,0,0
11186,0.2,1,1,1
11187,0.2,0,1,0
11188,0.2,2,1,1
11189,0.2,2,1,1
11190,0.2,3,0,0
11191,0.2,1,1,1
11192,0.2,3,1,1
11193,1.0,1,1,1
11194,0.2,2,0,0
11195,0.2,2,0,0
11196,2.2,3,1,1
11197,1.0,2,0,0
11198,0.2,2,1,0
11199,0.2,2,1,1
11200,1.0,2,1,1
11201,1.0,2,0,1
11202,0.2,1,1,1
11203,0.2,1,0,0
11204,0.2,2,0,0
11205,2.2,1,1,1
11206,0.2,0,0,0
11207,0.2,2,1,1
11208,0.2,0,0,0
11209,0.2,2,1,1
11210,0.2,1,1,1
11211,1.0,0,1,1
11212,0.2,3,0,0
11213,0.2,1,0,0
11214,0.2,2,0,0
11215,0.2,1,0,0
11216,1.0,1,1,1
11217,0.2,1,0,0
11218,0.2,1,1,1
11219,2.2,2,0,1
11220,1.0,1,0,1
11221,0.2,0,0,0
11222,1.0,1,1,1
11223,0.2,0,0,0
11224,0.2,3,0,0
11225,0.2,1,1,1
11226,0.2,1,0,0
11227,0.2,1,1,1
11228,0.2,2,0,0
11229,0.2,1,0,1
11230,0.2,2,0,1
11231,0.2,2,0,0
11232,1.0,0,0,1
11233,0.2,3,0,0
11234,0.2,2,0,0
11235,0.2,2,1,0
11236,0.2,1,1,0
11237,0.2,1,0,0
11238,1.0,1,1,1
11239,0.2,2,0,0
11240,0.2,0,1,1
11241,0.2,3,1,1
11242,1.0,0,0,1
11243,0.2,1,0,0
11244,1.0,2,1,1
11245,1.0,2,1,1
11246,0.2,0,0,0
11247,0.2,2,1,1
11248,1.0,2,0,1
11249,0.2,1,0,0
11250,0.2,1,1,0
11251,0.2,1,0,0
11252,2.2,1,1,1
11253,0.2,1,0,0
11254,0.2,2,0,0
11255,0.2,1,1,1
11256,1.0,2,0,0
11257,0.2,2,0,0
11258,0.2,1,0,0
11259,0.2,1,0,0
11260,0.2,1,1,1
11261,0.2,2,0,0
11262,1.0,0,0,1
11263,0.2,1,0,0
11264,0.2,2,1,1
11265,1.0,1,1,1
11266,0.2,2,1,1
11267,0.2,0,1,0
11268,0.2,2,0,0
11269,0.2,1,1,1
11270,1.0,1,0,1
11271,1.0,2,0,0
11272,0.2,3,0,0
11273,1.0,2,1,1
11274,1.0,1,0,0
11275,0.2,2,1,1
11276,0.2,1,0,0
11277,1.0,2,0,1
11278,1.0,1,1,0
11279,1.0,1,0,0
11280,0.2,2,0,0
11281,1.0,1,1,1
11282,0.2,1,1,1
11283,0.2,2,1,1
11284,0.2,1,0,0
11285,0.2,2,0,0
11286,0.2,1,0,0
11287,0.2,2,0,0
11288,0.2,2,1,1
11289,0.2,2,1,0
11290,0.2,0,0,0
11291,0.2,2,1,0
11292,0.2,1,0,0
11293,0.2,1,0,0
11294,0.2,1,0,0
11295,1.0,1,1,1
11296,0.2,3,1,0
11297,1.0,1,0,1
11298,0.2,1,1,1
11299,1.0,0,0,1
11300,0.2,1,0,0
11301,0.2,1,0,1
11302,0.2,1,1,1
11303,0.2,2,0,0
11304,0.2,1,1,1
11305,0.2,2,1,1
11306,1.0,3,0,0
11307,0.2,1,1,1
11308,0.2,2,1,0
11309,0.2,3,1,0
11310,0.2,1,0,0
11311,0.2,1,0,0
11312,0.2,1,1,1
11313,0.2,1,0,0
11314,0.2,2,1,1
11315,1.0,3,0,0
11316,0.2,0,0,0
11317,1.0,3,1,1
11318,0.2,2,0,0
11319,1.0,3,0,0
11320,1.0,2,0,1
11321,0.2,1,0,1
11322,0.2,2,0,0
11323,0.2,2,0,0
11324,0.2,3,1,1
11325,0.2,2,0,0
11326,0.2,1,0,0
11327,0.2,1,1,1
11328,0.2,2,1,1
11329,0.2,2,0,0
11330,0.2,1,1,0
11331,0.2,2,0,0
11332,0.2,1,0,0
11333,0.2,1,1,0
11334,0.2,1,1,1
11335,0.2,1,1,1
11336,0.2,1,1,1
11337,0.2,1,0,1
11338,0.2,2,0,0
11339,0.2,2,0,0
11340,1.0,2,0,0
11341,0.2,2,1,1
11342,1.0,1,1,1
11343,0.2,1,0,0
11344,0.2,2,1,0
11345,0.2,0,0,1
11346,2.2,1,1,1
11347,0.2,3,1,1
11348,0.2,2,0,0
11349,0.2,3,0,0
11350,0.2,1,1,1
11351,0.2,3,1,0
11352,0.2,1,0,0
11353,0.2,1,0,0
11354,0.2,1,0,0
11355,0.2,2,1,1
11356,2.2,2,0,1
11357,0.2,0,0,1
11358,0.2,0,0,1
11359,0.2,2,0,0
11360,0.2,1,0,0
11361,0.2,2,0,0
11362,0.2,1,0,0
11363,0.2,2,1,1
11364,1.0,3,1,1
11365,0.2,2,1,0
11366,1.0,1,0,1
11367,0.2,2,1,0
11368,0.2,1,1,0
11369,0.2,2,0,0
11370,0.2,2,0,0
11371,0.2,1,0,0
11372,0.2,2,1,1
11373,0.2,1,1,1
11374,0.2,0,1,1
11375,0.2,2,0,0
11376,0.2,1,0,0
11377,1.0,3,0,0
11378,0.2,1,1,1
11379,0.2,1,0,0
11380,0.2,3,0,0
11381,0.2,1,1,1
11382,0.2,3,1,0
11383,0.2,1,0,0
11384,0.2,1,1,1
11385,0.2,0,1,1
11386,0.2,1,1,0
11387,0.2,0,0,1
11388,0.2,1,1,1
11389,0.2,2,0,0
11390,0.2,1,0,0
11391,0.2,2,0,0
11392,0.2,2,1,0
11393,0.2,2,1,1
11394,0.2,2,0,0
11395,0.2,1,0,0
11396,0.2,1,0,0
11397,0.2,1,1,1
11398,0.2,1,0,0
11399,2.2,0,0,1
11400,0.2,2,1,1
11401,0.2,0,0,0
11402,1.0,1,1,1
11403,0.2,0,0,1
11404,0.2,2,1,0
11405,1.0,1,1,1
11406,0.2,3,0,0
11407,0.2,2,1,1
11408,0.2,1,0,0
11409,0.2,3,1,0
11410,1.0,2,0,0
11411,0.2,1,1,1
11412,0.2,2,0,0
11413,0.2,3,1,1
11414,0.2,0,0,0
11415,0.2,2,1,0
11416,0.2,1,0,0
11417,0.2,2,1,1
11418,0.2,2,0,0
11419,0.2,2,0,0
11420,2.2,1,1,1
11421,0.2,2,1,1
11422,0.2,1,0,0
11423,0.2,0,0,0
11424,0.2,1,0,0
11425,0.2,1,1,1
11426,0.2,0,1,1
11427,0.2,1,1,0
11428,0.2,3,1,0
11429,0.2,0,1,0
11430,0.2,1,1,1
11431,0.2,1,0,0
11432,0.2,3,0,0
11433,0.2,2,1,1
11434,0.2,2,0,0
11435,0.2,3,0,0
11436,0.2,3,0,0
11437,0.2,2,1,0
11438,0.2,1,0,1
11439,0.2,3,1,0
11440,0.2,1,1,0
11441,0.2,3,1,0
11442,1.0,1,1,1
11443,0.2,2,0,0
11444,1.0,2,1,1
11445,0.2,1,1,1
11446,0.2,2,1,0
11447,1.0,2,1,1
11448,1.0,2,0,1
11449,0.2,3,0,0
11450,0.2,1,1,1
11451,0.2,1,1,0
11452,1.0,1,1,1
11453,2.2,1,0,1
11454,0.2,1,1,0
11455,1.0,3,1,1
11456,0.2,1,1,1
11457,0.2,2,1,1
11458,0.2,1,1,0
11459,0.2,2,1,1
11460,2.2,2,0,1
11461,1.0,2,1,1
11462,0.2,0,1,1
11463,0.2,1,1,1
11464,0.2,2,0,0
11465,0.2,2,0,1
11466,0.2,3,0,0
11467,1.0,2,0,1
11468,0.2,3,1,1
11469,0.2,1,1,0
11470,0.2,2,1,1
11471,1.0,2,1,1
11472,0.2,2,0,1
11473,0.2,2,0,0
11474,0.2,3,1,0
11475,0.2,0,0,0
11476,0.2,1,0,0
11477,0.2,2,0,0
11478,0.2,1,0,0
11479,0.2,2,0,0
11480,0.2,1,1,0
11481,1.0,3,1,1
11482,0.2,1,1,1
11483,0.2,1,0,0
11484,1.0,0,0,1
11485,1.0,3,0,1
11486,0.2,1,0,1
11487,0.2,2,0,0
11488,0.2,1,0,1
11489,0.2,2,0,0
11490,1.0,0,0,1
11491,0.2,0,0,0
11492,0.2,1,0,1
11493,0.2,2,1,0
11494,0.2,3,0,1
11495,1.0,3,1,1
11496,0.2,2,1,1
11497,0.2,0,0,1
11498,1.0,2,0,1
11499,0.2,2,1,1
11500,0.2,0,1,0
11501,0.2,0,0,0
11502,0.2,2,0,0
11503,0.2,1,0,0
11504,0.2,1,1,0
11505,0.2,2,0,0
11506,0.2,2,1,0
11507,0.2,0,0,1
11508,0.2,1,1,1
11509,1.0,1,0,1
11510,0.2,2,1,1
11511,0.2,1,1,1
11512,0.2,2,0,0
11513,0.2,1,0,0
11514,0.2,2,1,1
11515,0.2,2,0,0
11516,1.0,2,1,1
11517,1.0,3,1,1
11518,1.0,3,1,1
11519,0.2,1,1,1
11520,0.2,2,1,0
11521,0.2,0,1,1
11522,2.2,2,1,1
11523,0.2,1,0,0
11524,0.2,2,0,1
11525,0.2,3,1,0
11526,0.2,1,0,0
11527,0.2,1,1,1
11528,0.2,2,0,0
11529,1.0,1,0,1
11530,0.2,2,1,0
11531,0.2,1,0,0
11532,0.2,1,1,1
11533,1.0,1,1,1
11534,1.0,2,1,1
11535,0.2,3,0,0
11536,0.2,2,1,1
11537,1.0,2,1,1
11538,0.2,2,1,1
11539,0.2,1,1,1
11540,0.2,2,1,0
11541,0.2,2,0,0
11542,0.2,0,0,0
11543,1.0,0,0,1
11544,0.2,2,0,0
11545,0.2,1,1,1
11546,0.2,0,0,0
11547,1.0,1,0,1
11548,0.2,2,1,1
11549,0.2,0,0,0
11550,0.2,2,0,1
11551,0.2,0,0,0
11552,0.2,0,1,1
11553,0.2,2,0,0
11554,0.2,1,0,1
11555,0.2,2,0,0
11556,0.2,1,0,1
11557,0.2,1,0,0
11558,0.2,0,0,0
11559,0.2,1,0,0
11560,0.2,2,0,0
11561,1.0,2,0,1
11562,0.2,3,1,0
11563,0.2,1,1,1
11564,0.2,0,0,0
11565,0.2,2,0,0
11566,0.2,2,0,0
11567,0.2,2,0,0
11568,1.0,1,1,1
11569,0.2,1,0,0
11570,1.0,2,0,0
11571,0.2,3,0,0
11572,1.0,0,0,1
11573,2.2,2,1,1
11574,1.0,3,0,1
11575,0.2,0,1,0
11576,0.2,1,0,0
11577,0.2,2,1,1
11578,0.2,3,0,0
11579,2.2,2,1,1
11580,1.0,2,0,0
11581,0.2,1,1,0
11582,0.2,0,1,1
11583,0.2,2,0,0
11584,0.2,2,1,1
11585,0.2,1,0,0
11586,1.0,2,0,0
11587,1.0,1,1,1
11588,0.2,0,1,1
11589,0.2,1,1,0
11590,0.2,2,0,0
11591,0.2,2,0,0
11592,1.0,2,0,0
11593,0.2,1,0,0
11594,0.2,0,1,1
11595,0.2,0,0,1
11596,0.2,1,0,0
11597,0.2,0,1,1
11598,1.0,1,0,0
11599,0.2,1,0,0
11600,0.2,2,1,0
11601,0.2,2,0,0
11602,0.2,1,0,0
11603,0.2,0,0,1
11604,1.0,1,1,1
11605,0.2,2,1,1
11606,0.2,2,1,0
11607,1.0,2,1,1
11608,1.0,2,0,1
11609,0.2,2,1,1
11610,1.0,1,0,1
11611,1.0,1,1,1
11612,0.2,1,1,1
11613,0.2,0,1,1
11614,0.2,3,0,0
11615,1.0,3,1,1
11616,0.2,0,0,1
11617,0.2,2,1,0
11618,0.2,1,1,1
11619,1.0,2,0,1
11620,0.2,1,1,1
11621,0.2,2,1,0
11622,0.2,2,0,0
11623,0.2,1,0,0
11624,0.2,1,0,1
11625,0.2,0,0,0
11626,0.2,0,1,1
11627,0.2,2,0,0
11628,0.2,1,0,0
11629,2.2,1,1,1
11630,0.2,3,0,0
11631,1.0,2,0,0
11632,1.0,2,1,1
11633,0.2,2,0,1
11634,0.2,1,0,0
11635,1.0,2,0,0
11636,0.2,1,0,0
11637,0.2,2,0,0
11638,1.0,1,1,1
11639,0.2,2,1,1
11640,0.2,2,0,0
11641,0.2,3,0,0
11642,1.0,2,0,1
11643,0.2,2,1,1
11644,0.2,0,1,1
11645,0.2,1,0,0
11646,0.2,3,1,1
11647,1.0,2,0,0
11648,0.2,3,0,0
11649,1.0,0,1,1
11650,0.2,1,0,0
11651,1.0,0,0,1
11652,0.2,1,0,1
11653,0.2,3,1,0
11654,0.2,1,0,0
11655,0.2,2,0,1
11656,0.2,2,0,0
11657,0.2,2,1,1
11658,1.0,2,0,0
11659,0.2,1,0,0
11660,0.2,0,0,1
11661,1.0,2,1,1
11662,0.2,1,1,0
11663,1.0,3,0,1
11664,0.2,2,1,1
11665,0.2,3,0,0
11666,0.2,1,1,1
11667,1.0,2,0,1
11668,1.0,2,1,1
11669,0.2,0,1,1
11670,0.2,1,0,0
11671,1.0,2,0,1
11672,0.2,1,0,0
11673,0.2,0,0,1
11674,0.2,2,1,1
11675,0.2,1,0,0
11676,0.2,1,1,1
11677,1.0,1,0,0
11678,0.2,1,0,0
11679,1.0,2,0,0
11680,2.2,0,1,1
11681,0.2,1,1,1
11682,0.2,3,0,0
11683,0.2,1,1,1
11684,0.2,2,1,1
11685,0.2,2,1,1
11686,0.2,2,1,1
11687,0.2,1,1,1
11688,0.2,2,1,1
11689,0.2,1,0,0
11690,0.2,2,0,0
11691,0.2,1,0,0
11692,0.2,1,0,0
11693,0.2,1,0,1
11694,0.2,0,0,0
11695,0.2,1,0,0
11696,0.2,2,0,0
11697,1.0,2,0,1
11698,0.2,1,1,0
11699,0.2,2,0,0
11700,0.2,0,1,1
11701,0.2,2,1,1
11702,0.2,0,1,1
11703,0.2,2,1,1
11704,0.2,1,0,0
11705,1.0,1,1,1
11706,1.0,2,1,1
11707,0.2,2,1,1
11708,1.0,3,0,0
11709,1.0,2,1,1
11710,0.2,3,0,0
11711,0.2,2,1,1
11712,0.2,2,0,0
11713,2.2,2,1,1
11714,0.2,1,1,1
11715,0.2,2,0,0
11716,0.2,1,1,0
11717,0.2,2,1,1
11718,0.2,3,0,0
11719,1.0,3,0,1
11720,0.2,2,1,1
11721,2.2,2,0,1
11722,0.2,2,0,0
11723,0.2,1,1,0
11724,1.0,1,1,1
11725,0.2,3,0,0
11726,0.2,1,1,1
11727,0.2,1,1,1
11728,0.2,0,1,1
11729,0.2,3,0,0
11730,0.2,2,0,1
11731,0.2,1,1,1
11732,0.2,1,1,0
11733,0.2,0,0,0
11734,0.2,1,1,1
11735,1.0,1,1,1
11736,0.2,1,0,1
11737,0.2,2,0,0
11738,1.0,1,0,1
11739,0.2,3,0,0
11740,0.2,1,1,1
11741,0.2,1,1,1
11742,0.2,1,0,0
11743,0.2,0,1,1
11744,0.2,2,1,1
11745,0.2,2,1,0
11746,3.0,0,1,1
11747,0.2,0,1,1
11748,1.0,0,0,0
11749,0.2,3,1,1
11750,1.0,1,0,0
11751,0.2,1,0,1
11752,0.2,1,1,1
11753,0.2,1,1,1
11754,0.2,1,0,0
11755,1.0,2,1,1
11756,0.2,1,0,0
11757,0.2,2,0,0
11758,0.2,1,0,0
11759,1.0,1,0,0
11760,0.2,2,0,0
11761,1.0,3,1,1
11762,1.0,1,1,1
11763,0.2,0,1,1
11764,1.0,1,0,1
11765,0.2,1,1,0
11766,1.0,3,0,0
11767,0.2,3,0,0
11768,2.2,3,0,1
11769,0.2,1,1,0
11770,0.2,0,0,0
11771,1.0,1,0,0
11772,1.0,1,1,1
11773,0.2,2,1,0
11774,0.2,3,1,1
11775,1.0,1,1,1
11776,0.2,1,0,1
11777,1.0,0,0,1
11778,0.2,2,0,1
11779,0.2,0,0,1
11780,0.2,1,0,1
11781,0.2,3,0,0
11782,0.2,0,1,1
11783,0.2,3,0,0
11784,0.2,2,0,0
11785,2.2,1,1,1
11786,0.2,1,1,1
11787,0.2,3,1,0
11788,0.2,1,1,1
11789,0.2,1,1,1
11790,0.2,0,1,1
11791,0.2,3,1,1
11792,0.2,0,1,1
11793,0.2,1,0,1
11794,2.2,3,1,1
11795,0.2,1,0,0
11796,0.2,2,0,0
11797,0.2,3,0,0
11798,0.2,1,1,1
11799,0.2,1,0,0
11800,0.2,1,1,0
11801,0.2,0,1,1
11802,0.2,2,0,0
11803,1.0,3,1,1
11804,1.0,2,0,1
11805,0.2,1,1,1
11806,0.2,3,1,1
11807,0.2,2,1,1
11808,0.2,1,0,0
11809,0.2,1,0,0
11810,0.2,1,1,1
11811,1.0,2,1,1
11812,1.0,0,0,1
11813,0.2,2,0,0
11814,0.2,2,0,0
11815,1.0,2,0,1
11816,1.0,2,0,1
11817,0.2,3,1,1
11818,0.2,3,0,0
11819,1.0,1,1,1
11820,1.0,2,0,1
11821,0.2,2,1,0
11822,0.2,0,1,0
11823,1.0,1,1,1
11824,0.2,0,1,1
11825,0.2,3,0,0
11826,0.2,1,0,0
11827,0.2,2,1,0
11828,0.2,0,0,1
11829,0.2,0,0,0
11830,0.2,1,1,1
11831,0.2,2,1,0
11832,0.2,2,0,0
11833,0.2,0,1,1
11834,0.2,1,1,1
11835,0.2,1,1,1
11836,0.2,3,0,0
11837,0.2,3,1,0
11838,0.2,2,0,1
11839,1.0,2,1,1
11840,1.0,3,1,1
11841,1.0,2,1,1
11842,0.2,2,0,0
11843,0.2,1,0,0
11844,0.2,0,1,1
11845,0.2,3,1,1
11846,1.0,2,0,1
11847,0.2,2,1,1
11848,0.2,1,1,1
11849,1.0,2,1,1
11850,0.2,2,1,1
11851,0.2,1,1,0
11852,0.2,2,1,1
11853,0.2,2,0,0
11854,0.2,3,0,0
11855,0.2,2,0,0
11856,0.2,1,0,0
11857,0.2,2,1,1
11858,0.2,2,1,1
11859,1.0,1,0,1
11860,0.2,1,0,0
11861,0.2,2,1,0
11862,1.0,1,0,1
11863,1.0,2,1,1
11864,1.0,3,0,1
11865,0.2,2,1,1
11866,0.2,1,0,1
11867,0.2,2,1,0
11868,1.0,1,0,0
11869,0.2,2,1,1
11870,0.2,2,1,0
11871,0.2,0,0,0
11872,0.2,2,1,1
11873,1.0,2,0,0
11874,0.2,2,1,1
11875,0.2,2,0,0
11876,0.2,0,1,1
11877,0.2,2,1,1
11878,1.0,1,0,1
11879,0.2,1,1,0
11880,0.2,3,1,1
11881,0.2,0,1,0
11882,0.2,1,1,1
11883,0.2,2,1,1
11884,0.2,2,1,0
11885,0.2,2,0,0
11886,1.0,2,1,1
11887,0.2,1,1,0
11888,0.2,2,0,0
11889,0.2,1,0,0
11890,0.2,1,0,0
11891,0.2,2,0,0
11892,0.2,2,1,1
11893,0.2,1,0,0
11894,1.0,2,1,1
11895,0.2,0,1,1
11896,0.2,2,0,0
11897,0.2,1,0,0
11898,1.0,1,1,1
11899,0.2,2,1,1
11900,2.2,2,0,1
11901,0.2,1,1,1
11902,0.2,2,1,0
11903,0.2,1,0,0
11904,0.2,2,1,0
11905,0.2,1,0,0
11906,0.2,1,1,1
11907,1.0,2,1,1
11908,0.2,2,1,1
11909,0.2,2,0,0
11910,1.0,3,0,0
11911,0.2,2,0,0
11912,0.2,2,0,1
11913,1.0,1,1,1
11914,0.2,2,0,0
11915,0.2,1,0,0
11916,3.0,2,1,1
11917,0.2,0,0,0
11918,0.2,1,0,0
11919,0.2,2,1,1
11920,0.2,3,1,1
11921,3.0,2,0,1
11922,1.0,2,1,1
11923,0.6000000000000001,1,1,1
11924,0.2,2,1,1
11925,0.2,1,1,1
11926,0.2,1,1,0
11927,1.0,2,0,1
11928,0.2,2,0,0
11929,0.2,1,0,0
11930,1.0,3,1,1
11931,1.0,1,0,0
11932,0.2,2,0,0
11933,0.2,0,1,1
11934,0.2,2,1,1
11935,0.2,2,1,0
11936,1.0,1,1,0
11937,0.2,1,0,0
11938,0.2,1,0,0
11939,1.0,1,0,1
11940,0.2,1,0,0
11941,1.0,2,0,1
11942,0.2,0,0,1
11943,0.2,2,1,1
11944,0.2,2,1,1
11945,1.0,2,1,1
11946,0.2,2,1,1
11947,0.2,2,1,0
11948,0.2,1,0,0
11949,0.2,2,1,1
11950,0.2,3,0,0
11951,0.2,1,0,0
11952,0.2,2,0,0
11953,0.2,1,1,0
11954,0.2,2,0,0
11955,0.2,2,1,1
11956,0.2,2,0,0
11957,1.0,2,1,1
11958,0.2,1,1,1
11959,1.0,2,0,0
11960,0.2,0,0,0
11961,2.2,2,0,0
11962,0.2,1,1,0
11963,1.0,2,0,0
11964,0.2,1,1,1
11965,0.2,1,1,1
11966,0.2,1,1,1
11967,0.2,1,0,0
11968,1.0,1,0,0
11969,1.0,1,1,1
11970,1.0,2,1,1
11971,0.2,2,1,1
11972,1.0,2,1,1
11973,0.2,0,0,0
11974,0.2,1,1,1
11975,0.2,2,0,0
11976,0.2,1,0,0
11977,0.2,0,1,1
11978,0.2,2,1,1
11979,0.2,0,0,0
11980,0.2,2,0,0
11981,0.2,2,0,0
11982,0.2,2,0,0
11983,0.2,1,0,0
11984,0.2,0,0,1
11985,0.2,1,0,0
11986,0.2,1,1,0
11987,0.2,1,1,1
11988,0.2,2,0,0
11989,0.2,2,1,1
11990,0.2,2,1,1
11991,0.2,1,1,1
11992,1.0,3,0,0
11993,0.2,1,1,1
11994,1.0,3,1,1
11995,0.2,2,1,1
11996,0.2,1,1,1
11997,0.2,2,0,1
11998,0.2,3,0,0
11999,0.2,2,0,0
12000,1.0,2,1,1
12001,0.2,2,0,0
12002,0.2,3,0,0
12003,0.2,1,1,1
12004,0.2,1,1,1
12005,1.0,1,1,1
12006,0.2,1,0,0
12007,0.2,1,1,1
12008,0.2,0,1,1
12009,0.2,1,1,1
12010,0.2,1,1,1
12011,1.0,1,0,1
12012,0.2,1,1,1
12013,0.2,0,1,1
12014,0.2,2,0,0
12015,0.2,0,0,0
12016,1.0,3,0,0
12017,0.2,2,0,0
12018,0.2,1,1,1
12019,0.2,1,1,1
12020,1.0,1,0,0
12021,1.0,1,0,1
12022,1.0,0,1,1
12023,0.2,1,1,1
12024,1.0,1,1,1
12025,0.2,3,0,0
12026,0.2,1,0,0
12027,1.0,1,0,0
12028,1.0,2,0,1
12029,0.2,1,1,1
12030,0.2,1,0,0
12031,0.2,0,1,1
12032,0.2,1,0,0
12033,1.0,1,0,1
12034,0.2,2,0,0
12035,0.2,3,0,0
12036,3.0,1,0,1
12037,0.2,1,0,0
12038,0.2,2,1,0
12039,2.2,0,0,1
12040,0.2,2,1,1
12041,0.2,1,0,0
12042,0.2,1,0,0
12043,0.2,1,1,0
12044,0.2,0,0,1
12045,0.2,1,1,0
12046,0.2,0,1,1
12047,0.2,2,0,0
12048,0.2,1,1,1
12049,0.2,0,1,1
12050,0.2,1,1,0
12051,0.2,1,1,0
12052,0.2,0,1,1
12053,0.2,2,1,1
12054,0.2,1,1,1
12055,0.2,2,0,0
12056,0.2,2,0,0
12057,0.2,1,1,1
12058,0.2,1,1,1
12059,0.2,2,0,0
12060,0.2,1,1,0
12061,0.2,2,0,1
12062,0.2,2,0,0
12063,0.2,2,0,0
12064,0.2,2,0,0
12065,0.2,3,1,1
12066,0.2,2,1,1
12067,0.2,1,1,1
12068,1.0,1,0,1
12069,1.0,3,1,1
12070,0.2,3,0,0
12071,1.0,1,1,0
12072,0.2,1,1,1
12073,0.2,1,1,1
12074,1.0,2,1,0
12075,1.0,2,0,1
12076,0.2,0,1,1
12077,0.2,3,1,0
12078,1.0,1,0,1
12079,1.0,2,0,0
12080,0.2,2,1,0
12081,1.0,0,1,1
12082,0.2,2,0,0
12083,1.0,1,1,1
12084,0.2,2,1,1
12085,0.2,1,0,0
12086,0.2,2,0,0
12087,0.2,0,1,1
12088,0.2,2,0,0
12089,0.2,0,0,0
12090,1.0,2,0,0
12091,1.0,1,1,1
12092,0.2,2,0,0
12093,0.2,2,1,1
12094,0.2,1,1,0
12095,0.2,1,0,0
12096,0.2,1,1,1
12097,0.2,2,1,1
12098,0.2,0,0,0
12099,0.2,2,0,0
12100,0.2,2,1,0
12101,0.2,1,1,0
12102,0.2,1,0,0
12103,0.2,2,0,0
12104,0.2,2,0,0
12105,2.2,3,1,1
12106,1.0,1,0,1
12107,1.0,1,0,0
12108,0.2,2,1,1
12109,0.2,2,0,0
12110,0.2,1,0,0
12111,0.2,0,1,1
12112,1.0,0,1,1
12113,0.2,3,1,0
12114,1.0,2,1,1
12115,0.2,2,1,0
12116,1.0,2,1,1
12117,0.2,1,1,1
12118,0.2,1,1,0
12119,0.2,1,0,0
12120,0.2,1,1,1
12121,0.2,1,1,0
12122,1.0,1,1,1
12123,0.2,1,1,1
12124,1.0,1,1,1
12125,0.2,3,1,0
12126,1.0,1,1,1
12127,1.0,3,1,1
12128,1.0,1,0,1
12129,1.0,2,0,0
12130,0.2,1,0,0
12131,0.2,1,0,0
12132,1.0,1,1,1
12133,0.2,2,0,0
12134,1.0,2,0,0
12135,0.2,2,1,0
12136,1.0,2,1,0
12137,0.2,1,0,0
12138,0.2,1,0,1
12139,0.2,2,0,0
12140,0.2,0,0,1
12141,0.2,1,0,0
12142,1.0,2,0,1
12143,2.2,2,0,1
12144,0.2,1,0,0
12145,0.2,2,0,0
12146,0.2,1,0,0
12147,0.2,3,1,1
12148,0.2,1,0,0
12149,0.2,1,0,0
12150,0.2,1,1,0
12151,1.0,2,0,0
12152,0.2,2,0,0
12153,1.0,2,0,0
12154,0.2,3,0,0
12155,1.0,1,1,1
12156,1.0,2,0,1
12157,0.2,2,0,0
12158,0.2,3,0,0
12159,0.2,2,0,0
12160,1.0,1,0,0
12161,0.2,0,1,0
12162,0.2,3,0,1
12163,0.2,2,0,0
12164,0.2,2,0,0
12165,0.2,2,1,1
12166,1.0,0,0,0
12167,0.2,1,1,1
12168,0.2,0,1,1
12169,0.2,1,1,1
12170,0.2,1,1,1
12171,0.2,2,0,0
12172,1.0,0,1,1
12173,0.2,1,0,0
12174,0.2,3,0,0
12175,0.2,3,1,0
12176,0.2,1,0,0
12177,0.2,2,1,1
12178,1.0,2,0,1
12179,0.2,1,1,1
12180,1.0,2,0,1
12181,1.0,1,1,0
12182,0.2,2,0,0
12183,0.2,3,0,0
12184,0.2,2,0,0
12185,0.2,1,1,1
12186,0.2,2,1,1
12187,1.0,2,1,1
12188,0.2,1,1,1
12189,0.2,0,1,1
12190,0.2,1,1,1
12191,1.0,2,1,1
12192,1.0,2,1,1
12193,0.2,0,0,0
12194,0.2,2,0,0
12195,1.0,2,0,1
12196,0.2,0,0,0
12197,0.2,1,1,1
12198,0.2,2,1,0
12199,1.0,1,1,1
12200,0.2,2,1,1
12201,1.0,1,0,0
12202,0.2,1,1,0
12203,0.2,2,1,0
12204,1.0,3,1,1
12205,1.0,2,0,0
12206,0.2,1,1,1
12207,0.2,1,1,1
12208,0.2,1,1,1
12209,0.2,3,1,0
12210,0.2,0,0,0
12211,1.0,2,0,1
12212,0.2,0,1,1
12213,0.2,0,1,0
12214,0.2,1,1,1
12215,0.2,2,0,0
12216,0.2,2,0,0
12217,0.2,2,1,1
12218,0.2,2,0,0
12219,0.2,1,1,0
12220,0.2,2,1,1
12221,0.2,2,0,1
12222,0.2,2,0,1
12223,0.2,3,1,1
12224,1.0,0,1,1
12225,1.0,1,1,1
12226,2.2,2,0,1
12227,1.0,0,1,1
12228,2.2,1,0,1
12229,0.2,2,0,0
12230,0.2,1,0,1
12231,1.0,2,1,0
12232,1.0,2,1,1
12233,2.2,2,1,1
12234,0.2,2,0,0
12235,0.2,0,1,1
12236,0.2,1,1,1
12237,1.0,2,0,1
12238,1.0,3,1,1
12239,0.2,2,0,0
12240,0.2,3,1,1
12241,1.0,2,1,0
12242,0.2,3,0,0
12243,0.2,1,1,1
12244,0.2,0,1,1
12245,1.0,1,0,0
12246,0.2,1,0,0
12247,0.2,3,1,0
12248,0.2,2,0,0
12249,0.2,1,0,1
12250,0.2,1,0,0
12251,0.2,2,0,0
12252,0.2,1,1,1
12253,0.2,2,0,1
12254,0.2,2,0,0
12255,0.2,2,1,1
12256,0.2,2,1,1
12257,1.0,1,0,0
12258,0.2,2,0,0
12259,0.2,0,0,0
12260,0.2,1,0,0
12261,0.2,1,1,1
12262,0.2,2,1,0
12263,0.2,3,0,0
12264,0.2,3,1,1
12265,0.2,2,1,0
12266,0.2,2,1,1
12267,0.2,2,0,0
12268,0.2,2,0,0
12269,0.2,1,0,0
12270,0.2,1,1,1
12271,2.2,1,1,1
12272,0.2,3,0,0
12273,0.2,2,1,1
12274,0.2,2,0,0
12275,0.2,0,1,0
12276,0.2,2,1,0
12277,0.2,0,0,0
12278,1.0,2,1,1
12279,0.2,1,0,0
12280,0.2,0,0,0
12281,1.0,2,1,1
12282,2.2,1,0,1
12283,0.2,0,0,0
12284,0.2,3,0,0
12285,0.2,2,1,1
12286,0.2,2,1,1
12287,0.2,3,0,0
12288,0.2,2,1,0
12289,0.2,2,0,0
12290,0.2,3,0,0
12291,0.2,2,0,0
12292,1.0,1,0,1
12293,0.2,3,1,0
12294,1.0,1,1,0
12295,2.2,2,1,1
12296,0.2,3,0,0
12297,0.2,1,0,0
12298,0.2,3,1,0
12299,0.2,3,0,0
12300,0.2,2,0,0
12301,2.2,1,0,1
12302,0.2,2,1,1
12303,1.0,2,1,1
12304,0.2,2,0,0
12305,0.2,2,1,0
12306,0.2,2,1,1
12307,0.2,2,0,0
12308,0.2,0,1,1
12309,0.2,0,1,1
12310,1.0,2,1,1
12311,0.2,1,1,1
12312,1.0,1,1,1
12313,0.2,3,1,1
12314,0.2,1,0,0
12315,1.0,3,0,0
12316,1.0,2,1,1
12317,0.2,1,1,1
12318,0.2,2,0,0
12319,1.0,2,0,0
12320,0.2,3,0,0
12321,0.2,3,1,0
12322,1.0,1,0,0
12323,0.2,2,0,0
12324,0.2,2,1,0
12325,0.2,1,0,0
12326,0.2,1,0,0
12327,0.2,1,1,0
12328,0.2,0,0,0
12329,1.0,2,0,1
12330,0.2,1,0,0
12331,0.2,1,0,0
12332,0.2,2,1,1
12333,0.2,2,1,1
12334,0.2,2,0,0
12335,0.2,2,0,0
12336,0.2,3,1,1
12337,0.2,2,1,1
12338,1.0,2,1,1
12339,0.2,1,1,1
12340,0.2,1,0,1
12341,0.2,2,1,1
12342,0.2,2,1,0
12343,1.0,1,0,0
12344,0.2,3,1,1
12345,0.2,1,0,1
12346,0.2,2,0,0
12347,0.2,1,1,1
12348,1.0,3,0,0
12349,0.2,2,1,1
12350,1.0,1,0,1
12351,0.2,2,0,0
12352,0.2,2,0,0
12353,0.2,1,0,0
12354,0.2,1,0,0
12355,0.2,1,0,0
12356,0.2,1,0,0
12357,0.2,1,1,0
12358,0.2,1,1,1
12359,1.0,2,1,0
12360,0.2,1,1,0
12361,0.2,1,0,0
12362,1.0,1,1,1
12363,0.2,2,1,1
12364,0.2,2,0,0
12365,0.2,2,0,0
12366,0.2,1,0,1
12367,0.2,3,0,0
12368,0.2,3,0,0
12369,0.2,3,1,1
12370,0.2,1,1,1
12371,0.2,0,1,1
12372,0.2,3,1,1
12373,0.2,2,0,1
12374,0.2,1,0,0
12375,0.2,2,0,0
12376,0.2,1,1,0
12377,0.2,1,0,0
12378,0.2,2,1,1
12379,1.0,2,1,1
12380,0.2,2,0,0
12381,0.2,0,0,0
12382,1.0,2,1,1
12383,0.2,2,1,1
12384,0.2,2,1,0
12385,0.2,2,0,0
12386,0.2,2,1,1
12387,0.2,2,0,0
12388,0.2,3,0,0
12389,0.2,2,0,0
12390,0.2,0,1,1
12391,0.2,0,0,0
12392,1.0,2,1,1
12393,0.2,1,1,1
12394,0.2,2,0,0
12395,1.0,1,1,1
12396,1.0,1,0,0
12397,1.0,1,0,1
12398,1.0,2,0,0
12399,0.2,1,0,0
12400,0.2,1,1,1
12401,0.2,2,1,1
12402,0.2,1,1,1
12403,1.0,2,0,0
12404,0.2,2,1,1
12405,0.2,2,0,0
12406,0.2,1,1,1
12407,0.2,2,0,0
12408,1.0,1,1,1
12409,0.2,1,0,1
12410,0.2,1,1,1
12411,1.0,2,1,1
12412,0.2,1,0,0
12413,1.0,2,0,1
12414,1.0,1,0,1
12415,0.2,2,1,0
12416,0.2,2,1,1
12417,2.2,0,0,1
12418,0.2,1,0,0
12419,0.2,2,1,1
12420,1.0,2,0,0
12421,0.2,2,0,0
12422,0.2,2,0,0
12423,0.2,1,1,1
12424,0.2,0,1,1
12425,1.0,3,0,0
12426,0.2,1,1,1
12427,0.2,3,1,0
12428,0.2,3,0,0
12429,1.0,1,0,0
12430,0.2,1,1,0
12431,2.2,3,0,1
12432,0.2,0,1,1
12433,0.2,3,0,1
12434,0.2,1,0,0
12435,0.2,2,0,0
12436,0.2,2,0,0
12437,0.2,3,0,0
12438,1.0,2,0,0
12439,0.2,0,1,1
12440,0.2,0,0,1
12441,0.2,2,1,0
12442,0.2,1,1,1
12443,0.2,1,0,0
12444,0.2,1,0,0
12445,0.2,1,0,0
12446,0.2,1,0,0
12447,1.0,1,1,1
12448,0.2,0,0,0
12449,1.0,3,0,0
12450,1.0,2,0,0
12451,0.2,1,0,0
12452,0.2,1,1,1
12453,0.2,2,1,0
12454,2.2,3,1,1
12455,1.0,1,0,1
12456,0.2,1,1,1
12457,0.2,1,0,0
12458,0.2,1,0,0
12459,0.2,2,0,0
12460,0.2,3,1,1
12461,0.2,1,1,0
12462,0.2,2,0,0
12463,0.2,3,0,0
12464,2.2,1,0,1
12465,1.0,1,0,0
12466,1.0,0,1,1
12467,0.2,1,1,1
12468,0.2,1,1,1
12469,0.2,1,1,1
12470,0.2,2,0,0
12471,0.2,1,0,0
12472,0.2,3,1,1
12473,2.2,2,0,1
12474,0.2,1,1,1
12475,0.2,1,0,0
12476,0.2,0,1,1
12477,0.2,2,0,0
12478,0.2,1,1,1
12479,0.2,1,1,1
12480,0.2,2,1,1
12481,0.2,0,0,0
12482,0.2,1,0,0
12483,0.2,1,1,1
12484,2.2,0,1,1
12485,0.2,2,0,0
12486,0.2,2,1,0
12487,1.0,1,1,1
12488,0.2,2,1,1
12489,0.2,3,0,1
12490,0.2,3,0,0
12491,0.2,1,1,1
12492,1.0,2,0,1
12493,0.2,1,1,0
12494,0.2,1,1,1
12495,0.2,2,1,1
12496,0.2,1,0,0
12497,0.2,1,1,0
12498,0.2,2,0,0
12499,0.2,1,1,1
12500,1.0,2,1,1
12501,0.2,2,1,1
12502,1.0,1,1,1
12503,0.2,1,1,1
12504,0.2,2,1,1
12505,0.2,0,1,1
12506,0.2,1,1,1
12507,0.2,3,1,0
12508,1.0,2,0,1
12509,0.2,1,0,0
12510,1.0,1,1,1
12511,0.2,1,0,0
12512,0.2,2,1,1
12513,0.2,2,1,0
12514,0.2,1,1,1
12515,1.0,2,0,0
12516,0.2,3,1,1
12517,0.2,2,0,0
12518,0.2,2,1,1
12519,0.2,2,1,0
12520,0.2,0,1,1
12521,0.2,1,1,1
12522,0.2,2,0,0
12523,0.2,1,0,0
12524,0.2,2,0,0
12525,1.0,2,1,1
12526,0.2,1,1,0
12527,0.2,2,0,0
12528,0.2,1,1,1
12529,0.2,1,1,1
12530,0.2,1,1,1
12531,1.0,0,1,1
12532,1.0,1,1,1
12533,0.2,1,1,1
12534,1.0,1,0,1
12535,1.0,0,1,1
12536,0.2,2,0,0
12537,1.0,3,0,0
12538,0.2,2,1,0
12539,0.2,1,1,1
12540,0.2,3,0,1
12541,0.2,0,1,1
12542,0.2,2,1,0
12543,0.2,0,1,1
12544,0.2,3,1,1
12545,0.2,1,0,0
12546,0.2,2,1,0
12547,0.2,1,0,0
12548,0.2,3,1,0
12549,0.2,0,0,0
12550,0.2,0,0,0
12551,0.2,2,0,0
12552,0.2,1,1,1
12553,0.2,2,1,1
12554,0.2,1,0,0
12555,0.2,2,1,1
12556,0.2,2,1,1
12557,0.2,3,0,0
12558,0.2,2,1,1
12559,0.2,1,0,1
12560,0.2,1,1,1
12561,1.0,1,0,1
12562,0.2,1,0,0
12563,0.2,2,0,0
12564,0.2,2,0,0
12565,1.0,3,0,0
12566,0.2,2,0,0
12567,0.2,1,0,0
12568,1.0,2,0,0
12569,0.2,3,0,0
12570,0.2,1,1,1
12571,0.2,2,1,1
12572,0.2,2,1,1
12573,0.2,1,0,0
12574,0.2,1,0,0
12575,0.2,1,0,0
12576,1.0,1,1,1
12577,0.2,1,1,1
12578,1.0,1,1,1
12579,0.2,2,0,1
12580,0.2,2,0,0
12581,0.2,1,0,0
12582,0.2,0,0,0
12583,0.2,2,1,1
12584,0.2,3,0,0
12585,0.2,0,1,1
12586,0.2,1,0,0
12587,0.2,2,1,0
12588,1.0,2,1,1
12589,0.2,1,0,0
12590,0.2,0,0,1
12591,0.2,2,0,0
12592,0.2,3,0,0
12593,2.2,3,0,1
12594,1.0,0,0,1
12595,0.2,2,1,1
12596,0.2,1,0,1
12597,0.2,1,1,1
12598,0.2,2,1,0
12599,0.2,1,0,0
12600,0.2,1,1,1
12601,0.2,1,0,0
12602,0.2,2,0,0
12603,0.2,2,1,1
12604,0.2,1,0,0
12605,0.2,1,0,0
12606,1.0,1,0,1
12607,1.0,2,1,1
12608,0.2,1,1,0
12609,1.0,0,0,1
12610,0.2,1,0,0
12611,0.2,1,1,1
12612,0.2,2,0,0
12613,0.2,1,0,1
12614,0.2,3,1,0
12615,0.2,1,1,1
12616,1.0,1,1,1
12617,1.0,3,0,0
12618,0.2,2,1,1
12619,1.0,2,0,0
12620,0.2,0,0,0
12621,0.2,1,1,1
12622,1.0,0,1,1
12623,1.0,3,0,0
12624,0.2,2,0,0
12625,0.2,0,0,1
12626,0.2,1,1,1
12627,0.2,2,0,0
12628,0.2,3,1,1
12629,0.2,2,0,0
12630,2.2,2,0,1
12631,0.2,3,0,0
12632,0.2,1,0,1
12633,0.2,3,0,0
12634,0.2,3,0,0
12635,0.2,2,1,1
12636,0.2,2,0,0
12637,0.2,1,1,1
12638,0.2,1,0,1
12639,1.0,1,0,1
12640,0.2,3,0,0
12641,0.2,3,1,1
12642,0.2,1,0,0
12643,0.2,1,0,0
12644,1.0,3,1,1
12645,0.2,0,1,1
12646,0.2,2,0,0
12647,0.2,1,0,0
12648,0.2,1,0,0
12649,0.2,1,1,1
12650,0.2,2,1,0
12651,0.2,2,0,0
12652,0.2,2,0,0
12653,0.2,1,1,0
12654,0.2,2,1,0
12655,0.2,2,1,1
12656,0.2,3,0,0
12657,1.0,1,1,1
12658,0.2,3,1,0
12659,1.0,1,1,1
12660,0.2,3,1,1
12661,0.2,2,0,0
12662,1.0,0,1,1
12663,0.2,2,0,0
12664,0.2,2,0,0
12665,0.2,2,0,0
12666,1.0,1,0,0
12667,0.2,1,0,0
12668,0.2,1,0,0
12669,0.2,1,1,1
12670,0.2,1,0,0
12671,1.0,1,0,0
12672,0.2,1,1,1
12673,0.2,1,0,0
12674,0.2,3,0,0
12675,2.2,2,1,1
12676,0.2,1,1,1
12677,0.2,1,0,0
12678,1.0,2,0,0
12679,0.2,2,0,0
12680,0.2,1,1,1
12681,1.0,3,1,1
12682,0.2,2,1,0
12683,0.2,1,1,0
12684,0.2,2,1,1
12685,0.2,1,1,1
12686,0.2,3,1,0
12687,0.2,2,0,0
12688,0.2,1,0,0
12689,0.2,1,0,0
12690,2.2,0,1,1
12691,0.2,2,0,0
12692,0.2,1,0,0
12693,0.2,1,0,0
12694,0.2,1,0,0
12695,0.2,1,0,1
12696,0.2,2,1,0
12697,0.2,2,1,1
12698,1.0,0,1,1
12699,0.2,2,0,0
12700,0.2,2,0,0
12701,0.2,1,1,1
12702,0.2,1,1,1
12703,0.2,2,0,0
12704,0.2,0,0,0
12705,0.2,0,0,0
12706,1.0,1,1,1
12707,0.2,0,1,1
12708,0.2,0,1,1
12709,0.2,1,0,0
12710,0.2,1,1,1
12711,0.2,1,1,1
12712,0.2,2,0,0
12713,0.2,2,0,0
12714,0.2,2,0,0
12715,0.2,1,0,0
12716,0.2,1,1,0
12717,0.2,1,0,0
12718,0.2,2,1,1
12719,0.2,1,1,1
12720,1.0,1,0,1
12721,0.2,1,0,0
12722,0.2,2,0,0
12723,0.2,2,1,1
12724,0.2,2,1,0
12725,0.2,2,1,1
12726,0.2,2,0,0
12727,1.0,1,0,1
12728,0.2,3,0,0
12729,0.2,2,0,0
12730,1.0,0,1,1
12731,0.2,2,0,0
12732,0.2,0,1,1
12733,0.2,0,1,1
12734,1.0,2,1,1
12735,0.2,2,0,0
12736,0.2,1,1,1
12737,0.2,2,1,1
12738,0.2,2,1,1
12739,0.2,2,0,0
12740,0.2,2,1,1
12741,0.2,2,1,0
12742,0.2,2,0,0
12743,0.2,0,0,0
12744,0.2,1,0,0
12745,0.2,1,1,1
12746,0.2,2,0,0
12747,1.0,2,1,1
12748,0.2,2,1,0
12749,0.2,2,1,1
12750,0.2,1,1,0
12751,0.2,1,0,0
12752,1.0,2,0,0
12753,0.2,0,0,0
12754,0.2,3,1,0
12755,0.2,2,1,1
12756,0.2,0,0,0
12757,0.2,0,0,1
12758,0.2,1,1,1
12759,0.2,1,0,1
12760,1.0,3,1,1
12761,0.2,2,1,0
12762,1.0,1,0,0
12763,0.2,1,0,0
12764,0.2,1,0,0
12765,0.2,0,0,0
12766,0.2,2,1,1
12767,0.2,1,1,1
12768,0.2,1,0,0
12769,0.2,3,1,1
12770,0.2,3,1,1
12771,0.2,1,1,1
12772,0.2,1,0,0
12773,1.0,1,0,1
12774,0.2,1,0,0
12775,0.2,1,0,0
12776,2.2,2,1,1
12777,0.2,2,1,1
12778,0.2,2,1,0
12779,0.2,2,1,1
12780,2.2,1,1,1
12781,1.0,2,1,1
12782,0.2,1,1,1
12783,0.2,2,0,0
12784,1.0,2,0,1
12785,0.2,2,1,1
12786,0.2,1,0,0
12787,0.2,1,0,0
12788,1.0,3,0,1
12789,0.2,1,0,0
12790,0.2,1,1,0
12791,0.2,2,1,1
12792,0.2,1,0,0
12793,0.2,1,0,0
12794,2.2,2,1,1
12795,0.2,1,1,1
12796,0.2,2,1,1
12797,0.2,1,1,1
12798,1.0,0,1,1
12799,0.2,1,0,1
12800,0.2,2,0,0
12801,0.2,2,0,0
12802,1.0,2,1,1
12803,2.2,2,0,1
12804,0.2,1,1,0
12805,0.2,1,0,0
12806,0.2,0,1,1
12807,0.2,1,0,0
12808,0.2,3,1,1
12809,2.2,1,0,1
12810,0.2,2,1,1
12811,0.2,1,0,0
12812,0.2,3,1,0
12813,0.2,3,0,0
12814,1.0,1,1,1
12815,1.0,2,0,0
12816,0.2,1,0,0
12817,1.0,2,0,0
12818,0.2,2,0,0
12819,0.2,3,1,0
12820,0.2,1,0,0
12821,0.2,2,1,1
12822,0.2,0,1,1
12823,0.2,2,0,0
12824,0.2,2,1,0
12825,1.0,0,0,1
12826,0.2,2,1,1
12827,0.2,3,0,1
12828,0.2,1,1,1
12829,1.0,3,0,1
12830,0.2,2,0,0
12831,0.2,1,1,1
12832,1.0,2,0,1
12833,0.2,2,1,1
12834,0.2,2,0,0
12835,1.0,1,1,1
12836,1.0,1,1,0
12837,1.0,1,0,1
12838,1.0,2,0,1
12839,0.2,0,0,0
12840,1.0,0,0,1
12841,0.2,2,1,0
12842,0.2,1,1,1
12843,0.2,2,1,1
12844,0.2,2,1,1
12845,0.2,2,0,0
12846,1.0,1,0,1
12847,0.2,1,1,1
12848,0.2,1,0,0
12849,0.2,2,1,1
12850,1.0,2,0,1
12851,1.0,1,0,1
12852,0.2,1,1,1
12853,1.0,3,0,0
12854,0.2,3,0,0
12855,0.2,2,0,0
12856,0.2,2,0,0
12857,0.2,3,0,0
12858,1.0,1,0,1
12859,0.2,2,1,0
12860,0.2,1,0,1
12861,1.0,1,1,1
12862,0.2,2,0,0
12863,0.2,1,1,0
12864,0.2,2,0,0
12865,0.2,3,1,1
12866,1.0,1,1,1
12867,0.2,2,1,1
12868,0.2,0,0,0
12869,0.2,0,0,0
12870,0.2,2,1,1
12871,0.2,1,1,0
12872,0.2,1,0,0
12873,0.2,1,0,0
12874,1.0,1,1,1
12875,0.2,3,0,0
12876,0.2,2,1,0
12877,1.0,2,0,0
12878,0.2,1,1,0
12879,1.0,0,0,1
12880,0.2,1,0,0
12881,1.0,2,0,0
12882,0.2,2,1,0
12883,0.2,1,0,0
12884,1.0,1,1,1
12885,0.2,2,0,0
12886,0.2,1,0,0
12887,1.0,2,0,0
12888,0.2,1,1,1
12889,0.2,2,1,1
12890,1.0,2,0,0
12891,1.0,0,1,1
12892,0.2,2,0,0
12893,0.2,2,1,0
12894,0.2,2,1,1
12895,1.0,1,0,0
12896,0.2,1,1,1
12897,1.0,2,0,0
12898,0.2,1,1,0
12899,0.2,2,0,1
12900,0.2,2,0,0
12901,0.2,2,0,1
12902,0.2,1,0,1
12903,0.2,2,0,0
12904,1.0,1,1,1
12905,1.0,2,1,1
12906,0.2,1,0,0
12907,0.2,2,0,0
12908,0.2,1,0,0
12909,0.2,2,0,0
12910,0.2,1,0,0
12911,0.2,0,1,1
12912,0.2,0,0,1
12913,0.2,1,0,0
12914,0.2,1,0,0
12915,0.2,0,0,0
12916,0.2,2,1,1
12917,0.2,0,1,1
12918,1.0,1,0,0
12919,0.2,3,1,1
12920,0.2,2,1,0
12921,0.2,0,0,0
12922,1.0,1,1,1
12923,0.2,2,1,1
12924,1.0,1,0,1
12925,0.2,1,1,1
12926,0.2,2,1,1
12927,0.2,2,1,1
12928,0.2,3,1,0
12929,1.0,0,0,0
12930,0.2,1,1,1
12931,1.0,1,0,1
12932,0.2,2,0,0
12933,0.2,1,0,0
12934,0.2,0,1,1
12935,0.2,1,1,1
12936,0.2,1,0,0
12937,0.2,2,1,0
12938,0.2,1,0,0
12939,0.2,1,0,0
12940,0.2,2,1,1
12941,0.2,2,1,1
12942,0.2,1,1,1
12943,0.2,3,1,1
12944,0.2,1,0,0
12945,1.0,1,1,1
12946,0.2,1,0,0
12947,0.2,3,1,0
12948,0.2,3,1,1
12949,1.0,0,1,1
12950,0.2,0,0,1
12951,0.2,2,0,0
12952,1.0,0,1,1
12953,0.2,2,1,0
12954,0.2,2,0,0
12955,0.2,2,1,1
12956,0.2,0,1,0
12957,1.0,2,1,1
12958,0.2,1,1,1
12959,1.0,1,0,1
12960,1.0,2,1,0
12961,0.2,3,0,0
12962,1.0,2,1,1
12963,0.2,1,0,0
12964,0.2,2,1,1
12965,1.0,2,0,1
12966,0.2,0,0,1
12967,1.0,0,0,1
12968,0.2,2,1,1
12969,0.2,3,0,0
12970,0.2,1,1,1
12971,0.2,1,0,0
12972,0.2,1,1,1
12973,0.2,0,1,0
12974,0.2,2,0,0
12975,0.2,1,0,0
12976,0.2,1,0,0
12977,0.2,2,1,1
12978,1.0,3,1,1
12979,1.0,2,1,1
12980,0.2,2,1,0
12981,0.2,1,0,0
12982,0.2,2,0,0
12983,0.2,0,1,1
12984,0.2,2,0,0
12985,2.2,3,1,1
12986,0.2,3,0,0
12987,1.0,1,0,0
12988,0.2,2,1,1
12989,0.2,1,1,1
12990,0.2,1,1,1
12991,0.2,2,1,0
12992,0.2,1,0,0
12993,0.2,1,0,0
12994,0.2,2,1,1
12995,0.2,2,1,1
12996,0.2,1,0,0
12997,0.2,1,1,0
12998,0.2,2,1,0
12999,1.0,1,0,1
13000,0.2,3,0,0
13001,1.0,1,1,1
13002,1.0,2,1,1
13003,0.2,1,0,0
13004,0.2,2,0,0
13005,0.2,2,1,1
13006,0.2,2,1,1
13007,0.2,1,0,0
13008,0.2,3,0,0
13009,0.2,0,1,1
13010,0.2,3,1,1
13011,0.2,1,0,0
13012,0.2,2,1,1
13013,0.2,2,1,1
13014,1.0,0,1,1
13015,1.0,0,1,1
13016,0.2,1,1,0
13017,0.2,0,0,0
13018,0.2,3,1,0
13019,0.2,0,1,0
13020,0.2,2,1,1
13021,0.2,1,1,1
13022,0.2,1,1,1
13023,0.2,0,0,0
13024,0.2,2,1,0
13025,0.2,0,0,0
13026,0.2,0,1,1
13027,0.2,1,0,0
13028,0.2,1,0,0
13029,0.2,1,1,1
13030,0.2,1,1,1
13031,0.2,1,0,0
13032,0.2,1,1,1
13033,0.2,2,0,0
13034,0.2,3,1,0
13035,0.2,1,0,0
13036,2.2,1,0,1
13037,0.2,0,1,1
13038,0.2,2,1,0
13039,0.2,2,1,1
13040,0.2,2,0,0
13041,0.2,1,0,0
13042,0.2,0,1,1
13043,1.0,2,0,0
13044,0.2,3,0,0
13045,0.2,0,1,1
13046,0.2,0,0,0
13047,0.2,3,0,0
13048,0.2,2,0,0
13049,1.0,1,1,1
13050,0.2,3,1,0
13051,0.2,3,0,0
13052,0.2,3,0,0
13053,0.2,1,0,1
13054,1.0,2,0,1
13055,0.2,2,0,0
13056,0.2,1,0,0
13057,1.0,2,0,1
13058,0.2,2,0,0
13059,0.2,2,1,1
13060,0.2,0,0,0
13061,0.2,1,1,1
13062,0.2,0,0,1
13063,1.0,2,1,0
13064,1.0,0,0,0
13065,0.2,2,1,1
13066,1.0,2,0,1
13067,0.2,2,1,1
13068,1.0,1,0,1
13069,0.2,1,1,1
13070,0.2,2,0,0
13071,0.2,3,1,0
13072,0.2,2,1,0
13073,0.2,1,0,0
13074,1.0,3,0,0
13075,0.2,2,0,0
13076,1.0,1,0,0
13077,0.2,1,0,0
13078,0.2,2,0,1
13079,0.2,1,0,0
13080,0.2,1,1,1
13081,0.2,2,0,0
13082,0.2,1,0,0
13083,0.2,0,0,0
13084,0.2,1,0,1
13085,0.2,1,0,0
13086,0.2,0,0,1
13087,1.0,2,0,1
13088,0.2,0,0,1
13089,0.2,3,0,0
13090,1.0,1,0,0
13091,0.2,1,1,1
13092,0.2,3,0,0
13093,0.2,2,1,1
13094,0.2,1,1,0
13095,0.2,1,1,1
13096,0.2,3,0,0
13097,0.2,1,1,0
13098,0.2,2,0,1
13099,0.2,1,0,0
13100,0.2,2,0,0
13101,1.0,2,0,1
13102,0.2,1,1,1
13103,0.2,0,1,1
13104,0.2,1,0,1
13105,1.0,2,1,1
13106,0.2,2,1,1
13107,0.2,2,0,0
13108,0.2,1,0,0
13109,0.2,1,0,0
13110,0.2,1,0,0
13111,1.0,1,1,1
13112,0.2,1,0,0
13113,0.2,2,0,0
13114,0.2,1,1,1
13115,1.0,1,1,1
13116,0.2,2,0,0
13117,0.2,1,0,1
13118,1.0,2,0,1
13119,0.2,2,1,0
13120,0.2,1,1,1
13121,0.2,1,0,0
13122,0.2,3,1,1
13123,1.0,2,0,0
13124,0.2,1,1,0
13125,0.2,2,0,0
13126,0.2,2,0,0
13127,0.2,1,0,0
13128,0.2,0,1,1
13129,0.2,2,0,0
13130,0.2,2,1,1
13131,0.2,2,1,1
13132,0.2,2,0,0
13133,0.2,0,0,0
13134,1.0,1,1,1
13135,0.2,2,0,0
13136,0.2,2,1,1
13137,0.2,1,1,0
13138,0.2,1,1,1
13139,0.2,1,1,1
13140,1.0,2,1,1
13141,0.2,2,0,0
13142,0.2,2,1,1
13143,0.2,1,1,1
13144,1.0,3,0,1
13145,0.2,2,0,0
13146,0.2,1,0,0
13147,0.2,2,1,1
13148,0.2,2,1,1
13149,0.2,2,0,0
13150,1.0,2,1,1
13151,1.0,1,0,1
13152,0.2,1,1,1
13153,0.2,1,0,1
13154,0.2,3,0,0
13155,1.0,2,0,0
13156,1.0,2,0,0
13157,1.0,2,0,0
13158,0.2,2,1,0
13159,1.0,2,1,1
13160,0.2,1,1,0
13161,0.2,2,1,1
13162,0.2,2,1,0
13163,1.0,2,1,1
13164,0.2,0,1,1
13165,0.2,2,0,0
13166,0.2,3,1,0
13167,0.2,1,0,0
13168,0.2,0,1,1
13169,0.2,3,1,0
13170,0.2,2,0,0
13171,1.0,2,0,1
13172,0.2,1,1,1
13173,0.2,1,0,1
13174,0.2,2,1,1
13175,0.2,3,0,0
13176,1.0,0,1,1
13177,0.2,3,0,0
13178,1.0,3,0,1
13179,0.2,3,1,1
13180,0.2,3,0,0
13181,0.2,2,0,0
13182,0.2,2,1,1
13183,0.2,2,0,0
13184,0.2,2,1,0
13185,0.2,2,0,0
13186,0.2,1,1,1
13187,0.2,2,1,1
13188,0.2,1,1,0
13189,1.0,0,1,1
13190,0.2,1,0,0
13191,0.2,2,0,0
13192,0.2,3,0,0
13193,0.2,2,0,0
13194,0.2,3,0,0
13195,0.2,1,1,1
13196,0.2,2,0,0
13197,0.2,3,0,0
13198,1.0,0,0,1
13199,1.0,0,0,0
13200,0.2,1,0,1
13201,0.2,1,0,0
13202,0.2,1,0,0
13203,1.0,0,1,1
13204,0.2,2,1,1
13205,0.2,2,0,0
13206,0.2,3,0,0
13207,0.2,2,0,0
13208,1.0,2,0,1
13209,1.0,0,0,1
13210,0.2,2,0,0
13211,0.2,2,0,0
13212,0.2,2,0,0
13213,0.2,2,1,1
13214,0.2,1,1,1
13215,0.2,1,0,0
13216,0.2,0,1,1
13217,0.2,2,0,0
13218,0.2,1,0,0
13219,0.2,2,0,1
13220,0.2,0,1,1
13221,0.2,2,0,0
13222,1.0,3,0,1
13223,0.2,2,0,1
13224,0.2,2,0,0
13225,0.2,3,0,0
13226,0.2,1,1,0
13227,0.2,1,0,0
13228,0.2,1,1,1
13229,0.2,2,1,0
13230,0.2,2,1,1
13231,0.2,1,1,1
13232,1.0,2,1,1
13233,0.2,2,0,1
13234,1.0,2,0,0
13235,0.2,3,1,0
13236,0.2,1,1,1
13237,0.2,2,0,1
13238,0.2,2,0,0
13239,0.2,2,0,0
13240,0.2,1,0,1
13241,0.2,2,1,1
13242,0.2,0,0,1
13243,0.2,2,1,1
13244,0.2,1,1,1
13245,0.2,1,1,1
13246,0.2,1,0,0
13247,0.2,0,0,0
13248,1.0,1,0,0
13249,1.0,2,0,1
13250,0.2,0,1,0
13251,0.2,2,0,1
13252,0.2,1,0,1
13253,0.2,0,1,1
13254,0.2,2,1,1
13255,0.2,1,1,0
13256,0.2,2,1,1
13257,0.2,3,0,0
13258,0.2,1,0,0
13259,0.2,2,1,0
13260,1.0,1,0,0
13261,0.2,2,0,0
13262,0.2,1,1,1
13263,0.2,2,0,0
13264,0.2,0,1,1
13265,1.0,1,0,1
13266,0.2,1,1,0
13267,1.0,2,0,1
13268,1.0,0,1,1
13269,0.2,1,1,1
13270,0.2,2,1,1
13271,0.2,3,1,1
13272,0.2,2,0,0
13273,1.0,1,1,1
13274,0.2,1,0,0
13275,1.0,1,1,1
13276,1.0,3,0,0
13277,2.2,1,0,1
13278,1.0,2,1,1
13279,0.2,1,1,1
13280,0.2,0,1,1
13281,1.0,1,0,0
13282,0.2,1,0,1
13283,0.2,2,1,0
13284,0.2,3,0,0
13285,0.2,1,1,1
13286,0.2,2,0,0
13287,0.2,2,1,0
13288,0.2,1,1,1
13289,0.2,1,0,0
13290,0.2,1,1,1
13291,0.2,2,0,0
13292,1.0,2,1,1
13293,0.2,1,1,1
13294,1.0,1,1,1
13295,0.2,1,1,1
13296,0.2,1,0,0
13297,0.2,0,0,0
13298,0.2,3,0,0
13299,0.2,1,1,1
13300,0.2,2,0,0
13301,0.2,1,1,1
13302,0.2,2,1,0
13303,0.2,0,0,0
13304,1.0,2,1,1
13305,0.2,2,0,0
13306,0.2,3,0,0
13307,0.2,2,0,0
13308,1.0,1,1,1
13309,0.2,2,0,0
13310,0.2,2,1,1
13311,0.2,1,1,0
13312,0.2,2,1,1
13313,1.0,1,1,1
13314,0.2,0,1,0
13315,1.0,1,1,1
13316,0.2,1,1,1
13317,0.2,1,0,1
13318,0.2,2,1,1
13319,1.0,3,1,1
13320,0.2,3,1,1
13321,0.2,1,1,1
13322,0.2,3,0,0
13323,0.2,2,0,0
13324,0.2,2,1,1
13325,0.2,2,0,1
13326,0.2,1,0,0
13327,0.2,2,1,1
13328,0.2,3,0,0
13329,0.2,1,0,0
13330,0.2,3,1,1
13331,0.2,0,1,1
13332,0.2,0,0,0
13333,0.2,0,0,0
13334,0.2,0,0,0
13335,0.2,2,0,0
13336,0.2,2,0,0
13337,1.0,1,1,1
13338,0.2,2,0,0
13339,1.0,1,0,0
13340,0.2,1,1,1
13341,1.0,1,0,1
13342,0.2,1,1,1
13343,0.2,3,1,1
13344,0.2,1,1,1
13345,0.2,2,0,0
13346,0.2,2,1,1
13347,0.2,2,1,0
13348,1.0,2,1,1
13349,0.2,2,1,1
13350,1.0,3,0,1
13351,0.2,0,1,1
13352,0.2,0,1,1
13353,0.2,1,1,0
13354,0.2,1,1,1
13355,1.0,2,0,1
13356,0.2,0,0,0
13357,1.0,1,1,1
13358,0.2,1,0,0
13359,0.2,1,0,0
13360,0.2,1,0,1
13361,0.2,0,1,1
13362,1.0,3,0,0
13363,1.0,1,1,1
13364,0.2,2,1,0
13365,0.2,2,0,0
13366,0.2,3,1,1
13367,0.2,1,0,0
13368,0.2,1,0,1
13369,0.2,3,1,1
13370,0.2,0,0,0
13371,0.2,0,0,0
13372,1.0,1,1,1
13373,0.2,3,1,1
13374,0.2,1,1,1
13375,0.2,2,1,1
13376,0.2,2,0,0
13377,0.2,0,0,0
13378,0.2,0,0,0
13379,2.2,0,0,1
13380,0.2,1,1,1
13381,0.2,3,1,0
13382,0.2,1,1,0
13383,0.2,0,1,0
13384,0.2,2,1,1
13385,0.2,2,0,0
13386,0.2,0,0,0
13387,1.0,1,0,1
13388,0.2,1,1,1
13389,0.2,0,1,0
13390,0.2,1,1,1
13391,2.2,2,0,1
13392,1.0,3,0,0
13393,0.2,3,0,0
13394,1.0,2,0,0
13395,0.2,0,0,0
13396,1.0,2,1,1
13397,0.2,0,1,1
13398,1.0,1,1,1
13399,0.2,0,0,0
13400,0.2,2,1,1
13401,0.2,0,0,0
13402,1.0,0,0,1
13403,0.2,2,1,1
13404,0.2,2,1,1
13405,1.0,1,0,1
13406,0.2,3,0,0
13407,0.2,2,0,0
13408,1.0,1,1,1
13409,1.0,1,1,1
13410,1.0,3,1,1
13411,0.2,3,0,0
13412,1.0,1,1,1
13413,0.2,2,1,0
13414,1.0,2,1,1
13415,0.2,1,1,0
13416,0.2,2,0,1
13417,0.2,1,0,0
13418,0.2,2,1,1
13419,1.0,1,1,1
13420,0.2,3,1,1
13421,0.2,0,1,1
13422,0.2,1,0,0
13423,0.2,1,0,0
13424,1.0,2,0,1
13425,1.0,3,1,1
13426,0.2,2,1,0
13427,0.2,3,0,0
13428,0.2,3,1,0
13429,0.2,1,1,0
13430,0.2,3,0,0
13431,0.2,3,0,1
13432,1.0,3,0,0
13433,1.0,1,0,1
13434,0.2,1,0,0
13435,0.2,2,1,1
13436,0.2,2,1,1
13437,0.2,2,0,0
13438,0.2,2,1,1
13439,0.2,2,0,1
13440,0.2,2,0,0
13441,1.0,2,1,1
13442,0.2,0,1,1
13443,1.0,1,0,0
13444,1.0,1,1,1
13445,0.2,2,0,0
13446,0.2,1,0,0
13447,0.2,2,0,0
13448,0.2,1,0,0
13449,0.2,1,1,1
13450,0.2,3,1,0
13451,0.2,1,0,1
13452,2.2,2,1,1
13453,0.2,1,0,0
13454,0.2,2,0,0
13455,0.2,2,0,1
13456,0.2,1,1,0
13457,0.2,2,1,1
13458,0.2,3,1,1
13459,0.2,1,0,0
13460,2.2,1,1,1
13461,0.2,1,0,0
13462,0.2,3,1,1
13463,0.2,1,0,0
13464,0.2,2,0,0
13465,0.2,0,0,0
13466,0.2,0,0,0
13467,1.0,3,1,1
13468,1.0,0,1,1
13469,0.2,1,1,1
13470,0.2,1,1,0
13471,0.2,1,0,0
13472,0.2,3,1,0
13473,0.2,0,0,0
13474,0.2,2,0,0
13475,0.2,1,0,0
13476,0.2,2,0,0
13477,1.0,1,1,1
13478,0.2,3,1,0
13479,0.2,0,0,0
13480,0.2,2,0,0
13481,0.2,1,1,1
13482,0.2,0,0,0
13483,0.2,2,1,1
13484,0.2,2,1,1
13485,0.2,2,1,1
13486,2.2,1,1,1
13487,0.2,1,1,1
13488,0.2,3,1,1
13489,0.2,0,1,1
13490,0.2,1,0,0
13491,0.2,1,1,0
13492,0.2,2,1,1
13493,0.2,1,0,0
13494,0.2,1,1,1
13495,1.0,1,1,1
13496,0.2,3,0,0
13497,0.2,1,0,0
13498,0.2,1,0,0
13499,0.2,2,1,0
13500,0.2,0,1,1
13501,1.0,2,0,0
13502,0.2,1,1,1
13503,0.2,1,0,0
13504,0.2,2,0,0
13505,0.2,1,1,1
13506,0.2,1,1,1
13507,1.0,1,1,1
13508,0.2,0,1,1
13509,1.0,1,0,0
13510,0.2,1,0,0
13511,0.2,2,0,0
13512,0.2,3,1,0
13513,1.0,1,0,0
13514,1.0,3,1,1
13515,0.2,0,1,0
13516,0.2,1,1,1
13517,0.2,2,1,1
13518,0.2,2,1,0
13519,0.2,3,1,1
13520,0.2,2,1,1
13521,1.0,0,1,1
13522,0.2,2,1,0
13523,0.2,3,0,0
13524,1.0,0,0,1
13525,0.2,1,0,1
13526,0.2,3,0,0
13527,2.2,2,0,1
13528,0.2,0,1,1
13529,1.0,1,0,0
13530,0.2,3,1,1
13531,1.0,2,1,1
13532,0.2,2,1,0
13533,0.2,1,1,0
13534,0.2,2,1,0
13535,0.2,1,1,0
13536,0.2,1,0,1
13537,0.2,2,0,0
13538,0.2,1,0,0
13539,0.2,2,1,0
13540,0.2,1,1,1
13541,0.2,0,0,0
13542,0.2,1,0,0
13543,0.2,2,0,0
13544,0.2,2,1,1
13545,0.2,0,0,0
13546,0.2,1,1,0
13547,1.0,1,0,0
13548,1.0,2,0,0
13549,0.2,1,0,0
13550,0.2,1,1,1
13551,0.2,2,1,1
13552,1.0,2,0,1
13553,0.2,0,1,1
13554,0.2,1,0,0
13555,1.0,1,1,1
13556,2.2,1,1,1
13557,0.2,1,1,1
13558,1.0,1,1,1
13559,0.2,1,0,0
13560,0.2,3,1,1
13561,1.0,1,0,1
13562,0.2,2,1,0
13563,1.0,2,0,0
13564,0.2,1,1,1
13565,0.2,1,1,0
13566,0.2,2,0,0
13567,1.0,2,1,1
13568,0.2,2,1,1
13569,0.2,2,0,0
13570,0.2,2,0,0
13571,0.2,2,1,1
13572,1.0,2,1,1
13573,0.2,1,1,1
13574,0.2,1,0,0
13575,0.2,1,1,1
13576,0.2,1,1,1
13577,0.2,3,0,0
13578,1.0,2,0,0
13579,0.2,2,0,0
13580,0.2,3,1,1
13581,1.0,1,1,1
13582,1.0,0,0,1
13583,0.2,1,0,0
13584,0.2,0,0,1
13585,0.2,1,0,0
13586,0.2,2,1,1
13587,0.2,0,0,0
13588,0.2,0,0,1
13589,0.2,0,0,1
13590,0.2,0,1,1
13591,0.2,3,0,0
13592,0.2,0,1,1
13593,1.0,0,0,1
13594,0.2,2,1,0
13595,0.2,2,1,1
13596,0.2,1,0,0
13597,0.2,1,0,0
13598,1.0,1,0,0
13599,0.2,2,1,0
13600,0.2,2,0,0
13601,0.2,0,0,0
13602,0.2,2,0,0
13603,0.2,1,1,1
13604,0.2,2,1,1
13605,1.0,2,1,1
13606,0.2,1,1,1
13607,0.2,2,1,0
13608,0.2,0,1,1
13609,0.2,2,1,0
13610,0.2,2,0,0
13611,0.2,0,0,0
13612,0.2,3,0,0
13613,0.2,3,0,0
13614,1.0,0,1,1
13615,0.2,1,1,1
13616,0.2,3,1,1
13617,1.0,1,1,1
13618,0.2,0,1,1
13619,0.2,2,0,0
13620,0.2,3,0,1
13621,0.2,1,0,0
13622,0.2,0,0,0
13623,0.2,0,1,0
13624,2.2,0,1,1
13625,0.2,2,1,0
13626,0.2,1,1,0
13627,0.2,3,1,0
13628,0.2,1,1,1
13629,0.2,3,0,0
13630,0.2,2,1,0
13631,0.2,2,0,0
13632,0.2,1,1,0
13633,1.0,2,0,1
13634,0.2,2,0,0
13635,0.2,3,0,1
13636,1.0,0,0,0
13637,0.2,2,0,0
13638,1.0,3,1,0
13639,2.2,1,0,1
13640,0.2,1,1,1
13641,0.2,2,0,0
13642,0.2,3,1,1
13643,1.0,1,0,0
13644,0.2,0,1,1
13645,0.2,2,1,1
13646,0.2,2,0,0
13647,0.2,0,0,0
13648,0.2,1,1,1
13649,0.2,2,1,1
13650,0.2,2,1,1
13651,0.2,3,1,0
13652,0.2,2,0,0
13653,0.2,1,1,1
13654,1.0,1,0,1
13655,0.2,1,1,1
13656,0.2,1,1,0
13657,0.2,1,0,0
13658,0.2,2,0,0
13659,0.2,1,1,1
13660,0.2,3,0,0
13661,0.2,2,1,0
13662,0.2,1,0,1
13663,0.2,3,0,0
13664,1.0,2,0,0
13665,0.2,1,1,1
13666,0.2,1,1,0
13667,0.2,3,0,0
13668,0.2,3,0,0
13669,0.2,1,1,1
13670,1.0,1,1,1
13671,1.0,2,1,1
13672,0.2,1,0,0
13673,2.2,3,1,1
13674,0.2,0,1,1
13675,0.2,2,1,0
13676,0.2,0,0,0
13677,0.2,1,1,1
13678,0.2,2,1,1
13679,0.2,1,0,0
13680,0.2,2,1,1
13681,1.0,1,0,1
13682,0.2,1,1,1
13683,1.0,2,0,0
13684,0.2,3,1,0
13685,0.2,2,1,0
13686,0.2,2,0,0
13687,0.2,2,0,0
13688,0.2,2,0,0
13689,0.2,2,0,1
13690,0.2,0,0,0
13691,0.2,3,1,0
13692,0.2,1,0,0
13693,0.2,1,0,1
13694,0.2,3,0,0
13695,0.2,1,1,1
13696,1.0,1,0,0
13697,1.0,1,1,1
13698,0.2,2,0,0
13699,1.0,2,0,0
13700,0.2,1,1,1
13701,0.2,0,1,1
13702,1.0,2,1,1
13703,0.2,0,0,0
13704,0.2,0,1,0
13705,0.2,2,0,0
13706,1.0,1,0,1
13707,0.2,3,0,0
13708,1.0,2,0,1
13709,0.2,0,0,1
13710,0.2,2,0,0
13711,0.2,1,0,0
13712,2.2,2,1,1
13713,1.0,0,1,1
13714,0.2,3,1,0
13715,0.2,2,1,1
13716,0.2,2,0,0
13717,0.2,1,0,0
13718,0.2,3,1,1
13719,0.2,1,0,0
13720,0.2,1,0,0
13721,0.2,0,1,1
13722,0.2,1,0,0
13723,0.2,0,0,0
13724,0.2,1,0,0
13725,0.2,1,0,0
13726,0.2,0,1,1
13727,0.2,1,0,0
13728,1.0,1,0,0
13729,0.2,1,1,0
13730,0.2,2,1,0
13731,0.2,2,1,0
13732,0.2,1,1,1
13733,0.2,3,0,0
13734,1.0,0,1,1
13735,0.2,2,0,0
13736,1.0,2,1,1
13737,0.2,1,0,0
13738,0.2,1,0,0
13739,0.2,2,0,0
13740,0.2,1,1,1
13741,0.2,1,0,0
13742,0.2,2,0,0
13743,0.2,2,1,1
13744,0.2,0,1,1
13745,0.2,2,1,1
13746,0.2,2,0,0
13747,0.2,2,0,0
13748,1.0,2,0,0
13749,0.2,3,0,0
13750,1.0,2,0,1
13751,0.2,3,0,0
13752,0.2,2,1,0
13753,0.2,0,0,1
13754,0.2,2,1,0
13755,0.2,1,0,0
13756,0.2,0,0,0
13757,0.2,1,1,1
13758,1.0,1,0,0
13759,0.2,1,1,1
13760,0.2,2,0,0
13761,0.2,1,1,0
13762,0.2,1,0,1
13763,0.2,3,0,0
13764,0.2,1,1,0
13765,0.2,3,0,0
13766,0.2,1,0,0
13767,0.2,1,0,1
13768,0.2,2,1,1
13769,0.2,1,0,0
13770,0.2,1,0,0
13771,0.2,3,1,1
13772,0.2,1,1,0
13773,1.0,3,0,0
13774,0.2,2,0,0
13775,0.2,3,1,1
13776,0.2,2,0,0
13777,0.2,1,0,0
13778,0.2,1,1,1
13779,0.2,2,1,0
13780,0.2,2,0,0
13781,0.2,2,0,0
13782,0.2,0,1,1
13783,0.2,2,1,1
13784,0.2,2,0,0
13785,0.2,2,1,1
13786,0.2,3,0,0
13787,0.2,2,0,0
13788,0.2,3,0,0
13789,0.2,2,1,1
13790,0.2,1,1,0
13791,0.2,0,1,1
13792,0.2,2,1,1
13793,0.2,3,0,0
13794,0.2,2,1,1
13795,0.2,1,0,0
13796,1.0,3,1,1
13797,1.0,1,0,0
13798,0.2,1,1,1
13799,0.2,0,1,0
13800,0.2,1,0,0
13801,0.2,2,0,0
13802,0.2,1,1,0
13803,0.2,3,0,0
13804,0.2,1,1,1
13805,0.2,2,0,1
13806,0.2,2,1,0
13807,0.2,2,1,1
13808,0.2,0,0,0
13809,0.2,2,1,1
13810,0.2,2,0,0
13811,1.0,1,1,1
13812,0.2,2,1,1
13813,0.2,0,1,1
13814,0.2,2,0,0
13815,0.2,1,0,0
13816,1.0,2,0,0
13817,0.2,2,1,0
13818,0.2,0,0,0
13819,0.2,1,1,1
13820,0.2,2,0,0
13821,0.2,2,0,0
13822,0.2,1,0,0
13823,0.2,2,1,1
13824,1.0,2,0,0
13825,0.2,0,0,0
13826,1.0,1,0,1
13827,0.2,2,1,1
13828,0.2,1,1,1
13829,0.2,1,0,0
13830,0.2,2,1,0
13831,0.2,1,0,1
13832,0.2,0,1,1
13833,1.0,1,0,0
13834,1.0,1,1,1
13835,0.2,2,1,1
13836,0.2,1,1,0
13837,0.2,0,1,1
13838,0.2,0,1,1
13839,1.0,3,1,1
13840,0.2,1,1,1
13841,1.0,3,1,0
13842,0.2,1,0,0
13843,0.2,1,1,0
13844,0.2,1,0,0
13845,0.2,2,0,0
13846,0.2,2,0,0
13847,0.2,0,0,0
13848,0.2,1,1,1
13849,1.0,3,0,0
13850,0.2,2,0,0
13851,0.2,3,1,1
13852,0.2,2,1,1
13853,1.0,1,1,1
13854,0.2,0,1,1
13855,0.2,2,1,1
13856,0.2,1,1,1
13857,0.2,3,0,0
13858,1.0,2,1,1
13859,0.2,2,0,0
13860,1.0,0,0,1
13861,0.2,1,1,1
13862,1.0,1,1,1
13863,0.2,3,0,0
13864,0.2,0,0,0
13865,1.0,0,0,1
13866,2.2,1,0,1
13867,1.0,0,1,1
13868,1.0,2,0,0
13869,0.2,2,1,1
13870,0.2,1,1,1
13871,0.2,0,1,1
13872,1.0,2,0,1
13873,1.0,2,0,1
13874,0.2,1,1,1
13875,1.0,3,0,0
13876,0.2,1,0,0
13877,0.2,2,0,0
13878,0.2,0,0,0
13879,0.2,2,0,0
13880,0.2,2,1,0
13881,0.2,1,0,0
13882,0.2,0,0,0
13883,0.2,2,0,0
13884,2.2,1,1,1
13885,0.2,1,0,0
13886,0.2,2,0,0
13887,1.0,2,1,1
13888,0.2,1,1,1
13889,0.2,3,1,0
13890,1.0,1,0,1
13891,0.2,0,0,0
13892,0.2,2,0,0
13893,0.2,1,0,1
13894,0.2,3,1,0
13895,0.2,2,1,1
13896,0.2,1,1,1
13897,2.2,3,1,1
13898,0.2,1,1,0
13899,0.2,0,1,1
13900,1.0,1,1,1
13901,0.2,1,0,1
13902,0.2,1,1,1
13903,0.2,3,0,0
13904,0.2,2,0,0
13905,0.2,2,1,1
13906,0.2,2,1,0
13907,0.2,2,0,0
13908,1.0,2,1,1
13909,0.2,0,1,0
13910,1.0,1,1,1
13911,0.2,1,0,0
13912,2.2,1,1,1
13913,0.2,0,1,1
13914,0.2,2,0,0
13915,1.0,3,1,1
13916,0.2,1,1,1
13917,1.0,1,1,1
13918,0.2,1,1,1
13919,0.2,3,0,0
13920,0.2,3,0,0
13921,0.2,1,1,1
13922,0.2,2,1,0
13923,0.2,3,1,0
13924,0.2,1,1,1
13925,0.2,3,0,0
13926,1.0,2,0,1
13927,0.2,1,0,0
13928,0.2,1,1,1
13929,0.2,1,0,0
13930,0.2,1,0,0
13931,1.0,2,1,1
13932,0.2,3,0,0
13933,0.2,2,1,0
13934,0.2,2,0,0
13935,0.2,0,1,1
13936,0.2,2,0,0
13937,0.2,2,0,0
13938,0.2,2,0,0
13939,0.2,1,1,1
13940,0.2,1,0,0
13941,1.0,2,0,0
13942,0.2,1,0,0
13943,2.2,1,1,1
13944,0.2,2,0,0
13945,0.2,3,1,0
13946,0.2,2,0,0
13947,2.2,2,1,1
13948,0.2,0,0,0
13949,0.2,2,0,0
13950,0.2,2,1,1
13951,1.0,0,1,1
13952,0.2,1,0,0
13953,0.2,2,0,0
13954,0.2,0,1,1
13955,0.2,1,1,1
13956,0.2,3,1,1
13957,0.2,2,1,0
13958,0.2,2,1,1
13959,0.2,1,0,0
13960,0.2,2,1,1
13961,0.2,2,1,1
13962,0.2,2,0,0
13963,0.2,2,1,1
13964,0.2,2,1,0
13965,0.2,1,1,0
13966,0.2,1,0,0
13967,0.2,1,0,0
13968,1.0,2,0,1
13969,0.2,1,1,1
13970,0.2,2,0,0
13971,1.0,0,1,1
13972,0.2,1,0,0
13973,0.2,2,0,0
13974,0.2,1,0,0
13975,0.2,2,0,1
13976,0.2,2,0,0
13977,0.2,0,1,0
13978,0.2,2,1,1
13979,0.2,0,1,1
13980,0.2,1,0,0
13981,0.2,2,0,0
13982,0.2,1,1,0
13983,0.2,2,0,0
13984,0.2,2,1,1
13985,0.2,1,0,0
13986,0.2,2,1,1
13987,1.0,1,0,0
13988,0.2,1,1,0
13989,0.2,1,1,1
13990,0.2,0,1,1
13991,0.2,2,1,1
13992,0.2,3,0,0
13993,0.2,1,1,1
13994,0.2,2,1,1
13995,0.2,1,0,0
13996,0.2,3,1,1
13997,0.2,0,0,0
13998,0.2,2,1,1
13999,0.2,0,0,0
14000,1.0,1,0,1
14001,1.0,2,0,1
14002,1.0,2,1,1
14003,0.2,2,1,1
14004,1.0,1,1,1
14005,0.2,2,1,1
14006,0.2,3,1,0
14007,2.2,2,1,1
14008,0.2,2,0,0
14009,1.0,2,1,1
14010,0.2,0,0,0
14011,0.2,0,1,0
14012,1.0,1,1,1
14013,0.2,0,0,0
14014,0.2,2,0,0
14015,0.2,2,1,1
14016,0.2,0,0,0
14017,1.0,1,0,1
14018,0.2,1,0,0
14019,0.2,3,1,0
14020,0.2,1,0,0
14021,1.0,1,1,1
14022,0.2,3,1,1
14023,0.2,2,1,0
14024,0.2,2,0,0
14025,0.2,2,0,0
14026,0.2,1,1,1
14027,1.0,2,0,1
14028,1.0,1,1,1
14029,0.2,0,1,1
14030,0.2,2,0,0
14031,0.2,2,0,1
14032,0.2,1,0,0
14033,0.2,2,0,0
14034,0.2,1,1,1
14035,1.0,1,1,1
14036,0.2,1,1,0
14037,0.2,3,0,0
14038,0.2,2,1,1
14039,0.2,0,0,0
14040,0.2,1,1,1
14041,0.2,1,1,1
14042,0.2,0,0,0
14043,3.0,2,1,1
14044,0.2,0,0,0
14045,0.2,2,1,0
14046,0.2,0,0,0
14047,1.0,1,1,1
14048,0.2,3,1,0
14049,0.2,3,0,0
14050,0.2,2,1,0
14051,0.2,2,0,0
14052,0.2,2,1,1
14053,0.2,1,1,0
14054,1.0,1,1,1
14055,0.2,1,0,0
14056,1.0,1,1,1
14057,1.0,2,0,1
14058,0.2,1,1,1
14059,0.2,2,1,0
14060,0.2,1,1,1
14061,0.2,2,1,1
14062,0.2,1,0,0
14063,0.2,1,1,1
14064,1.0,2,0,1
14065,0.2,1,1,1
14066,0.2,1,1,0
14067,2.2,1,1,1
14068,0.2,2,1,1
14069,0.2,2,0,0
14070,0.2,2,0,0
14071,0.2,1,0,0
14072,0.2,2,0,0
14073,0.2,1,1,1
14074,0.2,1,1,1
14075,1.0,3,0,0
14076,0.2,2,0,0
14077,0.2,1,1,1
14078,0.2,2,0,0
14079,0.2,0,0,0
14080,0.2,2,1,1
14081,1.0,3,1,1
14082,0.2,1,1,1
14083,1.0,0,1,1
14084,1.0,1,1,1
14085,1.0,1,0,1
14086,0.2,1,0,0
14087,0.2,0,0,0
14088,1.0,2,1,1
14089,0.2,1,0,0
14090,0.2,2,1,0
14091,1.0,1,1,1
14092,3.0,2,1,1
14093,0.2,0,1,1
14094,1.0,1,0,1
14095,1.0,3,1,1
14096,0.2,2,1,0
14097,0.2,2,1,1
14098,0.2,1,0,0
14099,0.2,2,1,0
14100,0.2,2,0,0
14101,0.2,1,1,1
14102,0.2,2,0,1
14103,1.0,2,0,0
14104,0.2,2,1,0
14105,0.2,3,0,0
14106,0.2,1,0,0
14107,0.2,2,0,0
14108,0.2,2,0,0
14109,2.2,1,1,1
14110,1.0,1,0,0
14111,0.2,1,0,0
14112,0.2,1,0,0
14113,0.2,1,1,1
14114,0.2,1,0,1
14115,0.2,2,1,1
14116,0.2,1,1,1
14117,0.2,2,1,0
14118,0.2,2,0,0
14119,0.2,2,1,0
14120,0.2,1,1,1
14121,1.0,2,1,1
14122,0.2,1,1,1
14123,1.0,1,0,1
14124,0.2,1,0,0
14125,0.2,0,1,1
14126,0.2,3,0,0
14127,0.2,1,0,0
14128,1.0,2,0,0
14129,0.2,2,1,0
14130,0.2,3,1,0
14131,0.2,2,0,0
14132,0.2,0,1,1
14133,1.0,1,0,0
14134,0.2,1,0,0
14135,1.0,1,0,1
14136,0.2,2,0,0
14137,0.2,0,1,1
14138,0.2,3,0,1
14139,0.2,2,0,0
14140,1.0,1,1,1
14141,0.2,0,1,1
14142,2.2,0,1,1
14143,1.0,2,1,1
14144,1.0,1,1,1
14145,0.2,2,1,1
14146,0.2,1,1,1
14147,1.0,3,1,0
14148,0.2,0,0,0
14149,0.2,2,1,1
14150,0.2,1,1,1
14151,0.2,0,1,1
14152,0.2,1,1,0
14153,0.2,1,0,0
14154,1.0,3,0,0
14155,0.2,2,1,1
14156,0.2,1,0,0
14157,0.2,1,1,1
14158,0.2,1,0,0
14159,0.2,2,0,0
14160,0.2,2,1,1
14161,0.2,2,0,0
14162,0.2,1,1,1
14163,3.0,2,0,1
14164,0.2,1,0,1
14165,0.2,1,1,0
14166,0.2,2,1,0
14167,1.0,2,0,1
14168,0.2,2,1,0
14169,0.2,2,1,1
14170,0.2,2,0,0
14171,1.0,1,1,1
14172,0.2,0,0,0
14173,0.2,1,1,1
14174,0.2,2,1,1
14175,0.2,1,0,0
14176,1.0,2,0,1
14177,0.2,2,0,0
14178,0.2,2,0,0
14179,0.2,0,1,1
14180,0.2,2,0,0
14181,0.2,0,1,1
14182,0.2,2,0,0
14183,1.0,1,0,1
14184,0.2,1,0,0
14185,0.2,1,1,1
14186,0.2,1,1,0
14187,0.2,2,0,0
14188,0.2,2,1,1
14189,0.2,2,0,0
14190,0.2,1,0,0
14191,0.2,1,1,0
14192,0.2,1,1,1
14193,0.2,1,0,0
14194,0.2,1,1,1
14195,0.2,1,1,1
14196,0.2,2,0,0
14197,1.0,2,0,1
14198,1.0,1,1,1
14199,0.2,2,0,0
14200,0.2,1,0,1
14201,0.2,0,0,0
14202,0.2,0,1,0
14203,0.2,0,0,0
14204,1.0,1,1,1
14205,0.2,1,1,1
14206,0.2,0,0,1
14207,0.2,2,1,1
14208,0.2,0,1,1
14209,1.0,2,0,1
14210,1.0,1,1,1
14211,0.2,1,1,0
14212,0.2,2,0,0
14213,0.2,2,0,0
14214,1.0,1,1,1
14215,0.2,2,1,1
14216,0.2,1,0,1
14217,1.0,0,1,1
14218,0.2,2,0,0
14219,0.2,1,1,1
14220,0.2,1,1,1
14221,0.2,3,0,0
14222,0.2,1,0,0
14223,0.2,2,1,1
14224,1.0,2,1,1
14225,0.2,2,0,0
14226,0.2,0,0,0
14227,0.2,0,1,1
14228,0.2,0,1,1
14229,1.0,2,1,1
14230,0.2,2,1,1
14231,0.2,3,1,0
14232,1.0,1,1,1
14233,1.0,0,0,1
14234,0.2,2,0,0
14235,0.2,0,1,1
14236,0.2,1,1,0
14237,0.2,1,1,1
14238,0.2,3,0,0
14239,0.2,1,1,1
14240,0.2,2,0,0
14241,0.2,1,1,1
14242,1.0,1,1,1
14243,0.2,2,1,1
14244,0.2,2,1,0
14245,1.0,0,0,1
14246,0.2,2,0,1
14247,0.2,2,1,1
14248,0.2,1,0,1
14249,0.2,1,1,0
14250,0.2,2,0,0
14251,0.2,1,1,1
14252,0.2,2,0,0
14253,0.2,0,0,0
14254,0.2,3,1,0
14255,1.0,2,0,1
14256,0.2,2,0,0
14257,0.2,2,1,1
14258,0.2,1,0,0
14259,1.0,1,0,0
14260,0.2,1,1,1
14261,0.2,1,1,0
14262,1.0,2,1,1
14263,0.2,0,0,0
14264,0.2,3,1,0
14265,1.0,1,0,1
14266,0.2,2,0,0
14267,1.0,2,1,1
14268,0.2,0,1,1
14269,0.2,2,1,1
14270,0.2,0,1,1
14271,2.2,1,0,1
14272,0.2,1,1,1
14273,0.2,1,0,0
14274,0.2,2,1,0
14275,0.2,2,1,1
14276,0.2,0,0,0
14277,0.2,3,0,0
14278,1.0,1,1,1
14279,0.2,1,0,0
14280,1.0,3,1,1
14281,1.0,2,0,0
14282,0.2,0,1,0
14283,0.2,0,0,1
14284,0.2,2,0,0
14285,0.2,1,1,0
14286,0.2,1,0,0
14287,0.2,1,1,1
14288,0.2,2,0,0
14289,1.0,2,1,1
14290,0.2,1,1,1
14291,1.0,2,1,1
14292,0.2,0,1,1
14293,1.0,2,0,1
14294,0.2,2,1,1
14295,0.2,1,1,1
14296,0.2,1,1,1
14297,0.2,1,0,1
14298,0.2,2,1,0
14299,0.2,2,1,0
14300,0.2,1,1,1
14301,0.2,2,1,0
14302,1.0,1,1,1
14303,0.2,1,1,1
14304,1.0,2,0,1
14305,0.2,1,0,0
14306,0.2,2,0,0
14307,1.0,2,1,1
14308,0.2,2,0,0
14309,1.0,2,1,1
14310,0.2,1,1,1
14311,0.2,2,1,1
14312,0.2,1,1,1
14313,1.0,3,1,1
14314,1.0,0,0,0
14315,0.2,1,0,0
14316,0.2,2,0,1
14317,0.2,1,1,1
14318,0.2,2,1,1
14319,0.2,0,0,0
14320,0.2,1,0,0
14321,0.2,3,0,0
14322,1.0,2,0,0
14323,0.2,1,1,1
14324,0.2,3,1,1
14325,0.2,0,1,1
14326,0.2,2,1,0
14327,1.0,2,1,1
14328,0.2,1,0,0
14329,0.2,3,0,0
14330,0.2,1,0,0
14331,0.2,2,0,0
14332,0.2,1,1,1
14333,0.2,2,0,0
14334,0.2,0,1,0
14335,0.2,0,1,0
14336,1.0,0,0,1
14337,0.2,2,1,1
14338,3.0,0,0,1
14339,0.2,1,1,1
14340,1.0,2,1,1
14341,0.2,0,1,1
14342,1.0,2,0,1
14343,1.0,1,1,1
14344,1.0,1,1,1
14345,1.0,3,1,1
14346,0.2,3,1,0
14347,0.2,0,1,1
14348,0.2,2,0,1
14349,0.2,0,0,0
14350,0.2,2,1,1
14351,1.0,1,1,1
14352,0.2,1,0,0
14353,0.2,2,1,0
14354,1.0,1,1,1
14355,0.2,2,0,0
14356,1.0,1,0,1
14357,0.2,3,0,0
14358,0.2,1,1,1
14359,0.2,2,1,0
14360,0.2,3,0,0
14361,1.0,0,1,1
14362,0.2,1,0,0
14363,0.2,2,0,0
14364,0.2,2,0,0
14365,0.2,3,1,0
14366,0.2,1,1,1
14367,0.2,2,1,0
14368,0.2,2,1,1
14369,0.2,1,1,1
14370,0.2,2,1,1
14371,0.2,2,1,0
14372,0.2,2,1,1
14373,0.2,1,1,1
14374,0.2,3,1,1
14375,0.2,2,0,0
14376,0.2,3,1,1
14377,0.2,0,0,1
14378,0.2,3,1,0
14379,0.2,3,0,0
14380,0.2,1,0,0
14381,0.2,0,0,1
14382,0.2,1,1,1
14383,1.0,2,0,0
14384,0.2,2,1,0
14385,0.2,1,1,1
14386,0.2,1,1,1
14387,1.0,2,1,1
14388,1.0,2,0,0
14389,0.2,3,1,0
14390,0.2,2,1,1
14391,0.2,1,0,1
14392,0.2,0,0,0
14393,0.2,1,1,0
14394,1.0,0,1,1
14395,0.2,0,1,1
14396,0.2,1,0,0
14397,0.2,2,1,1
14398,0.2,1,1,0
14399,0.2,1,1,1
14400,0.2,2,1,0
14401,0.2,2,0,0
14402,0.2,1,1,0
14403,0.2,2,0,0
14404,1.0,1,0,0
14405,2.2,1,1,1
14406,1.0,2,1,0
14407,0.2,0,0,0
14408,0.2,1,1,0
14409,0.2,1,1,1
14410,0.2,0,0,0
14411,0.2,2,1,0
14412,2.2,3,0,1
14413,0.2,1,0,0
14414,0.2,2,1,1
14415,0.2,0,1,1
14416,0.2,3,1,1
14417,1.0,1,0,1
14418,0.2,3,1,1
14419,0.2,2,0,0
14420,0.2,1,0,0
14421,0.2,1,1,1
14422,0.2,1,1,1
14423,0.2,1,1,1
14424,0.2,1,0,0
14425,1.0,2,1,0
14426,0.2,0,0,0
14427,1.0,1,0,0
14428,0.2,2,0,0
14429,0.2,0,1,1
14430,0.2,1,1,1
14431,0.2,0,0,1
14432,0.2,2,1,1
14433,0.2,0,0,0
14434,0.2,1,0,0
14435,1.0,0,1,1
14436,0.2,1,0,0
14437,0.2,2,0,0
14438,0.2,2,1,1
14439,0.2,2,1,0
14440,0.2,2,1,0
14441,0.2,3,0,0
14442,0.2,1,0,0
14443,1.0,2,0,0
14444,1.0,2,0,1
14445,1.0,3,1,0
14446,0.2,1,1,1
14447,0.2,2,0,1
14448,1.0,3,1,1
14449,0.2,0,0,1
14450,1.0,1,0,1
14451,0.2,2,0,0
14452,0.2,1,1,1
14453,0.2,1,0,0
14454,1.0,3,0,1
14455,0.2,1,0,0
14456,1.0,3,0,0
14457,0.2,3,0,0
14458,0.2,1,0,0
14459,0.2,0,0,0
14460,0.2,3,0,0
14461,0.2,2,1,1
14462,0.2,1,1,1
14463,0.2,1,0,0
14464,0.2,3,0,0
14465,0.2,0,1,1
14466,1.0,1,0,0
14467,0.2,0,0,0
14468,0.2,1,0,0
14469,0.2,2,0,0
14470,0.2,2,1,0
14471,0.2,2,0,0
14472,2.2,2,1,1
14473,0.2,2,0,0
14474,1.0,2,1,1
14475,0.2,1,0,0
14476,1.0,1,1,1
14477,0.2,2,0,0
14478,1.0,2,0,0
14479,0.2,3,0,0
14480,0.2,1,0,0
14481,0.2,1,1,0
14482,0.2,1,1,0
14483,0.2,1,1,1
14484,1.0,2,0,0
14485,1.0,1,1,0
14486,1.0,1,1,1
14487,0.2,1,0,1
14488,0.2,2,0,0
14489,0.2,2,0,0
14490,0.2,2,1,1
14491,1.0,2,1,1
14492,0.2,1,1,1
14493,0.2,2,1,1
14494,0.2,1,1,1
14495,0.2,0,1,1
14496,1.0,1,0,1
14497,2.2,0,0,1
14498,0.2,1,0,0
14499,0.2,0,0,1
14500,1.0,3,1,1
14501,0.2,3,0,0
14502,0.2,1,1,1
14503,1.0,2,0,1
14504,1.0,2,0,1
14505,1.0,2,1,1
14506,1.0,2,1,1
14507,0.2,2,1,1
14508,0.2,3,1,0
14509,0.2,0,1,0
14510,0.2,0,0,0
14511,0.2,2,1,1
14512,0.2,3,1,0
14513,0.2,3,1,0
14514,0.2,3,0,0
14515,0.2,1,0,0
14516,0.2,2,0,0
14517,0.2,0,0,0
14518,0.2,1,0,0
14519,0.2,2,0,0
14520,2.2,0,1,1
14521,0.2,1,0,0
14522,0.2,1,1,1
14523,0.2,2,1,1
14524,0.2,2,1,0
14525,0.2,2,1,1
14526,0.2,1,0,0
14527,3.4000000000000004,2,0,1
14528,0.2,0,1,1
14529,0.2,1,1,1
14530,0.2,1,0,0
14531,0.2,1,0,0
14532,0.2,2,1,1
14533,0.2,1,0,0
14534,0.2,1,0,0
14535,0.2,1,0,0
14536,1.0,2,0,1
14537,0.2,2,0,0
14538,1.0,2,1,1
14539,0.2,1,1,1
14540,1.0,1,0,0
14541,0.2,2,0,0
14542,0.2,1,0,0
14543,0.2,1,0,1
14544,0.2,2,0,0
14545,0.2,3,0,0
14546,1.0,2,1,1
14547,0.2,2,0,0
14548,0.2,1,1,1
14549,0.2,2,0,0
14550,1.0,2,1,1
14551,0.2,1,0,0
14552,0.2,2,1,0
14553,0.2,2,1,1
14554,0.2,1,0,0
14555,1.0,1,1,1
14556,0.2,1,1,0
14557,2.2,1,1,1
14558,1.0,1,0,1
14559,0.2,0,1,1
14560,1.0,0,1,1
14561,0.2,3,1,1
14562,1.0,1,1,1
14563,1.0,2,1,1
14564,1.0,2,0,0
14565,1.0,1,1,1
14566,0.2,0,0,0
14567,2.2,2,1,1
14568,0.2,0,1,1
14569,0.2,2,1,1
14570,1.0,2,0,0
14571,0.2,2,0,0
14572,0.2,2,1,1
14573,1.0,1,0,0
14574,1.0,1,1,1
14575,0.2,3,1,1
14576,0.2,2,1,0
14577,0.2,1,0,1
14578,0.2,0,1,1
14579,1.0,3,0,0
14580,0.2,1,1,1
14581,0.2,2,0,1
14582,0.2,1,0,0
14583,2.2,2,0,1
14584,0.2,1,0,0
14585,0.2,1,1,1
14586,1.0,1,0,0
14587,0.2,0,1,1
14588,0.2,3,0,0
14589,0.2,0,0,0
14590,0.2,3,0,0
14591,0.2,1,1,1
14592,2.2,1,0,1
14593,0.2,2,0,0
14594,1.0,1,1,0
14595,0.2,0,1,1
14596,0.2,2,1,1
14597,1.0,1,0,1
14598,1.0,1,0,0
14599,0.2,2,1,1
14600,0.2,3,1,1
14601,0.2,1,1,0
14602,0.2,1,1,0
14603,0.2,1,0,0
14604,1.0,2,0,0
14605,0.2,1,0,0
14606,0.2,1,0,0
14607,0.2,2,1,1
14608,1.0,2,0,0
14609,0.2,0,1,1
14610,0.2,1,1,1
14611,1.0,1,0,1
14612,0.2,1,0,0
14613,0.2,1,0,0
14614,0.2,3,1,0
14615,1.0,2,1,1
14616,0.2,2,0,0
14617,0.2,1,0,0
14618,1.0,3,0,0
14619,0.2,1,0,0
14620,0.2,2,1,1
14621,0.2,2,0,1
14622,0.2,0,0,0
14623,2.2,2,1,1
14624,1.0,1,1,1
14625,0.2,1,1,0
14626,1.0,1,1,1
14627,0.2,0,1,1
14628,0.2,1,1,1
14629,0.2,2,0,0
14630,1.0,1,1,1
14631,2.2,0,0,1
14632,0.2,2,1,0
14633,0.2,2,0,0
14634,0.2,2,0,0
14635,0.2,1,0,0
14636,0.2,0,1,1
14637,0.2,0,1,1
14638,1.0,1,0,1
14639,0.2,0,1,1
14640,0.2,3,0,0
14641,0.2,1,1,1
14642,0.2,0,1,1
14643,0.2,2,0,0
14644,1.0,2,0,0
14645,0.2,2,0,0
14646,0.2,3,1,1
14647,1.0,2,0,0
14648,0.2,3,0,0
14649,0.2,3,1,0
14650,0.2,2,1,1
14651,0.2,0,0,1
14652,0.2,2,1,1
14653,0.2,2,0,0
14654,1.0,1,1,1
14655,1.0,1,0,0
14656,0.2,2,1,0
14657,0.2,2,0,0
14658,0.2,2,1,1
14659,0.2,2,0,0
14660,0.2,2,0,0
14661,0.2,1,0,1
14662,0.2,2,1,0
14663,1.0,1,1,1
14664,0.2,2,0,0
14665,0.2,2,0,0
14666,0.2,1,1,0
14667,0.2,1,1,1
14668,0.2,2,0,0
14669,0.2,0,1,1
14670,0.2,2,0,0
14671,0.2,2,0,0
14672,1.0,3,1,1
14673,1.0,2,0,1
14674,0.2,2,0,0
14675,1.0,1,0,1
14676,0.2,3,1,1
14677,0.2,1,0,1
14678,0.2,2,1,1
14679,0.2,1,1,1
14680,1.0,0,1,1
14681,1.0,0,1,1
14682,0.2,1,0,0
14683,1.0,1,1,1
14684,0.2,3,1,0
14685,0.2,2,0,0
14686,0.2,2,0,0
14687,0.2,2,0,0
14688,0.2,0,0,0
14689,1.0,2,1,0
14690,0.2,3,1,1
14691,0.2,1,1,1
14692,0.2,2,1,1
14693,0.2,2,1,0
14694,0.2,2,1,1
14695,0.2,3,1,0
14696,0.2,3,1,0
14697,1.0,2,0,0
14698,0.2,0,1,1
14699,0.2,3,1,1
14700,1.0,1,0,0
14701,0.2,2,1,1
14702,0.2,3,1,0
14703,0.2,1,0,0
14704,0.2,1,1,1
14705,1.0,2,1,1
14706,2.2,1,0,1
14707,0.2,3,0,0
14708,0.2,2,0,0
14709,0.2,3,0,0
14710,0.2,3,0,0
14711,0.2,1,1,0
14712,1.0,3,0,0
14713,0.2,2,0,0
14714,2.2,1,1,1
14715,0.2,3,0,0
14716,0.2,0,1,1
14717,0.2,1,1,1
14718,0.2,2,1,0
14719,0.2,2,0,1
14720,0.2,2,1,1
14721,0.2,2,0,0
14722,0.2,2,1,1
14723,0.2,0,0,0
14724,0.2,2,1,1
14725,0.2,0,0,1
14726,0.2,0,1,1
14727,0.2,2,0,0
14728,0.2,3,0,0
14729,0.2,3,0,0
14730,0.2,1,0,0
14731,1.0,3,1,1
14732,0.2,3,0,0
14733,0.2,0,0,0
14734,0.2,2,0,0
14735,1.0,2,1,1
14736,0.2,2,1,1
14737,0.2,2,0,0
14738,0.2,2,0,0
14739,0.2,2,1,1
14740,0.2,0,0,0
14741,0.2,0,1,1
14742,0.2,0,0,0
14743,0.2,2,1,0
14744,0.2,3,1,1
14745,0.2,1,1,1
14746,0.2,1,1,1
14747,1.0,1,0,1
14748,0.2,1,0,0
14749,0.2,2,0,0
14750,0.2,3,0,0
14751,1.0,0,1,1
14752,0.2,0,1,1
14753,0.2,0,1,1
14754,0.2,1,0,0
14755,1.0,2,0,0
14756,1.0,0,0,1
14757,3.0,0,1,1
14758,0.2,3,1,0
14759,1.0,2,0,0
14760,1.0,1,1,1
14761,1.0,0,1,1
14762,0.2,2,1,1
14763,0.2,0,0,0
14764,0.2,1,0,0
14765,0.2,0,0,0
14766,0.2,1,0,0
14767,1.0,1,0,1
14768,0.2,0,0,0
14769,0.2,1,1,0
14770,1.0,2,1,1
14771,0.2,1,1,0
14772,0.2,2,0,0
14773,1.0,1,0,1
14774,0.2,3,1,1
14775,1.0,2,0,0
14776,1.0,1,1,1
14777,0.2,0,1,1
14778,0.2,1,1,1
14779,0.2,1,0,0
14780,1.0,3,1,1
14781,0.2,1,0,0
14782,1.0,2,0,1
14783,0.2,1,0,0
14784,1.0,1,1,1
14785,0.2,2,1,1
14786,0.2,1,1,1
14787,0.2,2,0,0
14788,0.2,0,0,0
14789,1.0,2,1,1
14790,1.0,1,0,0
14791,2.2,2,1,1
14792,0.2,3,1,1
14793,1.0,2,0,0
14794,0.2,2,0,0
14795,1.0,1,1,1
14796,0.2,1,0,0
14797,1.0,1,1,1
14798,0.2,1,1,1
14799,0.2,0,0,0
14800,0.2,1,1,1
14801,0.2,0,0,0
14802,0.2,0,0,0
14803,0.2,2,1,1
14804,0.2,3,0,0
14805,0.2,2,0,0
14806,0.2,2,0,0
14807,0.2,3,0,0
14808,0.2,1,1,1
14809,0.2,2,0,0
14810,0.2,1,0,0
14811,2.2,1,1,1
14812,0.2,1,1,0
14813,0.2,0,0,0
14814,0.2,1,0,0
14815,0.2,2,1,1
14816,0.2,3,1,0
14817,0.2,2,1,1
14818,0.2,0,1,1
14819,0.2,1,0,0
14820,1.0,1,0,1
14821,0.2,2,0,0
14822,0.2,1,1,0
14823,1.0,3,1,1
14824,0.2,1,1,1
14825,2.2,2,1,1
14826,0.2,1,0,0
14827,0.2,1,1,0
14828,0.2,2,0,0
14829,0.2,1,0,0
14830,0.2,0,0,1
14831,1.0,2,0,0
14832,1.0,3,1,1
14833,0.2,2,0,0
14834,0.2,1,0,0
14835,0.2,2,1,0
14836,2.2,3,0,1
14837,1.0,2,1,1
14838,1.0,2,1,0
14839,1.0,1,1,1
14840,0.2,0,1,1
14841,0.2,2,1,1
14842,0.2,2,1,0
14843,0.2,1,0,0
14844,0.2,2,0,0
14845,0.2,1,1,1
14846,1.0,0,1,1
14847,0.2,2,0,0
14848,0.2,3,0,0
14849,0.2,1,1,1
14850,0.2,3,0,0
14851,1.0,1,1,1
14852,0.2,1,0,0
14853,0.2,2,1,1
14854,1.0,3,0,0
14855,0.2,3,1,1
14856,0.2,1,0,0
14857,1.0,1,1,1
14858,0.2,0,0,0
14859,1.0,2,1,1
14860,1.0,2,0,0
14861,0.2,2,0,0
14862,0.2,1,0,0
14863,1.0,1,1,1
14864,1.0,2,0,0
14865,0.2,2,1,1
14866,0.2,0,0,0
14867,0.2,1,0,0
14868,1.0,1,0,1
14869,0.2,1,1,1
14870,0.2,3,0,0
14871,0.2,0,0,0
14872,0.2,3,1,0
14873,0.2,2,0,0
14874,0.2,1,1,1
14875,0.2,1,0,0
14876,0.2,1,0,0
14877,0.2,1,1,1
14878,0.2,3,0,0
14879,0.2,1,1,1
14880,0.2,1,0,0
14881,0.2,3,1,0
14882,1.0,1,1,1
14883,0.2,2,0,0
14884,0.2,1,1,1
14885,0.2,0,0,0
14886,0.2,1,1,1
14887,0.2,0,1,1
14888,0.2,2,1,1
14889,1.0,3,0,1
14890,0.2,3,0,0
14891,1.0,2,1,1
14892,0.2,2,0,0
14893,0.2,1,1,1
14894,0.2,1,0,0
14895,1.0,1,1,1
14896,0.2,2,0,1
14897,0.2,2,1,1
14898,0.2,2,1,1
14899,1.0,1,0,1
14900,0.2,2,1,0
14901,0.2,3,1,1
14902,0.2,0,1,1
14903,1.0,3,1,1
14904,0.2,2,1,0
14905,0.2,2,0,0
14906,1.0,1,0,0
14907,0.2,2,0,0
14908,0.2,3,0,0
14909,0.2,3,0,0
14910,0.2,1,0,0
14911,1.0,3,1,1
14912,0.2,1,1,0
14913,0.2,2,0,0
14914,1.0,2,1,1
14915,0.2,0,1,0
14916,0.2,2,1,1
14917,0.2,2,1,0
14918,0.2,1,1,1
14919,1.0,1,0,0
14920,0.2,2,0,0
14921,0.2,3,0,0
14922,0.2,1,0,0
14923,0.2,3,0,0
14924,0.2,2,0,0
14925,0.2,3,1,1
14926,0.2,2,1,0
14927,0.2,2,1,0
14928,0.2,2,0,0
14929,0.2,0,1,1
14930,1.0,1,0,1
14931,0.2,1,1,1
14932,0.2,2,1,0
14933,0.2,2,1,1
14934,0.2,2,1,1
14935,0.2,2,0,0
14936,1.0,1,0,1
14937,0.2,3,1,1
14938,0.2,1,1,1
14939,0.2,1,0,0
14940,0.2,3,0,0
14941,0.2,1,0,0
14942,0.2,0,1,0
14943,1.0,2,1,1
14944,0.2,2,1,1
14945,0.2,1,1,0
14946,0.2,2,0,0
14947,0.2,1,1,0
14948,0.2,2,0,0
14949,0.2,2,1,1
14950,0.2,1,1,1
14951,0.2,1,0,0
14952,0.2,2,1,1
14953,0.2,1,1,0
14954,0.2,2,0,0
14955,0.2,1,0,0
14956,0.2,1,1,1
14957,0.2,2,1,0
14958,0.2,1,1,1
14959,0.2,1,1,1
14960,0.2,2,0,0
14961,0.2,2,0,1
14962,2.2,2,1,1
14963,0.2,2,1,0
14964,0.2,0,0,0
14965,0.2,0,1,1
14966,0.2,2,0,1
14967,0.2,2,1,1
14968,1.0,2,1,1
14969,0.2,0,0,0
14970,1.0,2,0,0
14971,0.2,1,1,0
14972,0.2,1,1,0
14973,0.2,1,0,0
14974,0.2,1,0,0
14975,2.2,1,1,1
14976,0.2,1,1,0
14977,0.2,3,1,0
14978,0.2,0,1,1
14979,0.2,3,0,0
14980,1.0,3,1,1
14981,1.8,3,0,0
14982,0.2,3,0,0
14983,0.2,1,1,1
14984,0.2,3,0,0
14985,0.2,1,0,0
14986,0.2,2,1,0
14987,1.0,1,0,0
14988,1.0,1,0,0
14989,0.2,3,0,0
14990,0.2,2,0,0
14991,0.2,0,1,1
14992,0.2,1,1,0
14993,0.2,2,0,1
14994,0.2,2,0,1
14995,0.2,1,0,1
14996,1.0,2,1,1
14997,1.0,2,1,1
14998,0.2,1,0,0
14999,0.2,3,1,0
15000,0.2,3,0,0
15001,2.2,2,0,1
15002,0.2,1,0,0
15003,1.0,0,1,1
15004,0.2,2,1,1
15005,0.2,1,0,0
15006,0.2,2,1,0
15007,0.2,1,1,1
15008,1.0,0,1,1
15009,0.2,2,1,0
15010,0.2,1,1,1
15011,0.2,2,0,0
15012,0.2,2,1,1
15013,0.2,0,1,1
15014,0.2,2,1,1
15015,0.2,3,1,1
15016,1.0,3,0,0
15017,0.2,1,0,0
15018,0.2,1,1,1
15019,0.2,3,0,0
15020,0.2,2,1,1
15021,0.2,1,1,1
15022,0.2,1,1,1
15023,0.2,3,1,1
15024,0.2,2,0,0
15025,0.2,2,1,1
15026,0.2,2,1,1
15027,1.0,2,0,1
15028,0.2,0,1,1
15029,0.2,0,1,1
15030,0.2,1,0,0
15031,0.2,2,0,0
15032,0.2,1,1,1
15033,0.2,0,1,1
15034,0.2,2,0,0
15035,0.2,1,0,0
15036,1.0,0,0,1
15037,0.2,2,1,1
15038,0.2,1,1,0
15039,0.2,0,0,0
15040,0.2,2,1,1
15041,2.2,2,1,1
15042,0.2,2,1,1
15043,0.2,0,0,0
15044,0.2,3,0,0
15045,0.2,2,1,1
15046,0.2,3,1,1
15047,0.2,2,1,1
15048,0.2,2,0,0
15049,1.0,1,0,0
15050,0.2,3,0,0
15051,0.2,2,1,0
15052,0.2,1,1,1
15053,1.0,3,0,0
15054,0.2,3,0,0
15055,1.0,1,1,1
15056,1.0,1,1,1
15057,1.0,1,1,1
15058,1.0,1,0,1
15059,0.2,2,1,1
15060,0.2,1,0,0
15061,0.2,3,0,0
15062,0.2,3,0,0
15063,0.2,1,1,1
15064,0.2,2,0,0
15065,0.2,3,0,0
15066,0.2,2,1,1
15067,0.2,3,1,0
15068,0.2,2,1,0
15069,0.2,2,0,0
15070,0.2,1,1,1
15071,0.2,3,1,1
15072,0.2,2,0,0
15073,1.0,2,0,0
15074,0.2,3,1,0
15075,0.2,0,1,1
15076,0.2,2,1,1
15077,0.2,0,0,0
15078,0.2,1,0,0
15079,1.0,0,1,1
15080,1.0,0,0,1
15081,0.2,0,0,1
15082,0.2,1,0,0
15083,1.0,0,1,1
15084,0.2,2,0,0
15085,0.2,2,0,0
15086,0.2,3,1,1
15087,1.0,1,0,0
15088,1.0,1,0,0
15089,1.0,3,0,0
15090,1.0,2,1,0
15091,0.2,1,1,0
15092,0.2,0,0,0
15093,0.2,1,1,1
15094,0.2,1,1,1
15095,0.2,1,0,0
15096,0.2,3,0,0
15097,1.0,2,0,0
15098,2.2,1,1,1
15099,0.2,2,1,1
15100,0.2,0,0,0
15101,0.2,1,0,0
15102,0.2,2,1,0
15103,0.2,1,1,1
15104,0.2,1,0,0
15105,0.2,2,0,0
15106,0.2,2,1,1
15107,0.2,1,1,1
15108,0.2,2,0,0
15109,0.2,2,1,1
15110,0.2,2,1,1
15111,0.2,1,1,1
15112,0.2,1,0,0
15113,0.2,1,1,1
15114,1.0,3,1,1
15115,0.2,2,0,0
15116,0.2,2,1,0
15117,1.0,3,0,1
15118,0.2,1,0,0
15119,1.0,2,0,1
15120,1.0,3,1,1
15121,0.2,1,1,1
15122,1.0,2,1,1
15123,0.2,2,0,1
15124,0.2,3,1,0
15125,0.2,1,1,1
15126,1.0,1,1,1
15127,0.2,3,0,0
15128,0.2,1,0,0
15129,0.2,1,1,0
15130,0.2,0,0,0
15131,0.2,2,0,0
15132,0.2,2,0,0
15133,2.2,2,0,1
15134,0.2,1,0,0
15135,0.2,1,0,1
15136,0.2,2,0,0
15137,0.2,1,0,0
15138,0.2,0,1,1
15139,0.2,2,1,1
15140,0.2,0,1,1
15141,0.2,2,0,0
15142,0.2,1,1,1
15143,0.2,3,1,0
15144,0.2,2,1,1
15145,1.0,2,0,1
15146,0.2,1,0,0
15147,0.2,0,1,1
15148,0.2,1,1,0
15149,0.2,1,0,0
15150,1.0,2,1,0
15151,0.2,2,0,0
15152,0.2,2,1,0
15153,0.2,2,1,0
15154,0.2,2,0,0
15155,1.0,2,0,1
15156,0.2,2,1,0
15157,0.2,2,0,0
15158,0.2,0,1,1
15159,0.2,3,0,0
15160,1.0,2,0,1
15161,1.0,1,0,1
15162,0.2,2,0,0
15163,0.2,2,0,0
15164,0.2,1,1,0
15165,1.0,1,1,1
15166,0.2,1,0,1
15167,1.0,3,1,1
15168,0.2,0,0,0
15169,0.2,1,1,1
15170,1.0,2,1,1
15171,0.2,1,1,1
15172,0.2,1,1,1
15173,0.2,2,0,0
15174,0.2,3,0,0
15175,1.0,3,0,0
15176,0.2,0,0,0
15177,1.0,0,1,1
15178,0.2,2,1,1
15179,0.2,3,0,1
15180,0.2,1,1,1
15181,0.2,0,1,1
15182,1.0,1,0,0
15183,0.2,2,0,1
15184,0.2,2,1,0
15185,1.0,1,0,1
15186,0.2,2,1,1
15187,0.2,1,0,0
15188,1.0,3,1,1
15189,1.0,2,0,1
15190,1.0,3,1,1
15191,0.2,1,0,0
15192,0.2,0,0,1
15193,0.2,2,0,0
15194,0.2,3,0,0
15195,0.2,1,0,1
15196,0.2,2,0,0
15197,0.2,1,1,1
15198,1.0,1,1,1
15199,1.0,3,0,1
15200,0.2,1,1,0
15201,0.2,1,1,1
15202,0.2,2,0,0
15203,0.2,2,0,0
15204,0.2,2,1,0
15205,0.2,3,1,0
15206,0.2,2,0,0
15207,1.0,2,1,1
15208,0.2,0,0,1
15209,0.2,1,0,0
15210,1.0,0,0,1
15211,1.0,0,0,1
15212,0.2,2,0,0
15213,0.2,2,1,1
15214,0.2,0,1,1
15215,0.2,2,0,0
15216,0.2,0,1,1
15217,0.2,3,0,0
15218,1.0,2,0,1
15219,0.2,1,0,0
15220,0.2,1,1,1
15221,0.2,2,0,0
15222,0.2,2,1,1
15223,0.2,1,1,1
15224,1.0,2,0,1
15225,0.2,1,1,1
15226,0.2,2,0,0
15227,0.2,1,0,0
15228,1.0,1,1,1
15229,1.0,1,0,0
15230,0.2,2,0,0
15231,0.2,2,0,0
15232,0.2,1,0,0
15233,0.2,3,0,0
15234,0.2,1,1,1
15235,0.2,2,1,1
15236,0.2,3,0,0
15237,1.0,1,1,1
15238,0.2,0,1,0
15239,1.0,3,1,1
15240,0.2,1,0,0
15241,0.2,0,0,0
15242,0.2,0,0,0
15243,0.2,0,0,0
15244,0.2,2,1,1
15245,0.2,1,1,1
15246,0.2,1,0,0
15247,0.2,1,0,0
15248,0.2,1,1,1
15249,1.0,2,1,1
15250,0.2,3,0,0
15251,0.2,2,0,0
15252,0.2,2,1,0
15253,0.2,2,1,0
15254,3.0,2,1,1
15255,0.2,1,1,1
15256,0.2,2,1,0
15257,2.2,3,1,1
15258,0.2,1,0,1
15259,0.2,2,0,0
15260,0.2,2,1,1
15261,0.2,2,0,0
15262,1.0,1,0,1
15263,1.0,2,0,1
15264,0.2,1,0,0
15265,0.2,1,1,1
15266,1.0,3,0,0
15267,0.2,2,1,1
15268,2.2,1,0,1
15269,0.2,1,0,0
15270,0.2,0,0,0
15271,0.2,3,1,0
15272,0.2,2,1,1
15273,0.2,2,1,0
15274,1.0,2,1,1
15275,0.2,1,0,0
15276,1.0,1,0,0
15277,0.2,1,0,0
15278,1.0,2,1,1
15279,0.2,2,1,1
15280,0.2,1,0,0
15281,1.0,1,1,1
15282,1.0,1,0,0
15283,0.2,0,0,0
15284,0.2,1,1,1
15285,0.2,2,1,1
15286,0.2,0,1,1
15287,0.2,0,1,1
15288,0.2,1,0,0
15289,1.0,1,1,1
15290,0.2,1,0,0
15291,0.2,1,0,1
15292,0.2,0,0,0
15293,0.2,1,0,0
15294,0.2,2,1,0
15295,1.0,2,0,1
15296,0.2,2,0,0
15297,1.0,3,1,1
15298,0.2,1,1,0
15299,0.2,1,1,1
15300,0.2,2,0,1
15301,0.2,2,0,0
15302,0.2,1,0,0
15303,3.0,1,0,1
15304,0.2,1,1,1
15305,0.2,0,1,1
15306,0.2,3,0,0
15307,0.2,1,1,1
15308,0.2,1,1,1
15309,0.2,1,0,0
15310,0.2,3,1,0
15311,0.2,2,1,1
15312,1.0,2,0,1
15313,0.2,3,1,0
15314,0.2,3,0,0
15315,0.2,2,1,1
15316,0.2,3,0,0
15317,0.2,0,0,1
15318,0.2,0,1,0
15319,1.0,1,0,1
15320,0.2,1,1,0
15321,0.2,0,1,0
15322,0.2,2,0,0
15323,0.2,2,1,1
15324,0.2,3,0,0
15325,0.2,3,0,0
15326,1.0,2,0,1
15327,0.2,1,0,0
15328,0.2,1,0,0
15329,0.2,2,0,0
15330,0.2,1,0,0
15331,0.2,2,1,1
15332,0.2,2,0,0
15333,1.0,2,0,0
15334,0.2,2,0,0
15335,0.2,1,0,1
15336,1.0,1,1,1
15337,0.2,3,1,1
15338,0.2,1,0,0
15339,0.2,0,0,0
15340,0.2,3,0,0
15341,0.2,2,1,0
15342,0.2,3,1,1
15343,0.2,1,1,1
15344,1.0,0,1,1
15345,0.2,2,0,1
15346,0.2,3,0,0
15347,0.2,1,0,0
15348,0.2,1,0,0
15349,0.2,2,0,0
15350,2.2,0,0,1
15351,0.2,2,0,0
15352,1.0,2,0,1
15353,0.2,0,1,1
15354,1.0,2,1,1
15355,0.2,1,1,1
15356,0.2,2,1,1
15357,0.2,2,0,0
15358,0.2,0,1,1
15359,0.2,2,1,1
15360,0.2,2,1,1
15361,0.2,3,1,1
15362,0.2,2,1,0
15363,0.2,2,0,0
15364,0.2,0,1,1
15365,0.2,1,1,1
15366,1.0,1,0,1
15367,1.0,2,0,0
15368,0.2,2,1,1
15369,0.2,2,0,0
15370,0.2,1,0,0
15371,0.2,3,1,0
15372,0.2,2,1,0
15373,0.2,0,0,0
15374,0.2,0,1,0
15375,0.2,1,0,0
15376,1.0,0,1,1
15377,0.2,2,1,0
15378,0.2,2,1,1
15379,1.0,1,1,1
15380,0.2,1,1,1
15381,0.2,1,1,0
15382,0.2,1,1,1
15383,1.0,1,0,0
15384,0.2,2,0,0
15385,0.2,3,0,0
15386,1.0,1,1,1
15387,0.2,1,1,1
15388,0.2,2,1,1
15389,0.2,2,1,1
15390,0.2,2,1,1
15391,0.2,1,1,1
15392,1.0,2,0,0
15393,0.2,2,1,0
15394,0.2,2,1,0
15395,1.0,1,1,1
15396,1.0,1,0,1
15397,0.2,1,0,0
15398,0.2,2,1,1
15399,0.2,2,0,0
15400,0.2,2,0,0
15401,0.2,3,0,0
15402,0.2,1,0,1
15403,0.2,2,0,1
15404,0.2,3,1,1
15405,0.2,2,1,0
15406,0.2,3,0,0
15407,0.2,1,1,1
15408,0.2,2,0,0
15409,0.2,2,0,0
15410,0.2,1,1,1
15411,0.2,3,0,0
15412,0.2,2,0,0
15413,0.2,1,0,0
15414,0.2,2,0,0
15415,0.2,2,0,0
15416,0.2,2,1,0
15417,0.2,1,0,0
15418,0.2,1,1,1
15419,0.2,1,1,1
15420,0.2,2,0,0
15421,0.2,2,0,0
15422,1.0,3,0,0
15423,0.2,1,1,1
15424,1.0,1,1,1
15425,0.2,1,0,0
15426,0.2,1,1,1
15427,0.2,3,0,1
15428,1.0,2,0,1
15429,1.0,1,1,1
15430,0.2,1,1,1
15431,0.2,1,0,0
15432,0.2,0,1,0
15433,0.2,2,0,0
15434,1.0,1,1,1
15435,1.0,1,1,1
15436,0.2,1,1,1
15437,0.2,2,0,1
15438,1.0,3,1,1
15439,0.2,2,0,1
15440,0.2,2,1,1
15441,0.2,2,0,0
15442,0.2,2,1,1
15443,0.2,2,1,1
15444,0.2,2,0,0
15445,1.0,1,1,1
15446,0.2,1,1,0
15447,0.2,0,0,0
15448,0.2,1,0,0
15449,1.0,3,0,1
15450,1.0,1,1,1
15451,1.0,3,1,1
15452,0.2,1,0,0
15453,0.2,2,1,0
15454,1.0,2,1,1
15455,0.2,2,0,0
15456,1.0,2,0,0
15457,0.2,0,1,1
15458,0.2,2,0,0
15459,0.2,2,1,0
15460,0.2,2,0,0
15461,0.2,1,0,0
15462,0.2,2,0,0
15463,0.2,0,0,0
15464,0.2,1,1,1
15465,1.0,2,0,0
15466,1.0,2,1,1
15467,1.0,2,0,0
15468,0.2,2,1,0
15469,0.2,3,0,1
15470,0.2,2,1,0
15471,1.0,1,1,1
15472,0.2,2,0,0
15473,0.2,2,0,0
15474,0.2,3,0,0
15475,0.2,2,1,0
15476,0.2,0,1,0
15477,0.2,1,1,1
15478,0.2,2,0,0
15479,0.2,2,1,1
15480,0.2,1,1,1
15481,0.2,1,1,1
15482,0.2,0,0,1
15483,0.2,2,0,0
15484,0.2,2,1,0
15485,0.2,2,0,0
15486,0.2,2,0,0
15487,1.0,3,0,0
15488,2.2,2,1,1
15489,0.2,1,0,0
15490,0.2,2,0,0
15491,0.2,1,0,0
15492,0.2,2,0,0
15493,2.2,2,0,1
15494,1.0,2,1,1
15495,1.0,2,0,1
15496,0.2,0,1,1
15497,0.2,2,1,1
15498,0.2,3,1,1
15499,1.0,2,1,1
15500,0.2,1,1,1
15501,0.2,3,0,0
15502,1.0,3,1,1
15503,0.2,2,1,0
15504,0.2,2,1,1
15505,0.2,2,1,0
15506,0.2,3,1,0
15507,0.2,2,0,1
15508,0.2,1,0,1
15509,0.2,2,0,0
15510,1.0,1,0,1
15511,0.2,0,1,1
15512,1.0,2,0,1
15513,0.2,2,0,0
15514,0.2,1,0,0
15515,0.2,2,0,0
15516,0.2,1,0,0
15517,0.2,2,1,0
15518,0.2,1,1,1
15519,0.2,1,0,0
15520,0.2,2,0,0
15521,0.2,2,0,0
15522,0.2,0,1,1
15523,0.2,2,1,0
15524,0.2,0,0,0
15525,1.0,3,0,0
15526,0.2,0,1,1
15527,0.2,2,1,1
15528,1.0,0,0,1
15529,0.2,2,0,0
15530,1.0,0,0,1
15531,3.0,2,0,1
15532,0.2,2,0,0
15533,0.2,0,1,1
15534,0.2,2,0,1
15535,0.2,2,0,0
15536,1.0,2,1,0
15537,0.2,3,1,1
15538,0.2,1,1,0
15539,0.2,3,0,0
15540,1.0,2,1,1
15541,0.2,3,0,0
15542,0.2,2,1,0
15543,0.2,3,1,0
15544,0.2,0,0,0
15545,0.2,1,0,0
15546,1.0,3,1,1
15547,0.2,1,0,0
15548,1.0,2,1,1
15549,0.2,2,1,0
15550,1.0,2,0,0
15551,0.2,1,0,1
15552,0.2,2,0,0
15553,0.2,2,0,0
15554,1.0,1,0,0
15555,0.2,2,0,0
15556,1.0,1,0,0
15557,0.2,1,0,0
15558,0.2,3,1,1
15559,0.2,2,1,1
15560,0.2,2,1,0
15561,1.0,1,1,1
15562,0.2,1,1,1
15563,0.2,1,1,1
15564,0.2,1,1,1
15565,1.0,3,0,0
15566,1.0,1,0,1
15567,1.0,1,1,1
15568,2.2,2,1,1
15569,1.0,2,1,1
15570,0.2,0,1,1
15571,0.2,0,1,1
15572,0.2,1,0,0
15573,1.0,1,0,1
15574,0.2,2,0,1
15575,0.2,2,0,0
15576,0.2,2,1,0
15577,0.2,3,0,1
15578,0.2,0,1,1
15579,0.2,1,1,1
15580,0.2,1,0,0
15581,0.2,1,0,0
15582,0.2,2,0,0
15583,0.2,2,0,0
15584,0.2,2,0,0
15585,0.2,2,1,0
15586,2.2,3,0,1
15587,1.0,1,1,1
15588,1.0,2,1,0
15589,0.2,1,1,1
15590,0.2,1,0,0
15591,1.0,2,1,1
15592,0.2,2,1,1
15593,0.2,1,1,1
15594,0.2,1,1,0
15595,0.2,2,0,0
15596,1.0,1,0,1
15597,0.2,1,0,1
15598,1.0,0,0,1
15599,0.2,1,1,1
15600,0.2,1,0,0
15601,0.2,0,1,1
15602,0.2,0,1,1
15603,0.2,2,1,0
15604,0.2,1,0,0
15605,0.2,1,0,0
15606,0.2,1,1,1
15607,0.2,2,1,1
15608,0.2,2,1,0
15609,0.2,1,1,1
15610,1.0,3,0,1
15611,0.2,0,1,1
15612,1.0,3,1,0
15613,0.2,2,0,0
15614,0.2,0,0,0
15615,0.2,1,1,1
15616,0.2,2,1,1
15617,0.2,1,0,0
15618,0.2,1,0,0
15619,0.2,1,0,0
15620,2.2,2,0,1
15621,0.2,2,0,0
15622,0.2,2,1,1
15623,0.2,0,0,0
15624,0.2,1,1,1
15625,0.2,1,0,0
15626,1.0,1,1,1
15627,0.2,2,1,0
15628,0.2,1,1,1
15629,1.0,1,1,1
15630,0.2,2,0,0
15631,0.2,2,0,0
15632,0.2,1,1,0
15633,1.0,2,0,0
15634,0.2,1,0,0
15635,1.0,2,1,1
15636,0.2,2,1,1
15637,0.2,2,1,1
15638,0.2,3,0,0
15639,0.2,1,0,0
15640,0.2,1,1,1
15641,0.2,0,0,0
15642,0.2,0,1,1
15643,0.2,2,1,1
15644,0.2,2,0,0
15645,1.0,2,0,0
15646,1.0,2,1,1
15647,0.2,2,1,0
15648,0.2,2,0,0
15649,0.2,1,0,1
15650,0.2,1,1,1
15651,0.2,1,1,1
15652,0.2,1,1,1
15653,0.2,1,1,1
15654,0.2,1,0,0
15655,0.2,2,1,1
15656,1.0,2,1,1
15657,0.2,1,1,1
15658,0.2,2,0,0
15659,1.0,2,1,0
15660,0.2,2,0,0
15661,1.8,3,0,0
15662,0.2,3,1,1
15663,0.2,3,0,0
15664,0.2,3,1,0
15665,0.2,2,1,0
15666,0.2,1,0,1
15667,0.2,2,0,0
15668,0.2,1,0,0
15669,1.0,2,0,0
15670,0.2,1,1,1
15671,0.2,3,1,1
15672,1.0,2,0,0
15673,1.0,1,1,1
15674,0.2,2,0,1
15675,0.2,3,1,0
15676,1.0,1,0,1
15677,1.0,2,1,1
15678,0.2,3,1,1
15679,1.0,0,0,0
15680,0.2,1,0,0
15681,0.2,1,1,0
15682,0.2,2,0,0
15683,0.2,2,0,0
15684,0.2,0,1,1
15685,0.2,2,1,0
15686,0.2,1,1,1
15687,0.2,1,0,0
15688,0.2,2,1,1
15689,1.0,2,0,0
15690,1.0,0,1,1
15691,1.0,3,0,0
15692,0.2,3,0,0
15693,0.2,2,0,1
15694,0.2,2,1,1
15695,0.2,1,1,1
15696,0.2,1,0,0
15697,1.0,2,1,1
15698,0.2,1,0,0
15699,0.2,1,1,1
15700,2.2,2,1,1
15701,0.2,1,0,0
15702,1.0,1,0,0
15703,0.2,1,0,0
15704,0.2,2,1,1
15705,1.0,1,0,0
15706,2.2,3,1,1
15707,0.2,0,1,0
15708,0.2,1,0,1
15709,1.0,2,0,0
15710,1.0,1,0,1
15711,0.2,1,0,0
15712,0.2,2,1,0
15713,0.2,2,1,1
15714,2.2,1,1,1
15715,0.2,1,0,0
15716,0.2,2,0,0
15717,0.2,1,0,0
15718,0.2,2,0,0
15719,0.2,0,0,0
15720,0.2,1,1,1
15721,1.0,1,0,0
15722,0.2,1,1,1
15723,0.2,1,0,0
15724,0.2,2,0,0
15725,0.2,2,1,1
15726,0.2,0,0,0
15727,1.0,1,1,1
15728,0.2,1,1,1
15729,0.2,2,0,0
15730,0.2,1,1,1
15731,0.2,2,0,0
15732,0.2,1,0,0
15733,0.2,2,0,0
15734,0.2,1,1,1
15735,0.2,2,1,1
15736,0.2,2,0,0
15737,0.2,2,0,0
15738,0.2,1,1,1
15739,0.2,3,1,0
15740,0.2,1,1,0
15741,0.2,2,0,0
15742,0.2,2,0,0
15743,1.0,1,1,1
15744,0.2,0,0,0
15745,0.2,2,0,0
15746,1.0,2,0,0
15747,1.0,0,1,1
15748,0.2,2,1,1
15749,0.2,2,0,0
15750,0.2,0,0,0
15751,0.2,3,1,1
15752,0.2,1,0,0
15753,0.2,1,0,0
15754,1.0,2,1,1
15755,0.2,1,0,0
15756,0.2,1,1,1
15757,0.2,1,1,0
15758,0.2,3,1,1
15759,0.2,0,1,1
15760,0.2,2,1,1
15761,0.2,1,1,1
15762,0.2,2,1,1
15763,0.2,2,1,1
15764,1.0,1,0,0
15765,0.2,2,0,1
15766,0.2,1,0,1
15767,0.2,2,1,0
15768,0.2,3,1,1
15769,1.0,2,1,1
15770,0.2,1,1,1
15771,0.2,2,0,0
15772,1.0,1,1,1
15773,0.2,3,1,0
15774,0.2,3,1,0
15775,0.2,3,0,0
15776,0.2,3,1,0
15777,0.2,1,0,0
15778,2.2,1,0,1
15779,1.0,1,1,1
15780,0.2,2,1,0
15781,0.2,1,0,0
15782,0.2,1,1,0
15783,0.2,3,0,0
15784,0.2,1,1,1
15785,0.2,2,0,1
15786,0.2,2,1,1
15787,1.0,1,1,1
15788,0.2,0,0,0
15789,1.0,3,1,1
15790,0.2,1,0,0
15791,0.2,2,1,0
15792,1.0,3,1,1
15793,0.2,1,1,0
15794,0.2,2,0,0
15795,0.2,2,0,0
15796,0.2,2,0,0
15797,0.2,2,0,0
15798,0.2,1,1,1
15799,0.2,2,0,0
15800,2.2,1,0,1
15801,0.2,2,1,0
15802,0.2,1,0,0
15803,0.2,1,1,1
15804,0.2,2,0,0
15805,1.0,0,1,1
15806,0.2,3,1,1
15807,0.2,3,0,0
15808,0.2,0,0,0
15809,1.0,2,0,0
15810,0.2,1,1,1
15811,0.2,2,1,1
15812,0.2,1,0,0
15813,0.2,1,0,0
15814,0.2,1,1,0
15815,0.2,2,1,1
15816,0.2,1,1,1
15817,0.2,1,1,1
15818,1.0,1,0,1
15819,0.2,2,1,1
15820,1.0,2,1,1
15821,0.2,2,0,0
15822,1.0,3,1,1
15823,0.2,2,0,0
15824,0.2,2,0,0
15825,0.2,1,0,0
15826,0.2,3,1,0
15827,0.2,0,0,0
15828,0.2,2,0,0
15829,1.0,2,0,1
15830,0.2,1,0,0
15831,1.0,2,1,1
15832,0.2,2,0,0
15833,0.2,1,0,0
15834,0.2,2,0,0
15835,0.2,0,0,0
15836,0.2,2,0,0
15837,1.0,2,0,1
15838,0.2,3,0,1
15839,0.2,2,0,0
15840,0.2,1,1,0
15841,0.2,1,0,0
15842,1.0,0,0,1
15843,0.2,1,0,0
15844,0.2,2,1,1
15845,1.0,2,0,0
15846,2.2,3,0,0
15847,1.0,2,0,1
15848,1.0,1,1,1
15849,0.2,2,0,0
15850,0.2,2,1,1
15851,0.2,1,1,1
15852,0.2,2,0,0
15853,0.2,2,1,0
15854,0.2,0,1,0
15855,0.2,1,0,0
15856,0.2,0,1,1
15857,0.2,1,1,1
15858,0.2,2,1,0
15859,0.2,1,0,0
15860,0.2,1,1,1
15861,1.0,2,1,1
15862,0.2,1,1,1
15863,0.2,1,1,1
15864,0.2,0,1,1
15865,0.2,2,0,0
15866,2.2,1,1,1
15867,0.2,2,0,0
15868,1.0,0,0,1
15869,0.2,2,0,0
15870,0.2,0,1,1
15871,0.2,1,0,0
15872,0.2,1,0,0
15873,2.2,2,1,1
15874,0.2,1,0,0
15875,1.0,2,1,1
15876,0.2,1,0,0
15877,0.2,2,0,0
15878,0.2,1,0,0
15879,1.0,1,1,1
15880,0.2,1,0,0
15881,0.2,1,0,0
15882,0.2,3,1,1
15883,2.2,0,1,1
15884,0.2,1,0,1
15885,0.2,1,1,1
15886,0.2,2,0,0
15887,0.2,1,0,0
15888,0.2,1,1,1
15889,0.2,3,1,1
15890,1.0,1,0,1
15891,0.2,2,0,0
15892,0.2,1,1,1
15893,0.2,2,0,0
15894,0.2,2,0,0
15895,0.2,1,0,0
15896,0.2,2,1,1
15897,0.2,1,1,1
15898,1.0,2,1,1
15899,0.2,1,1,1
15900,1.0,0,0,1
15901,0.2,1,0,1
15902,0.2,1,1,1
15903,0.2,0,1,1
15904,1.0,1,1,1
15905,0.2,2,1,1
15906,0.2,2,0,0
15907,0.2,2,1,1
15908,0.2,1,1,1
15909,0.2,2,1,0
15910,0.2,1,0,0
15911,0.2,2,1,1
15912,0.2,1,0,0
15913,1.0,2,1,1
15914,0.2,1,0,0
15915,0.2,2,1,1
15916,0.2,3,0,0
15917,0.2,3,1,0
15918,0.2,1,0,0
15919,0.2,3,0,0
15920,0.2,1,0,1
15921,2.2,2,0,1
15922,0.2,1,0,0
15923,0.2,2,1,1
15924,1.0,1,1,1
15925,0.2,3,0,0
15926,0.2,2,1,0
15927,0.2,0,0,0
15928,0.2,3,0,0
15929,0.2,2,1,1
15930,0.2,2,1,1
15931,1.0,2,0,0
15932,0.2,3,1,0
15933,0.2,2,1,1
15934,0.2,2,0,0
15935,0.2,0,0,1
15936,0.2,0,0,1
15937,0.2,3,1,0
15938,1.0,2,0,0
15939,0.2,3,0,0
15940,0.2,3,1,1
15941,0.2,1,1,0
15942,0.2,2,0,0
15943,1.0,1,1,1
15944,0.2,3,1,1
15945,0.2,2,0,0
15946,0.2,1,0,0
15947,0.2,0,1,1
15948,0.2,1,0,0
15949,0.2,1,0,0
15950,0.2,2,1,1
15951,0.2,3,1,1
15952,1.0,3,1,1
15953,0.2,1,0,0
15954,1.0,3,1,1
15955,0.2,1,0,0
15956,1.0,0,0,1
15957,1.0,2,1,1
15958,1.0,2,0,1
15959,0.2,1,1,1
15960,0.2,0,1,1
15961,0.2,1,0,0
15962,1.0,0,0,1
15963,0.2,1,0,0
15964,0.2,1,0,1
15965,1.0,1,1,1
15966,0.2,3,1,0
15967,1.0,1,1,1
15968,1.0,0,0,1
15969,0.2,1,0,1
15970,0.2,1,1,1
15971,0.2,2,0,0
15972,0.2,2,0,0
15973,0.2,1,1,1
15974,0.2,2,1,1
15975,0.2,2,0,0
15976,1.0,1,1,1
15977,0.2,1,0,0
15978,0.2,1,0,0
15979,1.0,0,0,1
15980,0.2,2,0,0
15981,1.0,2,1,1
15982,0.2,2,1,0
15983,0.2,1,1,1
15984,0.2,1,0,1
15985,0.2,1,0,1
15986,1.0,2,0,0
15987,0.2,1,0,0
15988,0.2,2,0,0
15989,1.0,3,0,1
15990,2.2,2,0,1
15991,0.2,0,0,0
15992,0.2,1,0,0
15993,0.2,0,0,0
15994,1.0,1,0,0
15995,0.2,1,0,0
15996,1.0,2,0,1
15997,1.0,1,0,1
15998,0.2,1,1,1
15999,0.2,1,1,1
16000,0.2,1,1,1
16001,0.2,1,0,1
16002,1.0,2,0,1
16003,0.2,2,1,1
16004,0.2,0,1,0
16005,0.2,2,1,0
16006,0.2,2,0,0
16007,0.2,1,0,0
16008,1.0,3,1,1
16009,0.2,3,1,1
16010,0.2,1,0,0
16011,0.2,1,0,0
16012,0.2,1,0,0
16013,1.0,3,1,1
16014,0.2,2,1,1
16015,0.2,0,1,1
16016,1.0,1,1,1
16017,0.2,0,1,1
16018,0.2,1,0,0
16019,0.2,0,0,0
16020,0.2,1,0,0
16021,0.2,2,0,0
16022,0.2,2,1,1
16023,1.0,3,1,1
16024,1.0,2,1,1
16025,0.2,2,0,0
16026,0.2,2,0,0
16027,0.2,1,1,1
16028,2.2,1,1,1
16029,0.2,1,1,0
16030,0.2,1,1,1
16031,1.0,2,1,1
16032,1.0,1,0,1
16033,1.0,1,0,1
16034,0.2,2,1,0
16035,0.2,2,0,0
16036,0.2,2,0,1
16037,0.2,1,0,0
16038,1.0,2,1,1
16039,0.2,2,1,0
16040,2.2,1,0,1
16041,0.2,2,0,0
16042,3.8,2,1,0
16043,0.2,2,0,0
16044,0.2,3,1,1
16045,1.0,1,1,1
16046,1.0,1,0,1
16047,0.2,1,0,0
16048,0.2,1,1,0
16049,0.2,3,1,1
16050,0.2,2,0,0
16051,0.2,1,0,1
16052,1.0,1,0,0
16053,1.0,3,1,1
16054,2.2,1,1,1
16055,0.2,1,0,0
16056,0.2,1,0,1
16057,0.2,2,0,0
16058,1.0,2,1,1
16059,0.2,2,0,0
16060,0.2,1,0,0
16061,0.2,2,1,0
16062,0.2,0,0,0
16063,0.2,0,0,0
16064,1.0,1,1,1
16065,0.2,0,1,1
16066,0.2,2,1,0
16067,0.2,2,0,0
16068,0.2,2,1,0
16069,2.2,3,0,1
16070,0.2,1,1,1
16071,0.2,0,0,0
16072,2.2,0,0,1
16073,0.2,2,0,0
16074,1.0,1,0,0
16075,1.0,2,1,1
16076,0.2,2,0,0
16077,0.2,2,0,0
16078,1.0,2,1,1
16079,0.2,2,0,0
16080,0.2,2,1,0
16081,0.2,1,0,0
16082,0.2,0,0,0
16083,0.2,2,0,0
16084,1.0,0,0,1
16085,0.2,0,1,0
16086,0.2,0,1,1
16087,1.0,3,1,1
16088,1.0,2,1,1
16089,0.2,2,0,0
16090,0.2,2,1,1
16091,0.2,1,0,0
16092,0.2,0,0,1
16093,0.2,2,1,1
16094,1.0,2,0,1
16095,0.2,2,0,0
16096,1.0,0,0,1
16097,0.2,2,0,0
16098,0.2,3,0,0
16099,0.2,2,0,0
16100,0.2,3,0,0
16101,0.2,2,0,0
16102,1.0,1,1,1
16103,0.2,2,1,1
16104,0.2,1,0,0
16105,0.2,1,0,0
16106,0.2,3,0,1
16107,0.2,1,0,0
16108,0.2,0,1,1
16109,0.2,3,1,0
16110,1.0,1,1,1
16111,0.2,1,1,1
16112,1.0,2,1,1
16113,0.2,1,1,1
16114,1.0,1,0,1
16115,0.2,2,0,1
16116,0.2,2,1,1
16117,0.2,3,0,1
16118,0.2,3,1,1
16119,1.0,1,0,1
16120,0.2,1,0,1
16121,0.2,1,0,0
16122,1.0,3,1,1
16123,0.2,3,0,0
16124,0.2,1,0,0
16125,0.2,2,1,1
16126,0.2,3,0,0
16127,0.2,1,0,0
16128,0.2,3,0,0
16129,0.2,2,0,0
16130,0.2,2,1,0
16131,0.2,1,0,0
16132,1.0,1,0,0
16133,0.2,0,1,1
16134,0.2,1,0,0
16135,1.0,1,0,1
16136,0.2,3,0,0
16137,1.0,2,1,1
16138,0.2,2,0,0
16139,0.2,1,0,0
16140,1.0,1,0,1
16141,0.2,2,1,1
16142,0.2,1,0,0
16143,0.2,1,1,1
16144,0.2,0,1,1
16145,0.2,1,1,1
16146,0.2,1,0,0
16147,0.2,3,0,0
16148,0.2,2,0,0
16149,0.2,1,1,1
16150,0.2,1,1,0
16151,0.2,2,0,0
16152,1.0,1,0,0
16153,0.2,2,0,0
16154,0.2,3,0,1
16155,0.2,2,1,1
16156,0.2,2,0,0
16157,0.2,2,0,0
16158,0.2,1,0,1
16159,0.2,2,1,0
16160,0.2,2,1,1
16161,0.2,1,0,0
16162,0.2,2,0,0
16163,0.2,2,0,0
16164,0.2,3,1,0
16165,0.2,2,1,0
16166,0.2,2,1,0
16167,0.2,1,0,0
16168,0.2,1,0,0
16169,0.2,2,0,0
16170,1.0,0,0,1
16171,2.2,1,0,1
16172,1.0,3,0,0
16173,1.0,2,1,1
16174,1.0,1,1,1
16175,0.2,2,1,0
16176,1.0,0,1,1
16177,0.2,2,0,0
16178,0.2,2,0,0
16179,0.2,2,1,1
16180,0.2,2,1,1
16181,0.2,0,0,1
16182,0.2,1,1,1
16183,0.2,1,0,0
16184,0.2,2,1,0
16185,0.2,0,1,1
16186,0.2,2,0,0
16187,1.0,1,0,1
16188,0.2,1,0,0
16189,0.2,1,0,0
16190,0.2,1,0,0
16191,0.2,1,0,0
16192,0.2,2,0,0
16193,0.2,0,0,0
16194,0.2,2,1,0
16195,2.2,2,1,1
16196,0.2,1,1,0
16197,0.2,2,1,1
16198,0.2,3,1,1
16199,0.2,1,1,1
16200,1.0,3,1,0
16201,1.0,3,0,0
16202,0.2,1,1,0
16203,0.2,2,0,0
16204,0.2,2,0,0
16205,0.2,1,0,0
16206,1.0,2,0,0
16207,0.2,3,1,0
16208,0.2,3,0,0
16209,2.2,2,1,1
16210,0.2,3,1,1
16211,0.2,2,1,0
16212,0.2,0,1,1
16213,0.2,2,0,0
16214,0.2,1,0,0
16215,0.2,2,0,0
16216,0.2,1,1,0
16217,0.2,0,1,1
16218,2.2,2,0,1
16219,0.2,3,1,1
16220,1.0,2,0,0
16221,0.2,1,0,0
16222,0.2,0,1,1
16223,0.2,0,0,0
16224,0.2,2,0,0
16225,0.2,0,1,1
16226,1.0,2,1,1
16227,0.2,1,1,1
16228,0.2,2,0,0
16229,1.0,2,1,1
16230,2.2,0,0,1
16231,0.2,2,1,0
16232,0.2,2,1,1
16233,0.2,1,1,1
16234,0.2,1,1,1
16235,0.2,2,1,1
16236,0.2,3,0,0
16237,1.0,2,1,0
16238,0.2,3,0,0
16239,0.2,3,1,1
16240,0.2,2,0,0
16241,0.2,2,1,1
16242,0.2,2,1,0
16243,0.2,0,0,0
16244,1.0,3,1,1
16245,0.2,3,0,0
16246,1.0,2,1,1
16247,0.2,0,0,0
16248,0.2,1,1,1
16249,0.2,0,0,0
16250,0.2,2,0,0
16251,0.2,0,0,0
16252,0.2,3,1,1
16253,0.2,1,1,1
16254,0.2,2,0,0
16255,0.2,2,1,0
16256,0.2,2,1,0
16257,1.0,1,0,1
16258,0.2,0,0,0
16259,1.0,2,0,1
16260,0.2,1,0,0
16261,0.2,2,1,0
16262,1.0,0,0,0
16263,0.2,2,0,0
16264,0.2,0,1,1
16265,0.2,3,0,1
16266,0.2,1,0,0
16267,0.2,3,0,0
16268,1.0,3,0,0
16269,0.2,2,0,0
16270,0.2,2,0,0
16271,0.2,1,0,1
16272,2.2,2,1,1
16273,0.2,2,0,0
16274,0.2,2,0,0
16275,1.0,2,1,1
16276,0.2,2,0,0
16277,1.8,3,0,0
16278,0.2,2,1,1
16279,1.0,1,1,1
16280,0.2,1,1,1
16281,0.2,1,0,0
16282,0.2,3,0,0
16283,1.0,1,0,0
16284,0.2,2,1,1
16285,0.2,1,1,0
16286,0.2,1,1,1
16287,1.0,0,1,1
16288,1.0,0,1,1
16289,1.0,1,0,1
16290,1.0,1,1,1
16291,0.2,1,1,1
16292,0.2,1,0,0
16293,0.2,1,0,0
16294,0.2,0,1,1
16295,0.2,2,1,0
16296,0.2,1,1,1
16297,0.2,3,1,1
16298,1.0,1,1,1
16299,0.2,2,0,0
16300,0.2,2,1,1
16301,0.2,1,1,0
16302,0.2,0,0,1
16303,0.2,0,0,0
16304,0.2,1,0,0
16305,0.2,2,1,1
16306,0.2,1,0,0
16307,1.0,2,1,1
16308,0.2,3,0,0
16309,0.2,2,0,0
16310,0.2,2,0,0
16311,1.0,0,0,1
16312,0.2,2,0,1
16313,1.0,2,1,1
16314,0.2,3,0,0
16315,0.2,3,0,1
16316,0.2,1,1,1
16317,1.0,2,1,1
16318,0.2,2,1,1
16319,0.2,2,1,1
16320,0.2,2,0,0
16321,0.2,2,0,0
16322,1.0,2,0,0
16323,0.2,1,1,0
16324,0.2,2,0,0
16325,0.2,3,1,0
16326,1.0,2,0,1
16327,0.2,2,0,0
16328,1.0,0,1,1
16329,0.2,1,1,1
16330,0.2,1,0,0
16331,1.0,2,1,1
16332,0.2,3,1,0
16333,1.0,2,0,1
16334,0.2,1,0,0
16335,0.2,1,0,0
16336,0.2,2,0,0
16337,1.0,1,0,0
16338,0.2,1,1,1
16339,0.2,1,0,0
16340,0.2,0,0,0
16341,0.2,3,1,0
16342,0.2,2,0,0
16343,0.2,1,0,0
16344,1.0,3,0,1
16345,0.2,1,0,0
16346,0.2,0,0,1
16347,0.2,2,0,0
16348,0.2,1,1,1
16349,0.2,2,1,0
16350,1.0,1,1,0
16351,2.2,2,1,1
16352,1.0,2,0,0
16353,0.2,2,0,0
16354,0.2,1,1,1
16355,0.2,2,1,1
16356,0.2,1,0,0
16357,1.0,0,1,1
16358,1.0,0,1,1
16359,0.2,1,1,1
16360,0.2,2,0,0
16361,0.2,0,0,0
16362,0.2,0,0,0
16363,0.2,1,0,1
16364,1.0,1,0,1
16365,1.0,1,1,1
16366,1.0,2,0,0
16367,0.2,3,0,0
16368,0.2,2,0,0
16369,0.2,2,0,0
16370,0.2,2,1,1
16371,0.2,2,1,0
16372,0.2,1,0,0
16373,0.2,1,1,1
16374,0.2,1,1,0
16375,0.2,1,1,1
16376,0.2,3,0,0
16377,0.2,1,1,1
16378,0.2,1,0,0
16379,0.2,1,0,0
16380,0.2,2,1,1
16381,0.2,1,1,1
16382,0.2,2,0,0
16383,0.2,1,1,1
16384,0.2,1,1,1
16385,0.2,1,1,1
16386,0.2,1,1,1
16387,1.0,2,0,1
16388,1.0,1,0,1
16389,1.0,1,1,1
16390,1.0,3,0,0
16391,1.0,1,1,1
16392,0.2,0,1,1
16393,1.0,1,0,0
16394,0.2,1,0,1
16395,0.2,2,1,1
16396,1.0,0,1,1
16397,0.2,1,1,1
16398,0.2,2,1,0
16399,0.2,0,1,1
16400,0.2,0,0,0
16401,0.2,1,1,1
16402,0.2,2,1,0
16403,0.2,2,0,0
16404,0.2,1,0,0
16405,1.0,2,0,0
16406,1.0,1,1,1
16407,0.2,1,1,1
16408,0.2,3,1,1
16409,0.2,1,0,0
16410,0.2,1,0,0
16411,0.2,1,1,0
16412,0.2,1,1,1
16413,1.0,1,0,0
16414,1.0,1,0,1
16415,0.2,2,1,1
16416,0.2,2,0,0
16417,0.2,2,1,1
16418,1.0,1,1,1
16419,0.2,1,1,1
16420,0.2,1,0,0
16421,0.2,2,0,0
16422,0.2,0,0,1
16423,1.0,3,0,0
16424,0.2,1,1,1
16425,2.2,3,1,1
16426,1.0,0,1,1
16427,0.2,1,0,0
16428,0.2,3,0,0
16429,0.2,0,1,1
16430,0.2,2,1,1
16431,0.2,0,0,1
16432,0.2,1,1,1
16433,0.2,3,0,0
16434,0.2,1,1,1
16435,0.2,1,1,1
16436,0.2,2,1,0
16437,1.0,2,1,1
16438,1.0,2,0,1
16439,0.2,2,0,0
16440,0.2,2,1,1
16441,1.0,2,1,1
16442,0.2,1,1,0
16443,1.0,2,0,0
16444,0.2,1,1,0
16445,0.2,0,0,0
16446,0.2,3,0,0
16447,0.2,3,1,1
16448,1.0,2,0,1
16449,0.2,2,0,0
16450,0.2,1,0,1
16451,0.2,2,0,0
16452,1.0,2,1,1
16453,0.2,2,1,0
16454,0.2,1,1,1
16455,0.2,2,0,0
16456,1.0,2,1,1
16457,0.2,1,0,0
16458,0.2,1,1,1
16459,0.2,1,1,0
16460,0.2,2,1,1
16461,0.2,0,1,0
16462,1.0,2,1,1
16463,0.2,1,0,0
16464,0.2,1,1,1
16465,0.2,3,0,0
16466,0.2,1,0,0
16467,0.2,2,0,0
16468,0.2,2,0,0
16469,0.2,1,1,1
16470,0.2,2,0,0
16471,0.2,2,1,1
16472,0.2,1,0,0
16473,0.2,0,0,0
16474,0.2,1,1,1
16475,0.2,1,0,0
16476,0.2,0,1,1
16477,0.2,1,1,1
16478,0.2,1,0,0
16479,2.2,2,0,1
16480,0.2,2,1,1
16481,0.2,3,0,0
16482,0.2,2,0,0
16483,1.0,3,1,1
16484,0.2,3,1,1
16485,1.0,1,1,1
16486,1.0,2,1,1
16487,0.2,2,0,0
16488,0.2,2,0,0
16489,0.2,1,1,1
16490,0.2,2,1,1
16491,0.2,3,1,1
16492,0.2,2,0,0
16493,1.0,3,0,0
16494,0.2,1,1,0
16495,1.0,3,0,1
16496,0.2,3,1,1
16497,0.2,2,1,0
16498,0.2,2,1,1
16499,0.2,2,1,0
16500,0.2,2,0,0
16501,0.2,0,0,0
16502,1.0,1,0,1
16503,0.2,0,1,1
16504,1.0,2,1,1
16505,0.2,2,1,1
16506,0.2,1,0,0
16507,2.2,1,1,1
16508,0.2,2,1,1
16509,0.2,1,1,0
16510,0.2,2,1,1
16511,0.2,1,1,1
16512,0.2,1,1,1
16513,0.2,1,0,0
16514,0.2,2,0,0
16515,0.2,2,0,0
16516,0.2,1,1,1
16517,0.2,2,1,1
16518,0.2,2,0,0
16519,1.0,3,0,0
16520,0.2,0,0,0
16521,0.2,2,1,1
16522,1.0,3,0,0
16523,0.2,2,1,0
16524,1.0,0,1,1
16525,1.0,2,0,1
16526,0.2,1,1,1
16527,0.2,1,0,0
16528,1.0,2,1,1
16529,0.2,2,1,1
16530,0.2,1,0,0
16531,1.0,2,1,1
16532,0.2,3,1,0
16533,0.2,2,1,1
16534,0.2,1,1,1
16535,0.2,2,0,0
16536,0.2,0,0,0
16537,1.0,1,0,1
16538,1.0,2,0,0
16539,1.0,3,1,1
16540,0.2,2,0,0
16541,0.2,2,0,0
16542,1.0,0,0,1
16543,0.2,1,1,1
16544,0.2,1,0,0
16545,0.2,2,1,0
16546,2.2,0,1,1
16547,1.0,2,1,1
16548,0.2,2,1,1
16549,1.0,2,0,1
16550,0.2,1,0,0
16551,0.2,1,0,0
16552,0.2,2,0,0
16553,1.0,2,0,1
16554,1.0,2,1,1
16555,2.2,1,1,1
16556,1.0,2,0,1
16557,0.2,0,1,1
16558,2.2,1,1,1
16559,0.2,2,0,0
16560,1.0,1,0,1
16561,1.0,2,1,1
16562,1.0,1,1,1
16563,0.2,2,0,0
16564,0.2,2,0,0
16565,0.2,1,0,0
16566,1.0,2,1,1
16567,0.2,1,1,1
16568,2.2,2,0,1
16569,1.0,1,1,1
16570,0.2,1,0,1
16571,0.2,2,0,0
16572,0.2,2,0,0
16573,0.2,2,1,0
16574,0.2,2,1,1
16575,0.2,3,0,0
16576,0.2,0,0,0
16577,2.2,2,1,1
16578,0.2,1,0,0
16579,0.2,2,0,0
16580,1.0,0,0,1
16581,0.2,2,1,1
16582,0.2,3,1,0
16583,1.0,1,0,0
16584,0.2,0,0,0
16585,0.2,0,1,1
16586,1.0,1,0,1
16587,0.2,1,1,1
16588,0.2,1,0,0
16589,0.2,0,1,1
16590,0.2,1,0,0
16591,0.2,0,0,0
16592,0.2,3,1,1
16593,0.2,1,1,1
16594,0.2,2,0,0
16595,0.2,1,0,0
16596,0.2,2,1,0
16597,0.2,1,0,0
16598,1.0,0,1,1
16599,0.2,0,1,1
16600,0.2,1,0,0
16601,0.2,2,1,1
16602,0.2,2,0,0
16603,0.2,1,1,1
16604,0.2,1,0,0
16605,1.0,2,1,1
16606,0.2,2,0,0
16607,1.0,2,0,0
16608,0.2,1,1,1
16609,0.2,2,1,1
16610,1.0,2,0,1
16611,0.2,2,1,1
16612,0.2,1,0,0
16613,1.0,3,1,1
16614,0.2,2,0,0
16615,0.2,1,1,0
16616,0.2,1,0,1
16617,2.2,3,0,1
16618,0.2,3,0,0
16619,0.2,2,0,0
16620,0.2,1,0,0
16621,0.2,1,1,1
16622,0.2,3,1,1
16623,0.2,2,0,0
16624,0.2,3,1,1
16625,0.2,2,0,0
16626,0.2,2,1,1
16627,0.2,1,0,0
16628,0.2,1,1,1
16629,1.0,1,1,1
16630,0.2,1,1,1
16631,0.2,1,0,0
16632,0.2,2,1,1
16633,0.2,1,1,1
16634,0.2,3,1,1
16635,0.2,1,0,0
16636,0.2,0,0,1
16637,1.0,1,1,1
16638,1.0,2,1,1
16639,0.2,2,0,0
16640,0.2,1,0,0
16641,1.0,3,0,0
16642,0.2,2,0,0
16643,0.2,1,1,1
16644,0.2,3,0,0
16645,0.2,2,1,1
16646,1.0,0,0,1
16647,0.2,1,1,1
16648,1.0,1,0,1
16649,1.0,2,1,1
16650,0.2,1,1,1
16651,0.2,2,1,1
16652,0.2,0,1,1
16653,0.2,1,1,0
16654,0.2,2,0,0
16655,0.2,2,0,0
16656,0.2,2,1,0
16657,0.2,1,0,0
16658,0.2,1,0,0
16659,0.2,3,0,0
16660,0.2,1,0,0
16661,0.2,1,1,1
16662,0.2,2,1,0
16663,0.2,2,0,0
16664,0.2,2,0,0
16665,0.2,0,0,0
16666,0.2,2,1,1
16667,0.2,2,1,0
16668,0.2,2,0,0
16669,0.2,2,1,1
16670,0.2,2,0,0
16671,1.0,1,0,0
16672,0.2,2,0,0
16673,2.2,3,1,1
16674,0.2,0,1,1
16675,1.0,2,0,0
16676,1.0,2,0,1
16677,0.2,1,0,0
16678,0.2,2,1,1
16679,1.0,2,0,1
16680,1.0,3,1,1
16681,0.2,2,1,0
16682,0.2,0,0,1
16683,0.2,1,1,1
16684,0.2,1,1,0
16685,0.2,2,1,1
16686,0.2,1,1,1
16687,0.2,1,0,0
16688,1.0,2,0,0
16689,2.2,1,0,1
16690,0.2,0,0,0
16691,0.2,3,0,0
16692,0.2,1,1,1
16693,0.2,1,1,1
16694,0.2,3,0,0
16695,0.2,0,1,1
16696,0.2,0,0,0
16697,0.2,0,1,1
16698,0.2,1,0,0
16699,0.2,2,0,0
16700,0.2,2,0,0
16701,0.2,0,0,0
16702,0.2,1,0,0
16703,0.2,2,0,0
16704,0.2,1,1,1
16705,0.2,3,0,0
16706,0.2,2,0,0
16707,0.2,2,0,0
16708,0.2,1,0,0
16709,0.2,2,0,1
16710,1.0,3,0,0
16711,0.2,2,0,1
16712,0.2,3,0,0
16713,0.2,1,1,0
16714,1.0,2,1,1
16715,1.0,2,0,0
16716,2.2,2,1,1
16717,1.0,0,0,0
16718,1.0,1,1,1
16719,0.2,1,1,1
16720,0.2,0,1,1
16721,1.0,1,0,1
16722,0.2,0,0,0
16723,1.0,1,1,1
16724,0.2,3,0,0
16725,0.2,2,1,0
16726,1.0,1,1,1
16727,0.2,3,0,0
16728,1.0,2,1,1
16729,0.2,2,1,1
16730,0.2,3,0,0
16731,0.2,1,1,1
16732,0.2,0,1,1
16733,0.2,2,0,0
16734,0.2,0,0,0
16735,0.2,2,1,1
16736,0.2,0,0,0
16737,1.0,2,0,0
16738,0.2,3,1,0
16739,0.2,3,1,1
16740,0.2,1,0,0
16741,1.0,1,0,1
16742,0.2,3,0,0
16743,0.2,1,0,1
16744,0.2,1,1,1
16745,0.2,2,0,1
16746,0.2,3,0,0
16747,2.2,1,0,1
16748,1.0,1,1,1
16749,1.0,1,0,1
16750,0.2,2,0,1
16751,0.2,2,1,1
16752,0.2,3,1,1
16753,0.2,2,1,0
16754,0.2,1,0,0
16755,0.2,1,1,0
16756,0.2,1,1,1
16757,0.2,1,1,1
16758,0.2,3,0,0
16759,0.2,1,1,0
16760,0.2,1,1,1
16761,0.2,2,1,0
16762,0.2,2,0,1
16763,1.0,1,0,1
16764,0.2,2,0,0
16765,0.2,2,0,0
16766,0.2,2,0,0
16767,0.2,3,0,0
16768,0.2,1,1,0
16769,1.0,2,1,1
16770,0.2,0,0,0
16771,1.0,2,1,1
16772,0.2,1,0,0
16773,0.2,1,1,1
16774,0.2,2,0,0
16775,0.2,1,0,0
16776,0.2,1,1,0
16777,0.2,1,1,1
16778,1.0,1,1,1
16779,0.2,1,1,1
16780,1.0,1,1,1
16781,0.2,1,0,0
16782,0.2,2,1,0
16783,0.2,2,0,0
16784,2.2,0,1,1
16785,1.0,1,1,1
16786,0.2,0,1,1
16787,1.0,2,1,1
16788,0.2,0,0,0
16789,1.0,1,1,1
16790,0.2,1,0,0
16791,0.2,2,0,0
16792,1.0,0,1,1
16793,1.0,1,0,0
16794,0.2,2,0,0
16795,1.0,1,1,1
16796,0.2,2,1,1
16797,0.2,1,0,0
16798,0.2,3,1,1
16799,0.2,1,1,0
16800,0.2,1,0,1
16801,0.2,3,0,0
16802,0.2,0,0,0
16803,0.2,0,0,0
16804,0.2,2,1,0
16805,0.2,1,1,1
16806,0.2,2,1,1
16807,0.2,0,0,0
16808,1.0,2,0,0
16809,0.2,1,0,0
16810,0.2,2,0,0
16811,1.0,3,1,1
16812,2.2,2,1,1
16813,0.2,1,0,0
16814,0.2,1,1,1
16815,2.2,0,0,1
16816,0.2,2,0,0
16817,0.2,3,0,0
16818,0.2,1,1,1
16819,0.2,1,0,0
16820,0.2,3,0,0
16821,1.0,0,0,0
16822,0.2,2,1,0
16823,0.2,2,0,0
16824,0.2,3,0,0
16825,0.2,1,1,1
16826,1.0,2,1,1
16827,1.0,1,1,1
16828,0.2,2,0,0
16829,0.2,2,1,1
16830,0.2,1,1,1
16831,0.2,2,1,0
16832,1.0,1,0,1
16833,0.2,3,1,1
16834,0.2,2,0,0
16835,0.2,0,0,0
16836,0.2,2,0,0
16837,0.2,3,0,0
16838,1.0,1,1,1
16839,1.0,1,1,1
16840,0.2,2,0,0
16841,1.0,1,0,1
16842,0.2,3,1,0
16843,0.2,1,0,1
16844,0.2,2,0,0
16845,1.0,2,0,0
16846,0.2,3,1,1
16847,0.2,3,1,1
16848,1.0,1,1,1
16849,0.2,2,0,0
16850,0.2,2,0,0
16851,0.2,2,0,0
16852,1.0,2,0,0
16853,0.2,2,0,0
16854,2.2,1,0,1
16855,0.2,1,0,0
16856,1.0,0,1,1
16857,0.2,1,1,1
16858,0.2,3,0,0
16859,0.2,1,1,0
16860,0.2,2,0,0
16861,0.2,1,0,0
16862,0.2,2,1,0
16863,1.0,1,1,1
16864,0.2,2,1,0
16865,1.0,2,1,1
16866,0.2,1,0,0
16867,1.0,3,0,0
16868,0.2,1,0,1
16869,0.2,0,1,1
16870,1.0,1,0,1
16871,0.2,2,0,0
16872,0.2,1,1,1
16873,0.2,1,0,1
16874,1.0,1,0,0
16875,0.2,1,1,0
16876,0.2,1,1,0
16877,1.0,1,0,0
16878,0.2,2,0,0
16879,1.0,2,0,1
16880,0.2,0,0,0
16881,0.2,2,0,0
16882,0.2,1,0,0
16883,0.2,0,1,1
16884,1.0,2,1,1
16885,0.2,3,1,1
16886,0.2,3,1,0
16887,0.2,2,0,0
16888,0.2,1,1,1
16889,1.0,2,0,0
16890,1.0,1,0,1
16891,1.0,2,1,1
16892,0.2,2,1,0
16893,0.2,1,0,1
16894,0.2,2,0,1
16895,0.2,1,0,1
16896,0.2,2,1,1
16897,1.0,2,1,1
16898,1.0,3,0,0
16899,0.2,2,1,0
16900,0.2,1,1,1
16901,1.0,1,1,1
16902,0.2,1,1,1
16903,1.0,1,1,1
16904,0.2,2,1,1
16905,0.2,2,1,0
16906,1.0,1,1,1
16907,1.0,1,1,1
16908,0.2,2,0,0
16909,1.0,1,1,1
16910,1.0,1,1,1
16911,0.2,1,1,1
16912,0.2,2,0,0
16913,1.0,1,0,0
16914,0.2,2,1,0
16915,0.2,3,0,0
16916,0.2,2,0,0
16917,0.2,2,0,0
16918,0.2,3,0,0
16919,0.2,2,0,0
16920,0.2,1,0,0
16921,1.0,2,0,1
16922,0.2,2,0,0
16923,0.2,1,1,1
16924,0.2,0,0,0
16925,0.2,0,1,1
16926,0.2,2,1,1
16927,0.2,0,1,1
16928,0.2,2,1,1
16929,0.2,1,1,1
16930,0.2,2,1,0
16931,0.2,2,1,1
16932,0.2,0,0,0
16933,1.0,3,1,1
16934,1.0,3,0,0
16935,0.2,0,0,0
16936,0.2,0,1,1
16937,0.2,2,0,0
16938,0.2,2,1,1
16939,0.2,1,1,1
16940,2.2,3,0,1
16941,0.2,0,1,1
16942,1.0,1,0,1
16943,1.0,0,0,1
16944,1.0,3,0,1
16945,0.2,3,1,0
16946,1.0,2,0,1
16947,1.0,2,0,0
16948,0.2,1,0,0
16949,0.2,1,1,1
16950,0.2,0,0,0
16951,0.2,2,0,0
16952,0.2,2,0,0
16953,0.2,1,0,0
16954,0.2,3,0,0
16955,1.0,2,0,0
16956,0.2,1,0,0
16957,2.2,2,1,1
16958,0.2,1,1,1
16959,0.2,0,1,1
16960,1.0,1,0,1
16961,1.0,1,1,1
16962,0.2,0,1,1
16963,0.2,2,1,1
16964,0.2,3,1,0
16965,1.0,1,0,0
16966,0.2,2,0,0
16967,0.2,1,0,0
16968,0.2,2,1,1
16969,0.2,1,1,1
16970,0.2,1,0,0
16971,0.2,3,1,0
16972,0.2,3,1,1
16973,0.2,1,1,0
16974,2.2,2,1,1
16975,0.2,1,0,0
16976,0.2,1,0,0
16977,0.2,3,0,0
16978,0.2,3,1,0
16979,3.0,2,0,1
16980,0.2,0,1,1
16981,0.2,0,1,1
16982,2.2,2,1,1
16983,1.0,3,0,1
16984,0.2,2,1,1
16985,0.2,0,0,0
16986,0.2,3,1,0
16987,0.2,2,0,0
16988,0.2,0,1,1
16989,0.2,1,1,0
16990,1.0,0,0,0
16991,0.2,1,0,0
16992,0.2,0,0,0
16993,0.2,1,1,1
16994,0.2,1,1,1
16995,1.0,1,1,1
16996,0.2,1,0,1
16997,1.0,1,0,0
16998,0.2,1,1,1
16999,0.2,2,0,0
17000,0.2,1,0,0
17001,0.2,2,0,0
17002,0.2,1,1,1
17003,1.0,3,0,0
17004,0.2,3,1,0
17005,0.2,1,1,1
17006,1.0,1,0,1
17007,0.2,1,0,0
17008,0.2,1,0,0
17009,1.0,1,1,0
17010,0.2,2,1,1
17011,1.0,0,0,1
17012,1.0,0,1,1
17013,0.2,2,1,1
17014,0.2,2,1,1
17015,0.2,0,0,0
17016,0.2,1,1,1
17017,0.2,1,0,0
17018,0.2,1,1,1
17019,1.0,1,1,1
17020,0.2,2,0,0
17021,0.2,2,0,0
17022,0.2,1,0,0
17023,0.2,2,1,1
17024,0.2,2,1,1
17025,0.2,2,0,0
17026,0.2,3,0,0
17027,0.2,0,1,1
17028,1.0,2,0,1
17029,0.2,2,1,0
17030,0.2,2,0,0
17031,2.2,2,1,1
17032,0.2,1,0,1
17033,0.2,1,1,1
17034,1.0,1,1,1
17035,1.0,2,1,1
17036,0.2,1,1,1
17037,0.2,3,0,0
17038,0.2,1,1,1
17039,0.2,2,1,1
17040,0.2,1,1,1
17041,0.2,1,0,0
17042,0.2,2,1,1
17043,1.0,1,1,1
17044,1.0,2,0,1
17045,0.2,2,1,1
17046,0.2,1,0,0
17047,0.2,2,1,0
17048,0.2,1,0,0
17049,0.2,2,0,0
17050,0.2,0,0,0
17051,2.2,2,0,1
17052,0.2,3,1,1
17053,0.2,1,1,1
17054,0.2,2,1,1
17055,0.2,1,0,0
17056,0.2,1,1,1
17057,0.2,3,1,0
17058,0.2,2,0,0
17059,0.2,1,0,0
17060,1.0,0,1,1
17061,0.2,1,0,0
17062,0.2,1,0,0
17063,0.2,0,0,0
17064,1.0,3,1,1
17065,1.0,0,0,1
17066,1.0,2,1,1
17067,0.2,3,0,0
17068,0.2,1,1,0
17069,0.2,2,0,0
17070,1.0,3,1,1
17071,0.2,1,1,1
17072,0.2,2,1,0
17073,0.2,1,1,1
17074,1.0,0,0,0
17075,1.0,2,1,1
17076,0.2,1,0,0
17077,0.2,3,1,0
17078,0.2,0,1,1
17079,1.0,2,0,0
17080,0.2,2,0,0
17081,0.2,2,1,0
17082,0.2,2,0,0
17083,0.2,1,0,1
17084,0.2,3,1,0
17085,0.2,2,0,0
17086,0.2,1,1,1
17087,0.2,0,1,1
17088,0.2,1,0,0
17089,0.2,2,1,1
17090,0.2,3,1,1
17091,0.2,2,1,1
17092,0.2,2,1,1
17093,1.0,1,1,1
17094,0.2,0,0,0
17095,0.2,1,0,0
17096,0.2,2,0,0
17097,0.2,2,1,1
17098,0.2,1,1,1
17099,0.2,2,1,0
17100,0.2,2,1,1
17101,0.2,2,1,1
17102,0.2,2,1,1
17103,0.2,1,0,0
17104,0.2,1,0,0
17105,0.2,1,0,0
17106,0.2,2,0,0
17107,0.2,0,0,0
17108,1.0,1,1,1
17109,1.0,3,0,0
17110,0.2,1,0,0
17111,0.2,1,1,1
17112,0.2,1,0,1
17113,0.2,1,1,0
17114,1.0,2,1,1
17115,1.0,0,0,0
17116,0.2,1,1,1
17117,0.2,2,0,0
17118,1.0,2,0,0
17119,0.2,2,0,0
17120,1.0,3,1,1
17121,0.2,0,0,0
17122,0.2,1,1,0
17123,0.2,1,1,1
17124,0.2,1,1,1
17125,2.2,1,0,1
17126,0.2,2,1,1
17127,0.2,3,0,0
17128,0.2,1,0,0
17129,0.2,1,1,1
17130,1.0,0,1,1
17131,1.0,2,0,0
17132,0.2,2,1,0
17133,0.2,1,1,0
17134,0.2,1,0,0
17135,0.2,2,1,0
17136,1.0,0,1,1
17137,0.2,0,1,1
17138,0.2,2,0,0
17139,1.0,1,0,1
17140,0.2,1,0,0
17141,0.2,0,1,1
17142,0.2,1,0,1
17143,0.2,0,0,0
17144,2.2,0,0,0
17145,0.2,0,0,0
17146,0.2,2,1,0
17147,0.2,2,1,1
17148,0.2,2,1,0
17149,0.2,2,0,0
17150,1.0,1,0,0
17151,1.0,2,1,1
17152,0.2,2,1,0
17153,0.2,2,0,1
17154,0.2,2,1,0
17155,2.2,1,0,0
17156,0.2,0,0,1
17157,1.0,2,1,1
17158,1.0,0,0,1
17159,1.0,3,1,1
17160,0.2,1,0,0
17161,0.2,1,0,0
17162,1.0,1,0,0
17163,0.2,3,0,0
17164,0.2,2,0,0
17165,0.2,2,0,0
17166,0.2,1,0,0
17167,0.2,2,0,0
17168,1.0,1,1,1
17169,0.2,1,1,1
17170,0.2,1,1,0
17171,0.2,0,0,1
17172,0.2,2,1,1
17173,0.2,2,0,0
17174,0.2,1,0,0
17175,0.2,2,1,1
17176,0.2,2,0,0
17177,0.2,2,0,0
17178,0.2,0,0,0
17179,0.2,0,1,1
17180,1.0,3,1,0
17181,0.2,1,0,0
17182,1.0,1,1,1
17183,1.0,0,1,1
17184,0.2,0,1,1
17185,0.2,3,1,1
17186,0.2,3,1,1
17187,0.2,3,1,0
17188,0.2,3,0,0
17189,0.2,2,0,0
17190,0.2,1,1,1
17191,0.2,2,1,1
17192,0.2,1,0,0
17193,0.2,2,1,1
17194,0.2,2,0,0
17195,0.2,3,0,0
17196,0.2,1,1,1
17197,0.2,1,1,1
17198,1.0,0,0,1
17199,0.2,1,1,1
17200,0.2,2,0,0
17201,0.2,3,0,0
17202,0.2,2,1,1
17203,1.0,0,1,1
17204,1.0,1,0,1
17205,0.2,1,1,1
17206,0.2,2,0,0
17207,2.2,1,1,1
17208,0.2,1,0,0
17209,1.0,1,1,1
17210,0.2,0,0,0
17211,0.2,1,0,0
17212,0.2,2,0,1
17213,0.2,3,0,0
17214,0.2,2,1,1
17215,2.2,1,1,1
17216,0.2,3,0,0
17217,0.2,1,0,0
17218,1.0,2,1,1
17219,0.2,2,0,0
17220,0.2,2,1,1
17221,0.2,3,1,1
17222,0.2,3,0,0
17223,0.2,2,0,0
17224,0.2,1,1,1
17225,0.2,1,0,0
17226,0.2,1,0,0
17227,0.2,2,0,0
17228,0.2,0,0,0
17229,0.2,3,1,0
17230,1.0,1,0,0
17231,0.2,3,1,0
17232,2.2,2,1,1
17233,0.2,3,1,0
17234,0.2,1,1,1
17235,0.2,1,1,1
17236,1.0,1,1,1
17237,0.2,2,0,0
17238,0.2,2,1,1
17239,0.2,1,0,0
17240,0.2,1,0,0
17241,0.2,2,0,0
17242,0.2,1,1,1
17243,1.0,3,1,0
17244,0.2,3,0,0
17245,0.2,1,0,0
17246,0.2,2,0,0
17247,0.2,2,0,0
17248,0.2,0,1,1
17249,1.0,3,1,1
17250,0.2,2,1,1
17251,2.2,1,1,1
17252,0.2,2,1,1
17253,1.0,1,1,1
17254,0.2,1,1,1
17255,0.2,2,1,1
17256,0.2,3,1,1
17257,0.2,1,0,0
17258,0.2,2,0,0
17259,0.2,2,1,1
17260,0.2,2,1,0
17261,1.0,2,0,1
17262,0.2,3,0,0
17263,0.2,2,1,0
17264,0.2,1,0,0
17265,0.2,2,0,0
17266,0.2,1,0,0
17267,0.2,2,0,0
17268,0.2,0,0,0
17269,0.2,0,1,0
17270,0.2,3,0,0
17271,0.2,0,1,1
17272,0.2,1,1,0
17273,0.2,0,0,0
17274,0.2,2,0,1
17275,0.2,2,1,1
17276,0.2,2,0,0
17277,1.0,1,0,0
17278,0.2,0,0,0
17279,0.2,2,0,0
17280,0.2,0,1,1
17281,0.2,1,1,1
17282,1.0,3,0,0
17283,1.0,2,1,1
17284,0.2,2,0,0
17285,0.2,3,0,0
17286,0.2,3,1,0
17287,2.2,2,1,1
17288,0.2,2,1,1
17289,0.2,2,0,0
17290,0.2,3,1,0
17291,0.2,1,1,1
17292,0.2,2,1,1
17293,0.2,0,0,0
17294,0.2,2,1,1
17295,0.2,2,0,1
17296,0.2,1,0,0
17297,0.2,2,0,0
17298,0.2,1,0,0
17299,0.2,1,0,0
17300,1.0,2,0,1
17301,0.2,1,0,0
17302,0.2,2,1,1
17303,0.2,1,1,1
17304,1.0,1,0,0
17305,0.2,3,0,0
17306,0.2,1,1,1
17307,1.0,1,0,1
17308,1.0,1,0,0
17309,0.2,2,0,0
17310,0.2,2,1,1
17311,0.2,1,0,0
17312,0.2,2,0,0
17313,1.0,2,1,1
17314,1.0,1,0,1
17315,0.2,1,1,1
17316,0.2,1,0,0
17317,1.0,1,1,1
17318,0.2,2,0,0
17319,1.0,1,1,1
17320,0.2,1,1,0
17321,0.2,2,1,1
17322,0.2,1,0,0
17323,0.2,3,0,0
17324,0.2,0,0,0
17325,0.2,2,1,0
17326,0.2,2,1,0
17327,0.2,3,0,0
17328,0.2,3,0,0
17329,0.2,2,1,0
17330,0.2,2,0,0
17331,0.2,3,0,0
17332,1.0,1,1,1
17333,0.2,1,0,0
17334,0.2,0,1,1
17335,0.2,0,1,1
17336,1.0,0,0,0
17337,0.2,1,1,1
17338,0.2,0,0,0
17339,1.0,2,1,1
17340,0.2,0,1,0
17341,1.0,3,0,0
17342,0.2,2,0,0
17343,0.2,1,0,0
17344,0.2,2,0,0
17345,0.2,3,1,0
17346,0.2,2,0,0
17347,0.2,2,1,1
17348,1.0,3,0,1
17349,0.2,3,1,0
17350,0.2,1,1,0
17351,1.0,1,0,1
17352,1.0,3,0,0
17353,0.2,1,0,0
17354,0.2,1,0,0
17355,0.2,0,1,0
17356,0.2,0,0,0
17357,0.2,2,1,0
17358,0.2,2,1,1
17359,0.2,1,1,1
17360,0.2,1,0,0
17361,0.2,3,0,0
17362,0.2,2,1,0
17363,0.2,1,1,1
17364,0.2,1,0,0
17365,0.2,1,1,1
17366,0.2,0,1,1
17367,0.2,0,1,1
17368,1.0,3,1,1
17369,0.2,1,1,0
17370,0.2,1,1,0
17371,0.2,3,0,0
17372,1.0,1,0,0
17373,0.2,1,0,0
17374,0.2,1,1,0
17375,0.2,2,0,0
17376,0.2,1,0,0
17377,0.2,2,0,0
17378,1.0,2,1,1
17379,1.0,3,0,1
17380,0.2,2,1,0
17381,0.2,2,0,0
17382,0.2,1,1,1
17383,0.2,2,1,1
17384,0.2,2,0,0
17385,0.2,2,1,1
17386,0.2,3,1,1
17387,0.2,1,0,0
17388,0.2,3,1,0
17389,1.0,2,0,1
17390,0.2,1,0,0
17391,1.0,2,1,1
17392,2.2,1,1,1
17393,0.2,1,0,1
17394,0.2,1,1,0
17395,0.2,2,0,0
17396,1.0,3,0,1
17397,0.2,0,1,1
17398,0.2,2,1,1
17399,0.2,3,1,0
17400,0.2,2,1,0
17401,0.2,1,0,1
17402,0.2,1,1,0
17403,0.2,2,1,1
17404,0.2,1,1,0
17405,1.0,0,0,1
17406,0.2,3,0,0
17407,1.0,1,1,1
17408,0.2,3,1,0
17409,0.2,1,0,0
17410,0.2,0,1,1
17411,0.2,2,1,0
17412,1.0,2,1,1
17413,0.2,3,0,0
17414,0.2,3,0,0
17415,1.0,1,0,0
17416,0.2,1,0,0
17417,0.2,2,0,1
17418,0.2,2,1,1
17419,1.0,1,0,0
17420,0.2,0,1,1
17421,1.0,1,1,1
17422,2.2,2,1,1
17423,0.2,2,0,0
17424,1.0,2,1,1
17425,1.0,1,1,1
17426,0.2,2,1,1
17427,0.2,2,1,1
17428,0.2,2,0,1
17429,1.0,3,1,1
17430,0.2,1,1,1
17431,1.0,2,0,0
17432,1.0,3,1,1
17433,0.2,2,0,0
17434,0.2,3,1,1
17435,1.0,3,0,0
17436,1.0,2,0,1
17437,0.2,0,0,1
17438,0.2,3,1,0
17439,0.2,0,1,0
17440,0.2,3,1,0
17441,1.0,2,1,1
17442,0.2,1,1,1
17443,0.2,2,0,0
17444,0.2,1,0,0
17445,1.0,1,0,0
17446,0.2,2,0,0
17447,0.2,0,0,0
17448,0.2,3,0,0
17449,0.2,2,0,0
17450,0.2,2,1,1
17451,0.2,2,0,0
17452,1.0,2,1,1
17453,0.2,2,0,0
17454,0.2,2,0,0
17455,0.2,1,0,0
17456,0.2,2,0,1
17457,0.2,1,0,0
17458,0.2,1,0,0
17459,0.2,1,1,1
17460,1.0,2,0,0
17461,0.2,0,1,0
17462,0.2,1,1,1
17463,0.2,1,0,0
17464,0.2,1,0,0
17465,0.2,1,1,1
17466,1.0,2,1,1
17467,1.0,1,1,1
17468,0.2,1,1,1
17469,0.2,2,1,1
17470,0.2,2,0,0
17471,0.2,1,0,0
17472,0.2,1,1,1
17473,2.2,1,1,1
17474,0.2,3,0,0
17475,1.0,0,1,1
17476,0.2,2,0,0
17477,0.2,1,1,1
17478,0.2,2,1,1
17479,0.2,2,0,0
17480,0.2,2,0,0
17481,0.2,2,0,0
17482,0.2,1,1,1
17483,0.2,1,0,0
17484,0.2,1,0,0
17485,0.2,1,0,0
17486,0.2,1,0,0
17487,0.2,1,1,1
17488,0.2,1,0,0
17489,0.2,2,0,0
17490,1.0,1,1,0
17491,1.0,1,1,1
17492,0.2,2,1,1
17493,0.2,1,1,0
17494,0.2,3,0,0
17495,0.2,2,0,0
17496,1.0,0,0,1
17497,0.2,2,1,1
17498,0.2,2,1,0
17499,1.0,0,0,0
17500,0.2,2,0,0
17501,2.2,1,0,1
17502,0.2,1,0,0
17503,1.0,1,0,1
17504,0.2,2,1,0
17505,1.0,1,0,0
17506,0.2,2,1,1
17507,0.2,1,0,0
17508,0.2,1,1,1
17509,1.0,1,1,1
17510,1.0,0,1,1
17511,0.2,3,1,0
17512,1.0,2,0,1
17513,0.2,3,0,0
17514,0.2,3,1,0
17515,0.2,2,0,0
17516,1.0,1,1,1
17517,0.2,2,0,0
17518,0.2,1,0,0
17519,0.2,3,1,0
17520,1.0,0,1,1
17521,0.2,2,1,1
17522,0.2,0,0,0
17523,0.2,0,1,1
17524,0.2,1,0,1
17525,0.2,2,1,1
17526,1.0,2,1,1
17527,1.0,1,1,1
17528,0.2,2,1,1
17529,1.0,2,0,0
17530,0.2,0,1,1
17531,0.2,2,0,1
17532,0.2,3,1,1
17533,0.2,1,0,0
17534,1.0,3,0,0
17535,1.0,1,0,0
17536,0.2,1,1,1
17537,0.2,1,0,0
17538,0.2,1,1,1
17539,0.2,2,0,0
17540,0.2,2,1,0
17541,0.2,0,0,1
17542,1.0,2,1,1
17543,0.2,1,1,1
17544,1.0,1,1,1
17545,0.2,2,1,0
17546,1.0,3,0,0
17547,0.2,0,0,0
17548,0.2,1,0,0
17549,1.0,2,1,1
17550,0.2,2,1,1
17551,0.2,1,0,0
17552,0.2,3,0,0
17553,0.2,1,1,0
17554,0.2,1,1,0
17555,0.2,3,0,0
17556,0.2,2,0,0
17557,0.2,0,1,1
17558,0.2,1,1,1
17559,1.0,0,1,1
17560,1.0,2,0,1
17561,1.0,1,0,1
17562,0.2,3,0,0
17563,0.2,1,0,0
17564,0.2,2,0,0
17565,0.2,1,1,1
17566,0.2,1,1,1
17567,0.2,0,1,1
17568,0.2,3,0,0
17569,0.2,1,0,0
17570,0.2,2,0,0
17571,0.2,1,0,0
17572,0.2,1,0,0
17573,0.2,0,0,0
17574,1.0,3,0,0
17575,0.2,2,0,0
17576,0.2,2,1,1
17577,0.2,2,0,0
17578,0.2,2,1,1
17579,0.2,2,1,1
17580,0.2,1,0,0
17581,0.2,0,0,0
17582,0.2,1,1,1
17583,0.2,1,1,1
17584,0.2,2,0,0
17585,0.2,2,0,0
17586,0.2,0,0,0
17587,0.2,1,0,0
17588,0.2,3,0,0
17589,0.2,0,0,0
17590,1.0,1,1,1
17591,1.0,1,0,1
17592,0.2,3,1,0
17593,0.2,1,1,1
17594,1.0,1,1,1
17595,2.2,1,1,1
17596,1.0,0,1,1
17597,1.0,0,1,1
17598,0.2,2,0,0
17599,0.2,3,0,0
17600,0.2,3,1,0
17601,0.2,2,1,1
17602,0.2,1,1,1
17603,0.2,1,1,1
17604,0.2,2,0,0
17605,1.0,1,1,1
17606,0.2,2,1,0
17607,0.2,0,1,1
17608,0.2,1,1,1
17609,0.2,2,0,0
17610,0.2,2,1,1
17611,0.2,3,0,0
17612,0.2,1,1,1
17613,0.2,2,1,1
17614,1.0,3,0,0
17615,1.0,0,0,1
17616,0.2,1,0,0
17617,0.2,2,0,0
17618,0.2,1,1,1
17619,0.2,1,0,0
17620,0.2,2,0,0
17621,0.2,1,1,1
17622,0.2,2,0,0
17623,0.2,2,1,1
17624,1.0,1,1,0
17625,0.2,1,0,0
17626,0.2,1,1,1
17627,0.2,1,0,0
17628,0.2,1,0,0
17629,0.2,2,0,0
17630,0.2,2,1,1
17631,0.2,2,0,0
17632,0.2,0,0,0
17633,0.2,1,0,0
17634,0.2,2,0,0
17635,0.2,0,1,1
17636,0.2,3,1,1
17637,0.2,2,1,1
17638,0.2,2,0,0
17639,0.2,2,1,0
17640,0.2,1,1,1
17641,0.2,3,0,0
17642,0.2,3,0,0
17643,0.2,2,1,0
17644,0.2,2,1,1
17645,0.2,0,1,1
17646,0.2,2,0,0
17647,0.2,3,0,0
17648,1.0,2,1,1
17649,0.2,1,0,0
17650,0.2,1,1,1
17651,0.2,1,1,1
17652,0.2,2,0,0
17653,0.2,2,1,0
17654,0.2,1,1,1
17655,0.2,1,0,0
17656,0.2,3,1,1
17657,0.2,2,1,0
17658,0.2,1,1,0
17659,0.2,1,1,0
17660,0.2,3,1,0
17661,0.2,0,1,1
17662,0.2,1,0,0
17663,0.2,1,1,1
17664,1.0,1,1,1
17665,0.2,2,0,0
17666,0.2,1,1,1
17667,0.2,2,1,1
17668,1.0,1,0,1
17669,1.0,2,0,1
17670,0.2,3,1,0
17671,0.2,1,1,1
17672,0.2,3,1,1
17673,0.2,0,0,0
17674,0.2,0,1,1
17675,1.0,2,0,0
17676,0.2,0,0,1
17677,0.2,1,1,1
17678,0.2,3,0,0
17679,0.2,3,0,0
17680,0.2,1,1,1
17681,0.2,1,0,0
17682,0.2,0,0,0
17683,0.2,1,0,0
17684,0.2,1,0,0
17685,1.0,2,1,1
17686,0.2,1,1,1
17687,0.2,3,1,0
17688,0.2,1,1,1
17689,0.2,2,0,1
17690,0.2,2,0,0
17691,0.2,3,0,0
17692,0.2,0,1,1
17693,0.2,1,1,1
17694,0.2,1,0,0
17695,0.2,3,1,0
17696,0.2,2,1,1
17697,0.2,3,1,0
17698,0.2,2,0,0
17699,0.2,0,0,0
17700,0.2,2,1,1
17701,0.2,1,1,1
17702,1.0,2,0,1
17703,0.2,3,1,0
17704,0.2,1,0,0
17705,1.0,2,0,1
17706,0.2,1,0,1
17707,0.2,2,0,0
17708,0.2,1,0,0
17709,0.2,1,0,0
17710,0.2,2,1,1
17711,2.2,2,0,0
17712,0.2,1,1,1
17713,0.2,1,0,0
17714,1.0,2,1,1
17715,0.2,1,0,0
17716,0.2,2,1,0
17717,0.2,1,0,0
17718,0.2,2,0,0
17719,0.2,3,0,0
17720,1.0,2,0,1
17721,0.2,1,0,0
17722,0.2,1,0,0
17723,0.2,1,0,0
17724,0.2,2,0,0
17725,0.2,0,0,0
17726,1.0,1,0,1
17727,0.2,0,0,0
17728,0.2,2,0,0
17729,0.2,1,1,1
17730,0.2,1,1,1
17731,0.2,2,0,0
17732,1.0,1,0,0
17733,0.2,2,1,0
17734,0.2,1,0,0
17735,0.2,2,1,1
17736,0.2,2,0,0
17737,0.2,2,1,0
17738,1.0,1,1,1
17739,1.0,2,1,1
17740,0.2,2,1,1
17741,0.2,1,1,1
17742,0.2,1,0,1
17743,1.0,0,0,1
17744,1.0,1,0,1
17745,0.2,2,0,0
17746,0.2,2,1,1
17747,0.2,1,0,0
17748,0.2,1,0,0
17749,1.0,1,0,0
17750,0.2,0,1,1
17751,0.2,1,1,1
17752,0.2,1,0,0
17753,0.2,1,1,1
17754,0.2,1,1,1
17755,0.2,3,0,1
17756,1.0,0,0,1
17757,0.2,2,0,0
17758,1.0,1,0,1
17759,1.0,2,1,1
17760,1.0,3,1,1
17761,1.0,1,0,0
17762,1.0,2,0,0
17763,0.2,1,0,0
17764,1.0,0,0,1
17765,0.2,1,1,1
17766,0.2,0,1,1
17767,0.2,2,1,1
17768,0.2,2,1,0
17769,0.2,0,0,1
17770,0.2,2,1,0
17771,0.2,2,0,0
17772,1.0,1,0,1
17773,1.0,3,1,1
17774,0.2,0,1,1
17775,0.2,1,0,1
17776,1.0,3,0,0
17777,0.2,3,0,0
17778,0.2,0,1,0
17779,0.2,2,0,0
17780,0.2,3,0,0
17781,0.2,1,1,0
17782,0.2,2,1,1
17783,0.2,2,1,1
17784,1.0,0,0,1
17785,0.2,1,0,0
17786,0.2,1,1,1
17787,0.2,1,0,0
17788,0.2,1,1,1
17789,0.2,2,1,0
17790,0.2,2,1,0
17791,1.0,2,1,1
17792,0.2,0,0,0
17793,0.2,2,0,0
17794,0.2,1,0,0
17795,0.2,2,0,0
17796,1.0,1,1,1
17797,0.2,1,0,0
17798,0.2,0,1,0
17799,0.2,2,0,0
17800,0.2,2,0,0
17801,0.2,1,0,1
17802,0.2,1,1,1
17803,0.2,2,0,0
17804,0.2,3,0,0
17805,0.2,0,0,1
17806,0.2,1,0,0
17807,1.0,2,1,1
17808,2.2,2,1,1
17809,0.2,2,1,1
17810,1.0,2,1,1
17811,0.2,0,0,0
17812,2.2,3,1,1
17813,0.2,1,0,0
17814,0.2,1,1,1
17815,1.0,0,1,1
17816,2.2,1,1,1
17817,1.0,3,0,1
17818,0.2,2,1,1
17819,0.2,1,1,0
17820,0.2,1,0,0
17821,0.2,1,0,0
17822,1.0,2,1,1
17823,1.0,1,0,0
17824,0.2,1,1,1
17825,0.2,1,0,0
17826,0.2,2,0,0
17827,0.2,1,0,0
17828,0.2,1,0,0
17829,0.2,2,0,0
17830,0.2,1,0,0
17831,0.2,1,0,1
17832,0.2,2,1,0
17833,0.2,2,0,0
17834,1.0,1,1,1
17835,0.2,2,1,1
17836,0.2,3,0,1
17837,0.2,1,1,1
17838,0.2,1,0,0
17839,1.0,0,0,1
17840,0.2,1,0,1
17841,0.2,2,0,0
17842,1.0,1,1,1
17843,0.2,1,1,1
17844,1.0,2,0,0
17845,0.2,0,1,0
17846,0.2,0,0,0
17847,0.2,3,1,1
17848,0.2,2,1,1
17849,0.2,1,1,1
17850,1.0,2,0,0
17851,2.2,1,1,1
17852,1.0,2,0,0
17853,0.2,3,0,0
17854,0.2,0,1,1
17855,1.0,3,0,0
17856,0.2,1,1,0
17857,0.2,2,1,1
17858,0.2,2,0,0
17859,1.0,2,0,0
17860,0.2,1,1,0
17861,0.2,2,1,0
17862,0.2,2,0,1
17863,0.2,1,1,1
17864,0.2,1,0,0
17865,1.0,2,1,1
17866,0.2,1,0,0
17867,1.0,0,1,1
17868,0.2,1,0,0
17869,0.2,1,1,1
17870,1.0,2,1,1
17871,2.2,1,1,1
17872,0.2,0,1,1
17873,1.0,1,1,1
17874,1.0,1,1,1
17875,1.0,2,1,1
17876,1.0,2,1,1
17877,0.2,1,1,0
17878,1.0,1,1,1
17879,0.2,1,0,0
17880,0.2,1,0,0
17881,0.2,1,0,1
17882,0.2,2,0,0
17883,0.2,2,0,0
17884,0.2,2,0,0
17885,0.2,2,1,1
17886,1.0,2,1,1
17887,2.2,1,0,1
17888,0.2,1,0,0
17889,0.2,0,1,1
17890,0.2,1,0,0
17891,0.2,2,0,0
17892,0.2,3,0,0
17893,0.2,0,0,0
17894,1.0,2,0,1
17895,0.2,3,1,0
17896,0.2,1,0,0
17897,0.2,0,1,1
17898,0.2,1,1,0
17899,1.0,1,0,1
17900,0.2,2,1,0
17901,0.2,1,1,1
17902,0.2,0,0,0
17903,0.2,1,1,0
17904,1.0,1,0,1
17905,0.2,1,1,0
17906,1.0,2,0,1
17907,1.0,2,1,1
17908,0.2,0,0,0
17909,0.2,2,1,1
17910,0.2,1,1,1
17911,0.2,1,0,0
17912,0.2,1,0,0
17913,0.2,1,1,1
17914,0.2,1,0,0
17915,0.2,0,0,1
17916,1.0,0,1,1
17917,0.2,1,0,0
17918,0.2,1,0,0
17919,0.2,3,0,0
17920,1.0,2,1,1
17921,0.2,2,0,0
17922,0.2,1,1,1
17923,0.2,2,1,1
17924,0.2,3,1,1
17925,0.2,2,1,1
17926,0.2,2,1,0
17927,0.2,1,1,1
17928,0.2,1,0,1
17929,1.0,3,1,1
17930,0.2,1,0,0
17931,0.2,2,1,0
17932,0.2,3,0,1
17933,0.2,0,0,0
17934,0.2,2,0,0
17935,2.2,0,1,1
17936,0.2,2,0,0
17937,3.0,1,1,1
17938,0.2,2,0,0
17939,1.0,1,0,0
17940,0.2,3,1,0
17941,0.2,2,0,0
17942,0.2,2,1,1
17943,0.2,2,0,0
17944,1.0,0,0,1
17945,0.2,1,0,0
17946,0.2,1,1,1
17947,1.0,1,1,1
17948,0.2,2,0,0
17949,0.2,1,1,1
17950,0.2,0,0,0
17951,0.2,1,1,1
17952,0.2,0,1,1
17953,0.2,1,1,0
17954,1.0,1,1,1
17955,0.2,1,1,0
17956,1.0,2,0,0
17957,0.2,1,1,1
17958,0.2,0,0,0
17959,0.2,1,0,0
17960,0.2,1,1,1
17961,0.2,0,1,0
17962,0.2,1,1,1
17963,0.2,1,1,0
17964,2.2,2,0,1
17965,2.2,1,1,1
17966,0.2,0,0,0
17967,0.2,2,1,1
17968,0.2,2,0,0
17969,0.2,3,1,0
17970,0.2,2,1,1
17971,1.0,2,1,1
17972,0.2,0,1,1
17973,1.0,1,1,1
17974,0.2,2,0,0
17975,0.2,2,0,1
17976,0.2,2,1,1
17977,0.2,1,1,1
17978,0.2,1,0,0
17979,0.2,3,0,0
17980,0.2,3,1,0
17981,0.2,1,1,1
17982,0.2,0,1,1
17983,0.2,3,0,0
17984,0.2,3,1,0
17985,0.2,2,0,0
17986,0.2,2,1,1
17987,0.2,2,1,0
17988,0.2,2,1,0
17989,1.0,2,0,1
17990,0.2,1,1,1
17991,1.0,1,1,1
17992,0.2,1,1,1
17993,0.2,3,1,1
17994,0.2,1,1,1
17995,1.0,1,0,1
17996,0.2,3,1,0
17997,0.2,1,1,1
17998,0.2,2,0,0
17999,0.2,3,0,0
