,age,workclass,education,marital-status,occupation,relationship,race,sex,hours-per-week,native-country,income
0,11,4,9,2,3,0,1,1,2,2,1
1,7,2,9,5,10,4,1,1,2,2,0
2,14,6,9,2,4,0,1,1,0,2,0
3,5,4,9,4,3,3,0,1,0,2,0
4,7,4,9,4,4,4,1,0,1,2,0
5,4,4,14,2,10,5,1,0,2,2,1
6,9,4,11,2,3,0,1,1,2,2,0
7,9,4,15,0,4,1,1,0,2,2,1
8,11,4,9,0,12,4,0,0,2,4,0
9,5,0,9,2,0,0,1,1,1,2,0
10,10,4,9,2,1,5,1,0,2,2,1
11,12,4,15,2,7,0,1,1,1,2,1
12,12,2,9,2,10,0,1,1,0,2,0
13,11,4,12,2,7,0,1,1,2,2,0
14,12,4,12,2,4,0,1,1,2,2,1
15,6,4,15,4,12,3,1,1,2,2,0
16,13,4,6,2,8,0,0,1,1,4,1
17,8,4,11,2,14,5,0,0,1,2,1
18,8,4,15,0,13,1,1,0,2,2,0
19,8,4,15,0,8,3,1,0,2,2,1
20,9,4,11,2,3,0,1,1,3,2,0
21,9,4,11,6,3,1,1,1,4,2,0
22,5,4,8,4,3,4,1,1,2,2,0
23,4,4,11,2,4,0,1,1,1,2,1
24,7,4,15,2,5,0,1,1,2,2,0
25,4,1,15,2,4,0,0,1,2,2,1
26,10,2,9,2,6,0,1,1,3,2,1
27,5,4,2,2,14,0,0,1,2,0,0
28,10,2,7,2,3,0,1,1,3,2,0
29,9,1,15,2,3,0,0,1,2,2,1
30,5,4,9,4,10,1,1,1,2,2,0
31,7,4,11,4,1,1,1,0,2,2,0
32,11,5,1,2,3,0,1,1,2,2,1
33,5,0,11,4,0,1,1,0,2,2,0
34,6,4,14,4,10,1,1,1,1,2,0
35,3,4,11,4,1,1,1,0,1,2,0
36,4,0,8,4,0,3,1,0,0,2,0
37,6,4,9,4,12,1,1,1,2,2,0
38,7,4,5,2,6,0,1,1,2,2,0
39,5,4,11,2,1,5,1,0,3,2,1
40,8,4,0,2,14,0,1,1,2,2,0
41,4,4,11,4,3,3,1,1,1,2,0
42,11,4,11,2,12,0,1,1,2,2,1
43,5,4,9,5,12,1,1,0,1,2,0
44,5,2,9,4,10,1,1,1,2,2,1
45,5,4,15,4,10,1,1,0,2,2,0
46,7,0,9,0,0,4,1,1,2,2,0
47,11,4,11,2,8,5,1,0,2,2,1
48,4,4,11,4,8,1,1,0,1,2,0
49,4,4,11,4,1,1,1,0,0,2,0
50,9,4,12,0,4,4,1,0,2,2,0
51,5,4,11,3,6,1,1,1,0,2,0
52,8,4,12,2,12,0,1,1,2,2,1
53,10,4,11,5,7,4,1,0,2,2,0
54,6,4,11,2,3,0,1,1,2,2,0
55,8,4,11,5,8,1,1,0,2,2,0
56,12,6,15,2,14,0,1,1,2,1,1
57,7,4,11,2,14,0,1,1,2,2,1
58,8,4,11,2,6,0,1,1,2,2,1
59,4,6,15,5,10,4,1,0,2,2,0
60,14,6,11,6,12,4,1,1,0,2,0
61,8,4,11,2,3,0,1,1,2,2,1
62,8,6,15,2,5,0,1,1,2,2,0
63,8,4,8,2,4,0,1,1,2,2,0
64,4,2,11,4,1,1,1,0,2,2,0
65,7,5,9,2,4,0,1,1,2,2,0
66,6,5,11,0,8,4,1,0,0,2,0
67,12,4,15,2,4,0,1,1,3,2,0
68,7,4,9,2,4,0,1,1,2,2,0
69,3,1,8,4,1,1,1,0,0,2,0
70,5,4,11,4,8,1,1,1,2,2,0
71,3,4,12,4,10,1,1,0,2,2,1
72,8,4,11,2,1,5,1,0,1,2,0
73,7,4,11,2,6,0,1,1,2,2,0
74,6,4,12,2,10,0,1,1,2,2,1
75,7,4,9,2,13,0,1,1,2,2,1
76,6,4,11,0,1,3,0,0,2,2,0
77,4,4,11,4,14,2,1,1,2,2,0
78,6,4,11,4,4,4,1,1,2,2,0
79,4,4,9,4,14,1,1,0,2,2,0
80,8,4,11,4,7,1,1,1,2,2,0
81,9,4,8,4,1,1,1,1,2,2,0
82,5,0,11,2,0,0,1,1,2,2,0
83,4,4,11,4,8,1,1,0,3,2,0
84,4,6,1,4,8,1,0,1,1,2,0
85,12,4,12,6,4,4,0,0,2,2,0
86,9,4,1,2,14,0,0,1,2,2,0
87,11,5,11,2,12,0,1,1,2,2,0
88,12,4,15,0,6,1,0,1,2,2,0
89,5,4,15,4,12,3,1,1,2,2,0
90,7,4,10,0,10,1,1,0,2,2,0
91,7,4,11,4,6,2,1,1,2,2,0
92,11,4,4,2,8,0,1,1,2,2,0
93,14,4,11,6,5,4,1,0,0,2,0
94,10,4,11,4,1,1,1,0,1,2,0
95,5,4,8,3,4,1,1,1,2,2,0
96,7,4,11,2,10,0,1,1,2,2,1
97,4,4,11,4,3,1,1,1,1,2,0
98,3,1,8,2,10,0,1,1,2,2,1
99,8,4,11,2,3,0,1,1,1,2,1
100,4,6,13,4,5,1,1,1,2,2,0
101,9,4,1,2,8,5,1,0,2,2,0
102,4,0,7,2,0,0,1,1,1,2,1
103,4,4,11,4,7,3,0,1,1,2,0
104,7,4,0,4,13,3,1,0,2,2,0
105,8,4,11,4,3,1,1,1,2,2,0
106,5,6,15,4,3,1,1,0,1,2,0
107,10,4,11,0,8,1,0,0,2,2,0
108,7,6,11,2,6,0,1,1,2,2,0
109,11,4,7,0,10,3,1,1,3,2,0
110,5,4,11,4,1,3,1,0,1,2,0
111,8,6,1,2,8,5,1,0,2,2,0
112,10,4,15,2,3,0,0,1,2,2,0
113,6,4,15,0,12,1,1,0,2,2,0
114,11,4,0,0,7,4,1,1,2,2,0
115,9,4,11,0,1,4,1,0,2,2,0
116,5,4,9,2,10,5,1,0,2,2,0
117,10,1,8,0,1,1,1,1,1,2,0
118,11,2,11,2,8,0,1,1,1,2,0
119,5,4,11,0,7,1,1,0,3,2,0
120,8,6,2,0,12,1,1,1,3,2,1
121,10,2,7,0,10,4,1,0,2,2,0
122,5,4,11,2,3,0,1,1,2,2,1
123,8,4,8,5,3,2,0,1,2,2,0
124,11,4,11,2,5,0,1,1,0,2,1
125,10,4,11,2,8,0,1,1,2,2,0
126,6,4,15,2,12,0,1,1,2,2,1
127,5,2,9,0,10,1,1,1,2,2,0
128,5,5,12,0,10,1,0,0,4,2,1
129,6,6,7,0,10,1,1,0,2,2,0
130,8,4,12,4,10,1,1,1,2,1,0
131,4,4,6,4,14,1,1,1,2,2,0
132,5,4,11,4,8,4,1,0,1,2,0
133,4,4,11,4,9,1,1,1,2,2,0
134,6,4,11,2,14,0,1,1,2,2,0
135,8,4,11,4,3,4,1,1,2,2,0
136,11,2,1,2,11,0,1,1,2,2,1
137,4,2,11,4,3,3,1,1,2,2,0
138,16,2,11,2,10,0,0,1,1,0,1
139,11,4,15,2,14,0,1,1,2,2,1
140,6,4,11,0,7,1,1,1,2,2,0
141,4,4,5,4,3,1,1,1,2,2,0
142,8,4,8,0,3,1,1,1,2,3,0
143,8,6,12,4,10,3,1,0,2,2,0
144,9,4,11,2,7,0,1,1,2,2,0
145,6,4,15,0,14,1,1,1,3,2,0
146,7,7,9,2,10,0,1,1,2,2,0
147,5,4,15,4,1,3,1,0,2,2,0
148,6,4,11,5,4,1,1,1,1,2,0
149,7,4,11,0,7,4,1,0,2,2,0
150,13,4,15,0,8,1,1,1,3,2,0
151,4,1,1,2,8,0,1,1,2,2,0
152,10,1,4,0,2,3,1,1,2,2,0
153,7,4,15,2,13,0,1,1,3,2,0
154,7,7,11,2,10,0,1,1,2,2,0
155,4,4,15,4,1,4,1,0,2,2,0
156,8,4,15,2,14,3,1,1,2,2,1
157,13,4,11,2,6,0,1,1,1,2,0
158,9,4,15,2,3,0,1,1,2,2,0
159,4,4,15,4,7,3,1,1,0,2,0
160,7,6,9,4,4,1,1,0,2,2,0
161,7,4,12,2,10,0,1,1,2,2,0
162,7,6,11,2,5,0,1,1,2,2,1
163,11,7,11,2,1,0,1,1,2,2,1
164,11,4,11,6,7,4,0,0,3,2,0
165,6,4,15,2,3,0,1,1,2,2,1
166,6,4,11,4,12,4,1,0,4,2,0
167,11,1,12,6,10,4,0,0,2,2,0
168,9,5,12,2,10,0,1,1,2,2,1
169,6,7,15,4,10,4,0,0,1,2,1
170,8,4,11,2,14,0,1,1,2,2,0
171,6,1,7,2,6,0,1,1,2,2,0
172,9,4,11,0,1,1,0,1,2,3,0
173,9,4,11,2,7,0,1,1,3,2,1
174,11,1,9,2,10,0,0,1,1,2,0
175,6,4,11,4,7,1,0,1,2,2,1
176,6,4,8,2,4,0,1,1,2,2,1
177,11,6,9,2,10,5,1,0,0,2,1
178,12,7,15,2,11,0,1,1,2,2,1
179,9,4,6,2,14,0,1,1,2,2,0
180,6,4,11,5,14,1,1,1,2,2,0
181,11,4,11,6,7,1,0,0,2,2,0
182,12,4,9,2,8,0,1,1,2,2,0
183,7,4,5,2,7,0,1,1,1,2,0
184,6,4,11,2,12,0,1,1,2,2,0
185,8,4,9,0,4,4,0,0,2,0,0
186,4,4,12,4,1,3,1,0,4,2,0
187,9,4,11,2,1,5,0,0,3,2,0
188,15,4,10,6,10,4,0,0,2,2,0
189,8,4,9,2,10,5,1,0,2,2,1
190,14,4,0,6,14,1,1,0,2,2,0
191,4,4,15,4,13,1,1,0,2,2,0
192,7,4,15,4,1,3,1,0,2,2,0
193,5,4,15,2,8,0,1,1,1,2,0
194,9,7,12,4,10,1,1,1,2,2,0
195,4,6,15,4,8,3,1,1,2,2,0
196,7,4,11,4,6,1,0,1,2,2,0
197,7,4,15,2,3,0,0,1,2,2,0
198,8,2,11,2,4,0,1,1,1,2,0
199,16,4,15,6,1,1,1,0,2,2,0
200,11,4,9,4,5,3,1,1,2,2,0
201,6,4,11,0,13,1,1,0,2,2,0
202,5,6,9,4,8,3,1,0,2,2,0
203,9,4,11,0,1,1,1,0,2,2,0
204,10,4,9,0,1,1,0,0,2,2,0
205,11,4,11,2,6,0,1,1,3,2,0
206,3,4,11,4,1,3,1,1,1,2,0
207,8,4,11,2,8,0,1,1,3,2,0
208,9,4,7,2,1,0,1,1,2,2,0
209,10,4,9,2,10,0,1,1,2,2,0
210,6,4,8,4,10,1,0,1,2,2,0
211,4,4,15,2,8,0,0,1,1,2,1
212,8,6,11,5,8,4,1,0,2,2,1
213,5,4,9,2,3,0,1,1,3,2,0
214,8,2,15,0,6,3,0,1,2,2,0
215,10,2,9,2,14,0,1,1,2,2,1
216,7,4,15,2,12,0,1,1,2,2,0
217,11,4,9,2,12,0,1,1,2,2,0
218,8,4,8,2,12,0,1,1,1,2,1
219,8,4,11,2,12,0,1,1,2,2,1
220,5,4,15,4,12,3,1,1,2,2,0
221,8,4,9,3,10,2,1,0,2,2,0
222,8,4,15,4,3,1,1,1,2,2,0
223,9,4,11,4,12,3,1,1,2,2,0
224,7,4,11,2,8,0,1,1,2,2,0
225,10,4,15,2,12,0,1,1,2,2,1
226,3,6,11,3,3,4,0,1,1,0,0
227,6,6,11,2,5,0,1,1,1,2,0
228,12,4,14,2,10,0,1,1,2,2,1
229,10,4,15,2,13,0,1,1,2,2,0
230,7,2,11,2,8,5,1,0,2,2,0
231,5,4,15,0,1,1,1,0,2,2,0
232,9,4,11,2,6,0,1,1,2,2,1
233,10,4,4,2,8,0,0,1,2,2,0
234,4,6,15,4,1,1,0,0,3,2,0
235,7,0,15,4,0,4,1,0,2,2,0
236,7,7,11,4,1,3,1,0,2,2,0
237,11,2,0,2,3,0,0,1,1,2,0
238,5,4,15,4,12,3,1,1,2,2,0
239,6,4,11,2,3,0,0,1,2,2,1
240,6,4,11,5,3,3,0,1,2,2,0
241,11,4,11,2,1,0,1,1,3,2,0
242,11,6,0,2,8,5,0,0,1,4,0
243,13,4,15,6,8,4,1,0,2,2,0
244,4,0,0,4,0,1,1,1,1,2,0
245,6,4,11,2,14,0,1,1,2,2,0
246,13,4,8,4,13,1,1,0,1,2,1
247,8,4,9,0,1,1,1,0,2,2,0
248,3,7,9,4,10,3,1,0,0,2,0
249,8,1,15,2,3,0,1,1,2,2,0
250,9,4,2,4,10,3,1,1,2,2,0
251,8,1,8,4,10,1,1,1,2,2,0
252,5,4,9,4,10,3,1,1,2,2,0
253,6,4,0,3,1,1,1,0,2,2,0
254,7,6,11,4,12,3,1,0,2,2,0
255,3,0,11,4,0,1,1,0,0,2,0
256,13,4,3,2,6,0,1,1,2,2,0
257,5,4,12,4,10,1,1,1,2,2,0
258,5,4,1,4,7,3,1,0,2,2,0
259,7,4,9,0,1,1,1,1,4,2,0
260,7,2,15,0,1,1,0,1,0,2,0
261,5,4,0,5,12,1,0,0,2,2,0
262,6,7,15,4,4,3,1,1,2,2,0
263,6,4,15,4,4,3,1,1,2,2,0
264,4,4,15,4,12,4,1,0,2,2,0
265,5,4,9,4,12,1,1,1,2,2,0
266,3,4,8,4,8,1,1,1,0,2,0
267,13,4,12,2,12,0,1,1,2,2,0
268,5,4,0,6,8,5,0,0,3,2,1
269,6,4,11,2,14,0,1,1,2,2,1
270,4,4,10,4,10,3,1,0,1,2,0
271,7,4,11,0,12,1,1,1,2,2,0
272,6,1,1,2,3,0,1,1,2,2,1
273,5,4,9,4,4,1,1,1,2,2,0
274,4,4,2,4,10,4,1,0,2,2,0
275,12,2,9,2,10,0,1,1,2,2,0
276,13,4,15,2,5,0,1,1,3,1,0
277,7,4,11,2,3,0,1,1,2,2,0
278,6,4,14,4,10,3,1,1,2,2,0
279,6,4,11,4,8,2,1,0,2,2,0
280,3,4,9,4,8,1,1,0,0,2,0
281,4,4,1,4,12,3,1,0,2,2,1
282,9,4,0,0,3,1,1,1,2,2,1
283,5,4,11,4,8,2,1,0,2,2,0
284,4,4,11,3,4,1,1,1,0,2,0
285,4,4,11,2,14,0,1,1,2,2,0
286,6,2,15,5,4,1,1,0,2,2,1
287,4,4,15,4,1,1,1,0,2,2,0
288,9,6,12,2,10,0,1,1,2,2,1
289,6,5,11,4,4,3,1,1,2,2,0
290,7,2,15,4,1,3,1,1,2,2,0
291,8,4,11,4,1,3,0,1,2,0,0
292,9,4,8,2,3,0,1,1,2,2,0
293,6,4,11,2,8,5,1,0,2,2,1
294,9,4,11,2,8,0,1,1,2,2,1
295,3,0,11,4,0,1,1,1,0,2,0
296,9,4,11,2,3,0,1,1,2,2,1
297,9,7,9,2,4,0,1,1,2,2,1
298,10,4,8,6,12,1,1,1,2,2,0
299,4,5,15,2,12,0,1,1,1,2,0
300,8,4,15,3,12,3,0,1,2,2,0
301,10,4,12,2,10,0,1,1,2,2,1
302,9,4,15,0,13,4,0,0,2,2,0
303,8,4,6,2,6,0,1,1,2,2,0
304,7,4,11,2,14,0,1,1,2,2,1
305,11,2,11,2,8,5,1,0,2,2,0
306,6,4,12,2,4,0,1,1,3,2,0
307,4,4,12,4,10,3,1,0,2,2,0
308,6,6,9,0,12,1,1,1,1,4,0
309,5,4,15,4,1,3,1,0,2,2,0
310,10,4,11,2,12,3,1,1,2,2,0
311,6,4,11,3,6,1,1,1,2,2,0
312,8,0,1,5,0,1,1,0,1,2,0
313,7,6,3,6,5,1,1,1,1,2,0
314,5,4,6,2,3,0,1,1,2,2,1
315,9,4,11,2,6,0,1,1,1,2,0
316,4,2,7,4,10,3,1,1,2,2,0
317,4,4,15,4,4,1,1,1,1,2,0
318,4,4,9,4,4,3,1,1,2,2,0
319,4,4,9,4,10,3,0,1,2,2,0
320,8,4,15,0,7,1,1,1,2,2,0
321,8,0,11,2,0,0,1,1,2,2,1
322,10,4,0,2,5,0,1,1,1,2,1
323,3,5,1,4,4,1,0,1,0,2,0
324,9,4,9,2,3,0,1,1,2,2,1
325,10,7,10,2,4,0,1,1,2,2,0
326,6,4,1,5,8,1,1,1,2,2,1
327,7,4,11,2,7,0,1,1,3,2,0
328,10,4,11,2,12,0,1,1,2,2,0
329,13,4,11,0,1,1,1,1,2,2,0
330,6,4,1,2,3,5,1,0,2,2,0
331,9,4,9,2,4,0,1,1,1,2,0
332,12,4,5,6,7,1,1,1,3,2,0
333,10,7,11,2,13,0,1,1,2,2,0
334,7,4,9,0,13,1,1,1,2,2,0
335,12,4,11,0,13,2,0,0,1,2,0
336,13,4,12,2,4,0,0,1,1,2,0
337,5,4,11,4,8,1,1,1,2,2,0
338,11,0,11,2,0,0,1,1,2,2,1
339,8,0,9,0,0,4,0,0,2,2,0
340,5,6,15,4,12,3,1,1,1,2,0
341,3,6,11,4,3,3,1,1,1,2,0
342,8,4,11,2,3,0,1,1,2,2,0
343,4,4,7,4,4,3,1,1,2,2,0
344,11,4,11,2,13,0,1,1,2,2,0
345,3,4,11,4,7,3,1,1,2,2,0
346,14,4,11,2,8,5,1,0,2,2,0
347,5,4,6,4,7,3,1,0,2,2,0
348,7,4,9,2,4,0,1,1,2,2,0
349,9,6,12,0,4,3,1,1,3,2,0
350,7,4,15,4,8,4,1,0,2,2,0
351,4,4,8,2,11,0,0,1,2,2,0
352,4,4,1,4,6,3,1,1,1,2,0
353,8,5,5,2,10,0,1,1,2,2,0
354,5,7,8,4,4,1,1,0,2,2,0
355,5,4,11,4,7,3,0,1,2,2,0
356,14,2,15,6,3,1,1,1,0,2,0
357,11,4,11,2,6,0,1,1,2,2,1
358,7,4,1,0,12,1,1,1,2,2,0
359,3,4,11,4,4,3,1,1,0,2,0
360,13,4,11,2,7,2,0,1,2,2,0
361,10,4,11,2,7,0,1,1,3,2,1
362,4,7,11,4,8,4,1,0,1,2,0
363,4,6,11,0,8,4,1,1,0,2,1
364,7,4,9,4,3,3,1,1,2,2,0
365,7,4,15,2,3,0,1,1,2,1,0
366,5,5,1,4,4,1,1,0,2,4,0
367,11,7,11,2,1,0,1,1,1,2,0
368,11,4,15,4,8,1,1,0,2,2,0
369,6,4,8,2,12,0,1,1,2,2,0
370,7,4,5,2,3,0,1,1,2,2,0
371,9,4,8,0,10,1,1,1,2,2,0
372,10,5,9,2,4,0,1,1,2,2,1
373,12,4,9,2,12,0,1,1,2,2,0
374,8,4,15,0,7,1,1,1,1,2,0
375,9,4,9,3,4,1,1,1,2,2,0
376,4,4,15,4,1,1,1,0,2,2,0
377,7,4,11,2,3,0,1,1,2,2,0
378,6,6,12,0,4,4,1,1,2,2,0
379,10,4,4,4,7,3,1,1,2,2,0
380,6,1,11,2,4,0,1,1,2,2,0
381,6,4,15,2,13,0,1,1,2,2,0
382,7,4,11,2,4,0,1,1,2,2,0
383,8,4,15,2,3,0,1,1,2,2,0
384,12,4,5,2,14,0,1,1,2,2,0
385,5,4,15,4,7,1,0,1,2,2,0
386,10,4,11,2,5,0,1,1,2,2,0
387,9,5,8,0,12,1,1,0,2,2,0
388,12,0,9,6,0,1,0,1,3,2,0
389,5,4,0,2,8,5,1,0,2,2,0
390,10,4,7,2,12,0,1,1,2,2,1
391,5,4,15,4,4,4,1,0,3,2,0
392,7,6,9,4,10,3,1,0,2,2,0
393,8,4,11,2,3,0,1,1,2,2,0
394,8,4,15,2,10,0,1,1,2,2,0
395,6,4,5,4,8,4,1,0,2,2,0
396,5,4,15,2,3,0,1,1,2,2,1
397,9,4,6,5,8,1,0,0,2,2,0
398,9,4,15,2,3,0,1,1,2,2,0
399,7,4,11,2,8,0,1,1,2,2,0
400,5,4,14,4,10,3,0,0,1,2,0
401,5,4,1,2,4,0,1,1,3,2,1
402,8,4,15,2,1,0,1,1,2,3,0
403,7,4,15,2,3,0,1,1,2,2,0
404,11,4,12,4,4,4,1,0,2,2,0
405,10,4,15,2,3,0,1,1,3,2,1
406,5,1,15,4,10,1,0,0,2,2,0
407,6,4,15,4,14,1,1,1,2,2,0
408,6,4,11,4,8,1,1,0,2,2,0
409,6,4,11,2,7,0,1,1,2,2,0
410,12,4,1,2,4,0,1,1,2,2,0
411,12,4,15,2,12,0,1,1,2,2,1
412,6,6,1,4,8,1,1,0,2,2,0
413,7,1,11,4,11,1,1,1,2,2,0
414,13,4,11,2,3,0,1,1,2,2,0
415,4,4,7,4,12,3,1,1,2,2,0
416,9,6,11,2,4,0,1,1,2,2,0
417,9,4,15,0,14,1,1,1,2,2,0
418,5,4,15,4,8,1,1,0,1,2,0
419,6,4,9,4,3,1,1,0,2,2,0
420,7,4,11,2,3,0,1,1,4,2,0
421,6,4,9,4,8,1,1,0,2,2,0
422,8,4,11,4,8,1,0,0,2,2,0
423,6,0,0,4,0,2,1,0,2,2,0
424,6,4,1,4,12,1,1,0,2,2,0
425,10,4,11,0,1,4,0,0,2,2,0
426,6,4,11,4,6,1,1,1,2,2,0
427,10,4,15,2,3,0,1,1,1,2,1
428,3,4,15,4,11,3,1,1,2,2,0
429,10,4,7,2,12,0,1,1,1,1,0
430,3,4,9,4,10,1,1,0,1,2,0
431,10,4,7,2,12,0,1,1,2,2,0
432,5,4,11,2,1,5,1,0,2,2,0
433,5,4,10,5,10,1,1,1,2,2,0
434,3,4,11,4,8,1,1,1,1,2,0
435,4,7,15,4,4,3,1,1,2,2,0
436,11,4,11,2,13,0,1,1,2,2,1
437,7,4,9,5,12,4,1,0,2,2,0
438,8,4,15,4,8,1,1,1,2,2,0
439,4,4,15,4,1,3,1,0,1,2,0
440,6,4,11,4,4,1,1,1,2,2,1
441,15,6,11,2,7,5,1,0,2,2,1
442,9,4,9,2,4,0,1,1,2,2,0
443,14,7,12,0,10,4,1,0,1,2,0
444,4,7,15,4,1,3,0,0,2,0,0
445,10,4,2,4,12,3,1,1,2,2,0
446,9,1,12,2,4,0,1,1,2,2,0
447,7,4,15,2,3,0,1,1,2,2,1
448,4,7,15,4,8,1,1,0,2,2,0
449,5,4,11,2,4,0,1,1,2,2,0
450,6,1,11,2,1,5,1,0,2,2,1
451,7,4,11,2,3,0,1,1,2,2,1
452,8,6,8,2,5,0,1,1,1,2,1
453,5,1,11,5,11,3,1,0,2,2,0
454,13,6,9,2,10,0,1,1,2,2,1
455,9,4,11,2,8,0,1,1,2,2,1
456,6,2,11,2,3,0,1,1,2,2,0
457,10,4,15,2,8,5,1,0,2,2,1
458,4,4,9,4,10,3,1,1,2,2,0
459,7,2,11,5,8,4,1,0,2,2,0
460,5,4,11,4,8,3,1,1,1,2,0
461,8,4,11,2,10,0,1,1,2,2,1
462,6,4,9,2,8,0,1,1,2,2,0
463,6,4,11,4,1,1,1,0,2,2,0
464,4,6,8,4,3,3,1,1,2,2,0
465,7,4,9,4,12,3,1,0,2,2,0
466,4,4,11,4,9,1,1,0,1,2,0
467,9,6,0,2,3,0,1,1,2,2,1
468,5,2,9,4,10,3,1,1,2,2,0
469,7,2,11,2,7,0,1,1,2,2,1
470,5,4,15,4,3,1,1,1,2,2,0
471,7,1,11,4,4,1,1,1,2,2,0
472,9,4,9,2,12,0,1,1,3,2,0
473,9,4,14,2,10,0,1,1,2,2,0
474,4,0,15,2,0,5,1,0,2,2,1
475,11,4,15,5,8,1,1,1,3,2,0
476,4,4,15,4,3,1,1,0,3,2,0
477,11,6,15,2,12,0,0,1,1,2,0
478,6,2,11,4,3,3,1,1,3,2,0
479,13,4,12,2,4,0,1,1,1,2,1
480,6,4,9,2,13,0,1,1,2,2,1
481,3,4,11,4,1,1,0,0,1,2,0
482,9,4,11,2,1,0,0,1,2,0,1
483,6,4,11,4,7,2,1,0,2,2,0
484,3,4,15,4,1,1,1,1,0,2,0
485,10,4,8,2,10,0,1,1,2,2,1
486,10,4,11,2,4,2,0,0,2,2,0
487,15,4,15,2,4,0,1,1,0,2,1
488,7,5,9,4,12,1,1,0,2,2,0
489,13,6,9,0,10,4,1,0,0,2,0
490,5,4,15,2,4,0,1,1,1,2,0
491,6,4,1,2,4,0,1,1,1,2,0
492,4,4,0,4,8,1,1,1,2,2,0
493,10,4,15,2,12,0,1,1,2,2,0
494,5,2,5,4,3,1,1,1,2,2,0
495,5,4,11,4,7,1,1,0,2,2,0
496,8,4,9,0,1,1,1,0,2,2,0
497,9,4,15,4,12,4,1,0,3,2,1
498,8,2,9,2,10,0,1,1,2,2,0
499,9,4,15,2,1,5,1,0,2,2,1
500,7,4,6,4,8,3,1,1,2,2,0
501,13,4,11,6,7,1,1,1,2,2,0
502,9,4,1,2,12,0,1,1,1,2,1
503,8,7,11,2,14,0,1,1,2,2,0
504,5,4,11,4,1,1,1,1,2,2,0
505,4,4,1,4,3,3,1,1,0,2,0
506,6,4,15,4,4,2,0,1,2,2,0
507,5,4,15,0,12,1,1,0,2,2,0
508,8,2,11,2,3,0,1,1,1,1,0
509,8,4,11,4,6,1,1,1,2,2,0
510,6,4,11,2,5,0,1,1,2,2,0
511,13,4,9,2,10,5,0,1,1,2,0
512,5,4,4,4,8,3,1,1,2,2,0
513,8,4,11,2,14,0,1,1,2,2,0
514,5,4,9,4,10,3,1,1,2,2,0
515,13,4,15,0,7,1,1,0,2,2,1
516,7,6,9,2,4,0,1,1,2,2,0
517,7,4,15,2,3,0,1,1,2,2,0
518,3,7,5,4,3,1,1,1,0,2,0
519,8,4,8,2,13,0,1,1,2,2,0
520,9,4,15,0,1,1,0,0,2,2,1
521,8,0,8,2,0,0,1,1,2,2,0
522,9,4,2,2,6,0,1,1,2,2,0
523,8,4,1,4,7,3,0,1,2,0,0
524,4,4,15,4,3,1,1,1,2,2,0
525,4,4,11,4,1,2,1,0,2,2,0
526,6,5,12,0,4,1,1,1,2,2,0
527,8,4,15,2,7,0,1,1,3,2,1
528,9,4,11,2,6,0,1,1,2,2,0
529,9,2,0,0,8,2,1,0,1,2,0
530,7,4,15,2,14,0,1,1,2,2,1
531,6,2,12,2,4,1,0,1,2,2,0
532,4,4,15,4,3,1,1,1,1,2,0
533,5,6,9,4,4,1,0,1,2,2,0
534,8,4,1,2,12,0,1,1,1,2,0
535,9,2,9,4,4,3,1,1,2,2,0
536,3,4,0,4,3,4,1,1,1,2,0
537,8,4,11,2,12,5,0,0,2,4,1
538,8,4,11,0,6,1,1,1,3,2,0
539,5,4,15,2,7,5,1,0,2,2,0
540,9,4,11,2,8,0,1,1,1,2,1
541,11,4,11,2,4,0,1,1,2,2,0
542,3,4,11,4,1,1,1,0,1,2,0
543,6,4,11,4,1,1,1,1,2,2,0
544,4,4,15,4,3,2,1,1,2,2,0
545,16,5,1,2,4,0,1,1,1,2,1
546,9,4,7,4,14,3,1,0,2,2,0
547,8,4,13,2,3,0,1,1,1,2,0
548,5,0,11,2,0,0,0,1,2,0,1
549,8,1,5,4,8,1,1,0,2,2,0
550,9,4,9,4,1,1,0,0,2,0,0
551,9,7,8,0,13,1,0,0,2,2,0
552,9,4,11,2,3,0,0,1,2,2,0
553,6,4,11,0,12,4,1,0,2,2,0
554,6,4,9,4,1,1,1,0,2,2,0
555,13,4,6,0,8,1,1,0,1,2,0
556,4,4,11,4,3,3,0,1,1,2,0
557,5,4,14,4,10,1,0,1,2,2,0
558,9,4,0,0,7,1,1,1,2,2,0
559,5,6,9,4,12,3,1,0,2,2,0
560,3,4,15,4,3,2,1,1,2,2,0
561,9,4,11,4,3,3,1,1,2,2,0
562,7,4,7,4,4,3,1,0,1,2,0
563,8,4,9,5,1,2,0,0,2,2,0
564,6,4,9,2,1,0,1,1,2,2,1
565,6,4,11,4,8,3,1,0,2,2,0
566,10,4,11,2,3,0,1,1,0,2,1
567,6,4,11,0,9,1,0,0,2,2,0
568,13,5,0,2,5,0,1,1,2,2,1
569,4,4,11,4,7,3,1,1,2,2,0
570,9,2,9,2,10,0,1,1,2,2,0
571,10,4,11,2,7,0,1,1,2,2,1
572,9,2,9,2,11,0,1,1,2,2,1
573,6,2,10,2,10,0,1,1,2,2,0
574,8,4,11,2,12,0,1,1,2,2,0
575,8,4,11,2,3,0,0,1,2,2,1
576,6,4,15,4,12,2,0,0,2,0,0
577,9,4,2,2,7,0,0,1,2,2,1
578,9,4,15,2,10,0,1,1,2,2,0
579,8,4,15,2,12,0,1,1,2,2,1
580,6,6,15,4,14,1,1,1,2,2,0
581,11,2,12,0,10,4,1,0,2,2,0
582,12,4,11,2,12,0,1,1,2,2,0
583,11,4,11,2,3,0,1,1,0,2,0
584,7,4,15,4,1,1,1,0,1,2,0
585,7,4,11,4,8,1,1,1,1,2,0
586,12,4,5,2,7,0,1,1,2,2,0
587,8,0,15,2,0,0,1,1,1,2,1
588,5,5,14,2,10,0,1,1,2,2,0
589,10,4,0,2,7,0,1,1,2,2,0
590,7,4,11,2,6,0,1,1,1,1,1
591,5,7,15,0,1,4,1,0,2,2,0
592,7,4,0,2,3,0,1,1,2,2,0
593,9,4,11,2,7,0,1,1,2,2,1
594,3,4,11,4,14,3,1,1,2,2,0
595,11,4,7,2,8,5,0,0,2,2,0
596,6,6,12,2,5,0,1,1,2,2,0
597,5,4,11,4,9,2,1,0,2,2,0
598,6,4,9,0,4,4,1,1,2,2,0
599,11,4,8,2,1,0,1,1,2,2,1
600,10,5,11,2,3,0,1,1,2,4,0
601,5,4,11,4,8,4,1,0,2,2,0
602,7,4,1,2,3,0,1,1,1,2,1
603,5,4,15,4,7,3,1,0,2,2,0
604,11,4,11,0,1,1,1,0,2,2,0
605,6,4,6,4,8,1,1,0,2,2,0
606,5,7,11,4,8,1,1,1,2,2,0
607,13,4,15,2,4,0,1,1,2,2,0
608,5,4,1,4,12,3,1,0,1,2,0
609,6,4,7,2,13,0,1,1,2,2,1
610,9,0,12,0,0,1,1,0,3,2,0
611,9,2,15,2,11,0,1,1,2,2,0
612,9,4,11,2,12,0,1,1,1,2,1
613,5,4,9,4,1,1,0,1,2,2,0
614,4,4,15,2,3,0,1,1,2,2,0
615,8,0,11,0,0,1,0,1,2,0,0
616,7,5,9,2,4,0,0,1,2,2,1
617,9,4,9,0,8,4,1,0,1,2,0
618,11,4,9,4,4,1,1,1,1,2,0
619,11,4,11,2,1,5,1,0,2,2,1
620,7,4,11,4,3,1,1,1,2,2,0
621,6,4,5,2,14,0,1,1,2,2,1
622,7,6,15,2,5,0,1,1,2,2,1
623,5,4,11,2,4,0,1,1,3,2,0
624,10,4,11,5,12,4,0,1,4,0,0
625,14,4,4,2,7,5,1,0,2,2,0
626,7,5,9,4,4,1,1,0,2,2,0
627,4,4,9,4,12,4,0,0,2,2,0
628,7,4,15,2,6,0,1,1,3,2,1
629,13,6,12,2,10,0,1,1,2,2,1
630,16,5,9,4,14,3,1,1,1,2,0
631,5,4,1,4,14,4,0,1,2,2,0
632,7,4,9,0,11,3,0,1,1,2,0
633,8,4,15,2,1,0,1,1,2,2,1
634,5,4,11,4,6,1,1,1,2,2,0
635,6,4,9,2,4,0,1,1,3,2,1
636,5,4,15,2,4,0,1,1,2,2,0
637,3,4,11,4,3,3,1,1,0,2,0
638,5,4,11,4,3,2,1,1,2,2,0
639,9,4,6,0,7,1,1,0,2,2,0
640,14,4,11,2,3,0,1,1,2,2,1
641,8,4,11,2,7,0,1,1,2,2,0
642,14,5,11,0,4,1,1,0,1,2,0
643,9,4,9,0,4,1,1,1,1,2,0
644,4,4,11,2,13,0,1,1,2,2,0
645,6,6,11,2,3,0,1,1,2,2,0
646,3,4,15,4,7,3,1,1,2,2,0
647,6,4,14,4,10,1,1,1,2,2,0
648,4,6,15,4,8,1,1,1,1,2,0
649,9,7,8,2,10,0,1,1,1,2,1
650,8,6,9,4,10,1,1,1,2,2,0
651,6,4,12,2,4,0,1,1,2,2,1
652,8,4,15,5,12,1,1,1,0,2,0
653,8,4,12,2,10,0,1,1,2,2,0
654,4,2,11,4,13,1,1,1,3,3,0
655,10,2,15,2,1,5,1,0,2,2,1
656,12,6,11,2,5,0,1,1,2,2,0
657,7,4,11,2,7,0,1,1,2,2,1
658,4,4,12,4,10,2,1,0,3,2,0
659,5,4,7,4,12,3,1,0,2,2,0
660,8,4,8,2,10,0,1,1,1,2,0
661,10,6,15,2,10,0,1,1,2,2,1
662,8,7,15,2,10,0,0,1,1,2,0
663,6,4,15,2,8,5,0,0,1,0,0
664,10,4,11,2,6,0,1,1,2,2,0
665,7,4,8,2,12,0,1,1,3,2,1
666,5,4,15,3,7,1,1,0,1,1,0
667,5,4,11,4,3,3,1,0,2,2,0
668,12,4,15,2,14,0,1,1,1,2,1
669,7,4,15,0,3,1,1,1,2,2,0
670,6,4,11,4,8,1,1,0,2,2,0
671,6,4,9,4,4,1,1,1,2,2,0
672,4,4,11,4,3,2,1,1,1,2,0
673,9,1,9,2,4,0,1,1,2,2,0
674,8,4,11,2,4,0,0,1,2,2,1
675,5,4,9,0,4,1,1,1,1,2,0
676,7,4,2,2,6,0,1,1,1,2,1
677,9,4,11,4,6,1,1,1,2,2,1
678,5,4,11,2,6,0,1,1,2,2,1
679,6,6,15,2,3,0,1,1,2,2,0
680,5,4,11,4,12,4,0,0,2,2,0
681,5,6,1,4,3,3,1,0,2,2,0
682,9,1,0,2,4,0,1,1,2,2,0
683,5,4,4,4,3,3,1,1,0,2,0
684,6,4,0,2,7,0,1,1,1,2,1
685,6,4,0,2,14,0,1,1,2,2,0
686,9,4,15,0,12,1,1,1,2,2,0
687,6,4,12,2,4,5,1,0,2,2,1
688,6,6,8,5,7,4,1,0,2,2,1
689,10,4,9,2,4,0,1,1,2,2,0
690,11,4,15,2,7,0,1,1,2,2,0
691,8,4,15,0,12,1,1,1,3,2,0
692,9,4,11,2,14,0,1,1,2,2,1
693,3,5,12,4,10,1,1,0,2,2,1
694,11,4,15,0,8,1,1,1,2,2,1
695,13,0,4,6,0,1,1,1,0,1,0
696,10,7,11,6,1,1,1,0,4,2,0
697,5,4,11,2,3,0,1,1,1,2,1
698,9,4,0,5,8,4,1,0,2,2,0
699,9,4,0,2,5,0,1,1,2,2,0
700,8,4,15,2,3,0,1,1,2,2,1
701,12,0,15,2,0,0,1,1,2,2,0
702,8,4,9,0,4,4,1,0,2,2,0
703,5,4,11,4,3,3,1,1,2,2,0
704,7,2,11,0,3,1,1,0,2,2,0
705,9,4,9,2,4,0,1,1,2,2,1
706,11,4,12,0,1,1,1,1,2,2,0
707,7,6,9,2,4,0,1,1,2,2,0
708,3,4,12,4,12,4,1,0,1,2,1
709,10,4,15,2,7,5,1,0,2,2,0
710,9,4,11,2,12,2,1,1,2,2,0
711,6,4,11,0,8,4,0,0,2,2,0
712,6,4,7,2,8,5,1,0,2,2,1
713,12,4,14,2,12,5,1,0,2,2,1
714,5,4,11,4,12,1,1,0,2,2,0
715,5,4,11,4,1,1,1,0,2,2,0
716,7,4,9,0,11,3,0,0,2,0,0
717,7,4,11,2,14,0,1,1,2,2,0
718,7,0,4,5,0,1,1,1,3,2,1
719,12,4,15,2,3,0,1,1,3,2,0
720,3,0,15,4,0,1,1,0,0,2,0
721,8,6,11,2,3,0,1,1,2,2,1
722,3,4,11,4,3,3,0,1,0,2,0
723,6,7,4,2,8,0,1,1,2,2,0
724,4,4,15,4,7,1,1,0,2,1,1
725,8,5,9,2,4,0,0,1,2,0,0
726,8,4,9,2,4,0,1,1,3,2,1
727,6,4,9,4,13,4,1,0,0,2,0
728,8,4,11,0,10,1,1,0,2,2,0
729,6,4,11,2,4,0,1,1,2,2,0
730,11,4,9,2,12,5,1,0,2,2,0
731,4,4,15,2,1,0,1,1,2,2,1
732,7,7,9,4,10,3,0,1,2,2,0
733,7,4,11,2,14,0,1,1,2,2,0
734,10,4,15,2,8,0,1,1,2,2,0
735,5,4,9,2,12,0,1,1,2,2,1
736,9,4,1,0,12,4,1,0,2,2,0
737,9,4,9,4,4,1,1,1,2,2,0
738,10,2,15,4,1,3,1,0,2,2,0
739,6,4,11,4,1,4,1,0,2,2,0
740,7,4,12,0,12,2,0,1,2,2,1
741,7,4,14,2,10,0,1,1,2,2,1
742,9,6,11,2,5,0,1,1,2,2,0
743,10,4,15,2,13,0,1,1,2,2,1
744,4,4,11,4,3,3,1,1,2,1,0
745,5,4,11,0,8,4,1,0,2,2,0
746,5,4,15,4,12,4,1,0,2,2,0
747,9,7,11,0,1,2,1,0,3,2,0
748,7,6,11,2,14,0,1,1,2,2,0
749,5,4,9,4,14,3,1,1,2,2,0
750,5,4,11,4,8,1,1,1,2,2,0
751,4,4,9,4,12,3,0,1,2,0,0
752,8,4,15,2,13,5,1,0,2,2,0
753,8,4,11,2,1,0,1,1,2,2,1
754,5,4,15,4,1,1,1,1,1,2,0
755,4,4,11,4,8,3,0,0,2,2,0
756,11,4,11,2,6,0,1,1,2,2,1
757,4,4,12,3,10,1,0,0,2,2,0
758,12,0,11,2,0,0,1,1,2,1,0
759,5,4,15,2,12,0,1,1,2,2,0
760,10,4,11,2,4,0,1,1,2,2,0
761,12,4,9,2,8,0,1,1,2,2,0
762,10,6,11,2,4,0,1,1,2,2,0
763,4,4,6,4,14,3,1,1,2,2,0
764,9,4,15,4,12,4,1,0,2,2,0
765,14,4,11,2,6,0,1,1,2,2,0
766,8,4,9,2,4,5,1,0,2,2,1
767,8,6,15,4,4,1,1,1,1,2,1
768,10,6,9,2,3,0,1,1,2,2,1
769,6,4,11,2,14,0,1,1,1,2,0
770,4,4,11,4,7,3,1,0,1,2,0
771,7,4,7,2,8,0,1,1,2,2,1
772,3,4,5,4,3,1,1,1,0,2,0
773,6,4,12,2,4,0,0,1,2,2,1
774,10,4,8,2,4,5,1,0,2,2,1
775,12,0,11,2,0,0,1,1,4,2,0
776,11,4,11,2,7,0,1,1,2,2,1
777,10,4,15,2,13,0,1,1,2,2,0
778,6,6,15,4,4,1,1,0,2,2,0
779,9,4,9,2,13,5,1,0,2,2,1
780,14,4,15,6,12,1,1,1,1,2,0
781,11,2,12,2,10,0,1,1,2,2,1
782,13,4,11,2,1,0,1,1,2,2,0
783,11,4,11,2,6,0,1,1,1,2,1
784,8,6,1,2,12,0,1,1,2,2,0
785,3,4,9,4,12,1,1,1,0,2,0
786,9,4,11,2,4,0,1,1,1,2,0
787,5,4,11,4,8,3,1,0,1,2,0
788,8,4,9,2,10,0,1,1,1,2,1
789,10,4,11,2,8,0,1,1,2,2,0
790,10,4,15,2,13,0,1,1,2,2,1
791,3,4,9,4,3,4,0,0,0,2,0
792,7,4,12,2,4,0,1,1,2,2,1
793,4,4,11,4,8,2,1,0,2,1,0
794,9,4,15,2,6,0,1,1,1,2,1
795,8,4,11,2,8,0,1,1,3,2,0
796,7,4,9,2,10,0,1,1,2,2,1
797,4,1,11,4,3,1,1,0,2,2,0
798,3,4,9,4,12,2,1,1,2,2,0
799,11,4,11,6,1,4,1,0,2,2,0
800,8,6,9,2,4,5,1,0,1,2,0
801,5,4,15,4,1,3,0,1,2,2,0
802,10,4,7,0,7,1,1,1,2,2,0
803,9,6,11,4,10,1,1,1,2,2,1
804,13,4,11,4,7,3,1,1,0,2,0
805,4,4,11,4,8,1,1,1,2,2,0
806,11,4,9,5,4,1,0,1,2,0,0
807,9,4,1,6,12,4,1,1,2,2,0
808,3,4,6,4,7,1,1,1,1,2,0
809,7,4,9,4,4,3,1,1,2,2,0
810,7,4,8,4,3,1,1,0,2,2,1
811,8,4,12,0,4,1,1,1,2,2,0
812,4,4,1,4,1,1,1,0,2,2,0
813,4,0,11,4,14,1,1,1,3,2,0
814,9,4,9,2,10,5,1,0,2,2,0
815,8,6,11,4,3,1,1,1,2,2,0
816,12,4,11,2,13,0,1,1,2,2,1
817,6,4,10,2,10,0,1,1,2,2,1
818,10,4,9,2,12,0,1,1,1,2,0
819,11,4,9,0,12,1,1,1,1,2,0
820,9,4,11,2,3,0,0,1,2,0,1
821,4,5,12,4,4,1,1,1,2,2,0
822,12,4,9,2,12,0,1,1,1,2,1
823,7,4,11,0,12,1,1,0,2,2,0
824,5,4,12,4,4,3,1,0,2,2,0
825,9,4,11,4,6,3,1,1,1,2,0
826,10,4,15,0,8,4,1,0,3,2,0
827,10,4,11,2,6,0,1,1,2,2,1
828,9,4,11,6,6,1,1,1,2,2,0
829,10,4,15,2,14,0,1,1,2,2,1
830,9,4,11,6,14,1,1,1,2,2,0
831,6,4,11,4,7,1,1,0,2,2,0
832,3,1,15,4,1,4,0,0,1,2,0
833,6,6,15,4,3,3,1,1,0,2,0
834,9,4,11,2,6,5,1,0,1,2,0
835,11,6,8,6,3,1,1,1,1,2,0
836,5,4,11,4,4,3,1,0,3,2,0
837,9,4,11,4,14,1,1,1,2,2,0
838,7,4,15,4,1,1,0,0,3,0,0
839,4,0,1,2,0,0,0,1,1,2,0
840,10,4,11,2,8,0,1,1,2,2,1
841,5,4,15,4,8,3,1,0,1,2,0
842,10,4,9,2,3,0,1,1,2,2,0
843,5,1,11,2,11,0,1,1,2,2,1
844,8,4,11,2,3,0,1,1,2,2,0
845,5,4,11,4,3,1,1,1,1,2,0
846,7,4,14,2,10,0,1,1,2,2,0
847,4,4,9,4,1,3,1,1,1,2,0
848,11,4,11,2,3,0,0,1,2,2,1
849,6,5,15,0,4,1,1,1,2,2,0
850,6,7,9,4,4,1,1,1,2,2,0
851,7,6,1,4,5,1,0,1,3,2,1
852,5,4,15,2,8,0,1,1,2,2,0
853,8,4,2,2,9,0,1,1,2,2,1
854,8,4,10,0,10,2,1,1,2,2,0
855,7,0,14,5,0,4,0,0,2,2,0
856,4,4,15,4,4,1,1,1,2,2,0
857,7,7,4,0,7,4,0,0,3,2,0
858,12,4,15,2,7,0,1,1,1,2,0
859,9,2,9,2,10,0,1,1,2,2,1
860,9,5,15,2,4,0,1,1,2,2,1
861,9,2,14,0,10,4,1,0,2,2,0
862,14,4,15,2,4,0,1,1,0,2,0
863,7,4,14,5,10,4,1,0,2,2,0
864,12,6,9,2,4,0,0,1,3,2,1
865,9,6,11,2,12,0,1,1,0,2,1
866,7,4,0,2,3,0,1,1,1,2,0
867,4,4,11,4,8,1,1,0,1,2,0
868,9,4,11,2,5,0,0,1,2,2,1
869,5,2,15,5,8,4,1,0,2,2,0
870,9,4,5,5,3,1,1,1,2,2,0
871,11,4,4,6,8,4,1,0,2,2,0
872,6,7,9,2,4,0,1,1,2,2,1
873,7,4,5,5,8,4,1,0,1,2,0
874,4,2,12,4,10,1,1,1,2,2,0
875,6,6,11,4,10,3,1,1,2,2,0
876,11,4,9,2,10,0,1,1,2,2,1
877,9,4,7,6,1,1,1,0,2,2,0
878,4,4,11,4,14,3,1,1,2,2,0
879,8,4,11,2,6,0,1,1,2,2,1
880,13,4,11,2,3,0,1,1,1,2,0
881,11,2,9,2,10,0,1,1,3,2,0
882,6,4,11,2,7,0,1,1,3,2,0
883,3,4,5,4,8,1,1,0,1,2,0
884,8,4,15,0,12,4,1,0,2,2,0
885,13,2,10,2,10,0,0,1,1,2,0
886,6,4,9,2,4,0,1,1,2,1,0
887,6,0,15,4,0,1,1,0,2,2,0
888,12,4,12,6,10,1,0,1,2,2,0
889,7,4,9,4,4,1,1,0,2,2,1
890,7,4,15,4,7,3,1,1,2,2,0
891,8,4,11,4,7,3,1,1,1,2,0
892,10,4,11,0,8,1,1,1,2,2,0
893,6,4,11,0,7,1,0,1,2,0,1
894,10,4,15,2,1,5,1,0,2,2,1
895,7,4,7,2,1,5,0,0,2,0,0
896,9,4,11,0,12,3,1,1,2,2,0
897,4,4,0,4,1,3,1,0,2,2,0
898,10,0,15,4,0,1,1,1,2,2,0
899,5,6,11,4,4,1,1,1,2,2,0
900,11,6,11,2,5,0,1,1,3,2,1
901,7,2,15,4,11,3,1,1,2,2,0
902,15,4,9,2,13,5,1,0,2,2,0
903,4,5,9,4,4,1,1,0,1,2,0
904,8,4,9,2,4,0,1,1,1,2,1
905,9,4,9,2,10,0,1,1,2,2,1
906,6,4,11,2,7,0,1,1,1,2,1
907,5,5,15,4,4,3,1,0,2,2,0
908,8,1,11,2,4,0,0,1,1,2,1
909,4,5,12,4,4,1,1,0,2,2,0
910,6,4,15,2,1,0,1,1,1,2,0
911,9,4,7,6,4,4,0,1,2,0,0
912,9,4,11,0,1,1,1,1,2,2,0
913,11,4,9,2,12,0,1,1,1,4,1
914,9,4,11,0,7,1,1,1,2,2,0
915,9,4,7,0,1,1,1,0,1,2,0
916,3,4,8,4,1,3,1,0,1,2,0
917,3,0,3,4,0,3,1,1,1,2,0
918,9,4,10,4,10,1,1,0,2,2,0
919,4,4,15,4,1,1,1,0,2,2,0
920,8,4,4,4,6,3,1,1,2,2,0
921,7,4,12,3,12,1,1,0,2,2,0
922,9,6,11,4,8,3,1,0,2,2,0
923,3,4,9,4,12,3,0,1,2,2,0
924,8,4,15,0,1,4,1,0,2,2,0
925,9,4,10,2,7,5,1,0,2,2,0
926,5,4,11,2,7,0,1,1,2,2,0
927,9,4,9,2,10,0,1,1,1,2,0
928,9,4,11,2,3,0,1,1,2,2,1
929,4,0,15,4,0,1,1,1,2,2,0
930,4,4,9,4,4,3,1,1,2,2,0
931,11,7,1,0,7,4,1,0,2,2,0
932,5,4,11,2,1,5,1,0,1,2,1
933,8,4,9,0,3,1,1,1,2,2,0
934,5,4,8,2,3,0,1,1,2,2,0
935,15,4,11,2,3,0,1,1,0,2,0
936,6,4,11,2,6,0,1,1,2,2,1
937,5,4,11,4,11,1,1,1,2,2,0
938,9,4,11,2,14,0,1,1,3,2,0
939,9,0,11,2,0,5,1,0,2,2,1
940,10,7,9,2,1,0,1,1,2,2,0
941,13,4,2,2,6,0,0,1,2,0,0
942,9,2,15,2,6,0,1,1,2,2,1
943,9,4,11,0,8,1,1,0,2,2,0
944,7,4,11,2,1,5,1,0,2,2,0
945,12,4,15,0,12,2,1,0,2,2,0
946,10,4,15,0,7,1,1,1,3,2,0
947,10,2,11,2,1,0,0,1,1,2,1
948,6,2,10,2,10,0,0,1,2,2,1
949,10,5,9,2,4,0,1,1,2,2,1
950,8,1,12,2,4,0,1,1,3,2,0
951,4,4,9,2,4,0,1,1,2,2,1
952,9,4,11,2,6,0,1,1,2,2,0
953,7,4,15,2,4,0,1,1,1,2,1
954,4,2,15,4,1,3,1,0,2,2,0
955,5,4,11,2,6,0,1,1,1,2,0
956,4,4,15,4,3,3,0,1,2,0,0
957,6,4,1,4,7,3,1,0,2,2,0
958,9,4,11,2,14,0,1,1,2,2,0
959,11,7,9,2,4,0,1,1,2,2,0
960,6,4,11,0,8,2,1,0,2,2,0
961,10,4,11,4,6,3,1,1,2,2,0
962,6,1,0,2,14,0,1,1,2,2,0
963,5,4,11,2,3,0,1,1,2,2,0
964,5,6,9,2,10,0,1,1,2,2,1
965,12,4,1,2,12,0,1,1,2,2,1
966,4,4,9,4,10,3,1,1,2,2,0
967,8,4,11,2,3,0,1,1,2,2,0
968,13,4,12,2,4,0,1,1,1,2,0
969,10,6,11,4,4,3,1,1,2,2,0
970,4,4,11,4,8,1,1,0,1,2,0
971,4,4,7,4,10,1,1,1,2,2,0
972,9,6,9,2,10,0,1,1,1,2,0
973,7,5,9,5,12,1,1,0,2,2,0
974,11,7,1,2,8,5,1,0,2,2,1
975,5,4,15,4,4,3,1,0,1,2,0
976,4,6,15,4,10,1,1,0,1,2,0
977,5,4,11,0,8,1,1,0,2,2,0
978,11,4,5,2,13,0,1,1,1,2,1
979,4,4,9,4,10,3,1,0,2,2,0
980,8,4,9,2,8,0,1,1,2,2,0
981,10,4,5,2,8,0,0,1,1,2,0
982,9,7,14,0,10,1,1,0,2,2,0
983,6,4,15,4,12,1,1,0,2,2,0
984,8,6,11,0,12,4,1,0,3,2,0
985,7,5,15,0,4,1,0,0,2,2,0
986,9,0,11,2,0,0,0,1,2,2,1
987,7,5,9,0,10,1,1,0,2,2,0
988,12,4,1,2,4,0,1,1,2,2,0
989,6,4,15,2,12,0,1,1,2,2,1
990,13,4,6,2,12,0,1,1,1,2,0
991,10,4,14,0,10,3,1,1,1,2,0
992,6,4,3,0,6,4,1,0,2,2,0
993,9,4,11,2,6,0,1,1,4,2,1
994,4,4,10,4,10,1,0,1,2,2,0
995,9,4,15,2,12,0,1,1,2,2,0
996,7,0,0,4,0,3,1,1,2,2,0
997,8,4,7,0,10,3,1,1,2,2,0
998,8,5,9,0,4,4,0,1,3,2,0
999,6,4,15,4,10,3,1,0,2,2,0
1000,7,4,12,5,4,3,1,0,2,2,0
1001,10,4,14,5,4,1,1,0,2,2,0
1002,10,2,9,4,10,1,0,0,2,2,1
1003,4,4,12,4,12,3,1,1,1,2,0
1004,8,4,9,6,10,1,0,1,2,2,0
1005,6,4,3,4,7,1,1,1,2,2,0
1006,9,7,7,2,10,0,1,1,2,2,1
1007,4,4,15,4,3,3,1,1,2,2,0
1008,7,4,11,5,4,4,1,0,2,2,0
1009,6,2,9,2,10,0,1,1,2,2,1
1010,7,4,11,4,6,3,1,1,3,2,0
1011,6,4,4,2,8,0,1,1,2,2,1
1012,9,4,15,0,13,1,1,1,2,2,0
1013,8,4,14,4,10,3,1,1,1,2,0
1014,8,7,15,5,1,4,1,0,2,2,0
1015,5,4,9,2,10,0,1,1,2,2,1
1016,3,4,11,4,4,1,1,1,2,2,0
1017,8,4,9,2,1,5,1,0,2,2,1
1018,4,4,11,4,3,1,1,1,0,2,0
1019,7,4,9,4,12,3,1,0,2,2,0
1020,5,1,9,0,1,1,1,1,2,2,0
1021,10,7,15,2,1,0,1,1,1,3,0
1022,14,2,9,2,10,0,1,1,2,2,1
1023,10,4,11,0,5,1,1,1,2,2,0
1024,10,4,11,2,3,0,1,1,3,2,0
1025,9,4,11,2,3,0,1,1,2,2,0
1026,8,4,15,0,3,1,1,1,2,2,0
1027,10,0,15,0,0,4,0,0,2,2,1
1028,6,4,15,5,8,4,0,0,2,0,0
1029,10,5,14,2,10,0,1,1,2,2,0
1030,7,4,11,2,3,0,1,1,2,2,0
1031,6,4,11,2,12,0,1,1,1,2,1
1032,6,4,11,4,3,1,1,1,1,2,1
1033,8,4,11,2,7,0,1,1,3,2,1
1034,6,2,11,2,8,5,1,0,1,2,1
1035,12,4,15,4,1,1,1,1,1,2,0
1036,7,5,11,2,14,0,1,1,2,2,1
1037,5,4,6,4,7,3,1,1,1,2,0
1038,9,4,15,4,1,3,1,0,2,2,0
1039,10,4,15,5,13,4,1,0,2,2,0
1040,4,6,9,4,4,3,1,0,3,2,0
1041,5,6,9,4,12,3,1,0,3,2,0
1042,7,4,7,4,12,3,1,1,2,2,0
1043,11,6,11,2,14,0,1,1,2,2,1
1044,10,4,10,2,10,0,1,1,2,2,0
1045,6,5,11,4,12,1,1,1,2,2,1
1046,10,4,11,0,7,1,1,1,3,2,0
1047,5,6,5,2,5,0,1,1,2,2,1
1048,4,4,11,2,1,0,1,1,2,2,1
1049,8,4,9,4,8,3,1,1,1,2,0
1050,6,4,9,2,10,0,1,1,2,2,0
1051,12,4,15,5,1,1,1,0,1,2,0
1052,7,4,11,2,3,0,1,1,3,2,0
1053,10,4,9,2,10,0,1,1,3,2,0
1054,5,1,9,4,4,2,1,0,1,2,0
1055,4,4,11,4,14,3,1,1,2,2,0
1056,13,5,15,2,7,0,1,1,2,2,0
1057,9,4,15,3,13,1,1,1,2,2,0
1058,12,4,11,6,12,1,1,1,2,2,0
1059,7,4,11,5,8,1,1,0,3,2,0
1060,9,4,8,2,1,0,1,1,1,2,0
1061,5,5,13,0,10,1,1,0,2,2,0
1062,10,4,9,2,5,0,1,1,3,2,0
1063,6,5,8,4,4,3,1,1,2,2,0
1064,8,4,9,2,8,0,1,1,2,2,1
1065,13,7,14,2,10,0,1,1,1,2,0
1066,8,4,11,2,5,0,1,1,3,2,1
1067,6,4,1,5,8,1,1,0,0,2,0
1068,5,4,15,4,1,3,1,0,0,2,0
1069,9,4,15,4,8,3,1,0,1,2,0
1070,7,4,15,2,12,5,1,0,2,2,0
1071,3,4,15,4,12,1,1,1,0,2,0
1072,7,7,11,2,10,0,1,1,2,1,0
1073,7,4,15,5,1,4,0,0,2,4,0
1074,3,2,0,4,11,1,1,1,1,2,0
1075,5,4,7,4,12,1,1,0,2,2,0
1076,5,4,15,4,12,3,1,0,2,2,0
1077,10,4,9,4,10,3,1,0,2,2,1
1078,9,5,11,2,14,0,1,1,3,2,0
1079,5,0,11,1,0,5,1,0,2,2,1
1080,4,4,11,4,4,3,1,0,2,2,0
1081,9,4,11,0,3,3,1,1,3,2,0
1082,9,4,8,2,3,0,1,1,2,2,0
1083,7,2,9,4,3,1,1,1,0,2,0
1084,8,4,11,4,12,2,0,0,2,0,0
1085,6,4,11,2,14,0,1,1,1,2,1
1086,5,4,9,2,10,0,1,1,2,2,0
1087,9,4,9,2,4,0,1,1,4,2,1
1088,9,4,7,2,1,0,1,1,2,2,1
1089,5,5,15,4,3,3,0,0,0,2,0
1090,7,4,7,0,10,4,1,0,2,2,0
1091,6,7,11,2,1,0,1,1,2,2,0
1092,8,0,9,5,0,1,1,0,2,2,1
1093,6,4,9,2,7,0,1,1,2,2,1
1094,8,4,11,4,3,3,1,1,2,2,0
1095,11,4,11,0,14,2,0,1,2,2,0
1096,6,4,15,4,11,4,1,0,2,2,0
1097,3,4,11,4,7,1,1,0,1,2,0
1098,9,2,5,2,14,0,1,1,2,2,1
1099,9,4,15,5,1,1,1,0,2,2,0
1100,13,4,7,6,1,1,1,0,0,2,0
1101,3,6,9,4,4,1,1,0,1,2,0
1102,11,4,11,2,8,0,1,1,2,2,1
1103,6,4,5,2,7,0,1,1,2,2,0
1104,9,4,9,2,11,0,1,1,2,2,1
1105,4,4,1,4,6,1,1,1,0,2,0
1106,11,4,1,2,12,0,1,1,2,2,0
1107,3,4,11,4,14,3,1,1,1,2,0
1108,16,4,11,4,1,1,1,0,1,2,1
1109,9,4,15,2,1,5,1,0,2,2,0
1110,7,4,15,2,1,0,1,1,2,2,0
1111,11,4,15,2,4,0,1,1,2,2,0
1112,6,2,8,4,10,1,1,0,2,2,0
1113,3,4,15,4,13,1,1,0,2,2,0
1114,9,4,1,4,6,1,1,1,2,2,1
1115,8,4,11,4,3,3,1,1,3,2,0
1116,9,4,1,0,6,1,1,1,2,2,0
1117,5,0,15,2,0,0,1,1,2,2,1
1118,10,4,3,2,5,0,1,1,2,2,0
1119,5,6,11,4,5,1,1,1,2,2,0
1120,6,6,15,4,5,1,1,1,2,2,0
1121,5,4,7,0,13,1,1,1,2,4,0
1122,14,4,11,0,3,4,1,1,2,2,0
1123,7,4,15,4,8,3,1,1,2,2,0
1124,5,4,1,2,8,0,1,1,2,2,0
1125,5,6,15,4,1,1,1,1,1,4,0
1126,6,4,15,0,9,4,1,0,2,2,0
1127,8,4,12,2,10,0,1,1,2,2,1
1128,6,4,11,4,7,3,1,1,1,2,0
1129,11,4,12,2,4,0,1,1,2,2,1
1130,9,4,11,6,1,4,1,0,2,2,0
1131,9,4,9,2,1,0,0,1,1,2,1
1132,6,2,9,2,10,0,1,1,2,2,1
1133,8,1,11,2,1,0,1,1,3,2,0
1134,9,0,15,0,0,4,1,0,2,2,0
1135,8,4,15,2,12,0,0,1,2,2,1
1136,4,4,14,4,10,1,1,0,2,2,0
1137,10,4,11,2,3,0,1,1,2,2,0
1138,9,4,9,2,12,0,1,1,1,2,1
1139,5,4,7,4,4,1,1,0,2,2,0
1140,10,4,2,2,6,0,1,1,2,2,1
1141,7,4,7,2,1,0,1,1,2,2,1
1142,5,4,15,2,12,0,1,1,2,2,1
1143,12,6,9,0,11,1,1,1,1,2,0
1144,8,6,15,5,3,1,1,1,2,2,0
1145,12,4,15,2,1,2,0,1,2,2,0
1146,10,4,11,2,12,0,1,1,3,2,0
1147,4,4,9,4,10,3,1,1,2,2,0
1148,5,4,11,4,14,4,0,1,1,2,0
1149,7,4,15,2,12,0,1,1,1,2,1
1150,8,4,15,2,5,0,1,1,2,2,0
1151,9,4,11,2,7,0,1,1,2,2,0
1152,4,4,11,2,14,0,1,1,0,2,0
1153,3,4,9,4,8,1,1,0,2,2,0
1154,7,4,11,2,7,0,1,1,1,2,1
1155,6,2,5,4,13,1,0,1,2,2,0
1156,8,4,15,0,8,4,1,0,2,2,0
1157,10,4,7,0,8,4,1,0,2,2,0
1158,7,4,11,4,6,3,1,1,2,2,0
1159,11,0,0,2,0,0,1,1,1,2,0
1160,12,4,15,2,8,0,1,1,2,2,1
1161,3,4,11,4,8,1,1,0,1,2,0
1162,5,6,11,2,12,0,1,1,2,2,0
1163,5,4,15,2,8,0,1,1,2,2,1
1164,12,4,11,2,8,0,1,1,2,2,1
1165,6,4,11,2,12,0,1,1,2,2,0
1166,9,1,15,2,1,3,1,1,2,2,0
1167,11,4,1,0,12,1,0,0,2,2,0
1168,8,4,15,4,1,1,1,1,2,2,0
1169,11,4,15,2,4,0,1,1,2,2,0
1170,12,4,11,2,7,0,1,1,2,2,1
1171,6,4,9,4,4,1,1,0,2,2,0
1172,5,1,11,4,14,1,1,1,2,2,0
1173,8,4,11,4,1,1,0,0,2,2,0
1174,4,1,9,4,10,1,1,1,2,2,0
1175,7,4,6,2,5,0,0,1,2,4,1
1176,6,4,15,2,8,0,0,1,2,2,1
1177,6,4,15,2,14,0,1,1,1,2,0
1178,8,4,11,2,7,0,1,1,2,2,0
1179,16,7,11,2,4,0,0,1,1,2,1
1180,9,2,15,0,13,4,1,0,3,2,0
1181,9,4,9,6,13,4,1,1,2,2,0
1182,11,4,15,5,10,1,1,0,1,2,0
1183,6,0,5,4,0,3,1,1,2,2,0
1184,4,4,15,2,3,0,1,1,2,2,0
1185,7,6,11,2,3,0,1,1,2,2,0
1186,10,6,15,2,3,0,1,1,2,2,1
1187,10,4,11,2,1,5,1,0,2,2,1
1188,9,4,8,2,3,0,1,1,2,2,0
1189,8,6,2,0,3,1,1,1,2,2,0
1190,8,4,14,2,10,0,0,1,3,2,0
1191,6,6,14,4,10,1,1,0,3,2,0
1192,11,6,11,2,12,0,1,1,1,2,0
1193,9,4,11,2,8,0,1,1,2,2,1
1194,4,2,0,4,11,2,1,1,3,2,0
1195,5,2,9,4,4,1,1,1,3,2,0
1196,8,6,9,2,12,0,1,1,2,2,0
1197,4,4,9,4,13,1,0,1,1,2,0
1198,7,4,9,0,12,4,1,0,2,2,0
1199,8,4,15,0,1,4,1,0,2,2,0
1200,4,4,15,4,8,1,1,0,2,2,0
1201,4,4,11,4,8,4,0,0,1,2,0
1202,9,4,12,2,10,0,1,1,2,2,1
1203,9,4,15,0,10,3,1,1,2,2,0
1204,3,4,11,4,13,1,1,0,2,2,0
1205,11,4,11,6,12,1,1,1,3,2,0
1206,8,4,9,2,10,0,1,1,2,2,0
1207,6,4,8,4,1,4,0,0,2,2,0
1208,5,6,8,2,12,0,1,1,2,2,0
1209,11,6,15,2,10,0,1,1,2,2,0
1210,9,4,11,0,3,2,0,1,1,2,0
1211,5,4,11,2,1,5,0,0,2,2,0
1212,10,4,11,3,4,1,1,1,2,2,0
1213,8,4,8,2,12,0,1,1,2,2,1
1214,3,4,15,4,6,1,1,0,0,2,0
1215,3,4,2,4,8,1,0,1,1,2,0
1216,13,4,11,6,4,1,1,1,0,2,0
1217,6,2,9,4,10,4,1,1,0,2,0
1218,6,4,15,0,8,1,1,1,3,2,0
1219,8,4,11,4,8,1,1,1,2,2,0
1220,5,4,11,4,8,1,1,1,2,2,0
1221,7,4,9,2,4,0,1,1,2,2,0
1222,6,4,11,0,3,4,1,0,2,2,1
1223,4,4,4,4,3,2,0,1,2,0,0
1224,9,6,15,2,3,0,1,1,2,2,1
1225,7,0,1,2,0,0,0,1,2,2,0
1226,4,4,11,4,1,1,1,0,2,2,0
1227,8,4,2,2,1,0,1,1,2,2,0
1228,6,2,11,2,8,0,1,1,1,1,1
1229,5,4,9,0,12,1,1,1,2,2,0
1230,11,4,11,2,1,0,1,1,2,2,0
1231,9,4,11,4,1,1,1,0,3,2,1
1232,4,4,1,4,3,1,1,1,1,2,0
1233,10,4,3,2,14,0,0,1,2,2,1
1234,7,4,9,2,10,0,1,1,2,2,1
1235,7,5,1,2,3,0,1,1,3,2,1
1236,6,4,11,0,3,2,1,1,0,2,0
1237,5,4,15,4,7,3,1,1,1,2,0
1238,8,2,9,2,10,0,1,1,2,2,1
1239,8,4,0,2,3,0,1,1,2,2,1
1240,8,4,15,2,1,5,1,0,2,2,1
1241,7,5,8,2,12,5,1,0,2,2,0
1242,9,4,11,5,7,4,1,1,2,2,0
1243,8,6,1,2,14,0,1,1,2,2,1
1244,6,6,11,4,4,1,1,0,2,2,0
1245,6,2,9,0,10,4,0,0,2,0,0
1246,8,4,11,2,1,3,0,1,2,2,0
1247,11,4,2,0,8,2,1,0,3,2,0
1248,9,7,11,2,1,0,1,1,2,2,1
1249,10,4,9,2,1,5,1,0,2,2,0
1250,9,4,11,2,12,0,1,1,2,2,1
1251,8,4,9,5,10,3,1,0,2,2,0
1252,4,4,0,4,12,1,1,0,2,2,0
1253,6,1,14,2,10,5,1,0,2,2,0
1254,6,4,15,2,8,0,1,1,3,2,0
1255,4,4,9,4,13,3,1,1,2,2,0
1256,13,4,9,0,4,3,1,0,0,2,0
1257,12,6,11,4,1,1,1,0,2,2,0
1258,6,4,1,0,7,3,1,0,2,2,0
1259,3,4,11,4,7,1,0,1,1,2,0
1260,4,4,9,4,12,1,1,1,2,2,0
1261,7,4,15,2,13,0,1,1,2,2,0
1262,10,7,12,2,10,0,1,1,2,2,1
1263,11,4,11,2,5,0,1,1,2,2,1
1264,7,4,8,5,1,1,1,0,2,2,0
1265,7,4,11,2,7,5,1,0,2,2,1
1266,8,2,9,2,10,5,1,0,2,2,0
1267,5,2,10,4,10,3,1,1,1,2,0
1268,5,4,8,4,3,1,1,0,2,2,0
1269,5,4,11,2,8,0,1,1,2,2,0
1270,5,4,11,4,14,1,1,1,1,2,1
1271,4,4,5,4,7,1,0,1,2,1,0
1272,13,2,15,6,11,2,1,1,1,2,0
1273,7,4,9,4,12,1,0,1,2,2,0
1274,4,5,9,4,10,3,1,0,1,2,0
1275,5,4,11,4,13,3,1,0,2,2,0
1276,8,4,8,0,3,1,1,1,2,2,0
1277,11,4,15,0,8,4,0,0,2,2,0
1278,3,4,15,4,13,3,0,1,1,2,0
1279,9,4,15,2,12,0,1,1,2,2,0
1280,6,4,4,2,3,0,0,1,2,4,1
1281,8,4,11,0,4,4,0,1,1,2,0
1282,8,4,11,2,3,0,0,1,2,2,1
1283,5,4,11,4,8,1,1,0,1,2,0
1284,9,4,11,2,3,0,1,1,2,2,0
1285,10,4,9,2,6,0,1,1,2,2,1
1286,9,4,9,2,12,0,1,1,2,2,1
1287,7,4,9,2,13,0,1,1,2,2,1
1288,6,4,15,4,4,1,1,1,2,2,0
1289,7,4,11,4,1,3,0,0,2,2,0
1290,5,4,15,2,10,0,0,1,2,2,0
1291,10,4,11,2,14,0,0,1,2,0,1
1292,6,6,15,2,5,0,1,1,2,2,0
1293,11,4,8,2,5,0,1,1,2,2,1
1294,12,4,9,6,3,1,0,1,1,2,0
1295,3,4,15,4,4,3,1,1,1,2,0
1296,16,7,11,6,11,4,0,1,2,2,0
1297,3,4,9,4,12,1,1,0,1,2,0
1298,5,4,11,2,7,0,1,1,1,2,0
1299,8,4,11,2,3,0,1,1,2,2,0
1300,9,5,15,3,12,1,0,1,2,2,0
1301,5,4,14,2,10,0,1,1,2,2,0
1302,6,1,15,0,1,1,1,0,2,2,0
1303,5,4,15,4,1,1,1,1,2,2,0
1304,12,4,15,2,3,0,1,1,2,2,1
1305,9,4,1,2,12,0,1,1,2,2,1
1306,5,4,15,4,1,1,1,0,1,2,0
1307,8,4,1,2,3,0,1,1,2,2,1
1308,6,4,9,0,12,3,1,0,2,2,0
1309,7,4,11,0,4,1,1,1,2,2,0
1310,9,4,11,2,7,0,1,1,2,2,1
1311,9,7,11,2,11,0,1,1,2,2,0
1312,9,4,0,2,7,0,1,1,2,2,0
1313,12,4,3,2,9,0,1,1,1,2,0
1314,11,4,0,2,8,0,1,1,2,2,1
1315,7,4,11,2,6,0,1,1,2,2,1
1316,9,6,9,2,4,0,1,1,2,2,1
1317,10,4,7,2,8,0,1,1,2,2,0
1318,8,4,9,2,3,0,1,1,2,2,1
1319,4,4,8,4,1,3,1,0,2,2,0
1320,8,2,12,6,4,4,1,1,2,2,0
1321,13,4,12,2,4,0,1,1,0,2,1
1322,8,6,5,2,6,0,1,1,1,2,0
1323,8,4,7,2,13,0,1,1,1,2,0
1324,3,4,12,4,10,3,1,0,1,2,0
1325,4,4,8,5,7,1,1,1,2,2,1
1326,3,4,5,4,6,3,1,0,0,2,0
1327,4,1,15,4,1,4,1,0,1,2,0
1328,11,4,9,0,8,1,1,1,2,2,0
1329,7,4,9,2,12,0,1,1,2,2,1
1330,5,4,9,4,4,1,1,0,1,2,0
1331,4,4,9,4,4,4,1,1,2,2,0
1332,9,4,9,2,1,5,1,0,0,2,1
1333,5,4,11,2,14,5,1,0,2,2,1
1334,10,4,11,2,1,5,1,0,2,2,0
1335,5,4,7,4,1,4,0,0,2,0,0
1336,4,4,9,4,4,3,1,0,2,2,0
1337,4,4,11,4,8,3,1,1,1,2,0
1338,8,5,9,4,10,1,1,1,2,2,0
1339,7,4,5,2,6,0,1,1,2,2,0
1340,8,4,15,3,7,1,1,1,2,2,1
1341,12,5,9,2,4,0,1,1,2,2,0
1342,5,2,10,0,10,1,0,0,2,2,0
1343,10,4,11,2,12,5,1,0,1,2,1
1344,10,2,9,5,10,4,1,0,2,2,0
1345,7,4,9,2,10,0,1,1,2,2,0
1346,4,4,11,4,4,2,1,0,2,2,0
1347,5,4,11,4,7,3,1,1,1,2,0
1348,4,4,1,4,8,3,1,0,1,2,0
1349,11,4,11,0,7,1,1,1,3,2,0
1350,13,4,9,2,12,0,1,1,1,2,1
1351,7,4,11,2,8,0,1,1,2,2,1
1352,6,0,9,4,0,3,0,0,2,3,0
1353,5,4,12,2,10,0,1,1,2,2,0
1354,5,5,7,2,12,3,1,1,2,1,0
1355,6,4,15,2,7,0,1,1,2,2,1
1356,9,4,15,2,13,0,1,1,2,1,0
1357,7,4,1,2,3,0,1,1,2,2,0
1358,5,4,9,4,10,1,1,1,2,2,0
1359,8,4,15,2,6,0,1,1,2,2,0
1360,7,7,9,2,4,0,1,1,1,2,1
1361,7,4,12,4,4,3,1,0,2,2,0
1362,6,4,15,4,1,4,1,0,2,2,0
1363,10,4,11,2,1,0,1,1,1,2,0
1364,6,4,12,4,12,1,1,0,2,2,0
1365,3,1,15,4,1,1,1,0,1,2,0
1366,6,2,9,2,10,0,1,1,2,2,1
1367,8,0,6,2,0,0,1,1,2,2,1
1368,12,6,15,4,12,1,1,0,2,2,0
1369,11,4,9,2,10,0,0,1,0,2,0
1370,11,4,11,2,8,0,1,1,2,2,0
1371,6,4,11,2,14,0,1,1,4,2,0
1372,4,2,9,4,10,3,1,0,2,2,1
1373,8,4,8,2,4,0,1,1,1,2,1
1374,3,6,15,4,12,1,1,1,2,2,0
1375,4,6,10,4,10,3,1,0,1,2,0
1376,3,4,9,4,4,1,1,0,1,2,0
1377,6,4,15,2,12,0,1,1,2,2,1
1378,12,4,15,2,6,0,1,1,1,2,0
1379,7,1,15,4,1,1,1,1,2,2,0
1380,10,2,11,2,3,0,1,1,2,2,0
1381,4,5,9,4,4,3,1,1,2,2,0
1382,6,5,11,0,5,1,1,1,2,2,0
1383,11,0,9,2,0,0,1,1,2,2,0
1384,5,4,11,4,7,3,1,1,2,2,0
1385,4,4,10,4,4,3,1,1,1,2,0
1386,8,4,11,2,3,0,1,1,2,2,1
1387,7,2,8,2,10,0,1,1,2,2,0
1388,13,4,15,2,13,0,1,1,2,2,0
1389,6,4,11,2,8,0,1,1,2,2,0
1390,5,6,2,4,3,3,1,1,2,2,0
1391,14,4,5,2,7,0,1,1,2,2,1
1392,6,4,6,0,8,4,1,0,2,2,0
1393,6,4,12,4,12,1,1,1,2,2,0
1394,6,6,9,0,8,1,1,1,2,2,1
1395,9,4,9,2,10,0,1,1,2,1,1
1396,7,4,9,5,12,4,0,0,2,4,0
1397,7,4,15,2,12,0,1,1,2,2,0
1398,7,4,7,2,4,0,1,1,3,2,0
1399,7,4,15,2,8,0,1,1,3,2,0
1400,7,7,9,2,4,0,1,1,2,2,0
1401,7,4,11,2,6,0,1,1,2,2,1
1402,6,4,15,3,5,4,1,0,2,1,0
1403,7,4,4,2,5,0,1,1,2,2,1
1404,4,4,15,4,7,1,1,0,2,2,0
1405,7,7,11,4,8,3,1,1,1,2,0
1406,10,4,8,0,6,1,1,1,2,2,1
1407,5,2,8,4,11,3,1,1,3,2,0
1408,10,4,15,2,12,0,1,1,1,2,1
1409,4,7,15,0,13,1,1,1,1,2,0
1410,6,4,9,2,4,0,0,1,1,0,0
1411,7,4,9,2,4,0,1,1,2,2,1
1412,11,2,12,0,10,4,1,0,2,4,1
1413,7,4,15,2,8,5,1,0,2,2,0
1414,3,5,11,4,12,3,0,0,1,2,0
1415,7,7,9,2,4,0,1,1,2,2,1
1416,10,4,6,0,14,1,0,1,3,2,0
1417,9,4,11,2,3,0,1,1,2,2,1
1418,6,4,0,2,14,0,1,1,4,2,0
1419,8,4,15,2,6,0,1,1,2,2,0
1420,9,4,1,2,3,0,1,1,2,2,0
1421,6,4,11,4,7,3,1,0,2,2,0
1422,7,2,5,2,14,0,1,1,2,2,0
1423,10,7,11,2,10,0,1,1,1,2,1
1424,11,4,9,4,4,2,1,1,2,2,0
1425,8,2,15,4,4,1,1,1,2,2,0
1426,5,0,11,4,0,1,0,0,3,4,0
1427,9,7,9,2,10,0,1,1,2,2,1
1428,5,4,15,2,1,5,1,0,1,2,0
1429,9,4,9,2,10,0,1,1,2,2,1
1430,6,4,9,2,12,0,1,1,2,2,0
1431,11,4,2,2,8,0,1,1,2,2,0
1432,5,4,9,2,12,0,1,1,2,2,0
1433,10,0,15,2,0,0,0,1,2,2,1
1434,6,0,15,0,0,4,0,0,2,2,0
1435,4,4,14,2,10,0,1,1,1,2,1
1436,10,6,11,2,3,0,1,1,2,2,1
1437,8,4,2,2,1,5,1,0,2,2,0
1438,12,4,10,2,10,0,1,1,2,2,1
1439,7,4,9,0,4,4,0,1,2,2,0
1440,7,0,15,2,0,0,1,1,2,2,1
1441,4,6,9,2,5,0,1,1,1,2,1
1442,10,4,14,4,13,2,1,0,2,2,0
1443,10,0,9,2,0,5,0,0,1,2,0
1444,13,4,11,6,7,1,1,1,2,2,0
1445,9,4,11,2,8,0,1,1,3,2,1
1446,5,4,4,4,7,3,1,1,1,2,0
1447,7,4,1,2,14,0,1,1,2,2,0
1448,9,4,15,2,4,0,1,1,2,2,0
1449,9,0,3,5,0,1,1,0,2,2,0
1450,5,2,15,2,14,0,1,1,2,2,0
1451,6,4,11,0,8,4,1,0,2,2,0
1452,7,4,11,2,6,0,1,1,3,2,0
1453,16,4,12,4,10,3,1,1,1,2,0
1454,11,4,9,2,10,5,1,0,2,2,0
1455,6,0,3,2,0,0,0,1,3,2,0
1456,10,2,11,5,1,1,1,0,2,2,0
1457,7,4,11,2,3,0,1,1,2,2,0
1458,5,4,9,2,12,5,1,0,2,2,1
1459,7,4,11,4,3,3,1,1,2,2,0
1460,7,7,9,4,10,1,1,1,0,2,0
1461,6,4,0,2,3,0,1,1,2,2,0
1462,5,0,11,4,0,1,0,1,2,2,0
1463,8,4,2,6,8,1,1,0,0,2,0
1464,5,0,1,4,0,3,0,0,1,2,0
1465,5,4,11,2,3,3,1,1,2,2,0
1466,5,5,15,4,12,2,1,0,2,2,0
1467,3,4,14,4,10,2,1,1,1,2,0
1468,10,4,11,2,7,0,1,1,2,2,0
1469,5,4,11,4,10,1,1,1,2,2,0
1470,4,4,2,4,7,2,0,1,2,0,0
1471,5,2,11,2,11,0,1,1,4,2,0
1472,7,2,8,2,1,0,1,1,2,2,1
1473,4,4,11,4,3,1,1,1,1,2,0
1474,8,0,9,0,0,1,1,0,2,2,0
1475,7,4,11,2,3,0,0,1,2,2,0
1476,6,4,15,4,12,1,1,1,2,2,0
1477,7,7,9,0,10,1,1,0,2,2,0
1478,5,4,11,4,12,3,1,0,2,2,0
1479,9,2,11,2,11,0,1,1,2,2,0
1480,9,4,8,0,13,1,1,0,3,2,0
1481,10,4,11,0,1,4,1,0,2,2,0
1482,6,6,8,2,5,0,1,1,1,2,0
1483,12,4,4,2,5,0,1,1,2,2,1
1484,8,4,15,2,7,0,1,1,2,2,1
1485,6,5,14,4,10,1,0,0,2,2,1
1486,6,4,9,2,12,0,1,1,2,2,1
1487,3,4,11,4,7,3,0,1,0,2,0
1488,5,4,15,4,7,3,1,1,2,2,0
1489,4,4,12,4,10,3,1,0,1,2,0
1490,11,4,5,0,7,1,1,0,1,2,0
1491,5,4,15,2,8,5,1,0,1,2,0
1492,7,7,15,2,10,0,1,1,2,2,1
1493,9,4,15,0,12,1,1,0,2,2,0
1494,7,4,9,2,12,0,1,1,2,2,0
1495,5,4,12,4,6,1,1,0,0,2,1
1496,14,4,11,2,6,0,1,1,2,2,0
1497,6,6,11,4,5,1,1,1,3,2,0
1498,12,6,9,2,10,0,0,1,2,2,1
1499,9,4,1,4,14,3,0,1,2,2,0
1500,9,4,11,4,1,3,1,0,2,2,0
1501,4,4,9,4,12,1,1,1,2,2,0
1502,6,4,11,4,6,1,1,1,2,2,0
1503,4,6,10,0,10,4,1,0,3,2,0
1504,8,6,15,2,12,5,1,0,2,2,1
1505,7,4,15,2,1,5,1,0,1,2,0
1506,8,4,15,4,13,3,1,0,2,1,0
1507,8,4,12,0,7,4,1,1,2,2,0
1508,5,7,10,4,4,3,1,1,2,2,0
1509,6,4,0,2,14,0,1,1,2,2,1
1510,3,1,9,4,12,1,1,0,0,2,0
1511,5,4,0,2,8,0,1,1,2,3,1
1512,8,5,7,0,12,1,1,1,2,2,0
1513,12,4,9,2,12,0,1,1,2,2,0
1514,7,2,15,2,11,0,1,1,2,2,0
1515,10,7,9,5,10,1,1,1,2,3,0
1516,4,4,12,4,4,3,1,0,1,2,0
1517,7,4,11,0,1,2,1,0,2,2,0
1518,9,4,9,0,1,4,1,0,2,2,1
1519,10,6,15,2,3,0,0,1,2,2,1
1520,5,4,5,2,1,5,1,0,2,2,0
1521,8,4,9,5,1,4,0,1,3,2,0
1522,11,5,9,2,5,0,1,1,2,2,1
1523,11,0,9,3,0,1,1,1,2,2,0
1524,5,6,10,4,10,1,1,0,0,2,0
1525,10,4,12,2,6,0,1,1,2,2,1
1526,5,4,11,4,3,1,1,1,2,4,1
1527,7,2,15,2,1,5,1,0,1,2,1
1528,8,4,11,0,6,4,0,0,2,2,0
1529,5,4,9,2,4,0,1,1,2,2,1
1530,3,0,15,4,0,3,1,0,2,2,0
1531,13,4,15,2,7,0,1,1,2,2,0
1532,9,4,8,2,5,0,1,1,2,2,1
1533,12,2,12,2,10,0,1,1,2,2,1
1534,10,4,11,3,8,1,1,0,2,3,0
1535,6,4,8,4,10,4,1,1,2,2,0
1536,5,4,8,4,7,1,1,1,2,2,0
1537,5,4,10,4,10,1,1,0,2,2,0
1538,7,0,0,4,0,4,0,0,2,2,0
1539,7,7,15,2,8,0,1,1,2,2,1
1540,8,4,11,2,12,0,1,1,2,2,0
1541,7,2,9,2,11,0,1,1,3,2,0
1542,6,4,15,3,6,1,1,0,1,2,1
1543,8,4,11,0,14,4,1,1,2,2,0
1544,5,2,2,4,8,3,1,0,2,2,0
1545,7,4,12,2,10,0,1,1,2,2,1
1546,4,4,11,2,8,0,1,1,1,2,0
1547,9,4,15,2,14,0,0,1,2,2,1
1548,7,4,1,2,12,5,0,0,1,2,1
1549,7,4,11,0,8,4,1,0,2,2,0
1550,7,4,7,2,8,0,1,1,2,2,0
1551,9,4,12,0,10,4,1,0,2,2,0
1552,10,4,1,0,8,4,1,0,2,2,1
1553,12,4,5,2,7,0,1,1,2,2,1
1554,6,4,15,4,7,1,1,1,1,2,1
1555,8,4,9,2,8,5,1,0,2,4,1
1556,9,4,11,0,8,4,1,1,1,2,0
1557,5,7,11,4,1,3,1,0,2,2,0
1558,9,4,6,2,7,0,1,1,1,2,1
1559,5,4,9,2,10,0,1,1,2,2,1
1560,5,4,9,4,10,1,1,0,2,2,0
1561,3,4,11,4,4,2,0,1,1,2,0
1562,4,4,11,4,14,1,1,1,2,2,0
1563,5,4,1,4,8,4,1,0,2,2,0
1564,9,5,9,0,12,3,1,0,2,2,0
1565,7,6,15,2,4,0,1,1,1,2,1
1566,7,0,9,2,0,0,1,1,2,2,0
1567,4,4,11,4,3,3,1,1,2,1,0
1568,9,4,11,4,1,1,1,1,2,2,0
1569,8,6,9,0,10,4,0,0,2,2,1
1570,6,4,15,4,12,3,0,0,2,2,0
1571,6,4,9,2,10,3,1,1,2,2,0
1572,4,2,8,4,1,4,1,1,1,2,0
1573,16,4,15,4,8,3,1,0,1,2,0
1574,11,4,0,2,7,0,1,1,2,2,0
1575,8,4,8,2,1,5,1,0,2,2,1
1576,12,1,12,2,4,0,1,1,2,2,0
1577,9,4,9,2,8,0,1,1,2,2,1
1578,5,4,10,0,10,1,1,1,2,2,0
1579,6,6,11,2,3,0,1,1,2,2,1
1580,7,6,11,0,10,1,1,0,2,2,0
1581,12,2,9,2,10,0,1,1,2,2,0
1582,7,4,15,4,3,3,1,1,2,2,0
1583,5,6,7,5,1,3,1,0,2,2,0
1584,10,4,11,2,7,0,1,1,2,2,0
1585,10,4,14,2,10,0,1,1,2,2,1
1586,13,2,15,6,4,1,1,1,0,2,0
1587,7,4,11,4,7,3,1,0,3,1,0
1588,11,4,11,2,6,0,1,1,2,2,1
1589,8,4,5,2,5,0,1,1,2,2,0
1590,3,4,15,4,3,1,1,1,2,2,0
1591,5,7,11,4,10,1,1,1,3,2,0
1592,10,4,9,2,5,0,1,1,3,2,1
1593,5,4,11,4,8,1,0,1,2,2,0
1594,4,2,7,4,1,1,1,0,2,2,0
1595,11,4,6,2,14,0,1,1,2,2,1
1596,4,4,11,4,8,2,1,0,2,2,0
1597,14,4,9,2,4,0,1,1,2,2,0
1598,6,5,9,5,4,1,1,1,2,2,0
1599,10,4,9,2,4,0,1,1,2,2,0
1600,6,2,7,2,8,5,1,0,2,2,1
1601,7,4,9,0,12,1,1,0,2,2,0
1602,4,4,15,4,8,3,1,0,2,2,0
1603,5,4,10,2,12,0,1,1,1,2,0
1604,6,2,15,4,10,3,1,1,2,2,0
1605,5,4,11,4,14,1,1,1,2,2,0
1606,6,4,3,4,3,1,1,1,3,2,0
1607,3,4,11,4,7,1,1,1,1,2,0
1608,8,6,9,2,10,0,0,1,2,2,0
1609,10,4,15,0,1,4,1,0,1,2,0
1610,11,0,11,2,0,0,1,1,2,2,0
1611,8,6,13,4,5,1,1,1,2,2,0
1612,9,4,15,0,4,1,1,0,2,3,0
1613,6,4,11,2,4,0,1,1,0,2,0
1614,4,4,11,4,8,3,1,0,2,2,0
1615,13,4,9,2,4,0,1,1,0,2,1
1616,7,4,9,0,12,1,1,1,2,2,0
1617,10,4,5,2,6,0,1,1,2,4,0
1618,3,2,15,4,0,1,1,0,2,2,0
1619,12,4,7,2,7,0,1,1,2,2,1
1620,5,4,11,4,7,1,1,0,2,2,0
1621,10,4,1,2,6,0,1,1,2,2,1
1622,5,2,11,4,5,1,1,1,2,2,0
1623,4,4,9,4,10,1,1,0,2,2,0
1624,7,6,15,2,3,0,1,1,3,2,1
1625,9,4,8,4,10,3,1,0,2,2,0
1626,3,4,11,4,10,4,0,0,1,2,0
1627,6,4,9,4,1,1,1,0,2,2,0
1628,8,4,9,0,1,4,1,0,2,2,0
1629,5,4,8,2,3,0,1,1,0,2,0
1630,8,4,1,3,12,3,0,0,2,4,1
1631,5,5,9,4,4,1,1,1,2,2,0
1632,8,4,11,2,14,0,1,1,3,2,0
1633,18,4,6,4,6,3,1,1,2,2,0
1634,6,4,11,2,3,0,1,1,2,4,1
1635,6,4,11,2,8,0,1,1,0,2,0
1636,7,4,12,0,10,3,1,1,1,2,0
1637,3,4,11,4,12,4,1,0,1,2,0
1638,10,6,7,2,10,0,1,1,3,2,1
1639,6,2,15,4,1,1,0,0,2,2,0
1640,10,4,9,2,13,0,1,1,2,2,1
1641,9,4,11,0,14,1,1,1,2,2,0
1642,8,4,11,2,8,0,0,1,2,2,0
1643,9,4,9,2,3,0,1,1,2,2,1
1644,10,2,9,2,10,0,1,1,2,2,1
1645,7,4,15,2,12,0,0,1,2,0,0
1646,8,4,11,4,1,1,1,0,2,2,0
1647,4,4,6,4,14,1,1,1,1,2,0
1648,9,4,7,2,4,0,1,1,2,2,0
1649,7,4,11,4,3,3,1,1,3,2,0
1650,7,4,2,2,6,0,1,1,2,2,1
1651,6,4,12,2,10,0,1,1,1,2,0
1652,6,4,5,2,3,0,1,1,2,2,0
1653,4,2,15,4,8,3,1,0,1,2,0
1654,10,4,7,4,8,3,1,0,2,2,0
1655,4,4,1,4,5,3,1,0,1,2,0
1656,6,4,4,0,8,4,1,0,2,2,0
1657,12,6,12,2,4,0,1,1,2,2,1
1658,8,4,9,2,7,4,0,0,3,0,1
1659,11,4,15,6,8,4,1,0,1,2,0
1660,3,4,11,4,3,1,1,1,0,2,0
1661,12,4,0,2,14,0,1,1,1,2,1
1662,8,4,12,0,4,1,1,1,2,2,0
1663,4,2,9,4,10,3,0,1,2,2,0
1664,7,4,15,4,4,3,1,1,2,2,0
1665,17,2,12,6,10,4,1,0,1,2,0
1666,8,4,15,0,3,1,1,1,2,2,0
1667,8,4,11,2,8,0,1,1,2,2,1
1668,4,4,1,2,6,0,1,1,0,2,0
1669,8,4,2,2,6,0,1,1,2,2,0
1670,6,6,9,2,5,0,1,1,2,2,1
1671,7,2,9,2,10,0,1,1,2,2,1
1672,8,4,11,3,8,4,1,0,2,2,0
1673,4,7,9,4,8,1,1,0,1,2,0
1674,11,4,9,0,1,3,1,0,2,2,0
1675,5,4,11,2,3,0,1,1,2,2,0
1676,9,4,0,2,7,0,1,1,2,2,1
1677,4,4,15,4,13,3,1,0,2,1,0
1678,6,2,11,2,8,0,1,1,2,2,1
1679,8,4,15,2,1,0,1,1,2,2,0
1680,9,4,11,2,8,0,1,1,2,2,0
1681,10,4,7,0,1,4,1,0,1,2,0
1682,4,4,10,4,10,4,0,0,2,2,0
1683,16,4,11,2,7,0,1,1,1,2,1
1684,7,4,12,2,10,5,0,0,2,2,0
1685,8,4,1,2,6,0,1,1,2,2,1
1686,8,4,12,2,4,0,1,1,2,2,0
1687,3,4,15,4,8,1,1,0,1,2,1
1688,7,7,12,4,10,3,1,1,2,2,0
1689,5,4,15,2,12,5,1,0,2,2,0
1690,4,4,0,2,3,0,1,1,1,2,1
1691,8,4,11,2,12,0,1,1,2,2,0
1692,6,4,9,2,10,0,1,1,2,2,1
1693,5,4,9,4,8,3,1,1,2,1,0
1694,13,2,12,2,10,0,1,1,2,2,1
1695,8,4,11,0,1,1,1,0,2,2,0
1696,11,4,11,4,3,1,1,1,2,2,0
1697,8,4,15,2,12,0,1,1,2,2,0
1698,5,4,6,2,12,0,1,1,2,2,0
1699,10,4,15,0,8,1,0,0,2,4,0
1700,6,4,11,2,3,0,1,1,2,2,1
1701,8,0,15,4,0,3,1,0,2,2,0
1702,4,4,15,4,12,1,1,0,2,2,0
1703,14,4,11,2,14,0,1,1,2,2,0
1704,6,4,2,2,1,5,1,0,2,2,1
1705,10,1,15,6,1,1,1,0,2,2,0
1706,11,4,11,2,12,0,1,1,2,2,0
1707,14,4,15,6,6,1,1,1,3,1,0
1708,6,4,11,4,1,4,1,0,2,2,0
1709,3,7,15,4,1,3,1,0,2,2,0
1710,9,4,9,0,3,1,1,1,2,2,0
1711,5,4,9,4,10,3,1,0,3,2,0
1712,8,4,15,4,1,1,1,0,2,2,0
1713,7,4,12,2,4,0,1,1,2,2,0
1714,6,6,11,2,12,0,1,1,2,2,0
1715,9,4,15,2,8,5,1,0,2,2,0
1716,13,4,12,0,4,1,1,1,0,2,0
1717,8,5,15,0,8,4,1,0,2,2,0
1718,6,0,11,2,0,5,1,0,2,2,0
1719,5,4,15,4,3,1,1,0,2,2,0
1720,9,4,9,2,4,0,1,1,2,2,0
1721,4,4,7,4,1,3,0,0,2,0,0
1722,4,7,14,4,10,1,1,1,0,2,1
1723,9,4,5,2,12,0,1,1,2,2,1
1724,6,4,11,4,4,1,1,0,2,2,1
1725,7,4,11,2,8,0,1,1,2,1,0
1726,5,4,9,4,10,3,1,1,2,2,0
1727,6,4,11,4,1,1,1,0,2,2,0
1728,6,5,9,4,10,4,1,0,3,1,0
1729,4,4,4,4,7,1,1,1,2,2,0
1730,4,5,9,4,12,1,1,1,2,2,0
1731,3,6,1,4,10,3,1,0,2,2,0
1732,5,4,11,6,7,1,1,0,2,2,0
1733,7,4,11,4,4,3,1,1,3,2,0
1734,9,7,9,2,10,0,1,1,2,2,0
1735,4,4,11,4,12,3,1,0,2,2,0
1736,3,4,11,4,3,3,1,1,1,1,0
1737,5,4,15,0,1,1,1,0,2,2,0
1738,11,4,9,0,10,1,1,0,0,2,1
1739,9,4,11,2,8,0,1,1,2,2,0
1740,5,2,9,4,10,1,1,1,2,2,0
1741,11,2,9,2,10,0,1,1,2,2,1
1742,11,4,8,2,3,0,1,1,2,2,1
1743,8,4,9,2,4,0,0,1,2,2,1
1744,9,4,15,2,4,0,1,1,2,2,0
1745,13,4,11,2,3,0,1,1,1,2,0
1746,4,4,15,4,12,1,1,0,2,2,0
1747,11,0,15,0,0,4,1,0,3,2,0
1748,4,6,11,4,3,1,1,1,2,2,0
1749,5,2,9,4,14,1,1,1,2,2,0
1750,3,4,15,4,5,1,1,1,1,2,0
1751,7,4,10,2,10,0,1,1,2,2,1
1752,6,4,15,4,11,1,1,0,2,2,0
1753,8,2,7,2,10,5,1,0,2,2,1
1754,6,4,5,4,3,1,1,0,2,2,0
1755,7,4,15,2,3,0,1,1,2,1,0
1756,9,4,9,2,10,0,1,1,2,2,0
1757,7,4,11,4,6,3,1,1,2,2,0
1758,7,4,1,2,1,0,1,1,2,2,0
1759,6,4,11,2,6,0,1,1,2,2,0
1760,8,4,6,0,7,1,0,0,2,2,0
1761,7,4,12,0,12,4,1,0,2,0,0
1762,6,4,13,0,1,1,1,0,2,2,0
1763,7,4,15,2,6,0,1,1,2,2,0
1764,7,4,15,0,1,1,1,0,2,2,0
1765,7,4,11,0,7,1,1,0,4,2,0
1766,6,4,2,4,6,1,1,1,2,2,0
1767,6,4,11,0,4,1,1,0,2,2,1
1768,11,7,11,5,11,1,1,1,2,2,0
1769,7,4,15,4,1,3,0,1,2,2,0
1770,3,4,9,4,1,1,1,0,1,2,0
1771,4,0,15,4,0,1,1,0,0,2,0
1772,8,2,15,4,1,3,1,0,2,2,1
1773,8,6,11,2,3,0,1,1,2,2,1
1774,8,4,9,0,4,1,1,1,1,2,0
1775,9,4,9,2,3,0,1,1,2,2,1
1776,4,5,9,4,4,1,0,1,2,2,1
1777,4,4,11,2,6,0,1,1,2,2,0
1778,11,4,11,2,7,0,1,1,1,2,0
1779,5,7,11,4,4,4,0,0,1,0,0
1780,11,6,11,0,12,1,1,0,3,2,0
1781,9,4,15,4,3,3,1,1,2,2,0
1782,4,4,2,3,12,3,1,0,2,2,0
1783,12,4,9,2,3,0,1,1,2,2,0
1784,10,4,11,2,3,0,1,1,2,2,0
1785,5,6,12,2,10,0,1,1,2,2,0
1786,6,4,15,0,7,1,1,1,1,2,0
1787,5,2,9,4,10,4,0,0,2,2,0
1788,13,4,14,6,10,4,1,0,1,2,0
1789,4,6,1,4,3,1,1,1,2,2,0
1790,4,4,15,4,5,3,1,1,1,2,0
1791,5,4,11,2,14,0,1,1,2,2,0
1792,10,0,7,0,0,4,0,0,2,2,0
1793,7,4,10,2,10,0,1,1,3,2,1
1794,13,4,10,6,4,4,1,1,2,2,0
1795,6,2,9,2,4,0,1,1,2,2,0
1796,8,4,9,0,4,3,1,1,2,2,0
1797,3,4,15,4,12,1,1,1,1,2,0
1798,5,4,15,2,1,0,1,1,2,2,0
1799,10,4,11,3,10,4,1,0,2,4,0
1800,7,4,9,2,10,0,1,1,2,2,0
1801,9,4,11,2,7,0,1,1,2,2,0
1802,3,4,6,4,14,2,1,0,2,2,0
1803,6,4,11,0,12,1,1,1,2,2,1
1804,8,4,12,0,10,1,0,1,2,2,0
1805,10,4,15,2,8,0,1,1,2,2,0
1806,6,4,8,2,10,0,1,1,2,2,1
1807,14,5,9,2,12,0,1,1,0,2,0
1808,4,4,9,2,4,0,1,1,2,2,0
1809,11,4,11,2,3,0,1,1,3,4,0
1810,4,4,6,4,8,4,1,1,1,2,0
1811,4,4,11,2,3,0,1,1,1,2,0
1812,7,4,7,2,1,0,1,1,2,2,0
1813,5,4,13,4,4,3,1,0,2,2,0
1814,8,0,9,5,0,4,0,0,2,2,0
1815,5,4,15,5,4,3,0,1,2,2,0
1816,7,0,11,4,0,1,1,1,2,2,0
1817,8,2,7,5,1,4,1,0,2,2,0
1818,9,4,11,2,7,0,1,1,2,2,1
1819,12,4,2,6,6,1,1,1,2,2,0
1820,3,1,10,4,10,1,1,0,2,2,0
1821,10,4,6,2,7,0,0,1,2,2,1
1822,9,4,11,2,12,0,1,1,2,2,1
1823,7,4,11,2,3,2,1,1,1,2,0
1824,5,0,0,0,0,1,1,0,2,2,0
1825,4,4,15,4,3,1,1,1,1,2,0
1826,6,4,11,4,1,3,1,1,2,2,0
1827,9,4,11,6,1,1,1,1,2,4,0
1828,4,4,6,4,7,1,1,0,1,2,0
1829,7,4,11,2,1,0,0,1,2,2,0
1830,4,4,15,4,12,1,1,1,2,2,0
1831,4,4,5,4,12,2,1,0,2,2,0
1832,6,2,9,4,4,4,1,0,2,2,1
1833,8,4,11,2,3,0,1,1,2,2,1
1834,8,6,11,2,3,0,1,1,2,2,0
1835,10,4,11,2,5,0,1,1,2,2,0
1836,3,4,15,4,13,3,1,1,1,2,0
1837,9,7,7,2,10,0,0,1,3,2,1
1838,3,4,11,4,8,3,1,1,0,2,0
1839,8,4,15,0,8,1,1,0,2,2,1
1840,6,2,6,2,1,5,1,0,2,2,1
1841,9,4,8,2,3,0,0,1,2,2,0
1842,9,4,0,0,7,4,1,1,0,2,0
1843,5,4,15,5,10,1,1,0,1,2,0
1844,4,4,2,4,1,1,1,0,1,2,0
1845,8,4,11,4,1,3,1,0,3,2,0
1846,5,4,15,5,1,4,0,0,2,2,0
1847,12,2,12,0,10,4,1,0,2,2,0
1848,6,4,9,4,13,1,1,1,2,2,0
1849,8,4,15,4,8,1,1,0,2,2,0
1850,3,4,11,4,12,3,1,1,1,2,0
1851,9,4,11,4,7,3,1,1,0,1,0
1852,4,4,9,4,1,3,1,0,2,2,0
1853,9,0,7,2,0,0,1,1,2,2,1
1854,5,6,11,4,3,1,1,1,1,2,0
1855,11,1,8,2,11,0,1,1,2,2,1
1856,3,0,15,4,0,1,0,1,0,2,0
1857,9,4,6,2,8,5,1,0,2,1,0
1858,9,4,9,0,4,3,0,0,2,0,0
1859,10,7,4,2,7,0,1,1,2,2,0
1860,8,2,9,2,4,0,1,1,2,2,1
1861,6,4,11,2,14,0,1,1,2,2,1
1862,7,4,11,2,14,0,1,1,3,4,1
1863,9,0,15,4,0,1,1,0,2,2,0
1864,6,4,11,2,7,0,0,1,2,2,0
1865,11,2,15,2,8,0,1,1,2,2,1
1866,5,4,15,4,13,1,1,0,2,2,0
1867,11,4,11,2,8,0,1,1,2,2,0
1868,5,4,15,2,3,0,1,1,2,2,0
1869,6,4,11,4,7,1,1,0,4,2,0
1870,4,4,9,3,4,1,1,0,2,2,0
1871,8,4,11,2,13,0,1,1,2,2,1
1872,6,4,15,4,10,4,0,0,3,2,1
1873,4,4,11,4,6,1,1,1,2,2,0
1874,4,4,1,4,6,2,1,1,1,2,0
1875,10,4,1,2,10,0,1,1,2,2,1
1876,6,4,12,4,10,3,1,1,2,2,0
1877,10,7,11,4,3,3,1,0,2,2,0
1878,7,4,9,0,12,1,1,0,2,2,0
1879,7,4,11,2,12,0,1,1,0,2,0
1880,7,4,1,2,3,0,1,1,2,2,1
1881,8,4,15,0,10,1,1,1,2,2,0
1882,15,4,11,5,7,3,1,1,0,2,0
1883,11,4,11,2,1,5,1,0,2,2,0
1884,11,4,11,2,8,0,1,1,2,2,1
1885,5,0,0,4,0,1,1,0,2,2,0
1886,5,4,8,4,12,1,1,0,2,2,0
1887,4,1,11,4,3,1,1,1,2,2,0
1888,5,1,14,2,10,0,1,1,1,2,1
1889,6,4,15,4,4,1,1,1,1,2,0
1890,4,1,11,4,12,1,1,1,1,2,1
1891,3,4,11,4,6,1,1,0,1,2,0
1892,6,4,3,2,3,0,1,1,2,2,1
1893,7,7,1,0,8,1,1,0,2,2,0
1894,6,4,6,4,8,1,1,0,0,2,0
1895,6,4,1,4,3,1,1,1,2,2,0
1896,8,4,12,4,4,3,1,1,1,2,0
1897,8,4,15,2,10,0,1,1,1,2,1
1898,7,4,11,0,12,2,1,1,1,2,0
1899,7,4,11,2,3,5,1,0,2,2,1
1900,7,7,14,2,10,0,1,1,1,2,1
1901,5,4,9,2,4,0,1,1,2,2,0
1902,7,4,15,2,3,0,1,1,2,2,0
1903,11,4,15,2,11,0,1,1,2,2,1
1904,11,7,15,2,8,0,1,1,4,2,1
1905,5,4,3,2,7,0,1,1,2,2,0
1906,9,5,9,0,4,1,1,0,2,2,0
1907,10,4,9,5,3,1,1,1,2,2,0
1908,8,2,15,0,4,4,1,1,1,2,0
1909,13,4,6,2,3,0,1,1,2,2,0
1910,9,4,0,2,8,5,1,0,2,2,0
1911,7,4,11,0,1,1,0,1,2,2,0
1912,5,4,9,2,4,0,0,1,3,2,0
1913,8,4,14,2,10,5,1,0,2,2,0
1914,6,6,9,4,12,1,0,1,2,0,0
1915,8,2,12,2,10,0,1,1,2,2,1
1916,10,4,11,2,7,0,1,1,2,2,0
1917,7,4,5,2,8,0,1,1,1,2,0
1918,7,4,11,2,3,0,1,1,3,2,0
1919,13,6,5,2,14,0,1,1,2,2,0
1920,6,7,15,3,5,3,1,1,2,2,1
1921,8,4,2,4,1,1,1,0,2,2,0
1922,4,4,12,4,10,1,1,1,1,2,0
1923,5,4,7,4,12,3,1,1,2,2,0
1924,6,4,10,2,10,0,0,1,2,0,0
1925,9,4,6,2,14,0,1,1,2,2,0
1926,4,4,15,4,13,2,1,0,1,2,0
1927,10,4,12,2,14,0,0,1,1,2,1
1928,3,4,15,4,1,3,1,0,0,2,0
1929,8,4,1,5,8,2,0,1,2,0,0
1930,7,4,9,4,4,1,0,0,2,2,0
1931,4,7,9,4,10,4,1,0,2,2,0
1932,11,1,14,2,10,0,1,1,2,2,0
1933,9,4,11,2,7,0,1,1,4,2,0
1934,4,4,11,4,6,3,1,1,1,2,0
1935,6,4,9,4,1,1,1,1,1,2,0
1936,5,4,10,4,10,3,1,0,1,2,0
1937,14,4,6,0,7,1,1,0,2,2,0
1938,13,4,11,2,11,0,1,1,0,4,1
1939,6,4,11,2,8,0,1,1,1,2,0
1940,12,6,12,2,10,0,1,1,1,1,0
1941,5,4,11,4,8,1,0,0,1,2,0
1942,4,4,15,4,5,3,0,1,2,2,0
1943,9,4,15,2,11,0,1,1,4,2,0
1944,3,4,4,4,5,3,0,1,1,2,0
1945,10,7,12,2,10,0,1,1,2,2,0
1946,7,7,11,4,13,3,1,0,1,2,0
1947,7,4,9,2,3,0,1,1,2,2,0
1948,10,4,9,2,12,0,1,1,2,2,0
1949,11,4,11,4,14,3,0,1,2,2,0
1950,7,4,8,2,8,0,1,1,2,2,1
1951,12,4,15,2,8,0,1,1,2,2,0
1952,7,4,15,2,4,0,1,1,2,2,0
1953,7,4,9,5,4,1,1,0,1,2,0
1954,6,4,8,2,10,0,1,1,2,1,0
1955,7,4,15,4,12,3,0,1,2,0,0
1956,11,5,15,2,3,0,1,1,0,2,1
1957,10,6,15,2,3,0,1,1,2,2,0
1958,3,4,9,4,4,4,1,0,2,2,0
1959,10,2,14,2,10,0,1,1,0,2,0
1960,11,1,0,2,3,0,1,1,2,2,0
1961,4,5,11,4,12,3,1,0,2,2,0
1962,10,1,15,0,1,4,0,0,2,2,0
1963,12,6,12,6,10,2,0,1,2,2,0
1964,8,4,11,4,3,1,1,1,2,2,0
1965,4,4,11,4,12,3,1,0,1,2,0
1966,10,2,9,2,4,0,1,1,2,2,0
1967,12,1,11,2,4,0,1,1,1,2,0
1968,5,4,11,2,12,0,0,1,2,2,1
1969,8,4,6,4,3,3,1,1,2,2,0
1970,7,6,11,2,3,0,1,1,2,2,0
1971,6,4,1,2,10,0,1,1,2,2,1
1972,6,4,15,4,13,3,1,0,2,2,0
1973,4,2,9,2,11,0,0,1,1,2,1
1974,11,4,11,0,10,4,1,1,2,2,0
1975,9,4,11,2,6,0,1,1,3,3,1
1976,13,4,11,4,1,3,1,0,2,2,0
1977,3,4,9,4,7,3,1,0,0,2,0
1978,4,7,11,4,11,3,1,0,1,2,0
1979,11,4,11,2,1,0,0,1,1,0,0
1980,10,4,11,2,3,0,1,1,1,2,1
1981,11,4,15,0,13,4,1,0,1,2,0
1982,6,4,15,4,12,3,0,1,2,2,0
1983,3,4,11,4,8,3,1,0,2,2,0
1984,7,4,11,4,5,2,1,0,2,2,0
1985,8,4,8,0,1,1,1,0,2,2,0
1986,7,4,3,5,8,4,0,0,3,2,0
1987,7,4,15,2,4,0,0,1,2,2,1
1988,8,6,11,2,3,0,1,1,2,2,0
1989,5,4,9,4,10,3,1,0,2,2,0
1990,3,6,9,4,10,3,1,0,1,2,0
1991,7,4,12,4,4,1,1,0,2,2,0
1992,5,6,15,2,8,0,1,1,3,2,1
1993,6,4,4,4,6,3,1,0,2,2,0
1994,10,4,15,2,3,0,1,1,2,2,1
1995,8,4,7,4,10,3,1,1,3,2,0
1996,9,4,15,2,1,0,1,1,2,2,0
1997,14,4,5,2,7,0,1,1,0,2,0
1998,6,5,5,4,5,3,1,1,2,2,0
1999,7,4,4,2,14,0,1,1,2,2,1
2000,11,4,11,2,10,0,1,1,2,2,1
2001,11,1,11,4,1,4,1,0,3,2,0
2002,5,4,15,4,1,2,1,1,1,2,0
2003,5,4,5,2,3,0,1,1,1,2,0
2004,8,4,8,2,13,0,0,1,1,2,1
2005,12,4,15,2,12,0,1,1,0,2,0
2006,7,6,15,2,8,5,1,0,3,2,0
2007,4,0,6,4,0,1,1,0,3,2,0
2008,4,5,9,4,0,1,1,0,2,2,0
2009,6,5,11,2,3,0,1,1,2,2,1
2010,7,4,9,0,1,4,1,0,2,2,0
2011,10,4,0,2,3,0,1,1,2,2,1
2012,6,0,15,4,0,4,1,0,1,2,0
2013,6,4,8,3,10,1,1,0,3,2,0
2014,6,6,11,4,5,1,0,1,2,2,1
2015,4,4,15,4,12,1,1,0,2,2,0
2016,7,4,15,2,7,0,1,1,2,1,0
2017,6,4,12,4,10,2,1,1,2,2,0
2018,5,4,11,4,3,1,1,1,2,2,0
2019,4,4,9,4,8,1,1,0,0,2,0
2020,9,4,11,0,8,1,1,0,2,2,0
2021,7,6,15,2,5,0,0,1,2,2,0
2022,11,6,0,2,3,0,0,1,1,2,1
2023,7,4,11,2,7,0,1,1,1,2,0
2024,5,5,11,2,3,0,1,1,2,2,1
2025,4,1,11,2,1,0,1,1,3,2,0
2026,8,4,15,4,8,3,1,0,2,2,0
2027,5,4,15,4,14,1,1,1,1,2,0
2028,6,4,11,2,8,0,1,1,2,2,0
2029,7,4,11,2,8,0,1,1,2,2,0
2030,6,6,9,0,10,4,1,1,2,2,0
2031,9,4,11,2,3,0,1,1,2,2,0
2032,8,4,5,2,11,0,1,1,1,2,0
2033,5,4,11,4,6,1,1,1,1,2,0
2034,9,4,15,2,7,0,0,1,2,2,0
2035,13,4,11,6,8,4,1,0,2,2,0
2036,7,4,11,2,12,0,1,1,2,2,1
2037,12,4,8,0,8,1,1,1,3,2,0
2038,9,4,9,2,10,0,0,1,2,0,0
2039,11,4,11,2,6,0,1,1,2,2,1
2040,6,6,14,4,10,3,1,0,2,2,0
2041,6,4,7,4,4,3,1,1,2,2,0
2042,9,4,9,0,1,4,0,0,2,2,0
2043,4,6,0,4,4,1,1,1,2,2,0
2044,10,6,11,2,14,0,1,1,2,2,0
2045,6,7,9,2,4,0,1,1,1,2,1
2046,5,4,1,2,12,5,1,0,2,2,0
2047,7,4,2,2,12,0,1,1,2,2,0
2048,10,1,9,2,10,0,1,1,2,2,1
2049,11,4,11,2,1,0,0,1,2,2,1
2050,5,4,12,5,10,1,1,0,2,2,0
2051,10,4,2,2,6,0,1,1,3,2,1
2052,4,0,11,4,0,3,1,1,2,2,0
2053,8,4,4,4,8,1,1,0,2,2,0
2054,4,2,11,4,8,3,1,0,1,2,0
2055,9,2,9,2,10,0,1,1,2,2,0
2056,12,4,11,2,5,0,1,1,2,1,1
2057,4,4,15,4,4,1,1,1,2,2,0
2058,6,6,12,2,4,0,1,1,2,2,1
2059,7,4,15,2,3,0,1,1,2,2,0
2060,6,5,5,0,12,4,1,0,1,2,0
2061,5,4,9,2,3,0,1,1,2,2,0
2062,16,4,1,2,14,0,1,1,3,2,0
2063,9,4,7,0,13,4,1,0,2,2,0
2064,4,4,6,4,14,3,1,0,2,2,0
2065,6,4,7,2,13,0,1,1,2,2,0
2066,3,4,11,4,1,4,1,0,1,2,0
2067,6,6,15,0,10,2,1,1,2,2,0
2068,8,2,15,0,14,1,1,1,1,2,0
2069,6,4,15,2,3,0,1,1,1,2,0
2070,5,4,9,2,12,0,1,1,3,2,1
2071,6,2,3,2,14,0,1,1,1,2,0
2072,11,4,9,2,12,0,0,1,2,2,0
2073,5,4,7,4,12,3,1,0,2,2,0
2074,7,4,9,2,10,0,1,1,2,2,1
2075,9,4,15,2,3,2,0,1,2,2,0
2076,4,0,15,4,0,1,1,0,2,2,0
2077,14,2,6,2,14,0,1,1,0,2,0
2078,3,4,11,4,13,1,1,1,1,2,0
2079,4,4,9,4,8,3,0,0,0,2,0
2080,5,4,9,0,3,1,1,1,4,2,1
2081,10,4,11,0,12,3,0,1,2,2,0
2082,7,4,0,2,3,0,1,1,4,2,1
2083,14,4,15,2,10,0,1,1,1,2,0
2084,7,4,1,5,1,4,1,0,1,2,0
2085,6,4,11,2,10,0,1,1,2,2,0
2086,11,1,11,2,13,0,1,1,2,2,0
2087,5,4,11,4,3,1,1,1,2,2,0
2088,10,4,15,0,4,1,1,0,1,2,0
2089,4,4,7,4,1,1,1,0,1,2,0
2090,10,4,9,4,1,4,1,0,2,2,0
2091,10,4,15,2,4,0,1,1,2,2,1
2092,6,7,11,2,3,0,1,1,2,4,1
2093,11,4,15,4,8,1,0,0,2,2,0
2094,7,4,14,0,10,1,1,1,2,2,0
2095,12,4,11,6,12,1,1,1,2,2,0
2096,10,4,15,4,8,1,1,0,2,2,0
2097,12,2,8,2,10,0,1,1,0,4,0
2098,8,4,1,2,11,0,1,1,1,2,0
2099,4,4,5,4,8,1,0,0,2,2,1
2100,4,7,11,4,8,4,1,0,1,2,0
2101,9,4,12,2,11,0,1,1,2,2,1
2102,5,5,15,4,12,1,1,1,2,2,0
2103,5,4,11,4,1,3,0,0,1,2,0
2104,10,7,7,2,11,0,1,1,0,2,0
2105,7,4,5,2,5,0,1,1,2,2,0
2106,9,4,11,0,6,1,1,1,2,2,0
2107,10,4,9,3,12,1,1,1,2,2,0
2108,8,4,15,3,12,1,1,1,2,2,0
2109,11,4,8,2,3,0,0,1,3,2,0
2110,11,0,15,2,0,5,0,0,2,2,0
2111,9,0,2,2,0,0,1,1,2,2,1
2112,7,4,8,4,8,1,1,0,2,2,0
2113,9,4,11,2,6,0,1,1,2,2,1
2114,10,4,4,2,6,0,1,1,2,2,0
2115,6,4,11,2,1,0,1,1,2,2,1
2116,6,4,11,4,1,4,1,0,2,1,0
2117,5,4,11,4,11,3,1,1,1,2,0
2118,4,4,15,4,7,1,1,1,2,2,0
2119,4,0,1,4,0,3,1,0,0,2,0
2120,12,7,15,0,11,1,0,0,2,0,0
2121,6,4,0,3,5,1,1,1,1,2,0
2122,7,4,11,2,13,0,1,1,2,2,1
2123,11,4,11,2,6,0,1,1,2,2,0
2124,9,4,9,2,4,0,1,1,2,2,0
2125,8,7,12,2,10,0,1,1,2,2,1
2126,10,1,12,0,4,1,1,0,2,2,0
2127,9,4,11,4,8,3,1,0,2,2,0
2128,6,4,5,0,3,1,0,1,2,2,0
2129,11,4,0,2,7,0,1,1,2,2,1
2130,5,4,11,2,7,0,1,1,1,2,1
2131,7,6,0,6,5,1,0,1,2,2,0
2132,9,5,11,0,1,2,1,0,1,2,0
2133,5,4,15,2,4,0,1,1,2,1,0
2134,6,4,11,0,1,4,0,0,1,2,0
2135,7,5,11,2,4,0,0,1,2,0,1
2136,11,4,15,2,8,5,1,0,2,2,0
2137,8,0,0,2,0,5,0,0,3,2,1
2138,8,6,15,2,3,0,1,1,1,2,1
2139,4,4,15,4,1,1,1,0,1,2,0
2140,8,4,11,3,1,4,0,0,2,2,0
2141,6,4,5,2,5,0,1,1,2,2,1
2142,5,4,15,4,1,1,1,1,2,2,0
2143,10,4,7,2,4,0,1,1,1,2,0
2144,4,0,8,4,0,3,0,0,2,2,1
2145,9,4,9,2,12,0,1,1,2,2,0
2146,10,4,7,2,4,0,1,1,2,2,0
2147,11,4,9,2,3,0,0,1,2,2,0
2148,6,4,11,2,6,0,1,1,2,2,0
2149,10,4,15,2,12,0,1,1,2,2,1
2150,6,4,8,2,8,0,1,1,2,2,0
2151,9,4,11,4,12,3,1,0,1,1,0
2152,8,4,11,0,8,4,0,0,2,2,0
2153,4,1,15,4,12,1,1,1,2,2,0
2154,7,4,11,2,14,0,1,1,2,2,0
2155,4,4,1,4,8,3,1,0,2,2,0
2156,8,4,11,0,8,1,1,0,3,2,0
2157,13,4,0,2,3,0,1,1,0,2,1
2158,4,4,11,4,6,1,1,0,2,2,0
2159,7,4,2,2,6,0,1,1,2,2,0
2160,5,1,11,2,14,0,1,1,0,2,1
2161,8,4,11,2,6,0,1,1,2,2,0
2162,5,4,11,4,9,3,1,0,1,2,0
2163,3,0,4,4,0,4,0,0,0,2,0
2164,7,5,15,2,12,0,1,1,3,2,1
2165,9,4,10,0,13,3,1,1,3,2,0
2166,6,4,9,0,10,1,1,0,2,2,0
2167,9,4,11,2,3,0,1,1,0,2,1
2168,6,4,9,2,12,0,1,1,2,2,1
2169,8,4,7,4,7,1,1,1,3,2,0
2170,8,6,9,2,12,0,1,1,2,2,1
2171,14,2,15,4,8,1,1,1,1,2,0
2172,4,4,11,4,7,3,0,1,1,2,0
2173,5,4,9,4,10,1,1,1,2,2,0
2174,5,7,12,2,10,0,1,1,2,2,0
2175,9,4,15,4,12,4,1,1,2,2,0
2176,5,4,14,2,10,0,1,1,2,2,1
2177,10,4,11,0,6,1,1,0,2,2,0
2178,7,4,11,2,7,0,1,1,2,2,0
2179,6,4,11,2,7,0,1,1,2,2,0
2180,5,4,11,3,1,1,1,0,2,2,1
2181,5,4,11,4,14,3,1,1,2,2,0
2182,13,4,15,2,3,0,1,1,1,2,1
2183,10,6,11,6,8,0,1,1,2,2,0
2184,10,0,9,2,0,0,1,1,1,2,0
2185,3,6,15,4,5,4,1,1,0,2,0
2186,5,5,11,2,12,0,1,1,2,2,0
2187,10,0,15,0,0,4,1,1,2,2,0
2188,11,4,15,3,4,4,0,0,2,2,0
2189,5,5,4,2,7,0,1,1,1,4,0
2190,7,4,11,2,12,0,1,1,2,2,1
2191,3,4,12,4,13,3,1,1,0,2,0
2192,9,4,9,4,10,1,1,0,1,2,0
2193,8,4,11,0,8,1,1,1,2,2,0
2194,7,2,9,2,11,0,1,1,2,2,1
2195,6,4,11,4,5,1,1,1,2,2,0
2196,11,4,11,2,3,0,1,1,2,2,0
2197,6,4,5,5,9,4,0,0,1,2,0
2198,4,0,11,4,0,1,0,0,2,2,0
2199,4,5,11,4,12,1,1,1,2,2,0
2200,5,4,15,4,1,4,1,0,2,2,0
2201,4,4,15,4,8,4,1,0,2,2,0
2202,7,4,11,4,1,4,1,1,2,2,0
2203,9,4,11,2,1,0,0,1,2,2,1
2204,9,4,1,2,6,0,1,1,1,2,0
2205,14,6,11,2,3,0,1,1,0,2,1
2206,13,4,9,2,12,0,1,1,0,2,0
2207,5,2,14,4,10,1,1,1,2,2,0
2208,4,4,15,4,8,3,0,1,0,4,0
2209,6,4,6,2,9,3,1,0,3,2,0
2210,8,4,12,4,12,3,1,0,2,2,0
2211,6,0,11,4,0,3,1,0,3,2,0
2212,12,4,11,0,1,4,0,0,2,2,0
2213,7,1,11,5,4,4,0,1,1,4,0
2214,5,4,1,0,6,1,1,1,2,2,0
2215,11,1,9,4,3,1,1,0,2,2,1
2216,4,6,11,4,3,1,1,1,2,2,0
2217,6,7,11,0,4,1,1,0,2,2,0
2218,5,6,9,2,4,0,1,1,2,2,1
2219,4,4,11,4,8,2,0,0,2,0,0
2220,4,4,9,4,10,3,1,1,2,2,0
2221,14,8,5,2,13,0,1,1,1,2,0
2222,10,1,11,4,1,1,1,0,3,2,0
2223,6,7,7,4,1,1,1,0,2,2,0
2224,4,4,9,4,4,3,1,1,2,2,0
2225,3,4,11,3,14,3,1,1,1,2,0
2226,6,4,11,0,3,1,1,1,2,2,0
2227,9,4,12,6,10,1,1,0,2,2,0
2228,5,4,11,3,14,4,0,1,3,2,0
2229,5,4,1,4,14,3,1,1,2,2,0
2230,7,4,11,2,3,0,1,1,2,2,1
2231,10,4,8,0,3,1,1,1,3,2,0
2232,14,6,11,6,12,1,1,0,1,2,0
2233,5,4,11,4,8,1,1,0,2,2,0
2234,3,4,15,4,8,1,1,0,1,2,0
2235,7,4,12,0,4,1,1,1,2,2,0
2236,5,4,11,4,14,1,1,1,1,2,0
2237,10,6,9,0,4,4,1,0,2,2,0
2238,6,4,9,2,6,0,1,1,2,2,0
2239,4,4,9,4,12,3,1,1,2,2,0
2240,6,4,11,2,14,0,1,1,2,2,1
2241,7,4,11,2,3,0,1,1,2,2,1
2242,7,4,15,0,8,4,1,0,2,2,0
2243,3,4,11,0,1,4,1,0,2,2,0
2244,5,4,11,2,3,0,1,1,2,3,1
2245,5,4,15,4,12,1,1,1,2,2,0
2246,10,6,15,2,4,0,1,1,2,2,1
2247,6,4,9,2,3,0,0,1,2,2,0
2248,12,6,11,0,12,4,0,0,0,2,0
2249,10,6,15,2,12,0,1,1,2,2,1
2250,9,4,11,2,3,0,0,1,1,2,0
2251,6,6,15,2,5,0,1,1,2,2,1
2252,9,4,9,0,7,1,1,1,2,2,0
2253,9,4,9,2,10,5,1,0,2,2,0
2254,6,4,11,2,14,0,1,1,2,2,0
2255,5,4,9,0,10,1,1,1,2,3,0
2256,12,4,6,2,8,0,0,1,1,0,1
2257,10,4,11,0,6,1,1,1,2,2,0
2258,6,4,1,4,12,2,1,1,1,2,0
2259,12,4,15,2,13,0,0,1,2,2,1
2260,7,4,9,4,12,1,1,1,2,2,0
2261,3,4,11,4,8,1,1,0,1,2,0
2262,6,2,12,2,10,0,0,1,2,0,0
2263,6,2,15,4,8,3,1,0,2,2,0
2264,6,4,1,4,14,3,1,1,2,2,0
2265,3,7,11,4,14,3,1,1,0,2,0
2266,4,4,11,4,3,1,1,1,1,1,0
2267,5,4,15,4,12,1,1,0,2,2,0
2268,3,4,15,4,8,1,1,0,2,2,0
2269,4,7,12,4,10,3,1,1,2,2,0
2270,7,1,15,2,13,0,1,1,2,2,0
2271,7,4,15,4,12,1,1,1,2,2,0
2272,11,5,8,2,12,0,1,1,2,2,1
2273,8,4,11,2,8,0,1,1,1,2,1
2274,12,2,11,2,3,0,1,1,0,2,1
2275,7,4,11,4,1,3,1,0,0,2,0
2276,12,4,11,2,7,0,1,1,1,2,1
2277,10,4,0,2,3,0,1,1,3,2,1
2278,6,5,14,2,10,5,1,0,2,2,0
2279,9,4,15,0,4,1,1,1,2,2,1
2280,6,4,15,2,4,5,1,0,3,2,0
2281,4,4,2,4,8,3,1,0,3,2,0
2282,9,4,12,2,10,0,1,1,1,2,1
2283,7,4,15,2,12,0,1,1,2,2,1
2284,10,4,15,0,1,4,1,0,3,2,0
2285,5,4,11,2,8,0,1,1,2,2,1
2286,9,2,9,3,10,4,1,0,1,2,0
2287,5,6,11,4,8,1,1,0,2,2,0
2288,4,6,15,4,4,3,1,1,0,2,0
2289,4,2,1,4,8,4,0,0,2,2,0
2290,11,4,15,6,8,1,1,1,2,2,0
2291,9,4,11,2,12,0,1,1,2,2,0
2292,4,6,9,4,10,1,1,0,2,2,0
2293,12,4,15,2,7,0,1,1,1,2,0
2294,6,4,9,2,12,0,1,1,2,2,1
2295,4,2,15,4,3,1,1,1,2,2,0
2296,8,6,9,2,5,0,1,1,2,2,0
2297,12,4,11,0,1,1,0,0,2,2,0
2298,8,4,12,5,13,4,1,0,2,2,0
2299,9,5,11,2,12,0,1,1,1,2,0
2300,9,4,1,0,6,1,1,0,2,2,0
2301,10,6,11,2,14,0,1,1,2,2,1
2302,11,7,10,0,10,1,1,1,0,2,0
2303,8,4,11,4,12,3,0,0,2,2,0
2304,7,6,9,2,10,0,1,1,3,2,0
2305,8,7,11,4,8,1,1,1,2,2,0
2306,5,4,12,4,13,1,0,1,1,2,0
2307,13,4,12,6,10,1,1,1,1,2,0
2308,11,4,11,2,3,0,1,1,2,2,0
2309,5,4,15,4,1,3,1,0,2,2,0
2310,11,4,11,2,3,0,1,1,1,2,1
2311,12,4,2,6,12,1,1,1,2,2,0
2312,5,4,9,2,12,0,1,1,1,2,1
2313,10,6,9,2,5,0,1,1,3,2,0
2314,9,4,15,4,7,3,1,1,1,2,0
2315,4,4,15,4,1,3,1,0,1,2,0
2316,8,4,11,4,7,3,1,0,2,2,0
2317,5,4,15,4,7,1,1,1,1,2,0
2318,6,4,11,0,8,3,1,1,3,2,0
2319,4,4,11,4,7,1,1,1,1,2,0
2320,6,4,9,4,12,2,1,1,2,2,0
2321,7,5,9,4,4,1,1,0,3,2,0
2322,8,4,9,0,8,1,1,0,2,2,1
2323,13,4,15,2,12,0,0,1,1,2,0
2324,9,4,11,2,7,0,1,1,1,2,1
2325,5,1,9,2,10,0,1,1,2,2,0
2326,11,4,11,2,3,0,1,1,2,2,0
2327,6,4,15,2,1,2,1,0,1,2,0
2328,4,2,11,4,10,1,1,1,0,2,0
2329,3,6,11,4,3,1,1,1,1,2,0
2330,5,5,11,2,3,0,1,1,2,2,1
2331,13,4,11,2,14,0,0,1,2,2,1
2332,13,4,11,2,4,0,1,1,2,2,0
2333,4,0,5,4,0,1,0,0,0,2,0
2334,5,4,11,4,7,1,0,0,2,2,0
2335,8,4,11,2,4,5,1,0,1,2,0
2336,8,4,11,2,3,0,1,1,2,2,1
2337,12,2,15,0,1,4,1,0,1,2,1
2338,6,5,11,4,12,3,1,1,3,1,0
2339,6,4,0,0,7,4,1,0,2,2,0
2340,15,0,1,2,0,0,1,1,0,2,0
2341,5,4,11,2,4,4,1,1,2,2,1
2342,5,4,9,4,4,3,1,1,2,2,0
2343,8,6,9,2,10,0,1,1,2,2,1
2344,3,4,9,4,12,1,1,0,1,2,0
2345,9,4,9,5,12,0,0,1,2,4,1
2346,9,4,9,2,10,5,1,0,2,2,0
2347,6,0,9,2,0,5,1,0,2,2,0
2348,9,4,15,3,4,1,1,0,3,2,0
2349,13,4,15,6,3,4,1,1,0,2,0
2350,9,4,15,6,1,1,0,1,2,2,0
2351,12,4,1,2,6,0,1,1,2,2,0
2352,6,4,12,2,12,0,1,1,2,2,0
2353,7,4,11,2,8,5,0,0,2,2,1
2354,9,2,12,5,10,4,1,0,3,2,0
2355,3,1,15,4,1,4,1,0,2,2,0
2356,3,6,9,4,10,3,1,0,1,2,0
2357,9,4,12,2,10,0,1,1,1,2,0
2358,15,7,9,2,4,0,1,1,1,2,0
2359,8,4,9,2,8,0,1,1,2,2,0
2360,7,5,11,2,1,0,1,1,2,2,1
2361,7,4,15,2,1,0,1,1,2,2,1
2362,8,4,9,2,3,0,1,1,2,4,1
2363,8,4,3,5,8,1,1,1,2,2,0
2364,11,4,9,0,4,4,0,1,2,2,0
2365,11,4,9,2,10,0,1,1,2,2,1
2366,5,4,11,4,6,3,1,1,0,2,0
2367,4,4,15,4,8,3,0,0,0,0,1
2368,10,4,6,0,7,4,1,0,2,2,0
2369,9,4,11,2,14,0,1,1,1,2,0
2370,6,6,15,2,5,0,1,1,2,2,0
2371,5,4,9,0,4,4,1,0,1,2,0
2372,10,4,15,0,1,1,1,0,2,2,1
2373,3,4,10,4,10,1,1,0,1,2,0
2374,9,6,11,2,5,0,1,1,2,0,0
2375,6,6,14,3,10,4,1,0,1,2,0
2376,5,2,14,4,10,1,1,1,1,4,1
2377,8,4,9,2,4,0,1,1,2,3,0
2378,7,4,11,2,12,5,1,0,0,2,0
2379,6,4,11,2,12,0,1,1,2,2,0
2380,10,2,9,2,10,5,1,0,2,2,1
2381,11,7,14,0,10,1,0,0,2,2,0
2382,8,6,11,5,8,4,1,0,2,2,0
2383,4,2,7,4,10,3,1,0,2,2,0
2384,7,4,11,0,12,1,1,1,2,2,0
2385,4,4,1,4,8,3,1,0,2,2,0
2386,10,4,12,5,10,1,1,0,2,2,0
2387,4,5,11,4,4,3,1,1,3,2,0
2388,8,4,9,0,10,1,1,0,2,2,0
2389,7,4,11,0,8,4,1,0,2,2,0
2390,8,4,2,2,6,0,1,1,2,2,0
2391,6,4,11,2,8,0,1,1,2,2,0
2392,5,4,15,0,1,4,1,0,2,2,1
2393,4,4,13,4,7,1,1,1,2,2,0
2394,3,4,2,4,9,1,1,0,0,2,0
2395,4,4,9,4,10,2,1,0,1,2,0
2396,9,4,15,2,5,0,1,1,2,2,1
2397,8,4,9,0,4,2,1,0,2,2,1
2398,7,4,9,2,13,0,1,1,2,2,0
2399,7,4,11,2,3,0,1,1,2,2,0
2400,4,4,0,4,8,1,0,0,2,2,0
2401,8,4,11,2,3,0,1,1,2,2,1
2402,7,4,9,2,10,0,1,1,3,2,0
2403,6,4,15,4,8,1,1,1,2,2,1
2404,7,4,10,2,4,0,1,1,2,2,0
2405,7,2,11,0,14,1,0,1,2,2,0
2406,9,5,11,0,12,4,1,1,2,2,0
2407,12,4,0,2,6,0,1,1,2,2,1
2408,8,1,11,0,1,2,1,0,3,2,0
2409,12,6,15,0,14,1,1,1,2,2,0
2410,8,2,12,2,10,0,1,1,2,3,1
2411,4,4,9,4,1,3,1,0,2,2,0
2412,6,4,12,2,10,0,1,1,2,2,1
2413,9,6,11,4,3,1,1,1,3,2,0
2414,10,2,9,0,10,1,0,1,2,2,0
2415,7,4,11,2,1,0,1,1,1,2,0
2416,7,4,11,2,7,2,1,1,2,2,0
2417,4,4,15,4,1,1,0,0,1,2,0
2418,4,4,11,4,1,3,1,0,1,2,0
2419,7,4,15,2,3,0,0,1,1,2,1
2420,10,4,15,2,14,0,1,1,1,4,0
2421,5,4,11,4,3,1,1,1,2,2,0
2422,6,4,14,0,10,1,1,0,2,2,0
2423,9,4,8,4,4,1,0,1,2,0,0
2424,8,7,15,0,1,1,1,0,2,2,0
2425,4,4,15,4,8,1,1,1,2,2,0
2426,7,1,10,5,10,1,1,1,2,2,0
2427,5,6,11,4,8,3,1,0,2,2,0
2428,4,4,11,4,14,1,1,1,2,2,0
2429,7,4,11,0,8,4,1,0,3,2,0
2430,3,4,8,4,12,1,1,1,1,2,0
2431,8,6,12,2,10,0,1,1,2,2,0
2432,5,1,9,4,4,2,0,0,2,2,0
2433,7,4,0,2,7,0,1,1,2,0,0
2434,4,4,4,4,14,1,1,1,2,2,0
2435,3,4,11,4,12,3,1,0,2,2,0
2436,9,1,12,0,10,1,1,1,2,2,1
2437,11,7,11,6,8,1,1,0,1,2,0
2438,9,2,11,2,7,0,1,1,2,2,0
2439,8,4,15,3,1,4,1,0,2,2,0
2440,5,4,12,4,12,1,1,1,2,2,0
2441,3,4,15,4,7,1,1,1,1,2,0
2442,6,2,3,0,10,4,1,1,2,2,0
2443,10,4,12,2,4,0,1,1,2,2,1
2444,9,4,15,2,12,0,0,1,2,0,1
2445,5,4,11,4,14,3,1,1,2,2,0
2446,7,4,11,2,3,0,1,1,2,2,0
2447,4,4,11,4,6,1,1,0,2,2,0
2448,3,4,11,4,8,1,1,1,0,2,0
2449,8,4,11,2,7,5,1,0,1,2,1
2450,11,4,15,1,8,4,1,1,2,2,0
2451,8,7,11,2,3,0,1,1,3,2,1
2452,8,4,11,2,13,5,1,0,3,2,0
2453,4,4,15,4,12,1,1,0,2,2,0
2454,5,4,11,4,3,3,1,1,1,2,0
2455,5,4,12,2,4,5,0,0,2,2,1
2456,4,4,12,2,12,0,1,1,1,2,0
2457,7,2,11,0,10,1,1,0,2,2,0
2458,5,4,7,4,5,1,1,1,1,2,0
2459,10,4,11,0,12,1,1,0,1,2,0
2460,5,2,15,4,4,3,1,1,2,2,0
2461,6,4,9,0,10,4,1,1,2,2,0
2462,9,4,15,2,3,0,1,1,3,2,1
2463,8,4,12,2,10,0,1,1,2,2,0
2464,7,4,11,2,1,0,1,1,2,1,0
2465,8,4,0,2,7,0,1,1,1,2,1
2466,4,1,15,4,1,1,1,0,1,2,0
2467,3,6,11,4,4,3,1,0,0,2,0
2468,4,6,11,4,3,4,1,0,1,2,0
2469,5,4,15,4,1,3,1,0,2,2,0
2470,6,6,11,0,4,4,1,0,1,2,0
2471,4,4,9,2,10,0,1,1,0,2,0
2472,4,4,11,4,7,3,1,1,2,2,0
2473,4,4,11,2,8,0,1,1,2,2,1
2474,8,4,9,0,12,1,1,1,2,2,0
2475,7,4,15,2,13,0,1,1,2,2,0
2476,7,5,11,2,4,5,1,0,2,2,1
2477,6,2,11,2,11,0,0,1,2,2,0
2478,8,4,11,0,1,4,0,1,2,2,0
2479,7,4,9,4,4,1,1,1,2,2,0
2480,7,4,9,2,12,0,1,1,3,2,0
2481,15,4,11,6,1,2,1,0,1,2,0
2482,3,4,11,4,7,3,1,0,2,2,0
2483,9,4,11,4,6,1,0,0,2,2,0
2484,9,4,11,0,1,1,1,0,2,2,1
2485,13,4,2,2,8,0,1,1,1,2,0
2486,8,4,15,0,7,4,1,1,2,2,0
2487,3,4,15,4,7,1,1,0,0,2,0
2488,7,4,11,2,4,0,1,1,2,2,1
2489,5,4,11,4,14,2,0,1,3,2,0
2490,4,4,9,2,4,0,1,1,2,2,0
2491,6,4,11,4,1,1,1,0,2,0,0
2492,8,0,0,6,0,4,1,0,2,2,1
2493,11,4,8,2,8,0,1,1,2,2,0
2494,4,4,6,4,9,3,1,0,2,2,0
2495,10,4,1,2,7,0,1,1,2,2,1
2496,4,4,11,4,1,3,1,1,2,2,0
2497,13,4,11,6,6,1,1,1,2,2,0
2498,5,2,11,4,11,1,1,1,1,2,0
2499,8,4,11,0,1,2,1,0,2,2,1
2500,7,4,15,4,12,3,1,1,2,2,0
2501,3,4,11,4,8,2,1,1,0,2,0
2502,8,4,11,2,3,0,1,1,1,2,0
2503,9,4,11,2,6,0,1,1,2,2,1
2504,7,4,11,2,4,0,1,1,2,2,0
2505,4,4,9,4,7,3,1,1,0,2,0
2506,4,2,9,4,4,2,1,1,2,2,0
2507,3,4,15,4,5,3,1,1,0,2,0
2508,7,4,11,2,12,0,1,1,2,2,1
2509,13,4,15,6,12,1,1,0,1,2,0
2510,9,6,12,2,4,0,1,1,1,2,1
2511,5,4,11,4,14,4,1,1,2,2,0
2512,4,7,15,4,10,3,1,0,0,2,0
2513,15,4,9,2,3,0,1,1,3,2,0
2514,5,4,11,2,14,0,1,1,2,2,1
2515,10,6,7,2,10,0,1,1,2,2,1
2516,8,2,11,4,6,1,1,1,2,2,0
2517,9,4,15,2,3,0,1,1,2,2,1
2518,3,4,11,4,6,2,0,1,1,2,0
2519,8,4,15,2,13,5,1,0,2,2,0
2520,8,0,7,4,4,1,1,0,2,2,0
2521,7,1,11,2,3,0,0,1,2,2,1
2522,4,1,9,4,1,1,1,1,1,2,1
2523,6,0,15,2,0,0,1,1,2,2,1
2524,9,7,9,2,11,0,1,1,2,2,1
2525,7,4,9,0,4,1,1,0,2,2,0
2526,4,6,14,2,10,0,1,1,2,2,1
2527,11,4,15,2,14,0,1,1,2,2,1
2528,9,4,15,2,1,0,1,1,2,2,0
2529,5,4,15,2,5,0,1,1,2,2,0
2530,11,4,12,6,10,2,1,0,1,2,0
2531,5,7,10,2,10,0,1,1,2,2,0
2532,7,4,11,6,8,4,1,0,2,2,0
2533,11,4,11,2,1,5,0,0,2,0,1
2534,8,4,10,2,10,0,1,1,0,2,0
2535,4,4,11,4,12,3,1,1,1,2,0
2536,10,4,15,2,3,0,1,1,2,2,0
2537,10,4,11,2,1,0,1,1,2,2,1
2538,10,4,0,4,8,1,1,0,2,2,0
2539,11,4,11,6,7,1,1,0,2,2,0
2540,12,1,9,2,3,0,1,1,0,2,0
2541,8,1,15,2,8,0,1,1,2,2,1
2542,9,4,4,2,7,5,1,0,2,2,0
2543,4,4,15,4,1,3,1,1,0,2,0
2544,7,4,15,4,1,1,0,1,2,2,0
2545,3,4,11,4,1,2,1,0,0,2,0
2546,10,0,11,2,0,0,1,1,2,2,1
2547,10,1,11,2,1,0,1,1,4,2,0
2548,9,4,15,0,1,1,1,0,3,2,1
2549,9,1,14,2,10,0,1,1,2,2,1
2550,7,4,11,4,3,4,1,0,3,2,0
2551,11,4,15,0,8,4,1,0,2,2,0
2552,11,4,12,0,4,4,1,0,2,2,0
2553,4,4,6,4,3,1,1,0,2,2,0
2554,5,4,7,4,12,4,0,0,2,2,0
2555,7,6,8,2,8,0,1,1,2,2,0
2556,9,4,11,2,14,0,1,1,2,2,1
2557,5,4,11,2,14,0,1,1,2,2,0
2558,4,7,9,4,10,3,1,1,2,2,0
2559,7,4,11,2,12,0,0,1,2,0,1
2560,5,4,15,2,3,0,1,1,2,2,0
2561,8,4,15,0,1,1,1,1,2,2,0
2562,13,0,15,2,0,0,1,1,2,2,0
2563,14,4,11,0,7,1,1,0,0,2,0
2564,8,5,7,2,4,0,0,1,0,2,0
2565,7,4,11,0,4,4,0,1,2,0,0
2566,4,6,9,4,12,1,1,0,0,2,0
2567,5,4,1,4,14,3,1,1,2,2,0
2568,7,6,8,4,3,1,1,1,2,2,0
2569,5,4,0,4,8,3,1,0,2,1,0
2570,13,1,15,0,4,4,1,1,0,2,0
2571,10,0,6,2,0,0,1,1,2,2,1
2572,9,5,11,2,12,0,1,1,2,2,1
2573,11,6,9,2,5,0,1,1,1,2,1
2574,11,2,1,2,14,5,1,0,2,2,1
2575,10,4,0,2,3,0,1,1,3,2,0
2576,13,4,11,2,4,0,1,1,2,2,0
2577,3,4,0,4,14,3,1,1,0,2,0
2578,10,4,15,2,8,0,0,1,2,2,0
2579,4,4,15,4,1,1,1,0,0,2,1
2580,6,5,15,5,12,4,1,0,2,2,0
2581,8,4,9,2,4,0,1,1,3,2,1
2582,10,4,15,0,1,4,1,0,2,2,1
2583,7,4,12,2,4,0,1,1,1,2,0
2584,6,2,14,2,10,0,1,1,3,2,1
2585,4,6,7,4,4,3,1,0,2,2,0
2586,4,4,5,4,3,1,1,1,3,2,0
2587,9,4,9,2,4,0,1,1,1,2,1
2588,9,4,11,2,3,0,1,1,2,2,0
2589,3,4,11,4,7,3,1,1,2,2,0
2590,14,2,15,2,1,0,1,1,3,2,1
2591,7,4,15,4,1,3,1,0,2,2,0
2592,13,4,0,1,12,5,0,0,1,2,0
2593,8,2,15,2,4,0,1,1,2,2,0
2594,4,4,0,4,8,1,1,0,1,2,0
2595,7,4,11,0,3,4,1,0,2,2,0
2596,13,4,7,2,4,0,1,1,2,2,1
2597,11,4,9,2,3,0,1,1,2,2,1
2598,4,4,1,4,8,1,1,0,1,2,0
2599,5,0,3,4,0,1,1,0,2,2,0
2600,5,4,2,2,7,0,1,1,2,2,1
2601,7,7,9,2,4,0,1,1,2,2,0
2602,4,4,11,4,3,3,1,1,1,2,0
2603,5,4,1,4,8,2,1,0,2,1,0
2604,6,4,11,5,7,3,1,0,2,2,0
2605,7,4,11,4,8,1,1,0,2,2,0
2606,6,4,11,2,14,0,1,1,1,2,1
2607,12,4,11,2,12,0,1,1,0,2,1
2608,5,4,0,2,14,0,1,1,2,2,0
2609,9,4,11,0,12,1,1,1,2,2,0
2610,8,4,9,2,3,0,1,1,2,2,1
2611,9,4,11,2,3,0,0,1,2,2,0
2612,8,2,11,2,8,0,1,1,4,2,0
2613,7,0,0,4,0,3,0,1,0,2,0
2614,4,4,11,4,8,1,0,1,2,2,0
2615,4,4,9,2,12,0,1,1,0,2,0
2616,11,4,15,2,1,0,1,1,2,2,0
2617,8,4,9,2,10,5,1,0,2,2,1
2618,7,4,9,2,6,0,1,1,2,2,0
2619,9,6,11,0,1,4,1,0,3,2,0
2620,4,4,0,4,12,3,1,1,2,2,0
2621,8,0,11,2,0,0,1,1,2,2,1
2622,6,2,11,2,3,0,1,1,1,2,0
2623,11,4,9,0,8,1,1,0,2,2,0
2624,6,2,9,2,10,0,0,1,0,4,0
2625,6,4,15,4,3,4,1,1,2,2,0
2626,12,4,11,2,14,0,1,1,2,2,1
2627,4,5,0,2,12,0,1,1,2,2,0
2628,5,4,15,2,13,0,1,1,1,2,0
2629,8,4,11,2,7,0,1,1,2,2,0
2630,9,4,9,2,1,0,1,1,2,2,1
2631,9,4,15,4,3,3,1,1,0,2,0
2632,6,4,15,4,4,3,1,1,2,4,0
2633,6,4,15,2,7,0,1,1,2,2,0
2634,6,4,1,4,6,1,1,1,2,2,0
2635,10,4,11,2,6,0,1,1,1,2,0
2636,3,2,9,4,10,3,0,1,1,2,0
2637,5,5,15,2,4,0,1,1,2,2,0
2638,8,4,8,2,3,0,1,1,2,2,1
2639,10,7,11,6,11,1,1,0,2,2,0
2640,3,4,1,4,8,4,1,0,0,2,1
2641,8,4,11,5,7,4,1,0,2,2,0
2642,9,6,12,0,10,1,1,0,2,2,0
2643,7,2,9,4,10,1,1,1,2,0,0
2644,11,4,11,2,3,0,1,1,2,2,1
2645,7,4,9,2,12,0,0,1,1,2,0
2646,7,4,11,0,3,4,0,1,3,0,0
2647,6,4,11,4,3,1,1,1,2,2,0
2648,6,4,11,4,14,4,0,1,3,2,0
2649,9,4,5,2,5,5,0,0,1,2,0
2650,5,2,11,2,3,0,0,1,1,2,0
2651,12,4,1,4,1,1,1,0,1,2,0
2652,4,4,11,4,12,1,1,1,2,2,0
2653,6,6,11,2,12,0,1,1,2,2,1
2654,8,4,7,4,1,3,1,0,2,2,0
2655,8,4,11,4,8,1,1,0,2,2,0
2656,5,7,11,4,8,3,1,1,2,2,0
2657,8,4,15,5,12,4,0,0,2,2,0
2658,8,4,15,2,1,0,1,1,2,2,1
2659,3,4,9,4,12,1,0,0,2,0,0
2660,7,2,11,0,10,4,1,0,2,2,0
2661,7,4,9,4,10,3,1,0,2,4,0
2662,10,4,0,2,8,5,1,0,2,2,1
2663,6,4,9,2,10,0,1,1,2,2,1
2664,4,4,9,2,4,0,1,1,1,2,0
2665,10,4,12,2,10,0,0,1,2,2,0
2666,9,4,11,0,8,1,0,0,1,2,0
2667,10,4,9,2,8,0,1,1,2,2,1
2668,10,5,11,2,4,0,1,1,2,2,0
2669,6,4,0,4,8,2,1,0,2,2,0
2670,9,6,0,6,8,4,1,0,2,2,0
2671,7,4,9,2,10,0,1,1,2,2,0
2672,10,4,11,0,12,1,1,1,2,1,0
2673,11,4,15,2,3,0,1,1,2,2,0
2674,11,4,15,2,12,0,1,1,2,2,0
2675,6,2,11,4,4,3,1,1,2,2,0
2676,9,4,9,0,4,1,1,0,2,2,0
2677,5,4,11,4,8,1,1,0,1,2,0
2678,12,4,8,2,13,5,0,0,2,2,0
2679,5,2,11,4,1,3,1,0,2,2,0
2680,9,6,0,0,5,4,1,0,2,2,0
2681,5,1,11,4,1,3,1,0,2,2,0
2682,6,4,9,2,13,0,1,1,3,2,1
2683,12,2,11,0,1,1,1,0,2,2,0
2684,11,4,9,0,10,4,1,0,2,2,0
2685,7,4,15,0,12,1,0,1,2,2,0
2686,10,6,6,2,3,0,1,1,2,2,1
2687,6,4,9,4,8,1,1,0,2,2,0
2688,8,6,11,2,5,0,1,1,2,2,1
2689,5,4,11,2,7,0,0,1,2,2,0
2690,7,4,9,2,3,0,1,1,2,2,0
2691,4,2,11,4,11,2,1,0,2,2,0
2692,8,4,11,4,12,1,1,0,2,2,0
2693,11,4,15,2,1,0,1,1,1,2,0
2694,11,4,15,2,4,0,1,1,3,2,0
2695,4,4,8,4,8,1,1,0,2,2,0
2696,5,4,11,3,6,1,1,1,1,2,0
2697,3,4,11,4,1,2,1,0,2,2,0
2698,4,4,11,4,8,1,1,0,2,2,0
2699,12,4,11,6,6,1,1,1,2,3,1
2700,6,2,9,0,4,1,1,1,2,2,0
2701,4,4,15,4,1,1,0,0,0,2,0
2702,5,4,9,4,4,1,1,1,2,2,0
2703,6,0,5,4,0,1,1,1,2,2,0
2704,6,4,15,0,12,1,1,1,1,2,0
2705,8,4,7,2,4,0,1,1,3,2,1
2706,4,4,0,4,7,1,1,0,2,2,0
2707,8,2,9,4,4,3,1,1,4,2,0
2708,9,7,14,2,10,0,1,1,2,2,0
2709,4,4,11,4,14,3,1,1,2,2,0
2710,10,7,11,6,10,4,1,0,2,2,0
2711,7,1,8,0,11,1,1,0,3,2,0
2712,4,4,15,4,7,3,1,1,1,2,0
2713,8,4,11,2,3,0,1,1,3,2,0
2714,7,6,8,2,3,0,1,1,0,2,0
2715,3,1,7,2,1,0,1,1,0,2,0
2716,5,4,15,4,3,1,1,1,2,2,0
2717,4,2,5,4,8,3,1,0,1,2,0
2718,7,4,11,4,1,2,1,0,3,2,0
2719,9,2,15,4,11,1,1,1,2,2,0
2720,5,2,12,2,10,0,1,1,2,2,1
2721,7,4,8,2,3,0,1,1,2,2,0
2722,8,4,15,4,9,3,1,0,2,2,0
2723,13,4,9,3,1,4,1,0,2,2,0
2724,9,4,11,0,8,2,1,0,2,2,0
2725,6,1,12,5,10,4,0,0,1,2,0
2726,12,7,9,0,1,4,1,1,1,2,0
2727,6,4,15,2,3,0,1,1,2,2,0
2728,5,6,11,4,8,3,1,0,2,2,0
2729,5,4,2,2,12,0,1,1,0,2,0
2730,6,6,9,5,5,2,1,1,2,2,0
2731,8,4,11,0,1,4,1,0,3,2,0
2732,8,4,11,0,4,4,1,0,2,0,0
2733,6,4,9,2,10,0,1,1,2,2,1
2734,6,7,9,4,10,3,1,0,2,2,0
2735,4,4,11,2,3,0,0,1,2,4,0
2736,9,6,15,2,3,0,1,1,2,2,0
2737,3,4,11,4,8,1,1,0,1,2,0
2738,10,4,5,5,1,1,1,0,2,1,0
2739,8,4,1,0,3,1,1,1,2,2,0
2740,7,0,15,2,0,0,1,1,3,2,1
2741,4,2,10,2,10,0,1,1,2,2,0
2742,9,4,15,4,8,2,1,0,3,2,0
2743,5,4,11,4,6,1,1,1,2,2,0
2744,9,0,11,4,0,1,1,0,1,2,0
2745,6,4,12,2,10,0,1,1,2,2,1
2746,8,4,9,0,10,3,1,0,2,2,0
2747,6,4,15,0,4,4,1,0,2,2,0
2748,12,4,11,2,7,0,1,1,2,2,0
2749,6,5,9,2,12,0,1,1,2,2,1
2750,12,4,15,2,14,0,1,1,2,2,0
2751,5,4,0,2,6,0,1,1,1,2,1
2752,10,4,10,2,10,0,1,1,2,2,0
2753,11,4,9,2,4,0,1,1,2,2,1
2754,5,4,11,2,8,2,1,1,1,2,0
2755,11,2,9,2,1,5,1,0,2,2,1
2756,8,1,11,2,1,0,1,1,2,2,1
2757,14,7,11,2,5,5,1,0,1,2,0
2758,9,4,15,2,6,0,1,1,2,2,0
2759,6,4,15,5,1,1,1,0,2,2,0
2760,5,4,2,4,8,3,0,0,2,2,0
2761,9,4,8,4,12,3,1,1,1,2,0
2762,7,4,11,0,1,1,1,1,2,2,1
2763,12,4,11,6,14,3,1,1,1,2,0
2764,9,4,15,2,3,0,0,1,2,2,1
2765,11,4,11,2,5,0,1,1,2,2,1
2766,4,7,11,4,4,2,1,1,1,2,0
2767,7,6,15,4,12,1,1,0,1,2,0
2768,5,4,9,3,13,1,1,0,2,1,0
2769,5,2,9,2,10,0,1,1,2,2,0
2770,6,5,9,2,4,0,1,1,2,2,1
2771,5,2,15,4,10,2,1,1,2,2,0
2772,5,2,15,4,4,3,1,0,2,2,0
2773,8,4,15,3,1,4,1,1,3,2,0
2774,7,4,8,4,13,1,1,0,1,2,0
2775,10,4,7,2,1,0,1,1,2,2,1
2776,13,4,15,6,12,4,1,0,1,2,0
2777,8,4,11,2,4,0,1,1,2,2,0
2778,10,4,11,2,12,0,1,1,2,2,0
2779,7,4,9,2,10,0,0,1,2,2,1
2780,8,7,9,0,1,1,1,1,2,2,0
2781,8,6,9,2,4,0,1,1,2,2,0
2782,7,4,15,2,3,0,1,1,2,2,0
2783,5,4,11,4,12,1,1,0,2,2,0
2784,5,4,9,3,1,4,0,0,2,2,0
2785,7,4,11,2,12,2,0,0,2,2,0
2786,11,4,11,2,3,0,1,1,2,2,0
2787,9,2,9,0,10,1,1,1,2,2,0
2788,5,0,11,4,0,3,1,0,2,2,0
2789,6,4,4,2,7,0,1,1,2,2,0
2790,10,4,15,2,3,0,1,1,2,2,0
2791,10,4,15,2,7,0,1,1,2,2,0
2792,6,4,8,2,10,0,1,1,2,2,0
2793,10,4,11,0,1,1,1,0,1,2,0
2794,5,7,11,4,1,3,1,0,2,2,0
2795,5,1,11,0,4,4,1,1,2,2,0
2796,6,4,9,3,10,4,1,1,2,2,1
2797,8,4,15,2,8,0,1,1,1,2,0
2798,8,4,11,4,1,1,0,0,2,2,0
2799,9,0,11,0,0,4,1,0,3,2,0
2800,5,4,11,2,12,0,1,1,3,2,1
2801,10,4,7,0,12,1,0,0,2,2,0
2802,8,4,0,2,14,0,1,1,4,2,1
2803,3,4,11,4,4,3,1,0,1,2,0
2804,12,4,15,0,6,4,0,1,1,2,0
2805,7,4,11,0,12,4,1,0,2,2,0
2806,8,4,15,0,12,4,0,0,2,2,0
2807,8,4,9,4,10,3,1,1,2,2,0
2808,12,6,11,6,4,4,1,0,2,2,0
2809,9,4,9,4,12,1,1,1,2,2,1
2810,7,6,11,0,5,1,1,1,2,2,0
2811,9,2,6,2,8,0,1,1,2,2,1
2812,8,6,15,2,5,0,1,1,2,2,1
2813,5,4,12,4,10,1,1,1,2,2,0
2814,10,4,9,2,1,0,1,1,2,2,0
2815,7,4,1,2,6,0,1,1,2,2,1
2816,10,4,10,5,12,4,1,0,2,2,0
2817,6,2,9,4,10,3,1,0,2,2,0
2818,7,7,15,0,3,1,1,1,2,2,0
2819,9,4,9,4,8,3,1,1,2,2,0
2820,5,4,11,0,6,4,1,1,2,0,0
2821,10,4,15,0,1,1,0,0,2,2,0
2822,6,6,9,0,4,1,1,1,1,2,0
2823,12,7,12,2,10,0,1,1,2,2,1
2824,12,6,11,6,12,4,0,0,1,2,0
2825,6,4,9,2,10,0,1,1,2,2,0
2826,11,4,11,2,12,0,1,1,1,1,0
2827,3,6,15,4,7,1,0,1,2,0,0
2828,4,0,11,4,0,1,1,0,2,2,0
2829,8,2,11,0,8,3,1,1,2,2,0
2830,8,4,15,2,12,3,0,0,3,2,0
2831,12,4,12,2,4,0,0,1,2,2,0
2832,4,4,11,5,4,3,1,1,2,2,0
2833,11,4,11,2,12,0,1,1,2,2,1
2834,7,4,6,2,6,0,1,1,2,2,0
2835,9,4,9,2,10,0,1,1,2,2,0
2836,6,4,7,2,7,0,0,1,2,2,1
2837,9,4,14,2,13,0,1,1,2,2,0
2838,14,0,11,6,0,4,1,0,0,2,0
2839,5,4,15,2,13,0,1,1,2,2,0
2840,7,6,15,4,4,3,1,1,3,2,0
2841,7,4,11,2,1,0,0,1,2,2,0
2842,8,0,1,2,0,0,1,1,2,2,1
2843,8,4,15,2,8,0,1,1,0,2,0
2844,5,6,11,2,12,0,1,1,2,2,0
2845,6,7,11,0,1,1,1,1,2,2,0
2846,7,0,11,2,0,0,1,1,2,2,0
2847,8,6,9,4,10,1,0,1,2,2,0
2848,11,4,11,2,11,0,1,1,3,2,0
2849,8,4,15,0,10,1,1,0,2,2,0
2850,7,4,0,2,8,5,1,0,4,2,0
2851,6,2,9,0,10,3,1,0,2,2,0
2852,4,6,11,4,5,3,1,1,2,2,0
2853,4,4,14,4,10,1,1,1,1,2,0
2854,5,4,11,4,1,1,1,1,1,2,0
2855,4,4,9,4,12,1,1,1,2,1,0
2856,7,4,1,0,7,1,1,0,3,2,0
2857,8,2,7,2,11,0,1,1,2,2,1
2858,6,0,15,2,0,0,1,1,2,2,0
2859,5,4,9,4,3,3,1,1,1,2,0
2860,4,4,15,4,9,2,0,0,2,2,0
2861,9,4,9,4,12,3,1,0,3,2,0
2862,5,4,11,2,5,0,1,1,2,2,1
2863,4,4,11,4,7,3,1,1,2,2,0
2864,11,5,11,6,4,1,1,0,2,2,0
2865,10,6,12,3,14,1,1,0,1,2,0
2866,4,6,11,4,1,1,1,0,1,2,0
2867,6,4,8,2,13,0,1,1,2,2,0
2868,7,4,2,4,7,1,1,1,2,2,0
2869,4,4,9,4,10,3,1,0,2,2,0
2870,6,4,15,2,1,5,1,0,2,2,0
2871,4,4,9,2,7,0,1,1,1,2,1
2872,7,4,14,2,10,0,1,1,2,2,1
2873,10,4,15,2,12,0,1,1,2,2,1
2874,6,2,15,0,1,4,0,0,2,2,0
2875,8,4,9,0,9,1,1,0,1,2,1
2876,6,1,12,4,10,1,1,1,2,2,0
2877,7,0,11,2,0,5,1,0,1,2,1
2878,6,4,9,4,4,1,1,1,2,2,0
2879,6,4,4,2,3,0,1,1,3,2,1
2880,6,4,15,2,8,0,1,1,2,2,1
2881,8,4,8,2,8,0,1,1,1,2,1
2882,7,4,11,2,3,0,1,1,2,2,1
2883,5,4,11,2,12,0,1,1,2,2,1
2884,9,2,15,5,1,1,1,0,2,2,0
2885,6,4,9,2,12,0,1,1,2,2,0
2886,8,7,15,4,12,3,1,0,1,2,0
2887,8,4,12,2,10,0,1,1,2,2,0
2888,11,4,15,6,1,4,1,0,2,2,0
2889,7,4,11,2,3,0,1,1,2,2,0
2890,9,4,10,2,4,0,1,1,2,2,1
2891,9,4,1,4,6,3,1,1,1,2,0
2892,5,4,0,4,14,3,1,1,2,2,0
2893,6,4,5,4,3,1,1,1,2,2,0
2894,5,0,15,4,0,1,1,0,2,2,0
2895,6,4,14,0,10,1,1,1,2,2,0
2896,15,2,15,2,10,0,1,1,1,2,0
2897,3,6,12,4,10,1,1,0,2,2,0
2898,4,1,11,4,4,1,1,0,2,2,0
2899,8,4,12,2,10,0,1,1,2,2,1
2900,7,4,9,2,4,0,1,1,2,2,0
2901,7,4,11,4,4,1,1,0,2,2,1
2902,12,4,11,2,12,0,1,1,1,2,0
2903,8,4,11,0,3,4,0,1,2,2,0
2904,5,4,15,4,7,1,1,1,2,2,0
2905,13,4,0,2,1,0,0,1,2,2,0
2906,5,6,8,5,12,3,1,0,2,2,0
2907,7,4,9,4,10,1,0,0,2,2,0
2908,5,4,15,2,13,0,1,1,2,2,0
2909,5,4,11,2,12,0,1,1,2,2,1
2910,3,4,11,4,14,3,1,1,0,2,0
2911,12,4,15,2,1,5,1,0,2,2,0
2912,11,4,15,6,14,1,1,1,1,2,0
2913,8,4,15,0,3,1,1,1,4,2,0
2914,3,4,11,4,4,1,1,0,1,2,0
2915,12,6,7,2,3,0,1,1,3,2,0
2916,6,7,11,2,1,0,1,1,2,2,0
2917,4,4,7,2,4,0,1,1,1,2,0
2918,4,4,7,4,13,1,0,0,2,2,0
2919,11,4,1,2,8,0,1,1,3,1,0
2920,3,6,12,4,10,1,0,1,2,2,0
2921,4,4,6,4,14,1,1,1,2,2,1
2922,5,1,11,4,10,1,0,1,2,2,0
2923,3,7,12,4,10,1,0,0,1,0,0
2924,10,4,8,2,1,0,0,1,2,2,1
2925,5,0,9,2,0,0,0,1,2,2,0
2926,10,4,12,2,12,5,1,0,2,2,1
2927,6,4,11,2,14,0,1,1,2,2,1
2928,9,4,9,4,10,3,1,0,2,2,0
2929,8,4,15,2,12,0,1,1,2,2,1
2930,6,4,11,0,7,1,1,1,2,2,0
2931,10,4,11,2,8,0,1,1,2,2,1
2932,7,4,11,2,12,0,0,1,2,2,0
2933,7,4,11,4,3,3,0,1,2,0,0
2934,11,4,11,2,14,0,1,1,2,2,0
2935,5,4,9,2,10,5,1,0,2,2,1
2936,8,7,9,4,10,3,1,0,2,2,0
2937,12,4,15,2,8,0,1,1,0,2,0
2938,7,4,11,2,1,0,1,1,3,2,1
2939,9,4,15,0,4,4,0,0,2,0,0
2940,6,6,14,2,10,0,1,1,2,4,1
2941,5,4,15,4,4,3,1,1,2,2,0
2942,8,6,11,2,3,0,1,1,1,0,1
2943,6,0,0,0,0,4,1,0,2,2,0
2944,4,4,11,2,3,0,1,1,1,2,0
2945,5,4,2,4,8,4,1,0,2,2,0
2946,9,4,6,2,3,0,1,1,2,2,1
2947,10,4,11,2,14,0,1,1,2,2,0
2948,4,4,9,4,12,1,1,0,2,2,0
2949,5,4,1,2,8,0,1,1,2,2,1
2950,9,4,11,2,7,0,1,1,2,2,0
2951,7,4,12,2,10,0,1,1,2,2,0
2952,7,4,11,2,8,0,1,1,1,2,1
2953,7,4,9,4,4,2,1,1,2,2,0
2954,7,4,11,2,1,0,1,1,2,2,0
2955,4,4,14,4,10,1,1,1,1,2,0
2956,6,0,11,2,0,0,0,1,2,2,1
2957,8,4,13,4,7,3,1,1,2,1,0
2958,8,4,9,2,10,0,1,1,2,2,0
2959,4,4,11,2,7,0,1,1,2,2,1
2960,7,4,11,3,4,4,0,0,2,2,0
2961,6,4,15,4,12,1,1,1,2,2,0
2962,7,7,14,2,10,0,1,1,3,2,0
2963,9,4,11,0,8,4,1,0,2,2,0
2964,14,4,11,2,4,0,0,1,2,2,0
2965,5,4,11,2,12,0,1,1,1,2,0
2966,5,6,9,2,10,0,1,1,2,2,1
2967,6,4,1,0,3,1,1,1,2,2,0
2968,8,0,15,0,0,4,1,1,2,2,0
2969,9,4,15,5,8,1,1,0,2,2,0
2970,4,4,4,4,3,1,1,1,2,2,0
2971,4,4,9,4,4,3,1,1,2,2,0
2972,5,4,5,4,6,3,1,1,2,2,0
2973,10,4,11,2,7,0,1,1,2,2,0
2974,8,5,8,2,4,0,1,1,2,1,1
2975,5,4,15,2,12,0,1,1,1,2,0
2976,3,6,12,4,10,1,0,0,0,2,0
2977,4,6,11,4,12,1,1,1,2,2,0
2978,11,2,15,2,4,0,1,1,2,2,1
2979,6,4,11,2,7,0,1,1,2,2,0
2980,11,4,11,2,3,0,1,1,2,2,1
2981,5,4,11,4,12,3,1,0,2,2,0
2982,8,4,11,0,3,1,1,1,3,2,0
2983,8,4,9,2,10,0,1,1,3,2,1
2984,6,4,7,2,3,0,1,1,2,2,1
2985,3,4,11,4,4,3,1,0,1,2,1
2986,6,1,15,4,1,3,1,0,2,2,0
2987,7,6,10,5,10,1,0,0,3,2,1
2988,3,0,11,4,0,3,1,0,2,2,0
2989,7,4,11,2,8,5,0,0,2,2,1
2990,12,4,15,2,12,0,1,1,3,2,0
2991,11,0,6,2,0,0,1,1,1,2,0
2992,6,4,11,4,6,3,0,1,2,2,0
2993,7,5,15,2,12,0,1,1,2,2,0
2994,5,4,0,4,7,1,1,0,2,2,0
2995,6,4,11,4,8,1,1,0,2,2,0
2996,6,4,15,3,13,2,1,0,2,2,0
2997,6,4,11,2,8,0,1,1,2,2,1
2998,9,2,9,5,10,1,0,1,1,2,0
2999,11,1,9,2,10,0,1,1,2,2,0
3000,7,4,6,4,14,2,1,1,2,2,0
3001,8,1,11,4,1,1,1,0,2,2,0
3002,9,4,9,0,10,1,1,1,2,2,1
3003,7,4,15,2,4,2,1,0,2,2,0
3004,9,4,11,2,5,0,1,1,1,2,0
3005,6,4,15,2,14,0,1,1,2,2,1
3006,8,4,8,0,3,2,0,1,1,2,0
3007,4,4,11,4,7,4,1,0,1,2,0
3008,9,4,15,0,8,4,0,0,2,2,1
3009,6,6,11,4,8,3,1,1,1,2,0
3010,8,6,11,4,3,3,0,1,2,2,0
3011,3,5,11,4,14,1,1,1,1,2,0
3012,5,4,11,4,1,1,1,0,2,2,0
3013,5,4,4,4,8,1,1,1,2,2,0
3014,11,6,9,0,12,1,0,1,2,2,0
3015,6,6,11,2,3,0,1,1,1,2,0
3016,3,4,9,4,12,1,1,0,0,2,0
3017,10,7,12,2,10,0,1,1,2,2,0
3018,10,4,12,2,10,0,1,1,2,2,0
3019,12,4,5,2,3,0,1,1,2,2,0
3020,6,4,2,2,6,0,0,1,2,2,0
3021,15,4,11,2,3,0,1,1,2,2,1
3022,6,6,15,4,8,1,1,1,2,2,0
3023,8,4,9,2,12,0,1,1,1,2,1
3024,8,4,15,2,3,0,1,1,1,2,1
3025,10,4,0,5,4,3,1,0,2,2,0
3026,9,4,15,0,3,1,1,1,2,2,1
3027,14,4,11,2,7,0,0,1,3,2,0
3028,5,4,4,4,3,1,1,1,2,2,0
3029,8,4,15,4,4,3,0,0,2,0,0
3030,13,2,9,2,11,0,1,1,2,2,0
3031,10,4,6,0,14,1,1,1,2,2,1
3032,3,4,8,4,10,3,1,1,1,2,0
3033,12,4,1,2,3,0,1,1,1,2,1
3034,5,4,11,4,3,3,1,1,2,2,0
3035,4,6,11,4,12,3,1,0,2,2,0
3036,10,4,9,2,13,0,1,1,2,2,1
3037,5,4,7,3,8,1,1,1,2,2,0
3038,9,4,5,6,7,2,0,1,2,2,0
3039,7,4,11,0,6,1,1,1,2,2,0
3040,9,4,11,0,12,4,1,0,2,2,0
3041,6,4,0,2,8,5,1,0,2,2,1
3042,5,4,7,4,8,2,0,0,4,4,0
3043,11,4,11,2,8,0,1,1,2,3,1
3044,6,4,4,2,14,0,1,1,2,2,1
3045,8,4,4,4,3,3,1,1,2,2,0
3046,6,4,15,2,6,0,0,1,3,2,0
3047,8,4,11,2,3,0,0,1,2,0,0
3048,6,4,1,0,8,1,1,0,3,2,0
3049,11,1,11,0,1,4,1,0,2,2,0
3050,3,4,11,4,1,1,1,0,1,2,0
3051,8,6,6,2,8,0,0,1,1,2,1
3052,6,4,11,4,7,1,1,0,2,2,0
3053,3,4,11,4,3,3,1,1,2,2,0
3054,7,5,11,4,4,1,1,0,2,1,0
3055,8,4,9,4,13,3,1,1,2,2,0
3056,5,1,15,4,1,1,1,0,2,2,0
3057,8,4,11,2,8,5,1,0,2,2,1
3058,10,0,12,6,0,4,1,0,2,2,0
3059,6,4,14,4,10,1,1,1,2,2,0
3060,10,4,9,2,11,0,1,1,2,2,0
3061,7,6,11,2,8,2,1,0,2,2,0
3062,8,4,14,2,10,0,1,1,2,2,0
3063,8,0,6,2,0,0,1,1,2,2,0
3064,7,4,11,4,8,4,1,0,2,2,1
3065,7,7,11,2,11,0,1,1,2,2,0
3066,8,6,15,4,10,1,0,1,1,2,0
3067,7,0,0,4,0,3,0,0,2,0,0
3068,5,4,8,4,3,1,1,1,2,2,0
3069,5,4,5,0,6,1,1,1,2,2,0
3070,4,4,1,4,3,1,1,1,2,2,0
3071,9,4,11,2,12,0,1,1,2,2,1
3072,4,4,15,4,12,4,1,0,1,2,0
3073,6,4,11,4,3,1,1,1,2,2,0
3074,10,7,0,2,8,0,1,1,2,2,1
3075,4,2,11,4,1,3,1,0,2,2,0
3076,4,4,8,4,3,3,1,0,1,2,0
3077,4,4,15,4,12,4,1,0,0,2,0
3078,7,4,15,2,5,0,1,1,2,2,1
3079,5,5,1,4,3,1,1,1,2,2,0
3080,12,4,11,2,7,0,1,1,2,2,1
3081,5,4,9,4,4,1,1,1,2,2,0
3082,6,4,11,4,8,1,1,0,2,2,0
3083,3,4,11,4,8,1,1,0,0,2,0
3084,9,4,9,0,1,1,1,0,2,2,1
3085,3,4,9,4,10,1,1,1,1,2,0
3086,9,4,1,2,1,0,1,1,2,2,0
3087,4,4,0,4,8,2,1,0,2,2,0
3088,4,2,9,4,1,3,1,1,1,2,0
3089,5,4,10,4,10,4,1,0,2,2,0
3090,4,4,11,2,3,0,1,1,1,2,0
3091,12,4,0,0,7,1,1,1,1,2,0
3092,10,4,11,2,1,0,0,1,2,2,0
3093,8,4,15,2,12,0,0,1,3,2,0
3094,8,4,11,2,3,0,1,1,2,2,1
3095,5,4,14,2,10,0,1,1,2,2,0
3096,8,4,11,2,7,0,1,1,2,2,0
3097,4,5,9,4,4,3,1,1,2,2,0
3098,6,4,9,0,10,4,1,0,1,2,1
3099,9,4,11,2,1,0,1,1,4,2,1
3100,5,4,15,2,3,0,0,1,2,0,0
3101,8,4,15,2,6,0,1,1,3,1,1
3102,6,4,9,2,4,0,1,1,4,2,1
3103,3,4,15,4,1,1,1,0,1,2,1
3104,7,4,15,5,9,1,1,0,2,2,0
3105,5,4,15,2,3,0,1,1,2,4,0
3106,13,4,0,2,8,0,1,1,1,2,0
3107,6,4,15,2,7,0,1,1,1,2,0
3108,9,6,11,2,5,0,1,1,3,2,0
3109,4,4,9,4,5,1,0,1,1,2,0
3110,15,4,11,2,3,0,1,1,1,2,0
3111,7,4,15,0,12,1,0,1,4,2,0
3112,4,4,11,4,14,3,0,1,1,4,0
3113,8,4,12,2,10,5,1,0,3,2,1
3114,7,4,4,2,8,5,1,0,2,2,0
3115,10,4,15,2,3,0,1,1,2,2,0
3116,11,4,1,2,3,0,0,1,0,0,1
3117,9,4,8,2,4,0,1,1,3,2,1
3118,4,7,9,4,11,1,1,1,2,2,0
3119,8,4,11,0,1,4,0,0,2,4,0
3120,10,4,10,2,10,5,0,0,1,2,0
3121,10,4,11,2,1,5,1,0,0,2,1
3122,6,4,11,4,5,1,1,0,2,2,0
3123,5,4,15,4,8,1,1,0,2,2,0
3124,4,5,9,4,12,1,1,1,2,2,0
3125,4,4,11,4,4,4,0,0,2,2,0
3126,6,2,9,2,4,0,1,1,2,2,1
3127,9,4,11,2,7,0,1,1,2,2,1
3128,6,5,14,0,10,1,1,1,2,2,0
3129,5,4,11,4,3,1,1,1,2,2,0
3130,12,4,9,2,10,0,1,1,4,2,0
3131,5,4,11,4,3,2,1,1,2,2,0
3132,9,4,11,2,12,0,1,1,2,2,0
3133,9,7,11,4,8,2,0,0,3,2,0
3134,10,7,15,2,4,0,1,1,2,2,0
3135,10,1,8,3,11,4,1,1,1,2,0
3136,11,4,15,0,14,1,1,1,3,2,0
3137,3,4,9,4,3,3,1,1,0,2,0
3138,5,4,15,4,8,3,1,0,2,2,0
3139,9,6,9,3,10,3,1,1,2,2,0
3140,4,4,11,2,7,0,1,1,2,2,1
3141,8,1,15,2,13,0,1,1,2,2,0
3142,10,4,11,2,8,0,1,1,2,2,1
3143,5,4,9,2,10,0,1,1,2,2,0
3144,6,1,11,4,1,3,1,0,2,2,0
3145,6,7,9,2,10,0,1,1,2,2,0
3146,10,4,11,2,4,0,1,1,2,2,1
3147,8,4,11,4,4,2,1,0,3,2,0
3148,11,4,2,2,14,0,1,1,0,2,1
3149,7,4,11,2,7,0,1,1,1,2,0
3150,9,4,11,2,8,0,1,1,2,2,1
3151,4,4,7,4,13,1,1,1,1,2,1
3152,4,4,15,4,12,1,1,1,2,2,0
3153,6,4,12,4,10,1,1,1,1,2,1
3154,6,4,11,4,4,4,1,0,2,1,0
3155,4,7,11,4,1,3,1,1,2,2,0
3156,15,5,9,2,8,5,1,0,1,2,0
3157,7,4,15,2,3,0,1,1,3,2,1
3158,3,2,9,4,10,1,1,1,1,2,0
3159,7,4,15,2,4,0,1,1,2,2,0
3160,10,4,11,2,7,0,1,1,2,2,1
3161,6,4,15,2,1,0,1,1,2,2,0
3162,4,0,11,4,0,1,1,0,1,2,0
3163,10,4,10,0,10,4,1,0,2,2,0
3164,11,7,11,2,6,0,1,1,2,1,0
3165,7,4,11,3,3,1,1,1,2,2,0
3166,7,4,9,2,4,0,1,1,1,2,0
3167,7,4,11,0,3,2,1,1,2,2,0
3168,4,2,0,4,14,3,0,1,4,0,0
3169,11,4,9,6,4,1,1,1,2,2,0
3170,5,4,2,2,3,0,1,1,2,2,0
3171,8,4,9,0,4,1,1,0,2,2,0
3172,7,6,11,2,5,0,1,1,1,2,1
3173,14,4,15,2,1,5,0,0,2,2,0
3174,8,5,9,0,1,1,1,0,1,2,1
3175,10,4,14,2,10,0,1,1,2,2,0
3176,5,4,11,4,8,1,0,1,1,2,1
3177,8,4,12,2,10,0,1,1,2,2,0
3178,7,4,11,0,7,1,1,0,1,2,0
3179,9,4,8,0,12,1,1,0,2,2,0
3180,13,4,11,6,1,4,0,0,2,0,0
3181,6,6,8,2,4,0,0,1,2,2,1
3182,9,4,15,2,13,0,1,1,2,2,1
3183,4,4,15,4,12,3,1,0,2,2,0
3184,9,4,13,2,6,0,1,1,2,2,0
3185,7,4,11,2,7,0,1,1,4,2,1
3186,9,1,1,2,3,0,1,1,2,2,0
3187,6,2,6,2,3,0,1,1,2,2,1
3188,13,4,7,2,12,5,1,0,1,2,0
3189,4,4,1,4,3,1,1,1,2,2,0
3190,5,4,10,4,10,2,1,0,2,2,0
3191,8,5,12,2,4,0,1,1,1,2,1
3192,4,4,8,4,8,3,1,0,1,2,0
3193,11,4,11,2,3,0,1,1,3,2,1
3194,8,4,9,0,1,1,0,0,2,0,1
3195,9,4,4,4,8,4,1,0,1,2,0
3196,4,4,11,4,6,3,1,1,2,2,0
3197,8,4,15,4,8,1,1,1,2,2,0
3198,8,4,2,0,8,4,0,0,4,2,0
3199,8,4,15,2,8,0,1,1,2,2,0
3200,5,4,11,0,8,1,1,1,2,2,0
3201,5,2,11,4,1,1,0,0,2,2,0
3202,6,6,8,4,10,1,1,0,3,2,0
3203,10,4,11,6,1,1,1,0,2,2,0
3204,4,0,9,4,0,2,1,0,1,2,0
3205,6,4,11,2,3,0,1,1,2,2,1
3206,10,4,11,2,5,0,1,1,2,2,1
3207,4,4,11,4,7,2,1,0,1,2,0
3208,4,6,15,4,8,1,1,0,1,2,0
3209,11,4,15,4,1,3,1,0,2,2,0
3210,12,4,1,2,12,0,1,1,3,2,1
3211,8,4,15,0,1,1,1,0,2,2,0
3212,8,4,11,4,7,3,1,0,2,2,0
3213,11,4,11,5,6,1,1,1,1,2,0
3214,7,4,2,6,8,4,0,0,2,2,0
3215,6,4,15,4,3,3,1,1,2,2,0
3216,5,4,13,2,7,0,1,1,2,2,1
3217,8,4,9,2,4,5,1,0,2,2,0
3218,3,2,11,4,3,3,1,1,1,2,0
3219,10,4,0,2,14,0,1,1,3,2,0
3220,4,4,7,1,10,4,1,0,1,2,0
3221,8,4,0,4,14,1,1,1,2,2,0
3222,4,4,11,4,14,4,1,0,1,2,0
3223,11,4,11,6,1,4,1,0,2,2,0
3224,3,6,4,4,8,1,1,0,1,2,0
3225,5,4,15,2,4,0,1,1,1,2,1
3226,6,6,9,0,10,1,1,0,2,2,0
3227,6,4,10,2,10,0,1,1,1,1,0
3228,4,4,9,4,4,1,1,0,2,2,0
3229,10,1,15,2,8,0,1,1,2,2,1
3230,9,4,2,5,7,4,1,0,1,2,0
3231,8,2,10,4,10,1,1,1,2,2,0
3232,4,4,11,2,1,0,1,1,0,2,1
3233,4,6,8,4,3,3,1,1,2,2,0
3234,7,4,11,2,3,0,1,1,2,2,1
3235,8,4,9,4,4,3,1,0,2,2,0
3236,9,5,11,2,12,0,1,1,2,2,1
3237,5,6,11,4,5,1,1,1,1,2,0
3238,4,4,11,4,8,3,1,0,1,2,0
3239,6,4,7,6,1,1,1,0,2,2,0
3240,4,4,15,4,8,1,1,0,2,1,0
3241,7,4,15,2,12,0,1,1,2,2,0
3242,7,4,15,2,1,5,1,0,2,2,1
3243,6,4,5,2,7,0,1,1,2,2,0
3244,8,4,11,4,8,1,1,0,1,2,0
3245,11,4,10,2,10,0,1,1,3,2,0
3246,6,2,15,2,11,0,1,1,1,2,1
3247,6,4,11,2,8,5,1,0,3,2,1
3248,7,4,11,0,3,1,1,1,2,2,0
3249,7,4,9,2,12,0,0,1,2,0,0
3250,8,4,8,2,4,0,1,1,2,2,0
3251,6,6,11,0,5,2,1,1,2,2,0
3252,9,4,11,2,12,5,1,0,2,2,1
3253,11,4,12,5,4,3,1,0,1,2,0
3254,4,6,15,2,5,0,1,1,2,2,1
3255,7,0,11,2,0,5,1,0,2,2,0
3256,7,4,11,2,12,0,1,1,2,2,0
3257,6,4,14,4,10,1,1,1,2,2,0
3258,4,4,11,4,3,1,1,1,1,2,0
3259,9,4,11,5,1,4,0,0,1,2,0
3260,11,0,15,2,0,0,1,1,2,2,0
3261,10,4,0,0,8,1,1,1,2,1,1
3262,10,4,9,0,12,4,1,1,1,2,0
3263,11,2,9,2,10,0,1,1,2,2,1
3264,9,4,11,0,1,1,0,0,2,2,0
3265,9,2,11,3,11,4,1,1,2,2,0
3266,11,4,0,2,7,0,1,1,2,2,1
3267,4,4,12,4,10,4,1,0,2,2,0
3268,9,4,15,0,7,4,1,0,1,2,0
3269,13,4,9,6,12,4,1,0,2,2,0
3270,9,4,8,2,4,0,1,1,1,2,1
3271,8,4,15,2,1,0,1,1,2,2,0
3272,3,2,7,4,10,1,1,1,0,2,0
3273,9,5,11,2,4,0,0,1,2,2,0
3274,11,4,12,2,4,0,1,1,2,2,0
3275,11,4,11,2,3,0,1,1,1,2,0
3276,12,4,9,2,10,0,1,1,2,2,1
3277,14,4,8,2,3,0,1,1,4,2,1
3278,5,4,15,4,4,1,0,0,2,2,0
3279,5,6,11,4,8,4,1,0,2,2,0
3280,3,4,0,4,7,1,1,1,1,2,0
3281,9,4,11,2,3,0,1,1,2,2,0
3282,6,4,11,0,12,4,0,1,1,0,0
3283,8,5,10,2,10,0,1,1,2,2,0
3284,8,4,12,2,4,0,1,1,2,2,1
3285,9,7,9,2,10,5,1,0,2,2,0
3286,5,0,11,0,0,3,1,1,2,2,0
3287,4,4,11,4,8,1,1,0,2,2,0
3288,4,4,1,4,7,3,1,1,2,2,0
3289,4,4,11,4,12,3,1,0,2,2,1
3290,5,4,9,4,8,1,1,0,1,2,1
3291,6,4,11,2,1,5,1,0,3,2,0
3292,10,6,1,2,3,0,1,1,2,2,1
3293,6,4,15,0,12,1,1,1,1,2,0
3294,3,4,8,4,1,2,1,1,1,2,0
3295,5,4,9,4,4,3,0,1,3,2,0
3296,13,7,11,2,10,5,1,0,0,2,1
3297,9,5,9,6,4,1,1,0,2,4,0
3298,10,2,12,2,10,0,1,1,2,2,1
3299,8,4,12,4,10,1,0,1,2,2,0
3300,4,4,11,4,6,1,1,1,2,2,0
3301,11,4,11,0,13,1,1,1,2,2,1
3302,4,4,11,0,7,4,0,0,2,2,0
3303,5,2,11,4,8,1,0,0,2,2,0
3304,9,2,9,0,10,4,1,0,2,2,0
3305,7,6,9,0,10,1,1,0,2,2,0
3306,4,6,6,4,5,1,0,1,2,0,1
3307,5,6,6,4,3,1,1,1,1,2,0
3308,4,4,11,4,3,3,1,1,2,2,0
3309,5,4,11,2,7,0,1,1,2,2,0
3310,7,1,11,4,1,1,1,0,1,2,0
3311,11,4,11,0,8,1,1,0,2,2,0
3312,7,4,15,0,13,4,1,1,2,2,0
3313,4,4,15,2,3,0,1,1,2,2,1
3314,9,4,11,2,1,0,1,1,2,2,1
3315,3,6,7,4,3,2,0,0,1,2,0
3316,8,0,9,0,0,1,1,1,2,2,0
3317,9,4,15,0,11,1,1,1,2,2,0
3318,8,4,11,4,12,3,1,1,2,2,0
3319,7,4,15,2,3,0,1,1,2,2,0
3320,6,4,15,2,1,0,1,1,2,2,1
3321,3,4,11,4,3,1,1,1,0,2,0
3322,11,2,9,6,4,1,1,0,1,2,0
3323,7,4,15,2,12,0,1,1,2,2,0
3324,8,4,10,2,10,0,1,1,2,2,1
3325,5,4,11,4,4,4,1,1,2,2,0
3326,4,6,11,2,11,0,0,1,1,2,0
3327,8,4,15,4,6,1,1,1,2,2,0
3328,13,4,11,2,6,0,1,1,2,1,1
3329,6,4,15,4,12,2,1,1,1,2,0
3330,7,4,15,2,12,0,1,1,2,2,0
3331,11,4,11,2,1,5,1,0,3,2,0
3332,3,6,15,4,14,1,1,1,2,2,1
3333,13,4,12,6,1,4,1,0,1,2,0
3334,6,4,15,2,5,0,1,1,2,2,0
3335,9,4,2,2,1,0,1,1,2,2,0
3336,7,4,14,2,10,0,0,1,2,2,0
3337,10,6,11,2,3,0,1,1,2,2,0
3338,7,4,9,6,13,4,1,0,2,2,0
3339,8,4,11,4,3,3,1,1,2,2,0
3340,12,4,11,6,8,1,1,0,2,2,0
3341,5,5,11,4,5,1,1,1,2,2,0
3342,3,6,11,4,3,4,1,0,1,2,0
3343,9,4,12,2,10,0,1,1,2,2,1
3344,15,4,9,2,10,0,1,1,0,2,1
3345,4,4,11,4,8,1,1,0,1,2,0
3346,11,7,9,2,10,0,1,1,1,2,1
3347,4,7,11,4,1,3,1,1,2,2,0
3348,11,4,12,2,10,0,1,1,2,2,1
3349,11,2,15,2,14,0,1,1,2,2,1
3350,10,4,15,2,1,5,1,0,2,2,0
3351,4,4,9,4,4,3,1,1,2,2,0
3352,3,4,11,4,8,1,1,0,0,2,0
3353,6,6,15,4,8,4,1,0,1,2,0
3354,7,4,11,2,3,0,1,1,2,1,0
3355,11,7,9,4,10,3,1,1,2,2,0
3356,5,4,11,3,1,4,1,0,2,2,0
3357,3,2,4,4,8,1,1,0,2,2,0
3358,4,4,15,4,1,1,1,0,1,2,0
3359,4,4,9,4,4,1,1,1,2,2,1
3360,7,4,11,2,14,0,1,1,2,2,0
3361,8,6,8,2,3,0,1,1,3,2,0
3362,4,4,11,4,12,3,1,0,2,2,0
3363,8,4,11,2,6,0,1,1,2,2,0
3364,10,4,1,2,3,0,1,1,2,2,0
3365,13,4,15,6,1,1,1,0,2,2,0
3366,5,2,15,2,10,0,1,1,1,2,0
3367,3,1,15,4,1,1,1,0,1,2,0
3368,6,4,15,0,3,1,1,1,1,2,0
3369,5,4,5,4,5,4,1,0,2,2,0
3370,9,4,8,0,13,1,1,0,2,2,1
3371,8,4,0,4,6,3,1,1,2,2,0
3372,4,4,5,4,3,1,1,0,3,2,0
3373,9,6,11,2,4,0,1,1,2,2,0
3374,9,4,10,4,4,4,1,0,2,2,0
3375,14,6,15,4,5,3,1,1,1,1,0
3376,11,4,12,2,4,0,1,1,2,2,1
3377,6,0,11,2,0,0,1,1,2,2,0
3378,4,4,11,4,7,1,1,1,2,2,0
3379,6,4,1,4,3,4,1,1,2,2,0
3380,9,4,10,2,4,0,1,1,2,2,1
3381,5,5,11,4,4,3,1,1,2,2,0
3382,16,4,7,6,8,4,1,0,2,2,0
3383,8,4,9,2,4,0,1,1,2,2,0
3384,7,2,12,2,10,0,1,1,2,2,0
3385,11,4,15,2,1,0,1,1,2,2,0
3386,11,4,11,2,7,0,1,1,2,2,0
3387,14,2,15,2,10,0,1,1,4,2,1
3388,4,0,6,4,0,2,1,0,1,2,0
3389,7,4,11,2,13,0,1,1,2,2,0
3390,10,4,15,2,13,5,1,0,2,2,1
3391,11,4,12,2,10,0,1,1,1,2,0
3392,8,4,15,5,3,1,1,1,2,2,0
3393,12,4,11,6,5,1,1,1,3,1,0
3394,11,7,9,2,1,0,1,1,2,2,0
3395,7,4,15,2,13,0,1,1,2,2,0
3396,12,4,5,2,14,0,1,1,1,2,0
3397,8,4,0,2,3,0,1,1,2,2,0
3398,6,4,11,4,14,1,1,1,2,2,0
3399,8,4,15,4,1,3,1,0,2,2,0
3400,11,2,15,2,13,0,1,1,3,2,1
3401,5,4,11,4,3,3,0,1,2,0,0
3402,5,4,7,2,1,0,1,1,1,2,1
3403,8,7,15,6,13,1,1,0,2,2,0
3404,8,1,11,2,3,0,1,1,2,2,1
3405,4,4,8,4,1,4,1,0,1,2,0
3406,5,4,9,4,1,3,1,0,1,2,0
3407,7,4,5,2,7,0,0,1,2,2,1
3408,4,1,7,4,4,1,1,0,2,2,0
3409,6,4,11,2,8,0,1,1,2,2,1
3410,5,4,8,4,1,4,1,0,3,2,0
3411,7,4,11,4,1,3,1,1,2,2,0
3412,4,4,11,4,14,1,1,1,2,2,0
3413,7,4,5,2,7,0,1,1,2,2,0
3414,5,4,11,4,1,3,1,0,0,2,0
3415,11,4,9,2,4,0,1,1,2,2,1
3416,4,6,11,4,3,3,1,1,1,2,0
3417,9,4,11,0,12,2,0,1,2,2,0
3418,6,4,9,4,10,3,1,1,2,2,0
3419,6,4,7,4,1,3,0,0,2,0,0
3420,7,2,11,2,11,0,1,1,2,2,0
3421,12,4,15,2,3,0,1,1,0,2,1
3422,13,2,15,6,3,0,1,1,1,2,0
3423,8,4,0,2,14,0,1,1,2,2,0
3424,8,4,9,2,4,0,1,1,2,2,1
3425,12,4,9,6,1,4,1,0,2,2,0
3426,4,4,11,4,7,1,1,1,2,2,0
3427,6,4,9,0,1,4,1,0,2,2,0
3428,13,6,15,2,8,2,1,1,2,2,0
3429,9,4,11,2,7,0,1,1,3,2,0
3430,12,2,9,4,1,3,1,1,0,2,0
3431,3,4,11,4,14,4,0,0,1,0,0
3432,4,4,11,2,8,0,1,1,0,2,1
3433,8,4,15,2,3,0,1,1,2,4,1
3434,9,7,11,0,11,4,1,0,2,2,0
3435,8,1,9,2,10,0,1,1,3,2,1
3436,9,5,11,2,3,0,1,1,2,2,0
3437,11,4,9,2,3,0,1,1,2,2,1
3438,5,7,9,0,11,1,1,1,2,2,0
3439,7,4,7,0,12,4,0,0,2,0,1
3440,5,4,7,0,12,4,0,0,2,0,0
3441,6,4,3,2,1,0,1,1,1,2,0
3442,6,4,9,2,14,0,1,1,2,3,0
3443,10,4,9,2,12,0,1,1,3,2,1
3444,5,2,7,4,11,1,1,1,2,2,0
3445,13,4,11,2,14,0,1,1,3,2,0
3446,7,4,5,2,4,0,1,1,2,2,1
3447,11,4,7,2,14,0,1,1,2,2,1
3448,7,4,8,2,1,0,1,1,2,2,0
3449,7,4,11,0,3,4,0,1,2,0,0
3450,7,4,11,2,3,0,1,1,3,2,0
3451,5,2,15,4,4,3,1,0,2,2,0
3452,10,4,9,2,10,0,1,1,3,2,1
3453,11,4,15,2,3,0,1,1,2,2,0
3454,6,2,8,4,4,1,0,1,2,2,0
3455,11,6,8,4,3,3,1,1,2,2,0
3456,5,2,11,2,1,5,1,0,2,2,0
3457,8,4,15,0,8,1,0,0,2,2,0
3458,6,4,8,0,1,4,1,0,1,2,0
3459,5,6,8,4,5,1,1,1,2,1,0
3460,7,4,9,4,10,1,1,1,1,2,0
3461,5,4,15,2,4,0,1,1,1,2,1
3462,4,4,8,4,5,1,0,1,2,2,0
3463,5,0,15,4,0,1,1,1,2,1,0
3464,8,4,15,4,1,3,0,1,2,2,0
3465,6,4,2,2,8,5,1,0,2,2,1
3466,3,4,9,4,1,1,0,0,1,0,0
3467,12,4,15,3,12,4,1,0,2,2,0
3468,4,4,11,4,6,4,0,1,1,2,1
3469,13,4,9,0,7,1,1,0,0,2,0
3470,11,0,8,0,0,4,1,0,2,2,0
3471,8,2,11,0,10,1,1,0,1,2,0
3472,5,4,15,0,12,4,1,1,2,2,0
3473,5,4,11,2,1,0,1,1,2,2,0
3474,7,0,1,4,0,4,1,0,4,2,0
3475,4,4,7,4,1,3,1,0,2,2,0
3476,7,7,1,2,1,0,1,1,2,2,0
3477,11,4,9,2,10,0,0,1,2,0,0
3478,4,4,9,4,12,1,1,1,2,2,0
3479,6,7,0,2,6,0,1,1,0,2,0
3480,8,4,9,2,4,5,1,0,2,2,0
3481,4,4,9,4,10,3,1,0,2,2,0
3482,12,5,6,0,12,4,1,0,2,2,0
3483,3,4,12,4,5,3,0,1,2,2,0
3484,8,4,15,2,7,0,1,1,2,2,0
3485,8,7,15,4,8,1,0,1,2,1,0
3486,5,5,11,2,3,0,1,1,2,2,1
3487,8,4,9,2,4,0,1,1,2,2,1
3488,3,4,11,4,1,1,0,0,1,2,1
3489,4,4,9,2,13,0,0,1,2,0,1
3490,11,4,8,0,1,1,1,1,2,2,0
3491,7,4,9,2,4,5,1,0,3,2,1
3492,3,4,9,4,10,1,1,0,0,2,1
3493,6,0,15,4,0,3,1,0,2,2,0
3494,3,4,11,4,14,1,0,1,1,2,0
3495,10,4,11,0,3,3,1,1,2,2,0
3496,7,4,4,2,7,0,1,1,3,2,1
3497,5,4,15,2,4,3,1,1,2,2,0
3498,7,4,15,2,12,0,1,1,3,2,1
3499,7,4,12,2,10,0,1,1,2,2,1
3500,5,5,9,2,12,0,1,1,2,2,1
3501,8,4,11,2,12,2,1,1,2,2,0
3502,4,4,7,4,1,4,0,0,1,2,0
3503,9,1,15,0,1,1,1,0,2,2,0
3504,13,4,8,2,5,0,1,1,2,2,0
3505,5,4,11,4,7,1,0,0,2,2,0
3506,6,4,11,4,12,1,1,0,3,2,0
3507,8,4,1,2,7,0,1,1,2,4,0
3508,8,4,12,4,4,3,1,0,2,1,0
3509,5,7,11,4,11,3,1,1,1,2,0
3510,6,4,11,2,3,0,1,1,2,2,0
3511,10,5,11,0,4,1,1,1,2,2,0
3512,6,6,12,2,10,0,1,1,1,1,0
3513,9,4,11,2,6,0,0,1,0,2,0
3514,10,4,12,2,10,5,0,0,2,2,1
3515,9,0,3,6,0,4,1,0,2,2,1
3516,10,4,6,2,6,0,1,1,2,2,0
3517,10,2,0,5,11,1,1,0,2,2,1
3518,6,4,15,2,4,0,0,1,2,2,0
3519,10,6,9,4,4,1,1,0,2,2,0
3520,11,4,15,2,3,0,1,1,2,2,0
3521,5,4,8,4,1,3,1,0,3,2,0
3522,9,4,9,3,4,3,1,0,2,2,0
3523,8,4,12,2,4,0,1,1,2,2,1
3524,7,6,15,2,5,0,1,1,3,2,0
3525,9,4,1,2,8,0,1,1,2,2,1
3526,6,0,11,4,0,3,1,0,2,2,0
3527,6,2,15,2,3,0,1,1,2,2,0
3528,10,4,12,2,5,0,1,1,2,2,0
3529,9,4,8,2,3,0,1,1,2,2,0
3530,8,6,11,0,12,4,1,0,3,2,0
3531,4,4,11,4,8,3,1,0,2,2,0
3532,8,6,11,2,3,0,1,1,2,2,0
3533,15,6,11,2,5,0,1,1,0,2,0
3534,5,6,5,2,14,0,1,1,1,2,1
3535,8,2,8,2,12,0,1,1,2,2,0
3536,9,4,11,5,7,1,1,0,2,2,0
3537,3,4,9,4,1,3,0,0,2,2,0
3538,6,5,15,4,4,1,1,1,2,2,0
3539,9,4,9,2,10,5,1,0,2,2,1
3540,4,4,11,4,12,3,1,1,2,2,0
3541,10,2,11,2,14,0,1,1,2,2,0
3542,4,4,15,2,5,0,1,1,1,2,1
3543,8,4,5,2,14,0,1,1,2,2,1
3544,9,4,11,2,1,5,1,0,2,2,1
3545,5,6,12,2,4,0,1,1,2,2,1
3546,9,4,0,5,8,4,1,0,3,2,0
3547,13,5,12,2,4,0,1,1,0,2,0
3548,6,2,9,4,10,3,1,1,2,2,0
3549,11,0,11,2,0,5,1,0,1,2,1
3550,7,4,15,0,4,1,1,1,2,2,0
3551,3,2,15,4,10,3,1,0,1,2,0
3552,7,6,2,4,8,3,1,0,2,2,0
3553,15,6,15,2,12,0,1,1,1,2,1
3554,4,2,12,4,10,3,0,1,0,2,0
3555,7,4,15,2,8,0,1,1,2,2,0
3556,6,4,9,4,10,4,0,1,3,2,0
3557,6,4,11,0,7,4,1,1,2,2,0
3558,10,4,11,0,13,4,0,1,2,2,0
3559,12,4,0,2,7,0,0,1,2,2,1
3560,9,1,8,5,13,3,1,1,2,2,0
3561,4,5,5,3,2,1,1,1,1,2,0
3562,10,4,11,0,6,4,1,1,1,2,0
3563,4,2,11,4,7,1,1,1,1,2,1
3564,7,4,12,2,4,5,1,0,2,2,0
3565,10,4,5,2,7,0,0,1,2,2,0
3566,9,4,8,2,4,0,1,1,2,2,0
3567,10,4,12,2,4,0,1,1,2,2,0
3568,6,0,11,2,0,0,1,1,2,2,1
3569,9,2,5,0,8,4,1,0,2,2,0
3570,6,4,5,2,3,0,1,1,2,2,0
3571,10,6,11,2,3,0,1,1,2,2,0
3572,4,0,9,0,0,4,0,0,1,2,0
3573,10,4,1,2,6,0,1,1,2,2,0
3574,6,4,12,3,4,1,0,1,1,2,0
3575,6,0,1,0,0,4,1,1,2,2,0
3576,7,4,15,2,6,0,1,1,2,2,0
3577,7,4,12,2,4,5,0,0,2,0,0
3578,3,4,10,6,10,1,1,1,2,2,0
3579,9,4,11,2,3,0,1,1,2,2,0
3580,7,7,9,2,13,0,1,1,0,2,0
3581,4,4,15,4,1,1,1,0,1,2,0
3582,12,4,12,0,10,1,1,0,2,2,1
3583,6,6,11,4,12,1,0,1,2,2,0
3584,13,2,10,3,10,1,1,0,1,2,0
3585,6,4,12,3,13,2,0,1,2,2,0
3586,10,4,11,4,4,1,1,1,2,2,0
3587,8,4,15,4,12,3,1,0,2,2,0
3588,11,4,12,0,4,1,1,1,2,2,0
3589,6,4,9,4,4,1,1,0,2,2,1
3590,4,4,11,4,3,3,1,1,0,2,0
3591,7,7,12,4,10,4,0,0,2,0,0
3592,5,4,15,4,8,3,0,0,1,2,0
3593,4,4,1,4,3,3,1,1,2,2,0
3594,9,4,11,0,12,1,1,0,2,2,0
3595,9,4,15,2,4,2,0,0,1,2,0
3596,4,7,11,4,8,1,0,1,2,0,0
3597,12,2,11,2,3,0,1,1,2,2,1
3598,4,4,9,4,14,1,1,1,2,2,1
3599,9,4,15,0,12,1,1,1,2,2,0
3600,9,4,5,2,12,5,1,0,2,2,1
3601,5,4,12,4,4,4,1,0,2,2,0
3602,11,4,11,6,4,1,1,1,2,2,0
3603,8,4,11,2,8,5,1,0,1,2,0
3604,11,4,11,2,1,5,1,0,2,2,1
3605,11,4,15,0,12,1,0,0,2,2,0
3606,8,5,9,2,4,0,0,1,2,2,0
3607,5,2,0,0,1,4,1,0,4,2,0
3608,6,4,12,0,10,1,1,0,2,2,0
3609,4,4,15,4,12,3,1,1,1,2,0
3610,5,2,9,4,10,3,1,1,2,2,0
3611,10,2,15,2,14,0,0,1,2,2,1
3612,5,7,11,4,10,4,1,0,2,2,0
3613,3,4,15,4,7,3,1,1,0,2,0
3614,8,4,11,5,12,1,1,0,2,2,0
3615,5,4,9,4,12,1,1,1,3,2,0
3616,8,4,9,0,10,4,1,0,1,2,0
3617,9,4,15,2,6,0,1,1,2,2,0
3618,6,4,15,2,8,0,0,1,2,2,1
3619,7,4,15,4,14,3,1,1,2,1,0
3620,6,4,15,2,8,0,1,1,1,2,0
3621,10,2,6,6,8,1,1,1,2,2,1
3622,3,4,1,4,5,3,1,1,2,2,0
3623,5,6,15,4,4,1,0,1,2,0,0
3624,6,6,9,2,4,0,1,1,2,2,1
3625,9,4,11,2,4,5,1,0,2,1,0
3626,4,4,11,4,13,1,1,1,2,2,0
3627,4,4,5,4,5,1,1,1,2,2,0
3628,7,4,15,2,7,0,1,1,1,2,0
3629,4,2,11,4,8,1,1,1,2,2,1
3630,6,7,11,4,1,1,0,1,2,2,0
3631,6,5,9,2,10,0,1,1,2,2,1
3632,5,1,11,4,1,1,1,0,2,2,0
3633,10,4,15,2,3,0,1,1,2,2,0
3634,3,4,11,4,8,3,1,0,0,2,0
3635,7,0,0,2,0,5,1,0,1,2,0
3636,7,4,9,4,10,3,1,0,2,2,0
3637,12,0,15,6,0,1,1,0,1,2,0
3638,4,4,11,4,11,1,0,1,1,2,1
3639,8,4,15,2,12,0,1,1,2,2,1
3640,6,4,15,0,1,4,1,0,2,2,0
3641,14,4,9,6,12,1,1,0,0,2,0
3642,7,4,11,0,3,1,1,1,2,2,0
3643,10,4,11,2,6,0,1,1,3,2,0
3644,4,4,15,4,8,3,1,0,1,2,0
3645,6,4,11,2,8,0,1,1,2,2,1
3646,7,0,15,4,0,3,1,1,1,2,0
3647,7,4,15,2,3,0,0,1,2,2,1
3648,5,7,11,4,8,3,1,1,4,2,0
3649,9,4,11,2,3,0,1,1,1,2,0
3650,4,7,0,4,8,1,1,0,2,2,0
3651,10,6,10,2,10,3,1,0,2,2,1
3652,8,4,11,0,12,1,1,1,2,2,1
3653,5,4,11,5,7,1,1,0,2,2,0
3654,6,4,11,2,12,0,1,1,1,2,1
3655,6,2,11,4,3,1,0,1,2,2,0
3656,6,4,11,4,1,1,1,0,2,2,0
3657,5,7,9,4,10,1,1,1,2,2,0
3658,10,4,9,2,1,0,1,1,2,2,0
3659,7,4,15,4,12,3,1,1,2,2,0
3660,6,4,15,2,13,0,1,1,2,2,0
3661,6,4,11,4,1,3,1,0,2,2,0
3662,8,6,15,4,3,3,0,1,3,0,0
3663,5,6,11,4,5,3,1,1,2,2,0
3664,7,4,7,0,1,1,1,1,2,2,0
3665,7,7,11,2,1,0,1,1,2,2,0
3666,8,2,9,2,4,0,1,1,2,2,1
3667,9,4,15,0,8,1,1,0,2,2,0
3668,5,4,12,4,13,1,1,1,2,2,0
3669,5,4,11,2,8,0,1,1,2,2,0
3670,10,4,15,2,1,0,1,1,2,2,0
3671,9,4,12,2,10,5,1,0,1,2,1
3672,9,6,11,2,3,0,1,1,2,2,0
3673,5,5,1,2,12,0,1,1,1,2,1
3674,10,4,6,4,7,1,0,1,2,2,0
3675,6,4,11,4,3,3,1,1,2,1,0
3676,6,4,15,2,3,0,1,1,2,2,0
3677,4,4,15,3,12,1,1,1,2,2,0
3678,4,4,11,4,7,3,1,1,1,2,0
3679,16,4,11,6,4,1,1,1,1,2,0
3680,5,4,11,4,4,1,1,1,0,2,0
3681,7,4,0,2,6,0,1,1,2,2,0
3682,9,4,14,2,10,0,1,1,2,2,1
3683,11,4,11,2,6,0,0,1,2,0,1
3684,5,4,9,4,12,1,1,1,3,2,0
3685,4,4,8,4,4,4,1,1,2,2,0
3686,6,4,9,4,10,3,1,0,2,2,0
3687,7,2,9,2,10,0,1,1,3,2,0
3688,5,4,7,2,6,0,1,1,2,2,0
3689,5,4,11,2,1,0,1,1,2,2,0
3690,11,4,15,2,8,0,1,1,2,2,0
3691,10,2,11,2,14,5,1,0,2,2,1
3692,3,4,11,4,4,4,1,0,1,2,0
3693,4,4,11,4,12,3,1,0,2,2,0
3694,11,4,4,0,3,3,1,1,2,2,0
3695,11,4,9,0,8,1,0,0,3,0,0
3696,8,4,9,0,10,1,1,1,2,2,0
3697,8,4,15,2,12,5,1,0,1,2,1
3698,10,4,15,2,3,0,1,1,4,2,1
3699,7,2,8,0,13,1,1,1,2,2,0
3700,4,4,11,4,12,3,1,1,2,2,0
3701,10,4,9,2,12,0,1,1,2,2,1
3702,13,4,9,6,12,4,0,0,2,2,0
3703,7,4,11,0,7,5,1,0,2,2,0
3704,8,4,8,0,12,4,0,1,2,0,0
3705,3,4,15,4,3,1,1,1,1,2,0
3706,6,4,15,4,3,3,0,1,2,2,0
3707,4,1,9,4,4,1,1,0,0,2,0
3708,5,4,9,2,4,0,1,1,2,2,0
3709,10,4,10,5,10,4,0,1,2,2,0
3710,4,4,11,4,6,1,1,1,1,2,0
3711,10,7,15,2,11,0,1,1,2,2,0
3712,3,4,15,4,1,1,1,1,1,2,0
3713,6,0,9,2,0,5,1,0,2,2,1
3714,9,6,11,2,12,0,1,1,2,2,0
3715,11,4,9,2,12,0,1,1,2,2,1
3716,6,4,4,0,8,1,1,0,2,2,1
3717,9,4,9,5,7,1,1,0,2,2,1
3718,10,2,9,2,10,0,1,1,1,2,1
3719,4,4,15,4,3,3,1,1,2,2,0
3720,7,4,11,2,6,0,0,1,2,2,1
3721,9,7,15,2,10,5,0,0,3,4,0
3722,6,4,15,4,5,3,1,0,2,2,0
3723,3,7,15,4,13,3,0,1,1,2,0
3724,6,4,11,2,7,0,0,1,2,2,1
3725,10,0,11,4,0,3,1,0,1,2,0
3726,6,4,9,2,10,0,1,1,2,2,0
3727,4,4,11,4,7,3,1,1,2,2,0
3728,5,4,8,4,12,3,1,0,2,2,0
3729,5,4,5,4,10,4,1,0,0,2,0
3730,4,4,15,2,7,0,1,1,2,2,1
3731,4,4,11,4,3,1,1,1,2,2,0
3732,6,4,11,4,7,3,1,1,2,2,0
3733,4,4,11,4,6,1,1,1,2,2,0
3734,6,1,15,2,1,0,0,1,2,2,0
3735,7,4,10,5,10,4,1,0,2,2,1
3736,3,0,11,4,0,4,1,0,1,2,0
3737,6,4,11,5,8,4,1,0,2,2,1
3738,7,4,0,2,3,0,1,1,2,2,0
3739,8,0,8,2,0,5,1,0,2,2,0
3740,7,4,11,4,8,3,1,1,2,2,0
3741,11,2,1,2,14,0,1,1,2,2,0
3742,3,0,1,4,0,3,1,1,1,2,0
3743,7,4,5,0,9,4,1,0,2,2,0
3744,9,4,0,2,7,0,1,1,2,2,1
3745,9,2,11,2,11,0,1,1,4,2,0
3746,13,5,15,2,4,0,1,1,1,2,0
3747,5,4,11,2,7,0,1,1,2,2,1
3748,5,2,9,4,11,3,0,1,4,2,0
3749,6,4,11,2,1,5,1,0,2,2,0
3750,9,7,11,2,1,5,1,0,2,2,0
3751,6,4,15,0,12,4,1,0,1,2,1
3752,5,2,9,2,10,0,1,1,2,2,1
3753,6,4,9,4,10,1,0,1,2,2,1
3754,9,4,15,2,12,0,1,1,2,2,0
3755,12,4,12,6,1,1,1,0,1,2,0
3756,7,4,8,0,1,2,0,0,2,2,0
3757,6,4,15,2,1,5,1,0,2,2,0
3758,9,1,7,5,1,4,0,0,2,0,0
3759,6,4,11,0,7,1,1,0,2,2,0
3760,8,4,9,6,10,4,1,0,3,2,0
3761,11,4,11,4,6,1,1,1,2,2,1
3762,11,4,8,0,12,3,1,0,2,2,0
3763,15,4,15,6,1,4,1,0,0,2,0
3764,15,4,9,2,11,0,1,1,2,2,1
3765,9,4,9,4,12,3,1,0,2,2,0
3766,3,4,11,4,1,1,0,0,1,2,0
3767,10,4,1,0,8,4,0,0,2,2,0
3768,10,4,4,2,3,0,1,1,2,2,1
3769,5,6,11,4,10,1,1,0,2,2,0
3770,8,4,8,2,8,0,0,1,2,0,0
3771,12,4,11,2,14,0,1,1,1,2,0
3772,4,4,11,4,1,1,1,0,2,2,0
3773,4,4,8,4,10,2,1,0,2,2,0
3774,11,4,11,2,12,0,1,1,2,2,0
3775,3,4,15,4,4,1,1,1,0,2,0
3776,6,4,11,2,13,0,1,1,2,0,1
3777,7,4,15,5,10,1,1,0,1,2,0
3778,4,4,4,4,3,4,1,1,1,2,0
3779,5,4,6,4,9,1,0,0,2,2,0
3780,8,6,11,2,3,0,0,1,2,2,0
3781,9,7,15,2,4,0,0,1,2,2,0
3782,11,7,12,2,10,0,1,1,2,2,0
3783,4,4,11,2,1,0,1,1,1,2,0
3784,14,0,11,6,0,1,1,0,1,4,0
3785,8,4,9,2,12,0,1,1,2,2,1
3786,7,4,7,2,8,0,1,1,1,2,0
3787,6,4,12,0,4,2,1,0,3,2,0
3788,6,7,15,4,1,1,1,0,2,2,0
3789,12,4,11,2,3,0,1,1,2,2,1
3790,5,4,8,4,5,3,1,1,2,2,0
3791,6,4,8,4,4,1,1,1,2,2,0
3792,10,4,3,0,8,4,1,0,2,2,0
3793,6,4,11,4,7,1,1,0,1,2,0
3794,8,4,11,0,8,1,1,0,2,2,0
3795,6,4,11,2,12,5,0,0,2,0,1
3796,4,4,1,4,14,1,1,1,1,2,0
3797,12,4,7,2,5,0,1,1,0,2,1
3798,10,4,8,0,6,1,1,1,2,2,0
3799,6,4,9,2,10,0,1,1,3,2,0
3800,4,4,15,4,4,3,1,1,2,2,0
3801,6,2,15,4,11,1,1,1,2,2,0
3802,12,4,15,4,8,1,1,1,2,2,0
3803,5,4,11,4,7,3,0,1,2,0,0
3804,10,4,11,2,14,0,1,1,2,2,1
3805,12,4,11,2,12,0,1,1,2,2,0
3806,4,4,15,4,8,4,1,0,2,2,0
3807,6,4,15,2,3,0,1,1,1,2,0
3808,10,4,12,2,10,0,1,1,2,2,0
3809,8,4,11,6,8,1,1,0,4,2,0
3810,4,7,9,4,3,3,1,1,2,2,0
3811,7,4,8,2,13,0,1,1,2,2,0
3812,7,4,15,2,5,0,1,1,2,2,1
3813,5,4,12,4,10,1,1,1,1,2,0
3814,9,0,11,4,0,1,1,0,2,2,0
3815,10,4,11,6,8,1,1,0,2,2,0
3816,9,6,11,2,12,0,1,1,2,2,1
3817,10,4,0,2,7,0,1,1,2,2,0
3818,7,4,5,2,10,0,1,1,2,2,0
3819,5,5,11,2,4,0,1,1,2,2,0
3820,10,4,15,2,1,5,1,0,3,2,1
3821,4,4,11,4,12,1,1,1,1,2,0
3822,10,4,5,2,12,0,1,1,2,2,0
3823,6,4,11,0,3,4,1,1,2,4,0
3824,4,4,11,4,3,3,1,1,0,2,0
3825,6,4,11,2,10,5,1,0,2,2,1
3826,6,0,15,2,0,0,0,1,0,2,1
3827,12,4,11,2,12,0,1,1,2,2,1
3828,7,5,7,4,4,1,0,1,2,2,0
3829,11,5,9,2,12,0,1,1,3,2,0
3830,5,4,8,2,3,0,1,1,3,2,1
3831,12,4,8,2,5,0,1,1,2,2,1
3832,17,6,12,2,4,0,0,1,2,2,0
3833,10,4,1,2,4,0,1,1,2,2,0
3834,5,4,9,0,10,1,1,0,2,2,0
3835,7,4,11,2,5,5,1,0,2,2,1
3836,14,4,12,2,4,0,1,1,1,2,0
3837,7,4,9,2,1,0,1,1,2,2,0
3838,6,4,15,0,12,1,1,0,2,2,0
3839,10,4,8,0,10,4,1,0,2,2,0
3840,4,4,9,4,12,1,1,0,2,2,0
3841,6,4,7,2,13,0,1,1,2,2,0
3842,11,4,9,5,4,4,1,0,2,2,0
3843,10,4,11,2,3,0,1,1,2,2,0
3844,12,4,9,2,4,0,1,1,1,2,0
3845,7,6,11,2,3,0,1,1,2,2,0
3846,4,4,8,2,8,0,1,1,2,2,1
3847,4,4,15,4,12,3,1,1,1,2,0
3848,5,4,11,4,12,2,1,1,2,2,0
3849,8,4,3,2,8,0,0,1,2,2,0
3850,4,7,12,4,10,4,1,0,0,2,0
3851,4,4,1,4,6,1,1,0,2,2,1
3852,7,4,12,2,10,0,1,1,2,2,0
3853,6,4,12,4,8,3,1,0,2,2,0
3854,12,7,9,2,10,0,0,1,2,2,1
3855,5,4,12,2,10,0,1,1,2,2,0
3856,6,4,8,2,3,0,1,1,2,2,1
3857,10,4,15,2,13,0,1,1,3,2,1
3858,4,4,15,4,3,1,0,1,2,2,0
3859,6,0,9,2,0,0,1,1,2,2,0
3860,4,6,11,4,3,1,1,1,1,2,0
3861,12,0,11,2,0,0,1,1,2,2,1
3862,12,4,11,2,4,0,1,1,1,2,0
3863,7,2,9,2,11,0,1,1,2,2,1
3864,11,7,11,0,1,1,0,0,2,0,0
3865,6,4,11,2,12,0,1,1,2,2,0
3866,6,4,9,4,10,3,1,0,2,2,0
3867,11,2,8,2,11,0,1,1,0,2,1
3868,7,5,9,4,4,4,0,1,2,2,0
3869,10,4,11,2,3,0,1,1,2,2,0
3870,5,2,15,2,14,0,1,1,2,2,0
3871,10,6,15,2,14,0,1,1,1,2,1
3872,7,4,0,2,8,0,1,1,1,2,0
3873,6,4,7,0,8,4,1,0,2,2,0
3874,12,4,15,2,10,0,1,1,1,2,1
3875,6,4,15,2,14,0,1,1,1,2,1
3876,9,4,15,2,4,0,1,1,1,2,1
3877,8,4,11,4,1,4,1,0,2,2,0
3878,8,4,15,3,8,4,1,0,3,2,0
3879,6,4,15,2,12,0,1,1,2,2,0
3880,7,4,15,2,10,0,1,1,2,2,1
3881,14,4,11,2,3,0,1,1,1,2,1
3882,6,4,11,3,6,4,1,0,2,2,0
3883,10,4,15,2,3,0,1,1,2,2,0
3884,7,6,5,2,5,0,1,1,2,2,1
3885,8,4,11,2,7,0,1,1,2,2,1
3886,11,4,11,2,12,0,1,1,1,2,0
3887,3,4,6,4,8,2,1,0,2,2,0
3888,15,4,15,2,7,0,1,1,1,0,0
3889,9,4,12,2,4,0,0,1,2,2,0
3890,5,4,11,4,10,3,1,0,1,2,0
3891,10,4,11,2,5,0,1,1,1,2,0
3892,3,4,15,4,7,1,1,1,2,2,0
3893,9,4,11,2,3,0,1,1,2,2,1
3894,10,4,1,5,8,1,1,0,3,2,0
3895,6,0,15,4,0,2,1,1,2,2,0
3896,4,4,15,0,3,4,1,1,2,2,0
3897,6,6,12,5,4,4,1,0,2,2,0
3898,5,4,11,2,6,0,1,1,1,2,0
3899,10,4,9,0,4,1,1,0,2,2,0
3900,12,4,0,0,6,4,0,1,3,2,0
3901,11,4,11,2,4,0,1,1,2,2,1
3902,6,4,9,4,1,4,1,0,2,2,0
3903,6,0,7,4,0,3,0,0,3,0,0
3904,7,4,11,4,4,1,0,0,2,0,0
3905,11,4,8,0,12,4,0,1,1,2,0
3906,8,6,15,2,14,0,0,1,2,2,1
3907,5,6,11,4,8,3,0,1,2,1,0
3908,9,7,11,2,8,0,1,1,2,2,1
3909,8,4,9,2,4,0,1,1,2,2,1
3910,7,4,11,2,3,0,1,1,3,2,0
3911,5,4,8,4,13,1,0,0,1,2,0
3912,11,4,11,2,6,0,0,1,3,2,1
3913,4,4,15,2,1,0,1,1,0,2,0
3914,7,4,11,2,1,0,1,1,1,2,0
3915,7,6,15,2,3,0,1,1,2,2,0
3916,7,4,11,2,3,0,1,1,2,2,1
3917,6,4,14,2,10,0,1,1,1,2,1
3918,6,4,1,4,14,3,1,0,2,2,0
3919,9,2,9,0,10,4,1,1,2,1,0
3920,10,4,9,0,12,4,1,1,2,2,0
3921,11,4,15,2,1,5,0,0,2,2,1
3922,8,4,11,0,8,4,0,0,2,0,0
3923,5,4,12,4,4,2,0,0,2,2,0
3924,8,0,15,2,0,0,1,1,2,2,0
3925,5,4,9,4,10,1,1,0,2,2,0
3926,4,4,15,4,3,3,1,1,1,2,0
3927,11,4,8,4,12,4,1,0,2,2,0
3928,8,6,12,5,4,4,0,0,2,2,0
3929,9,4,11,2,8,0,1,1,1,2,1
3930,11,6,11,2,4,0,1,1,2,2,0
3931,4,4,11,4,3,1,1,1,0,2,0
3932,10,4,9,4,4,1,0,0,2,2,0
3933,10,4,11,2,8,0,1,1,2,2,1
3934,4,4,0,4,7,3,0,0,1,2,0
3935,10,5,11,5,12,4,1,0,2,2,0
3936,6,4,9,2,3,0,1,1,2,1,1
3937,9,4,9,0,4,1,1,0,2,2,0
3938,7,4,15,2,1,0,1,1,3,2,0
3939,5,4,11,2,7,5,0,0,2,2,1
3940,9,4,11,0,1,4,1,0,2,2,0
3941,3,0,11,4,0,3,1,0,2,2,0
3942,5,0,0,4,0,3,1,1,2,2,0
3943,4,7,11,4,7,1,1,1,1,2,0
3944,6,4,11,2,3,0,1,1,2,2,0
3945,6,4,15,2,7,0,1,1,3,2,0
3946,7,4,11,2,6,0,1,1,2,2,1
3947,9,4,15,0,10,1,1,1,2,2,1
3948,6,4,12,2,10,0,0,1,1,2,0
3949,6,4,15,2,12,0,1,1,2,2,0
3950,5,4,11,4,3,3,1,0,2,2,0
3951,9,4,1,2,3,0,1,1,2,2,1
3952,6,0,15,2,0,5,1,0,1,2,0
3953,10,4,15,4,1,1,1,1,2,2,0
3954,4,4,15,4,12,1,1,1,2,2,0
3955,9,4,11,2,8,0,0,1,2,2,1
3956,7,6,11,0,5,1,1,1,2,2,0
3957,5,4,8,2,4,0,1,1,1,2,1
3958,5,4,15,4,1,1,0,0,2,2,0
3959,4,4,15,4,4,1,1,1,1,2,0
3960,8,4,11,0,7,4,0,0,2,2,0
3961,4,5,9,2,3,0,1,1,1,2,1
3962,10,2,0,2,14,0,1,1,2,2,1
3963,4,2,14,4,10,3,1,1,2,2,0
3964,7,4,11,0,1,4,1,0,2,2,0
3965,8,4,9,2,13,5,1,0,2,2,0
3966,5,4,11,4,8,1,1,0,2,2,1
3967,14,6,12,2,10,0,0,1,0,0,0
3968,7,4,15,2,4,0,1,1,2,2,1
3969,10,4,11,2,1,0,1,1,2,2,1
3970,10,4,11,2,8,0,1,1,2,2,0
3971,8,4,11,2,1,0,1,1,2,2,0
3972,4,6,8,4,5,3,1,1,2,2,0
3973,5,1,11,2,1,5,1,0,2,2,1
3974,8,4,15,0,3,1,1,1,2,2,1
3975,6,4,6,6,14,1,1,1,2,2,0
3976,5,2,11,4,14,3,1,1,2,2,0
3977,5,4,15,2,6,0,1,1,1,2,0
3978,13,6,9,2,4,0,1,1,2,2,0
3979,5,1,5,2,0,0,1,1,2,2,0
3980,6,4,12,2,12,0,1,1,2,2,1
3981,8,4,15,0,1,1,1,0,1,2,0
3982,4,4,9,4,4,3,1,1,2,2,0
3983,15,4,15,4,8,1,1,0,0,2,0
3984,6,7,12,2,10,0,1,1,2,2,1
3985,11,4,8,4,3,3,1,1,2,2,0
3986,6,4,5,2,6,0,1,1,2,2,1
3987,5,4,1,4,12,1,1,1,2,2,0
3988,11,4,9,2,1,0,1,1,2,2,0
3989,8,4,15,4,3,4,1,1,1,2,0
3990,10,4,12,0,1,1,1,0,2,2,0
3991,6,4,11,2,1,0,1,1,2,2,0
3992,3,5,9,4,10,1,1,1,2,2,0
3993,4,4,11,4,13,3,0,0,2,2,0
3994,11,4,11,2,6,0,1,1,2,2,0
3995,11,4,15,2,3,0,1,1,2,2,1
3996,11,4,11,6,8,4,1,0,2,2,0
3997,5,5,11,2,4,5,1,0,1,2,1
3998,6,4,8,0,13,1,1,0,2,2,1
3999,6,4,0,2,3,0,0,1,2,2,0
4000,4,6,1,4,14,2,1,1,2,2,0
4001,13,6,9,2,12,0,1,1,1,2,1
4002,9,4,6,0,8,4,1,1,4,2,0
4003,3,7,12,4,10,1,1,0,2,2,0
4004,6,6,11,4,3,1,1,0,2,2,0
4005,4,4,1,4,3,3,1,1,2,2,0
4006,3,6,11,4,3,3,1,1,2,2,0
4007,4,4,11,4,4,3,0,1,1,2,0
4008,4,4,9,2,12,0,1,1,2,2,1
4009,5,4,12,4,12,1,1,1,2,2,0
4010,13,6,1,2,3,0,1,1,3,2,0
4011,6,4,11,2,3,0,1,1,2,2,1
4012,9,7,0,2,11,0,1,1,2,2,0
4013,8,4,11,2,3,5,0,0,3,2,0
4014,5,4,11,4,14,1,1,1,1,2,0
4015,7,4,9,4,12,4,1,0,2,2,0
4016,5,4,11,4,5,3,1,1,2,2,0
4017,4,4,15,4,8,3,1,1,2,2,0
4018,10,4,15,6,12,1,1,1,2,2,0
4019,9,4,12,0,10,4,1,1,3,2,0
4020,5,6,4,4,5,4,1,0,0,2,0
4021,5,5,9,4,4,3,1,0,0,2,0
4022,6,7,9,4,10,4,1,0,2,2,0
4023,7,4,15,2,12,0,1,1,2,2,0
4024,4,4,8,4,3,3,0,1,4,2,0
4025,4,4,11,4,3,3,1,1,2,2,0
4026,7,4,8,2,12,5,1,0,2,2,1
4027,4,4,11,4,14,1,0,0,2,4,0
4028,6,2,12,2,10,0,1,1,2,2,0
4029,3,0,11,4,0,1,1,1,0,2,0
4030,14,7,15,2,11,0,0,1,2,2,0
4031,5,4,9,4,11,3,1,1,2,2,0
4032,8,4,9,2,3,0,1,1,2,2,1
4033,7,4,15,2,3,0,1,1,2,2,1
4034,10,4,15,2,4,0,1,1,2,1,1
4035,4,5,9,4,4,3,1,0,0,2,0
4036,5,4,9,2,3,0,1,1,2,2,0
4037,4,4,11,4,3,3,1,0,2,2,0
4038,6,4,15,2,4,0,1,1,2,2,0
4039,8,4,15,2,3,0,1,1,2,2,1
4040,9,6,14,0,4,4,1,0,2,2,0
4041,3,4,9,4,3,2,0,1,1,2,0
4042,5,4,10,4,10,1,0,1,2,2,0
4043,4,4,11,4,9,3,1,1,1,2,0
4044,7,6,9,2,4,0,1,1,3,2,1
4045,6,4,7,0,1,1,1,0,1,2,0
4046,5,4,0,4,4,2,0,1,3,2,0
4047,9,4,11,0,3,4,0,1,2,2,0
4048,4,0,11,4,0,1,1,0,2,2,0
4049,6,4,15,2,3,0,1,1,2,2,1
4050,6,6,11,4,5,1,1,1,3,2,0
4051,7,4,7,3,1,3,1,0,2,2,0
4052,9,0,11,2,7,0,1,1,2,2,1
4053,3,4,15,4,12,3,1,0,0,2,0
4054,12,4,15,2,7,0,1,1,2,2,0
4055,7,4,11,0,7,4,0,1,1,2,0
4056,8,4,1,2,6,0,1,1,2,2,0
4057,6,5,11,2,1,5,1,0,2,2,1
4058,5,6,11,4,3,3,1,1,1,2,0
4059,10,4,11,0,3,1,1,1,2,2,0
4060,4,4,11,4,4,1,0,1,2,2,0
4061,5,4,8,4,10,1,0,1,2,4,0
4062,8,4,9,2,4,0,1,1,2,2,1
4063,7,2,12,4,4,3,1,1,2,2,0
4064,9,6,9,0,4,4,0,0,2,2,0
4065,4,2,15,4,11,1,1,1,3,2,0
4066,8,4,12,2,10,5,1,0,2,2,1
4067,8,7,12,2,10,5,1,0,3,2,0
4068,5,7,9,2,13,5,1,0,1,2,0
4069,6,4,15,2,7,0,1,1,2,2,1
4070,9,4,9,0,7,1,1,1,2,2,1
4071,9,4,15,0,1,4,0,0,2,2,0
4072,9,4,11,2,8,5,1,0,2,2,0
4073,4,4,11,4,1,3,1,0,2,2,0
4074,18,4,15,4,4,3,1,1,2,2,0
4075,6,4,1,2,6,0,1,1,1,2,1
4076,7,4,11,0,12,1,1,0,2,2,0
4077,4,6,8,4,1,3,1,0,0,2,0
4078,8,4,11,2,3,0,1,1,2,2,1
4079,7,6,11,2,8,5,1,0,2,2,1
4080,10,6,12,2,10,0,1,1,3,2,0
4081,4,0,7,4,0,1,1,1,0,2,0
4082,10,4,9,2,12,0,1,1,2,2,1
4083,16,4,9,2,6,0,1,1,0,2,0
4084,5,6,9,4,4,1,1,0,3,2,0
4085,8,4,11,3,4,3,0,0,2,2,0
4086,6,4,7,0,1,1,1,0,2,2,0
4087,5,0,3,4,0,3,1,1,2,2,0
4088,4,2,11,4,14,3,0,1,1,2,0
4089,10,2,14,2,4,0,1,1,2,2,0
4090,5,4,11,3,4,2,1,1,2,2,0
4091,4,4,15,2,7,0,1,1,2,2,1
4092,6,6,11,4,5,2,1,1,1,2,0
4093,9,7,9,5,10,1,1,0,2,2,0
4094,9,4,9,2,1,0,1,1,1,2,1
4095,4,8,15,4,10,3,1,1,2,2,0
4096,13,4,15,2,8,0,1,1,2,2,0
4097,3,4,11,4,4,1,1,1,2,2,0
4098,7,4,7,2,1,5,1,0,2,2,0
4099,10,4,12,0,10,1,1,0,2,2,0
4100,8,4,7,2,4,2,1,0,2,2,0
4101,7,1,15,4,1,3,0,0,2,2,0
4102,3,6,1,4,3,1,1,1,0,2,0
4103,8,4,9,2,12,5,0,0,2,2,0
4104,6,4,15,2,3,0,1,1,2,2,0
4105,4,6,9,4,4,3,1,0,2,2,0
4106,6,4,11,2,1,0,1,1,2,2,0
4107,13,4,12,2,4,0,1,1,2,2,1
4108,3,4,11,4,1,1,1,0,0,2,0
4109,5,2,14,4,10,1,0,1,2,2,0
4110,7,6,11,2,5,0,1,1,2,2,1
4111,4,6,9,4,3,2,1,1,1,2,0
4112,8,4,11,4,12,3,0,1,2,2,0
4113,9,4,9,2,12,0,1,1,2,2,1
4114,10,6,8,0,8,1,1,1,2,2,0
4115,18,4,9,4,10,3,1,1,3,2,0
4116,9,4,11,2,3,0,1,1,1,2,1
4117,14,4,11,2,6,0,1,1,0,2,0
4118,7,0,9,2,0,0,1,1,1,4,1
4119,7,6,13,4,5,3,1,1,2,1,0
4120,5,4,14,4,10,1,1,0,2,2,0
4121,5,0,15,4,0,3,1,0,2,2,0
4122,5,4,9,2,1,0,1,1,1,2,1
4123,3,4,11,4,13,3,1,0,1,2,1
4124,3,4,8,4,10,3,1,0,1,2,0
4125,7,4,15,2,3,0,1,1,2,2,1
4126,4,2,15,4,8,3,1,0,2,2,0
4127,10,6,9,2,12,0,1,1,2,2,0
4128,6,4,5,0,8,1,1,0,2,2,0
4129,4,4,0,4,3,3,1,1,0,2,0
4130,7,4,15,0,1,1,1,0,2,2,0
4131,7,6,9,0,12,1,0,0,2,2,0
4132,5,4,11,4,7,3,0,1,2,2,0
4133,10,4,11,0,5,1,1,1,2,2,0
4134,3,4,9,4,4,1,1,1,1,2,0
4135,4,4,11,6,10,1,1,0,2,2,0
4136,4,0,15,4,0,3,1,0,2,2,0
4137,5,4,11,4,6,1,1,1,2,2,0
4138,12,2,14,0,10,1,0,1,2,0,0
4139,4,7,11,4,1,3,1,0,2,2,0
4140,8,4,11,0,7,1,1,1,1,2,0
4141,8,4,11,0,14,2,1,0,3,2,0
4142,10,6,12,2,14,0,1,1,2,2,0
4143,5,5,15,4,4,3,1,1,2,2,0
4144,11,4,15,2,12,0,1,1,1,2,0
4145,6,4,15,4,13,3,1,0,2,2,0
4146,11,4,11,6,14,1,1,1,2,2,0
4147,4,4,15,4,6,4,1,1,2,2,0
4148,4,2,15,4,10,1,1,0,2,2,0
4149,12,4,11,2,12,0,1,1,2,2,1
4150,7,4,15,4,8,3,1,0,2,2,0
4151,11,6,7,2,5,0,1,1,2,2,0
4152,6,4,12,0,4,4,1,0,0,2,0
4153,4,2,15,4,11,1,1,1,2,2,0
4154,12,4,15,2,1,0,0,1,1,2,0
4155,10,4,9,2,10,3,1,1,2,2,0
4156,10,4,11,0,14,1,0,1,3,2,0
4157,6,4,11,2,7,0,1,1,3,2,0
4158,3,4,11,4,1,3,1,0,1,2,0
4159,5,4,7,0,10,4,1,0,2,2,0
4160,6,4,15,4,7,1,1,1,2,2,0
4161,7,4,1,0,8,4,1,0,2,2,0
4162,9,6,9,4,12,3,1,1,3,2,0
4163,4,4,11,4,3,1,1,1,2,2,0
4164,12,4,11,2,3,0,1,1,2,2,0
4165,6,7,1,2,8,0,1,1,2,2,0
4166,5,4,15,4,7,3,1,0,2,2,0
4167,5,2,9,4,10,3,0,0,2,2,0
4168,6,4,15,4,13,1,1,0,2,2,0
4169,4,6,15,4,4,1,0,0,1,2,0
4170,6,1,15,0,1,1,1,1,2,2,0
4171,5,4,15,4,10,3,0,1,2,4,0
4172,4,1,15,4,1,1,1,0,2,2,0
4173,4,2,11,4,3,1,1,1,2,2,0
4174,4,2,15,4,8,1,1,0,1,2,0
4175,4,4,1,4,7,4,1,0,2,2,0
4176,7,6,11,4,12,3,1,0,3,1,0
4177,5,4,9,2,4,0,1,1,1,2,0
4178,14,4,9,2,8,0,1,1,0,2,1
4179,5,4,15,2,12,5,1,0,1,2,1
4180,10,7,15,4,3,3,0,1,2,0,0
4181,3,4,0,4,7,1,1,1,0,2,0
4182,9,4,15,2,12,2,0,1,2,0,0
4183,11,7,9,2,10,0,1,1,2,2,1
4184,8,4,11,2,14,0,1,1,2,2,1
4185,6,0,11,4,0,1,0,0,3,2,0
4186,5,4,15,4,12,3,1,0,2,2,0
4187,11,1,15,3,1,1,1,1,2,2,0
4188,11,6,15,0,8,1,1,0,2,2,0
4189,7,4,9,2,10,0,1,1,2,2,0
4190,6,4,12,2,10,0,1,1,2,2,0
4191,12,6,12,2,10,0,1,1,2,2,1
4192,15,4,11,2,3,0,1,1,1,2,1
4193,6,4,5,4,8,3,1,0,2,2,0
4194,4,4,15,4,1,1,1,0,2,2,0
4195,6,4,2,4,12,2,1,0,2,2,0
4196,7,4,11,4,1,1,1,1,2,2,0
4197,10,4,11,2,3,0,1,1,2,2,0
4198,7,4,9,0,1,1,1,0,2,2,0
4199,8,4,9,0,10,3,1,1,2,2,0
4200,5,5,14,2,10,0,1,1,2,2,0
4201,5,5,8,4,12,1,0,1,2,0,0
4202,15,4,6,2,3,0,1,1,2,2,1
4203,6,4,11,2,5,0,1,1,2,2,0
4204,7,4,9,2,12,5,0,0,2,4,0
4205,7,2,11,2,7,5,1,0,2,2,0
4206,7,4,11,2,7,0,1,1,2,2,1
4207,9,0,6,2,0,2,1,1,2,2,0
4208,12,5,11,2,4,0,1,1,1,2,0
4209,11,7,15,0,4,1,1,0,2,2,0
4210,8,4,7,3,1,3,1,0,2,2,0
4211,4,4,7,4,14,3,0,1,2,2,0
4212,5,4,15,4,14,1,1,1,2,2,0
4213,10,4,15,0,12,4,0,0,2,0,0
4214,9,4,15,2,4,0,1,1,3,2,1
4215,7,7,9,2,4,0,0,1,2,2,0
4216,9,4,11,0,5,1,1,1,2,2,0
4217,11,2,14,0,10,4,1,0,1,2,0
4218,3,4,11,4,12,1,1,0,1,2,0
4219,4,4,11,4,8,2,1,0,2,2,0
4220,4,2,11,2,8,0,1,1,2,2,0
4221,8,1,9,2,4,0,0,1,2,2,1
4222,8,7,11,5,1,4,1,0,1,2,0
4223,3,7,0,4,3,3,0,1,0,0,0
4224,5,4,15,4,10,1,1,0,1,2,1
4225,6,4,11,4,8,3,1,0,2,2,0
4226,11,4,12,2,10,0,1,1,3,2,0
4227,11,4,9,4,1,1,1,1,2,2,0
4228,10,4,9,2,12,0,0,1,1,2,0
4229,8,4,11,4,1,3,1,1,2,2,0
4230,5,4,11,4,8,3,1,0,2,2,0
4231,10,4,15,0,1,4,1,0,1,2,0
4232,5,4,11,2,7,0,1,1,2,2,1
4233,7,4,11,2,6,0,1,1,3,2,0
4234,8,6,11,2,3,0,1,1,0,2,1
4235,9,4,11,4,4,3,1,1,2,2,0
4236,4,2,11,2,6,0,1,1,0,2,1
4237,6,4,8,4,7,1,1,1,2,2,0
4238,5,4,15,4,12,3,1,1,2,2,0
4239,4,4,15,4,3,1,1,1,1,2,0
4240,14,4,9,2,4,0,1,1,1,2,0
4241,10,5,12,2,4,5,1,0,2,2,1
4242,6,4,11,2,12,0,1,1,2,2,1
4243,11,4,10,6,10,4,0,0,2,0,0
4244,9,7,11,5,8,4,1,0,2,2,0
4245,9,4,11,2,6,0,1,1,2,2,0
4246,8,4,11,5,12,1,0,1,2,2,1
4247,10,4,9,2,4,0,1,1,1,2,1
4248,5,4,0,2,8,0,1,1,2,2,0
4249,5,4,15,4,13,3,1,1,2,1,0
4250,5,4,11,4,10,1,1,1,2,2,0
4251,11,4,12,2,4,0,1,1,2,2,0
4252,9,4,15,4,12,3,1,0,2,2,0
4253,11,4,7,2,12,0,1,1,1,2,1
4254,3,4,15,4,12,1,1,0,1,2,0
4255,12,4,15,5,4,3,1,1,2,2,0
4256,12,4,9,6,1,4,1,1,2,2,1
4257,5,4,11,4,3,1,1,1,3,2,1
4258,4,4,9,4,13,3,1,1,1,2,0
4259,8,2,9,0,10,1,0,0,3,2,0
4260,6,2,9,4,10,1,1,0,2,2,0
4261,3,6,11,4,5,3,1,1,1,2,0
4262,9,5,11,5,3,1,1,1,2,2,0
4263,6,4,15,0,13,4,1,0,1,2,0
4264,9,4,15,0,12,1,1,1,2,2,0
4265,10,4,0,0,8,3,0,1,2,2,0
4266,8,4,15,0,1,1,1,0,2,2,0
4267,9,4,0,0,6,1,0,0,2,2,0
4268,3,7,11,4,4,2,1,0,0,2,0
4269,9,6,14,2,10,0,1,1,1,2,1
4270,4,4,7,2,3,0,1,1,1,2,0
4271,6,7,11,2,4,5,0,0,2,2,1
4272,8,4,15,2,14,0,1,1,1,2,1
4273,4,5,9,4,4,3,1,0,2,2,0
4274,8,6,11,2,14,0,0,1,2,2,1
4275,8,4,9,4,4,3,0,1,2,2,0
4276,3,7,9,4,12,1,0,0,0,2,0
4277,10,2,11,2,11,0,0,1,3,2,0
4278,6,4,5,2,7,0,1,1,1,2,0
4279,10,4,11,2,3,0,1,1,2,2,1
4280,6,4,14,4,10,4,1,0,2,2,0
4281,7,4,8,6,3,1,1,1,2,2,0
4282,3,5,11,4,12,2,1,0,1,2,0
4283,4,4,11,0,8,4,1,0,1,1,0
4284,4,4,10,2,10,5,1,0,1,2,0
4285,8,4,4,2,8,5,1,0,1,2,0
4286,9,6,14,2,10,0,1,1,2,2,0
4287,3,4,9,4,4,1,1,1,0,2,0
4288,7,4,11,2,14,0,1,1,1,2,0
4289,12,6,15,2,13,0,1,1,2,2,1
4290,4,4,11,4,10,1,1,1,2,2,0
4291,9,4,11,2,12,0,1,1,2,2,1
4292,7,6,9,2,4,0,1,1,1,2,1
4293,5,4,11,4,7,1,1,1,1,2,1
4294,8,4,11,2,3,0,1,1,2,2,1
4295,6,4,11,2,12,2,1,1,2,2,0
4296,6,4,7,2,4,0,1,1,2,2,1
4297,6,4,9,4,4,1,1,1,2,2,0
4298,9,4,11,5,1,4,1,0,3,2,0
4299,5,4,14,4,10,1,1,0,1,2,1
4300,8,4,11,0,7,1,1,1,1,2,0
4301,6,2,9,2,4,0,1,1,3,2,1
4302,7,4,15,2,13,0,0,1,2,2,0
4303,5,4,15,2,4,0,1,1,2,2,0
4304,6,4,9,2,4,0,1,1,2,2,1
4305,6,4,12,2,13,0,1,1,1,2,0
4306,8,4,15,3,9,1,1,0,2,2,0
4307,12,4,9,4,12,1,1,1,1,2,0
4308,7,4,11,2,4,0,1,1,2,2,0
4309,6,6,15,2,4,0,1,1,2,2,0
4310,7,4,15,2,12,0,1,1,4,2,0
4311,5,7,9,4,1,1,1,0,2,2,0
4312,13,4,15,5,1,4,1,0,0,2,0
4313,6,4,15,2,3,0,1,1,2,2,1
4314,7,4,11,4,3,3,1,1,2,2,0
4315,10,4,11,2,14,0,1,1,2,2,1
4316,7,4,11,0,7,1,1,1,2,2,0
4317,5,4,15,4,12,3,1,1,2,2,0
4318,7,4,7,4,1,1,1,0,1,2,1
4319,5,4,11,4,3,1,1,1,2,2,0
4320,4,6,15,2,4,5,1,0,2,2,0
4321,7,4,11,2,3,0,1,1,2,2,0
4322,8,4,1,2,7,0,1,1,2,2,1
4323,9,0,1,4,0,4,1,0,2,2,0
4324,15,4,2,4,1,3,0,0,1,2,0
4325,5,0,5,0,0,1,0,0,0,0,0
4326,13,4,11,6,14,1,1,1,0,2,0
4327,5,4,11,5,8,1,1,0,2,2,1
4328,5,2,11,4,1,3,1,0,1,2,0
4329,9,4,11,4,10,3,1,0,2,2,0
4330,10,1,15,2,10,0,1,1,2,2,1
4331,8,4,9,2,13,0,0,1,2,2,0
4332,4,6,11,3,12,1,1,0,2,2,1
4333,9,4,9,2,1,5,1,0,2,2,1
4334,6,4,1,2,3,0,1,1,2,2,0
4335,13,4,9,2,10,5,1,0,1,2,0
4336,6,6,15,2,7,0,1,1,3,2,1
4337,13,1,15,2,4,0,1,1,2,2,1
4338,9,1,12,2,1,5,0,0,2,2,0
4339,11,4,5,2,3,0,1,1,2,2,1
4340,8,1,10,4,10,2,1,1,2,2,0
4341,10,2,15,6,10,1,1,1,2,2,1
4342,10,2,11,2,1,0,1,1,2,2,0
4343,8,5,11,2,3,0,1,1,2,2,0
4344,13,2,11,0,11,1,1,1,1,2,0
4345,4,7,11,4,1,1,1,0,1,2,0
4346,6,4,15,2,8,0,1,1,2,2,0
4347,6,4,11,4,3,2,0,1,2,2,0
4348,4,4,11,4,8,4,1,0,1,2,0
4349,8,2,15,2,11,0,1,1,2,2,1
4350,10,4,12,2,10,0,1,1,2,2,0
4351,6,1,9,0,10,1,1,0,2,2,0
4352,13,7,9,6,10,4,1,0,2,2,0
4353,4,4,11,4,8,3,1,1,2,2,0
4354,12,2,15,4,11,3,1,1,2,2,0
4355,8,2,9,2,1,0,1,1,2,2,0
4356,4,6,15,2,12,0,0,1,1,2,0
4357,6,4,11,4,3,1,1,1,2,2,0
4358,6,6,15,6,12,4,1,0,2,2,0
4359,3,4,11,4,3,3,1,1,0,2,0
4360,4,4,1,6,12,1,1,0,2,2,0
4361,11,4,15,2,4,0,1,1,2,2,0
4362,4,4,15,4,4,1,1,0,1,2,0
4363,3,4,15,4,1,1,1,1,0,2,0
4364,6,4,11,4,7,1,1,0,1,2,0
4365,4,6,11,4,12,3,1,1,2,2,0
4366,9,4,12,2,4,0,1,1,2,2,1
4367,4,2,11,4,11,1,0,1,2,0,0
4368,3,4,12,2,10,0,1,1,2,2,1
4369,9,1,11,2,13,0,1,1,2,2,0
4370,7,4,11,2,3,0,1,1,3,2,0
4371,8,6,12,2,10,0,1,1,1,2,1
4372,6,6,15,4,3,2,1,1,2,2,0
4373,9,4,11,0,1,1,1,0,3,2,0
4374,10,4,9,2,8,0,1,1,2,2,1
4375,4,4,11,4,10,3,1,1,2,2,0
4376,6,5,15,4,4,3,1,1,2,3,0
4377,7,7,9,2,4,0,1,1,1,2,0
4378,6,7,11,2,6,0,1,1,2,0,1
4379,3,7,15,4,10,3,1,1,1,2,0
4380,8,4,11,2,14,0,0,1,1,2,0
4381,5,4,8,2,8,0,1,1,2,2,1
4382,8,7,15,4,11,1,1,1,2,0,0
4383,5,0,3,5,0,1,1,1,1,1,0
4384,5,4,15,2,1,0,1,1,1,2,1
4385,4,4,9,4,7,3,1,1,3,2,0
4386,6,4,11,4,8,1,1,0,2,2,0
4387,5,4,11,4,14,3,1,1,2,2,0
4388,6,4,8,2,13,5,1,0,2,2,1
4389,8,4,7,0,8,4,1,0,3,2,0
4390,7,2,9,0,10,4,0,0,2,2,0
4391,8,1,9,4,4,1,0,1,2,2,0
4392,5,1,15,0,4,3,1,0,2,1,0
4393,6,6,0,2,5,0,1,1,2,2,0
4394,8,4,15,2,3,0,1,1,2,2,0
4395,4,6,12,4,10,3,1,0,2,2,0
4396,4,4,11,4,1,1,1,0,2,2,0
4397,8,5,11,2,8,0,1,1,2,2,1
4398,9,2,15,2,4,0,1,1,1,2,0
4399,5,4,11,2,1,0,1,1,2,2,1
4400,8,6,8,2,14,0,1,1,2,2,1
4401,6,4,8,4,3,3,0,1,2,2,0
4402,7,2,11,0,1,1,1,0,2,2,0
4403,9,4,9,2,4,0,1,1,2,2,1
4404,9,4,9,0,1,4,1,0,2,2,0
4405,4,4,11,4,6,4,1,1,1,2,0
4406,6,4,2,2,12,0,1,1,2,2,0
4407,7,4,15,2,1,5,1,0,1,2,0
4408,7,2,11,2,8,0,1,1,2,2,1
4409,8,5,14,2,12,0,1,1,2,2,1
4410,5,4,1,4,10,3,1,0,2,2,0
4411,5,4,1,2,14,0,1,1,2,2,1
4412,4,4,9,4,12,3,1,0,2,2,0
4413,11,4,15,2,1,5,1,0,2,2,0
4414,5,2,15,2,3,0,1,1,2,2,0
4415,12,4,12,0,4,4,1,0,2,2,0
4416,4,6,15,4,5,3,1,1,1,2,0
4417,12,5,11,2,4,0,1,1,2,2,1
4418,7,6,12,4,10,4,1,0,2,2,0
4419,4,7,7,4,10,3,1,0,2,1,0
4420,8,6,1,2,8,5,1,0,3,2,1
4421,4,1,14,4,10,1,1,1,3,2,0
4422,7,4,11,2,12,0,1,1,2,2,0
4423,6,4,8,2,8,0,1,1,3,2,0
4424,11,6,15,2,3,0,1,1,2,2,1
4425,8,4,15,2,4,0,1,1,2,2,0
4426,8,4,15,2,3,0,1,1,2,2,1
4427,4,4,9,4,10,1,1,1,1,2,0
4428,9,4,15,2,8,0,1,1,2,2,0
4429,7,4,11,4,3,1,1,1,2,2,0
4430,7,2,9,0,1,1,1,0,2,2,0
4431,3,4,11,4,12,1,1,0,1,2,0
4432,4,4,11,4,3,1,1,1,2,2,0
4433,6,7,11,4,1,1,1,0,1,2,0
4434,4,4,15,4,12,3,1,1,1,2,0
4435,9,4,15,0,10,4,0,0,1,2,0
4436,9,4,15,2,12,0,0,1,1,2,0
4437,7,1,8,2,1,5,1,0,2,2,0
4438,5,6,11,2,3,0,1,1,2,2,0
4439,10,4,9,4,4,1,1,1,2,2,0
4440,9,4,15,2,1,0,1,1,2,2,0
4441,9,4,15,2,4,0,1,1,2,2,1
4442,13,4,12,2,10,0,1,1,0,2,0
4443,9,4,8,2,8,0,1,1,2,2,1
4444,8,4,11,2,7,0,1,1,2,2,0
4445,15,4,11,6,1,1,1,1,3,2,1
4446,3,2,12,4,4,3,1,1,1,2,0
4447,9,4,11,2,14,0,1,1,2,2,1
4448,7,4,11,2,3,0,0,1,1,2,0
4449,5,2,14,2,10,5,0,0,1,2,0
4450,7,4,9,2,12,0,1,1,2,2,1
4451,9,4,11,2,8,5,1,0,2,2,1
4452,7,6,11,2,1,0,1,1,2,2,0
4453,10,5,11,0,12,4,1,0,1,2,0
4454,5,4,1,0,8,1,0,0,2,2,0
4455,6,2,7,5,1,4,1,0,2,4,0
4456,7,4,12,2,4,0,1,1,3,2,0
4457,5,4,15,4,8,3,1,0,2,2,0
4458,5,4,9,4,4,3,1,1,3,2,0
4459,9,4,15,2,3,0,1,1,2,2,0
4460,11,4,15,2,8,0,1,1,2,2,0
4461,5,4,11,2,3,0,0,1,3,2,0
4462,8,4,9,2,3,0,1,1,2,2,0
4463,12,4,9,4,13,4,1,0,2,2,0
4464,6,4,11,2,4,0,1,1,2,2,0
4465,11,6,11,2,4,0,1,1,2,2,1
4466,7,4,9,0,1,1,1,0,2,2,0
4467,5,4,11,4,7,3,1,0,4,2,0
4468,3,4,11,4,4,4,1,0,2,2,0
4469,8,5,11,2,4,0,1,1,1,2,1
4470,3,6,11,4,1,1,1,0,1,2,0
4471,12,6,11,6,4,1,1,1,2,2,0
4472,9,4,15,2,4,0,0,1,2,2,1
4473,7,4,11,2,3,0,1,1,2,2,0
4474,8,4,11,2,7,0,1,1,2,2,0
4475,4,4,6,4,11,1,1,1,2,2,0
4476,6,4,15,0,1,1,1,1,3,2,0
4477,5,2,6,0,8,1,1,0,2,2,0
4478,5,4,11,4,8,1,0,0,2,2,0
4479,5,4,11,4,8,1,1,0,2,2,0
4480,9,4,1,2,7,5,1,0,2,2,1
4481,9,1,9,2,1,2,1,0,2,2,0
4482,5,0,11,4,0,2,0,1,2,2,0
4483,9,6,9,2,10,0,1,1,1,2,0
4484,8,4,15,0,8,1,1,1,2,2,0
4485,5,4,11,2,5,0,1,1,2,2,1
4486,5,4,0,2,12,0,1,1,2,2,1
4487,6,7,11,4,1,3,1,0,4,2,0
4488,3,4,9,4,4,3,1,1,2,2,0
4489,4,6,1,4,4,1,1,1,2,2,1
4490,6,4,11,0,4,1,1,1,1,2,1
4491,7,1,8,4,1,3,1,0,2,2,0
4492,4,4,9,4,12,2,1,0,2,2,0
4493,10,4,14,2,10,0,1,1,2,2,1
4494,8,4,15,5,1,4,1,0,3,2,0
4495,6,4,15,4,8,3,1,1,2,2,0
4496,10,4,11,2,6,0,1,1,2,2,1
4497,4,4,8,4,3,3,1,1,2,2,0
4498,12,4,10,1,10,4,0,1,1,2,0
4499,5,4,14,0,10,4,1,1,2,2,0
4500,10,4,11,2,14,0,1,1,2,2,0
4501,6,4,8,2,3,0,1,1,2,2,0
4502,6,4,15,2,13,0,1,1,2,2,0
4503,9,4,9,5,12,3,1,1,2,2,0
4504,12,4,15,6,14,1,1,1,1,2,0
4505,6,4,5,2,3,0,1,1,2,2,0
4506,5,4,0,2,4,0,1,1,2,2,1
4507,3,4,15,4,12,1,1,1,2,2,0
4508,11,1,15,2,1,0,1,1,3,2,1
4509,6,0,11,0,0,1,1,0,2,2,0
4510,4,4,15,2,3,0,1,1,2,2,0
4511,6,7,15,2,10,0,1,1,3,2,0
4512,3,4,9,4,4,3,1,1,2,2,0
4513,10,4,11,2,8,5,1,0,2,2,1
4514,9,1,11,0,10,1,1,1,3,2,0
4515,10,7,15,2,8,5,1,0,2,2,0
4516,8,4,11,4,7,3,1,0,2,2,0
4517,8,4,15,2,1,0,1,1,2,2,0
4518,7,4,9,4,4,3,1,1,2,2,0
4519,4,1,15,2,1,5,1,0,1,2,0
4520,5,4,11,4,7,1,1,0,2,2,0
4521,8,4,1,2,12,0,1,1,0,1,1
4522,9,4,15,4,13,1,1,1,2,2,1
4523,9,4,8,2,7,0,1,1,2,2,1
4524,7,4,12,2,10,0,0,1,2,2,0
4525,12,4,11,2,8,0,0,1,2,2,0
4526,12,4,11,2,4,0,1,1,2,2,0
4527,6,4,15,2,8,0,1,1,2,2,0
4528,12,4,0,0,14,3,1,1,2,2,0
4529,5,4,7,4,10,3,0,1,2,2,0
4530,15,4,15,6,13,2,1,0,1,2,0
4531,7,5,15,2,4,0,0,1,2,2,0
4532,4,5,8,2,5,0,1,1,1,2,1
4533,12,2,15,2,10,0,1,1,2,2,0
4534,6,4,11,0,7,1,1,0,1,2,0
4535,4,4,9,4,1,1,1,0,2,2,1
4536,10,4,7,2,6,0,1,1,2,2,1
4537,7,4,11,4,12,1,1,0,2,2,0
4538,10,4,9,0,9,4,0,0,2,2,0
4539,4,4,15,4,6,1,1,1,2,2,0
4540,4,4,9,2,12,0,1,1,1,2,1
4541,6,6,14,2,10,0,1,1,2,2,0
4542,5,4,11,2,7,0,1,1,2,2,0
4543,11,0,0,2,0,0,1,1,1,2,1
4544,5,2,11,4,1,1,1,0,2,2,0
4545,4,4,7,0,7,4,1,1,2,2,0
4546,7,4,11,0,1,1,1,0,2,2,0
4547,10,4,15,0,13,1,1,0,2,2,0
4548,10,4,9,2,3,0,1,1,2,2,0
4549,13,4,3,2,6,0,1,1,2,2,1
4550,10,4,11,2,3,0,1,1,1,2,1
4551,13,4,9,2,1,0,1,1,1,2,0
4552,10,4,11,2,1,0,1,1,2,2,0
4553,6,4,6,2,7,0,1,1,2,2,0
4554,10,6,11,2,5,0,1,1,2,2,0
4555,8,4,12,2,10,0,1,1,3,2,1
4556,11,4,15,2,12,0,1,1,1,2,0
4557,13,4,11,6,3,1,1,1,2,2,0
4558,5,0,11,4,0,1,1,1,1,2,0
4559,5,4,11,4,4,3,1,1,2,2,0
4560,6,6,11,4,14,1,0,1,2,2,0
4561,6,4,15,2,6,0,1,1,2,2,0
4562,4,1,11,4,1,3,1,0,2,2,0
4563,3,4,15,4,12,1,1,1,1,2,0
4564,8,4,11,4,8,1,0,0,2,2,0
4565,11,6,9,2,12,2,1,1,2,2,0
4566,13,4,15,6,4,4,0,0,3,2,0
4567,15,4,15,5,13,1,0,1,2,2,0
4568,10,4,11,2,7,0,0,1,4,2,1
4569,7,4,11,4,3,1,1,1,1,2,0
4570,4,6,15,4,12,1,1,0,1,2,1
4571,4,4,15,4,1,3,1,0,1,2,0
4572,9,4,15,4,8,1,1,0,2,2,0
4573,3,4,7,4,10,1,0,0,2,2,0
4574,6,4,15,2,4,0,1,1,1,1,0
4575,10,4,15,6,3,1,1,1,1,2,0
4576,8,4,1,2,12,0,1,1,1,2,1
4577,5,4,11,4,3,1,1,1,2,2,0
4578,4,4,15,4,8,1,1,0,2,2,0
4579,11,2,11,2,6,0,1,1,2,2,1
4580,7,4,15,4,8,1,1,1,2,2,0
4581,4,4,15,4,10,3,1,0,2,2,0
4582,8,5,8,2,3,0,1,1,3,2,1
4583,7,4,0,2,14,0,1,1,2,2,0
4584,8,4,9,2,12,0,1,1,0,2,0
4585,9,0,15,2,0,0,1,1,2,2,0
4586,8,4,9,2,4,0,1,1,2,2,1
4587,9,4,15,2,1,0,0,1,2,2,1
4588,11,4,9,2,4,0,1,1,1,2,0
4589,4,4,7,4,4,1,1,1,1,2,0
4590,4,4,5,4,14,1,1,1,1,2,0
4591,13,4,11,4,7,1,1,1,1,2,1
4592,3,4,9,4,13,3,1,0,0,2,0
4593,5,4,7,2,14,0,1,1,1,1,1
4594,4,4,0,4,8,4,0,1,2,2,0
4595,7,4,0,6,12,1,1,0,1,2,0
4596,6,4,11,2,5,0,1,1,3,2,1
4597,5,4,11,0,10,1,1,1,2,2,0
4598,8,7,12,2,10,0,1,1,2,2,1
4599,6,4,11,0,1,1,1,0,2,2,0
4600,10,4,7,2,4,5,1,0,2,2,1
4601,5,7,15,4,11,4,1,1,2,2,0
4602,5,4,2,4,8,3,1,1,2,2,0
4603,10,4,11,2,6,0,1,1,2,2,0
4604,7,5,9,4,4,4,1,0,2,2,1
4605,11,4,0,2,7,0,1,1,2,2,1
4606,9,4,11,2,12,0,1,1,2,2,1
4607,11,4,15,0,1,3,1,0,1,2,0
4608,6,4,11,0,6,4,1,1,2,2,0
4609,9,1,9,2,4,0,0,1,2,2,1
4610,9,0,9,2,0,0,0,1,1,2,1
4611,12,2,11,2,10,5,0,0,1,2,0
4612,11,4,11,2,3,0,1,1,2,2,1
4613,11,6,11,0,5,1,0,1,2,2,0
4614,5,4,11,2,8,0,0,1,2,2,1
4615,7,4,10,2,10,0,0,1,2,2,0
4616,8,6,11,4,8,3,1,0,3,2,0
4617,6,1,9,2,1,5,1,0,3,2,0
4618,10,4,11,0,4,1,1,1,2,2,0
4619,6,4,15,5,1,4,0,0,1,2,0
4620,10,4,9,0,4,1,1,1,1,2,0
4621,7,4,9,2,10,0,1,1,1,0,0
4622,7,4,11,2,4,0,1,1,2,2,1
4623,6,2,15,2,3,0,0,1,4,0,0
4624,11,4,7,2,8,0,1,1,3,2,1
4625,14,7,1,2,6,0,1,1,2,2,0
4626,5,4,9,2,3,0,1,1,2,2,1
4627,11,4,15,2,4,5,0,0,2,4,0
4628,6,4,15,2,7,0,1,1,1,2,1
4629,11,4,11,2,3,0,1,1,2,2,0
4630,7,4,9,2,12,0,1,1,3,2,1
4631,12,4,11,3,8,1,1,1,2,2,0
4632,12,7,15,2,4,0,1,1,1,2,0
4633,9,4,11,0,7,4,0,0,2,0,0
4634,8,4,11,2,8,0,1,1,1,2,1
4635,10,4,11,2,1,0,1,1,2,2,1
4636,7,4,9,2,4,0,1,1,2,2,1
4637,6,4,10,4,10,3,0,1,2,2,0
4638,14,4,1,6,8,1,1,0,1,2,0
4639,15,1,9,6,4,4,1,0,0,2,0
4640,4,4,15,4,3,3,1,1,1,2,0
4641,6,4,9,4,12,1,0,0,2,0,0
4642,7,4,8,2,8,0,1,1,3,2,1
4643,6,4,11,2,3,0,1,1,2,2,0
4644,6,4,9,2,4,0,1,1,2,2,1
4645,6,6,2,4,4,3,1,0,2,2,0
4646,9,7,15,6,4,1,1,1,2,2,0
4647,7,4,11,0,1,4,0,0,1,0,0
4648,11,4,11,2,3,0,1,1,2,2,1
4649,13,5,9,0,12,1,1,1,0,2,0
4650,4,0,9,4,3,4,1,1,0,2,1
4651,16,4,11,2,8,0,1,1,1,2,0
4652,6,2,7,2,10,5,0,0,2,2,1
4653,4,7,11,4,4,3,0,1,2,0,0
4654,9,4,14,2,10,0,1,1,2,2,0
4655,7,4,1,2,12,5,1,0,2,2,0
4656,9,4,11,2,6,0,1,1,2,2,0
4657,9,4,11,2,6,0,1,1,2,2,1
4658,5,2,11,4,10,3,1,1,2,2,0
4659,4,4,12,4,12,3,1,0,1,2,0
4660,9,2,9,2,4,0,1,1,2,2,0
4661,4,1,9,4,1,5,1,0,2,2,1
4662,9,4,12,0,4,4,1,1,2,2,0
4663,9,2,11,0,8,1,1,0,3,2,0
4664,8,5,8,0,12,4,1,1,3,2,0
4665,8,7,15,2,1,2,1,0,1,2,0
4666,8,6,8,4,3,2,1,1,2,2,0
4667,4,0,9,4,0,1,1,1,1,2,0
4668,12,4,9,2,10,0,1,1,2,2,0
4669,4,4,11,4,3,3,1,1,1,2,0
4670,7,4,11,0,3,1,1,0,2,2,1
4671,8,4,11,5,1,1,0,0,2,2,1
4672,6,6,9,2,10,0,0,1,3,0,0
4673,9,4,11,5,12,3,1,0,2,2,0
4674,7,4,12,2,12,0,1,1,3,2,0
4675,6,4,9,4,3,3,1,1,2,2,0
4676,9,4,5,2,3,0,1,1,2,2,0
4677,8,4,15,2,12,0,1,1,2,2,0
4678,6,4,11,4,3,1,1,0,2,2,0
4679,10,4,9,0,10,4,1,0,2,2,0
4680,9,4,11,2,3,0,1,1,2,2,1
4681,7,1,14,2,1,0,1,1,2,2,1
4682,6,6,15,0,5,3,0,1,2,2,0
4683,9,4,9,2,1,0,1,1,2,2,0
4684,6,6,8,0,5,4,1,0,2,2,0
4685,12,4,15,2,3,0,1,1,2,2,1
4686,6,4,11,2,14,0,1,1,2,2,0
4687,6,4,11,2,7,0,1,1,2,2,0
4688,8,4,15,3,1,1,1,0,2,2,0
4689,12,1,9,2,3,0,0,1,1,2,1
4690,4,4,5,4,1,1,1,0,1,2,0
4691,5,6,12,4,4,1,1,0,2,1,0
4692,5,4,11,4,3,3,1,1,2,2,0
4693,9,4,11,2,7,0,0,1,1,2,1
4694,6,4,4,2,6,0,1,1,2,2,1
4695,7,4,9,0,1,4,1,0,2,2,1
4696,5,4,15,0,12,4,1,1,2,2,0
4697,5,4,11,2,1,2,1,0,1,2,0
4698,3,4,13,4,8,1,1,1,1,2,0
4699,7,4,6,2,3,0,1,1,2,2,0
4700,7,4,14,2,10,0,1,1,2,2,0
4701,6,7,12,4,10,1,0,1,1,0,0
4702,4,4,10,4,10,1,1,1,2,2,0
4703,6,4,4,2,6,0,1,1,2,2,1
4704,6,7,8,4,10,3,0,1,2,2,0
4705,13,4,12,2,10,0,1,1,3,2,1
4706,11,4,1,0,8,4,0,0,2,2,1
4707,4,4,11,4,1,3,1,0,0,2,0
4708,11,4,11,2,14,0,1,1,1,2,0
4709,6,7,12,4,10,3,1,0,1,2,0
4710,8,4,11,2,12,0,1,1,3,2,1
4711,8,4,12,5,12,3,1,0,2,2,0
4712,5,4,11,4,8,1,0,0,2,2,0
4713,8,4,11,2,7,3,1,0,2,2,0
4714,7,5,9,2,4,0,0,1,2,2,1
4715,10,4,0,2,8,0,1,1,2,2,0
4716,14,4,15,2,11,0,1,1,1,4,0
4717,6,4,15,5,12,4,1,0,2,2,0
4718,4,7,11,4,8,4,1,0,1,2,0
4719,4,2,12,4,10,3,0,1,2,2,0
4720,7,4,8,2,8,0,1,1,2,2,0
4721,6,4,11,0,12,1,0,1,2,2,1
4722,6,7,11,0,11,1,1,1,2,2,0
4723,7,0,4,2,0,0,1,1,1,2,0
4724,10,4,4,2,8,0,1,1,1,2,0
4725,3,4,1,4,12,1,1,0,2,2,1
4726,7,7,9,2,10,5,1,0,1,2,1
4727,7,4,11,4,1,3,1,1,0,1,0
4728,11,1,9,2,1,0,1,1,2,2,0
4729,10,4,11,2,14,0,1,1,2,2,0
4730,6,4,12,3,10,1,1,1,2,2,0
4731,6,4,15,4,1,3,1,0,2,2,0
4732,11,4,1,0,3,1,1,1,2,2,0
4733,9,4,15,2,10,0,1,1,2,2,1
4734,9,4,15,2,3,0,1,1,2,2,0
4735,6,4,11,2,14,0,1,1,2,2,0
4736,11,4,14,2,10,0,1,1,2,2,1
4737,7,4,11,4,1,3,0,1,2,2,0
4738,6,4,7,4,1,3,1,0,2,2,0
4739,4,4,9,4,12,3,1,1,1,2,0
4740,8,7,1,4,8,3,0,0,2,2,0
4741,6,4,12,0,10,1,1,0,2,2,0
4742,3,4,11,4,3,3,0,1,1,2,0
4743,8,7,14,5,10,4,1,0,2,2,0
4744,3,6,15,4,4,3,1,0,0,2,0
4745,9,7,8,2,10,0,0,1,2,2,1
4746,5,4,15,0,12,4,1,0,2,2,0
4747,7,4,5,0,3,1,0,1,2,2,0
4748,6,4,11,2,3,0,1,1,2,2,1
4749,10,4,11,2,3,0,1,1,2,2,1
4750,8,4,9,2,4,0,1,1,2,2,1
4751,9,4,8,0,1,4,1,0,2,2,1
4752,8,4,11,2,1,0,1,1,2,2,0
4753,14,4,9,6,10,1,1,1,0,2,0
4754,5,4,11,4,4,3,1,1,3,2,0
4755,5,4,11,2,8,0,1,1,2,2,0
4756,3,5,7,4,3,1,1,1,2,2,0
4757,3,4,11,5,9,1,1,0,1,2,0
4758,14,7,11,0,8,3,1,1,1,2,0
4759,13,4,11,6,8,4,1,0,1,2,0
4760,12,4,0,5,6,0,1,1,2,2,0
4761,8,4,11,2,14,0,1,1,2,2,0
4762,7,2,15,2,4,0,1,1,2,2,0
4763,4,4,9,4,10,3,1,0,2,2,0
4764,9,4,15,0,12,1,1,1,2,2,0
4765,3,1,9,4,10,4,1,0,0,2,0
4766,4,4,14,4,10,3,1,1,2,2,0
4767,14,4,15,2,14,0,1,1,3,2,1
4768,9,4,5,0,9,4,0,0,2,2,0
4769,6,4,15,4,7,3,1,1,2,2,0
4770,15,4,15,2,1,0,0,1,1,2,1
4771,8,4,15,0,1,1,1,0,2,2,0
4772,6,4,5,2,7,0,1,1,2,2,1
4773,4,4,15,2,3,0,1,1,3,2,0
4774,7,4,11,2,8,0,1,1,3,2,1
4775,6,7,11,4,8,3,1,0,2,2,0
4776,12,4,11,2,3,0,0,1,2,2,1
4777,8,5,9,2,10,0,1,1,4,2,0
4778,8,4,11,2,12,0,1,1,3,2,1
4779,5,4,15,0,14,1,0,1,1,2,0
4780,9,4,9,2,3,0,1,1,3,2,0
4781,5,2,8,2,1,0,1,1,1,2,1
4782,9,5,11,2,12,0,1,1,2,2,1
4783,8,4,15,5,12,4,1,0,2,2,0
4784,15,1,12,6,10,4,0,0,0,2,0
4785,3,4,1,4,12,1,0,1,0,2,0
4786,11,7,15,2,11,0,1,1,2,2,0
4787,9,5,8,2,4,0,1,1,1,2,1
4788,4,4,11,4,12,3,1,1,2,2,0
4789,11,2,11,2,11,0,1,1,2,2,0
4790,6,7,8,0,4,1,1,1,1,2,0
4791,8,1,2,2,6,0,1,1,2,2,0
4792,8,4,15,2,3,0,1,1,2,2,0
4793,6,4,11,0,8,1,1,0,2,2,0
4794,7,2,12,4,10,3,0,0,3,2,0
4795,6,4,11,2,3,0,1,1,4,2,0
4796,4,7,7,4,10,1,1,0,2,2,0
4797,4,4,9,4,10,4,0,0,2,2,0
4798,13,7,8,2,13,0,1,1,1,2,0
4799,11,6,9,2,10,0,1,1,2,2,1
4800,5,0,11,4,0,4,0,0,2,2,0
4801,10,4,0,0,12,1,1,0,2,2,1
4802,5,4,11,4,5,1,1,1,2,2,0
4803,8,1,12,2,4,0,1,1,2,2,0
4804,6,4,15,4,4,3,1,1,2,2,0
4805,9,4,15,0,13,1,1,1,2,2,0
4806,6,4,8,4,8,4,1,0,2,2,0
4807,5,4,1,3,8,1,0,0,2,2,0
4808,5,4,11,5,3,1,0,1,2,2,0
4809,5,4,9,4,13,1,1,0,2,2,0
4810,9,4,9,2,10,0,1,1,2,2,0
4811,11,2,11,2,3,0,1,1,2,2,1
4812,12,4,5,2,7,0,1,1,2,2,1
4813,5,4,1,4,4,3,1,0,2,2,0
4814,11,2,9,0,4,2,1,0,2,2,0
4815,9,4,15,4,7,1,1,0,2,2,0
4816,7,4,11,0,4,4,0,0,2,2,0
4817,6,6,11,4,1,3,0,0,2,2,0
4818,9,4,11,0,3,1,1,1,2,2,0
4819,8,4,11,2,14,0,1,1,2,2,0
4820,9,4,11,2,7,0,1,1,2,2,1
4821,8,4,11,5,12,1,1,1,2,2,0
4822,11,2,11,2,8,5,1,0,2,2,0
4823,6,4,0,4,7,1,1,0,2,2,0
4824,5,4,15,2,7,0,0,1,4,0,1
4825,6,4,8,2,1,2,1,0,2,2,0
4826,9,5,11,0,4,3,1,1,2,2,0
4827,4,4,15,4,7,3,1,1,1,2,0
4828,3,4,9,4,10,3,1,0,1,2,0
4829,5,6,5,4,5,1,1,1,2,2,0
4830,3,4,15,4,6,1,1,0,1,2,0
4831,6,4,11,0,8,4,1,0,2,2,0
4832,7,5,12,2,10,0,1,1,2,2,1
4833,7,4,8,2,1,0,1,1,3,2,1
4834,8,2,11,2,8,0,0,1,2,2,1
4835,7,4,9,4,4,3,1,0,1,2,1
4836,5,7,11,2,4,0,1,1,1,2,0
4837,6,2,9,0,10,1,1,1,2,2,1
4838,11,7,11,0,1,4,0,0,3,0,0
4839,11,6,15,2,4,5,1,0,1,2,0
4840,9,6,11,2,4,0,1,1,3,2,1
4841,4,2,11,4,11,1,0,1,2,2,0
4842,12,2,15,2,11,0,1,1,2,2,0
4843,5,4,11,2,7,0,1,1,3,2,0
4844,11,4,3,2,8,5,1,0,2,2,1
4845,4,4,9,4,10,1,1,1,1,2,0
4846,8,6,9,0,8,1,1,1,2,2,0
4847,3,4,11,4,12,3,1,0,2,2,0
4848,7,2,12,2,10,0,1,1,2,2,0
4849,7,2,11,4,5,1,1,1,2,2,0
4850,12,4,12,0,4,4,1,0,2,2,0
4851,5,4,11,4,6,3,1,1,2,2,0
4852,7,4,11,2,7,0,1,1,3,2,1
4853,6,2,15,4,10,1,1,0,3,2,0
4854,5,4,15,4,14,1,1,1,2,2,0
4855,6,4,11,5,9,4,0,0,2,2,0
4856,11,5,9,2,4,0,1,1,2,2,0
4857,3,4,5,4,14,1,1,1,0,2,0
4858,8,4,11,2,12,0,1,1,1,2,1
4859,10,4,9,2,12,1,1,0,2,2,0
4860,3,7,9,4,10,3,1,1,1,2,0
4861,7,6,11,2,5,0,1,1,2,2,1
4862,4,4,11,4,4,3,1,1,1,2,0
4863,4,4,11,4,1,3,0,0,2,0,0
4864,5,5,15,4,5,1,1,1,3,2,0
4865,8,4,15,2,7,0,0,1,1,2,0
4866,7,4,11,0,10,1,1,0,2,2,0
4867,5,4,11,2,7,0,1,1,2,2,0
4868,16,6,11,4,8,4,1,0,2,2,1
4869,5,4,11,4,14,1,1,1,2,2,0
4870,4,5,9,4,4,3,1,1,0,2,0
4871,10,6,15,0,8,4,1,0,2,4,0
4872,7,4,11,4,1,2,1,0,2,2,0
4873,7,1,15,0,1,2,1,0,2,2,0
4874,7,4,11,2,14,0,1,1,2,2,1
4875,5,4,9,4,6,3,1,1,1,2,0
4876,10,7,8,2,8,5,0,0,2,2,0
4877,7,4,11,2,8,5,1,0,2,2,0
4878,5,1,2,2,3,0,1,1,2,2,1
4879,4,7,12,4,11,3,1,1,1,2,0
4880,7,4,15,4,1,3,1,0,2,2,0
4881,13,4,11,2,6,0,1,1,2,2,0
4882,6,2,12,2,10,0,1,1,2,2,1
4883,9,4,1,2,6,0,1,1,2,2,0
4884,7,4,14,2,10,0,1,1,2,2,1
4885,6,0,11,0,0,4,1,0,2,2,0
4886,9,6,5,5,5,1,1,1,2,2,0
4887,5,4,12,2,10,0,1,1,1,2,0
4888,4,4,0,4,7,3,0,1,1,2,0
4889,11,4,9,2,4,0,1,1,2,2,1
4890,4,4,15,3,12,1,0,1,2,2,0
4891,6,4,15,2,3,0,1,1,2,2,1
4892,8,4,15,2,3,0,1,1,2,2,0
4893,12,4,15,6,1,4,1,0,2,2,0
4894,10,4,11,2,8,5,1,0,2,2,0
4895,9,4,11,0,8,1,1,1,2,2,0
4896,3,4,11,4,1,3,0,0,0,0,0
4897,11,2,1,2,8,0,1,1,1,2,0
4898,4,4,9,4,10,2,1,0,1,2,0
4899,4,4,15,4,14,1,1,1,1,2,0
4900,4,4,9,0,1,4,1,0,2,2,0
4901,12,4,11,2,12,0,1,1,2,2,0
4902,9,4,7,2,11,0,1,1,0,2,1
4903,6,4,11,2,7,0,1,1,2,2,0
4904,10,4,12,2,4,0,1,1,2,2,1
4905,11,4,9,2,1,0,1,1,2,2,1
4906,4,4,11,4,7,1,1,1,2,2,0
4907,8,2,11,2,6,0,1,1,2,2,1
4908,4,4,11,4,8,1,1,0,0,2,0
4909,7,0,1,2,0,0,0,1,2,2,1
4910,8,1,11,4,4,1,1,1,1,2,0
4911,5,4,15,0,3,4,1,0,2,2,0
4912,7,6,11,2,14,0,1,1,2,2,0
4913,12,7,12,2,4,0,1,1,2,2,1
4914,9,4,11,2,1,5,1,0,2,2,0
4915,7,4,11,2,6,0,1,1,2,2,0
4916,4,4,12,4,4,3,1,1,0,2,0
4917,3,4,8,4,7,3,0,1,1,2,0
4918,9,4,15,2,12,0,1,1,2,2,0
4919,13,7,8,2,10,0,1,1,2,2,0
4920,6,2,11,2,4,0,1,1,1,2,1
4921,8,4,15,0,1,1,1,1,2,2,0
4922,8,4,11,2,14,0,1,1,1,4,0
4923,12,4,11,2,5,0,1,1,1,2,0
4924,4,7,9,4,10,1,1,1,1,2,0
4925,3,2,6,4,6,2,1,1,1,2,1
4926,7,4,9,0,10,4,0,1,2,2,0
4927,4,4,11,4,12,3,1,1,1,2,0
4928,5,4,0,0,8,4,0,0,2,2,0
4929,6,4,9,4,13,3,1,0,4,2,0
4930,12,4,9,0,9,1,1,0,2,2,0
4931,13,0,12,0,0,1,1,0,2,2,0
4932,6,6,9,0,4,1,1,0,2,2,0
4933,9,4,0,6,8,1,1,0,2,2,0
4934,6,4,15,2,8,0,1,1,1,2,0
4935,7,4,11,2,7,0,1,1,2,2,1
4936,9,4,15,2,7,0,1,1,0,2,1
4937,8,6,0,0,8,4,1,0,2,2,0
4938,8,4,11,2,3,0,1,1,2,2,1
4939,12,2,15,0,1,2,0,0,3,2,0
4940,10,0,15,6,0,1,1,0,2,2,0
4941,10,4,11,2,7,0,0,1,2,2,1
4942,5,6,15,4,5,1,1,0,1,2,1
4943,7,6,1,5,3,1,1,1,2,2,0
4944,5,4,5,4,7,3,1,1,3,2,0
4945,9,4,15,2,13,0,1,1,2,2,0
4946,7,4,15,0,1,1,0,0,2,2,0
4947,9,4,11,2,14,0,1,1,2,2,0
4948,5,4,9,0,10,1,0,0,2,0,0
4949,7,4,15,2,11,0,1,1,2,2,0
4950,7,4,0,2,8,0,0,1,2,2,0
4951,7,4,11,4,4,1,0,1,2,2,0
4952,5,4,15,4,8,1,1,0,2,2,1
4953,4,6,11,2,3,0,1,1,2,1,0
4954,7,0,5,0,0,1,1,0,2,2,1
4955,8,0,9,2,0,0,1,1,2,2,1
4956,5,5,7,0,3,4,1,1,2,2,0
4957,3,4,11,4,12,4,1,0,1,2,0
4958,3,4,9,4,4,3,1,1,1,2,0
4959,11,4,9,0,10,4,0,0,1,2,0
4960,6,5,5,4,4,1,0,0,2,2,0
4961,10,4,11,2,14,0,1,1,3,2,1
4962,7,4,1,2,6,0,1,1,1,2,1
4963,10,4,15,0,1,1,1,0,3,2,0
4964,4,4,15,4,3,1,1,1,1,2,0
4965,3,4,15,4,3,3,1,1,2,2,0
4966,6,6,15,2,5,0,1,1,2,2,0
4967,9,4,4,0,3,4,1,1,1,2,0
4968,13,4,15,0,1,1,1,0,2,2,0
4969,11,4,15,2,12,0,1,1,2,2,0
4970,12,4,11,2,3,0,1,1,2,2,0
4971,11,2,15,2,8,0,1,1,2,2,1
4972,7,4,15,2,12,5,1,0,1,2,1
4973,5,4,15,4,6,1,1,1,1,2,0
4974,7,7,1,0,1,4,0,0,2,2,0
4975,11,4,12,2,10,0,1,1,2,2,0
4976,7,4,14,0,10,1,1,1,2,2,0
4977,13,4,13,6,8,4,1,0,1,2,0
4978,12,6,1,2,8,0,0,1,2,2,1
4979,14,4,11,2,7,0,1,1,1,2,1
4980,10,4,7,2,3,0,1,1,2,2,0
4981,10,4,9,2,10,5,1,0,3,2,1
4982,3,2,15,4,8,1,1,0,1,2,0
4983,4,4,11,4,12,1,1,0,2,2,1
4984,4,0,15,2,0,0,1,1,2,2,1
4985,9,4,9,2,10,0,1,1,2,2,1
4986,6,4,15,2,13,5,0,0,2,0,0
4987,10,4,11,2,14,0,1,1,2,2,0
4988,6,2,9,2,4,0,1,1,2,2,0
4989,3,4,1,4,8,3,1,1,2,2,0
4990,9,4,8,2,12,0,1,1,2,2,0
4991,7,4,11,0,4,1,1,0,3,2,0
4992,3,4,9,3,10,4,0,1,2,2,0
4993,8,4,9,2,10,0,1,1,2,2,1
4994,6,4,15,4,7,1,1,1,4,2,0
4995,8,5,12,4,10,3,1,1,2,2,0
4996,6,4,5,4,7,1,1,1,2,2,0
4997,5,4,15,4,3,1,1,1,2,2,0
4998,5,4,15,2,12,0,0,1,2,2,0
4999,3,4,11,4,8,1,1,0,2,2,0
5000,5,4,0,4,6,3,0,0,2,2,0
5001,4,4,11,4,4,3,1,1,2,2,0
5002,3,4,11,4,3,1,1,1,2,2,0
5003,4,4,8,2,8,0,1,1,0,2,0
5004,7,0,7,2,0,0,1,1,2,2,1
5005,5,2,9,4,4,3,1,1,2,3,0
5006,4,4,0,4,8,3,0,1,2,2,0
5007,11,4,2,0,6,1,1,1,2,2,1
5008,3,4,11,4,3,3,1,1,1,2,0
5009,12,4,15,2,8,5,0,0,0,0,1
5010,10,4,9,2,4,0,1,1,2,2,0
5011,7,6,15,2,8,0,1,1,2,2,1
5012,7,1,11,2,3,0,1,1,2,2,0
5013,6,4,12,2,4,5,0,0,2,0,1
5014,13,4,12,2,10,0,1,1,2,2,1
5015,6,4,11,2,3,0,1,1,2,2,0
5016,14,4,11,2,3,0,1,1,0,2,0
5017,10,4,9,2,12,0,1,1,2,2,1
5018,9,4,11,2,13,0,1,1,2,2,0
5019,11,4,12,2,12,0,0,1,2,0,1
5020,13,4,15,2,1,0,1,1,2,2,0
5021,8,4,15,0,8,2,0,0,2,2,0
5022,7,6,15,0,10,4,0,0,2,4,0
5023,5,4,15,4,3,1,1,1,2,2,0
5024,3,0,9,4,0,1,1,1,1,2,0
5025,9,6,15,2,3,0,1,1,2,2,0
5026,5,4,11,2,6,0,1,1,2,2,1
5027,7,4,12,0,13,1,1,0,3,2,0
5028,6,4,9,2,1,0,1,1,2,2,1
5029,7,6,9,2,12,0,1,1,2,2,1
5030,7,4,11,2,3,0,1,1,1,2,1
5031,7,2,11,2,4,5,0,0,2,2,0
5032,6,4,7,2,6,0,1,1,3,2,0
5033,4,4,9,4,8,3,1,0,2,2,0
5034,3,4,11,2,3,2,1,1,2,2,0
5035,4,4,9,4,6,1,1,1,2,2,0
5036,5,4,11,4,8,1,1,0,2,2,0
5037,4,1,9,4,13,1,1,1,2,2,0
5038,11,4,11,2,8,0,1,1,2,2,1
5039,5,4,11,0,12,3,0,1,2,2,0
5040,6,4,9,4,3,1,1,1,2,2,0
5041,12,4,11,2,3,0,0,1,0,2,1
5042,11,4,8,2,12,2,1,1,2,2,0
5043,7,4,11,2,1,0,1,1,2,2,0
5044,3,4,9,4,10,1,1,0,2,2,0
5045,3,4,15,4,3,1,1,1,1,2,1
5046,4,4,15,4,7,1,1,1,1,2,0
5047,8,4,11,2,7,0,1,1,2,2,0
5048,5,4,15,2,14,0,1,1,1,2,0
5049,7,4,11,0,12,1,1,1,0,2,0
5050,11,4,0,2,12,0,1,1,0,2,1
5051,11,4,9,2,6,0,1,1,2,2,1
5052,14,4,7,2,14,0,1,1,1,2,1
5053,11,4,8,2,12,0,0,1,1,0,0
5054,6,4,12,2,4,0,0,1,2,2,0
5055,6,1,15,4,1,3,1,1,2,2,0
5056,8,4,11,4,3,1,1,1,2,2,0
5057,8,4,1,5,8,1,1,1,2,2,0
5058,9,5,9,4,10,3,1,0,2,2,0
5059,4,4,15,3,1,4,0,0,2,2,0
5060,3,4,11,4,12,1,1,0,1,2,0
5061,8,2,11,0,1,4,1,0,2,2,0
5062,4,4,15,4,12,1,1,1,0,2,0
5063,10,4,15,0,1,4,0,0,1,2,0
5064,7,4,15,2,3,0,1,1,2,2,0
5065,4,0,15,4,0,1,1,0,2,1,0
5066,5,2,9,4,1,1,1,0,2,2,0
5067,5,4,15,4,12,3,1,1,2,2,0
5068,10,4,11,2,14,0,1,1,3,2,1
5069,6,4,11,2,8,0,1,1,2,2,0
5070,5,4,9,2,13,2,1,0,2,2,0
5071,5,2,15,4,4,1,0,1,3,2,0
5072,4,4,15,0,12,1,1,0,1,2,0
5073,4,0,5,4,0,4,1,0,2,2,0
5074,8,7,11,2,13,0,1,1,2,2,0
5075,11,4,8,6,1,1,0,0,1,2,0
5076,10,6,11,2,3,0,1,1,2,2,1
5077,6,4,6,2,3,0,1,1,2,2,0
5078,7,4,11,2,4,0,1,1,4,2,0
5079,4,4,15,4,4,3,1,0,0,2,0
5080,5,4,1,4,8,3,1,0,0,2,0
5081,7,4,9,2,10,0,1,1,1,2,0
5082,5,4,15,4,8,3,1,1,2,2,0
5083,4,4,9,4,1,3,1,1,0,2,0
5084,6,4,15,4,3,3,1,0,2,2,0
5085,8,2,9,2,10,0,1,1,2,2,1
5086,10,4,9,2,12,0,1,1,3,2,1
5087,8,4,11,2,3,0,1,1,2,2,1
5088,11,2,1,2,8,0,1,1,0,2,0
5089,8,2,10,4,10,3,0,0,2,2,0
5090,7,6,0,2,3,0,1,1,0,2,1
5091,10,4,4,6,8,1,1,1,2,2,0
5092,8,4,14,2,10,0,1,1,2,2,0
5093,7,6,11,0,5,4,1,1,0,2,1
5094,5,4,11,2,3,0,1,1,2,2,0
5095,6,6,15,2,3,0,1,1,4,2,1
5096,5,4,15,4,1,1,1,0,2,2,0
5097,11,0,11,6,0,1,1,1,2,2,0
5098,6,4,11,0,6,1,1,1,4,2,0
5099,7,6,0,0,12,1,1,0,1,2,0
5100,4,4,9,4,1,3,1,0,2,2,0
5101,16,4,9,6,1,1,1,0,1,2,0
5102,14,4,1,2,6,0,1,1,1,2,1
5103,8,4,14,2,4,0,1,1,2,2,1
5104,4,6,11,4,5,1,0,1,2,2,0
5105,11,4,11,2,3,0,0,1,3,0,1
5106,7,1,12,0,10,4,1,0,2,2,0
5107,9,4,15,2,10,0,1,1,2,2,1
5108,6,4,9,2,5,0,1,1,2,2,0
5109,4,4,15,4,12,1,1,0,2,2,0
5110,10,4,2,2,3,0,0,1,2,2,0
5111,7,4,2,2,14,0,0,1,2,2,0
5112,8,4,4,2,8,0,0,1,1,2,1
5113,7,2,9,2,10,0,1,1,2,2,0
5114,7,4,11,0,8,1,1,1,2,3,0
5115,9,4,12,0,12,2,1,1,2,2,0
5116,8,4,11,5,8,4,1,0,3,2,1
5117,8,4,15,0,12,4,0,0,2,2,0
5118,3,4,11,4,8,3,1,1,1,2,0
5119,3,2,15,4,10,3,1,1,2,2,0
5120,8,4,9,2,4,5,1,0,2,2,1
5121,10,2,11,2,10,5,1,0,1,2,0
5122,6,4,11,2,7,0,1,1,2,2,1
5123,7,4,11,2,14,0,1,1,2,2,0
5124,9,4,11,2,7,0,1,1,3,2,1
5125,6,4,15,4,7,3,1,0,2,2,0
5126,4,4,11,4,3,1,1,1,2,2,0
5127,4,4,11,4,3,1,1,1,2,2,1
5128,6,4,12,4,10,3,1,1,2,2,0
5129,3,4,11,4,12,1,1,1,1,2,0
5130,8,1,7,2,13,0,1,1,2,2,1
5131,6,4,11,2,4,0,1,1,2,4,0
5132,7,4,15,2,3,0,1,1,2,2,0
5133,4,4,11,4,1,4,1,0,2,2,0
5134,12,6,15,4,12,4,1,1,2,2,0
5135,9,4,11,2,12,0,1,1,2,2,0
5136,6,4,12,4,10,1,1,1,2,2,0
5137,11,4,15,2,3,0,1,1,1,2,0
5138,3,4,11,4,3,3,1,1,1,2,0
5139,13,4,15,6,7,1,1,0,1,4,0
5140,5,7,8,4,10,3,1,1,2,2,0
5141,10,4,15,2,8,0,1,1,2,2,1
5142,8,7,10,2,10,0,1,1,2,2,0
5143,8,4,8,4,13,1,0,0,2,2,0
5144,5,4,9,4,4,3,1,0,2,2,1
5145,11,2,11,2,14,0,1,1,2,2,0
5146,8,7,6,2,8,0,1,1,2,2,1
5147,5,4,15,2,3,0,1,1,2,2,1
5148,9,4,14,2,10,0,1,1,2,2,1
5149,8,4,2,2,6,0,1,1,2,2,1
5150,10,4,11,2,6,0,1,1,2,2,0
5151,9,4,12,4,10,3,1,1,2,2,0
5152,8,4,15,2,7,0,0,1,2,2,0
5153,4,4,11,4,9,1,1,0,1,2,0
5154,10,6,11,2,14,0,1,1,3,2,0
5155,3,4,12,4,12,3,1,1,0,4,0
5156,7,4,7,2,6,0,1,1,2,2,1
5157,8,4,11,2,12,0,0,1,2,2,0
5158,13,6,15,2,4,5,1,0,2,2,0
5159,4,4,12,4,12,2,0,0,2,2,0
5160,14,0,15,6,0,2,1,0,0,2,0
5161,7,4,9,2,12,0,1,1,3,2,1
5162,9,4,11,2,3,0,1,1,2,2,1
5163,9,2,9,4,10,3,1,1,3,2,0
5164,10,1,11,6,1,4,1,0,2,2,0
5165,6,4,15,0,10,1,1,1,2,2,0
5166,9,6,9,2,5,0,1,1,2,2,1
5167,8,4,12,2,10,0,1,1,4,2,0
5168,4,4,15,4,12,3,0,0,2,2,0
5169,4,1,11,4,1,3,1,1,2,2,0
5170,11,4,7,6,4,1,1,0,2,2,0
5171,9,6,5,0,5,4,0,1,3,2,0
5172,10,4,9,2,11,0,1,1,3,2,0
5173,3,4,0,4,8,3,1,0,1,2,0
5174,9,4,2,0,3,1,1,1,2,2,0
5175,4,4,7,2,13,0,1,1,1,2,1
5176,4,1,11,4,6,1,1,1,2,2,1
5177,5,6,11,2,14,0,1,1,2,2,1
5178,9,4,15,2,10,0,1,1,2,2,0
5179,6,4,11,2,3,0,1,1,2,2,0
5180,6,4,11,2,4,0,1,1,2,2,1
5181,7,4,6,2,14,0,1,1,1,1,1
5182,10,4,11,2,4,0,1,1,2,2,0
5183,9,4,15,2,3,0,1,1,2,2,1
5184,5,4,9,2,12,0,1,1,2,2,0
5185,6,4,14,4,10,3,1,1,2,2,0
5186,4,7,9,4,10,4,1,0,2,2,0
5187,8,4,11,2,12,0,1,1,2,2,0
5188,13,4,11,4,3,4,1,1,2,4,0
5189,4,2,11,4,4,3,0,1,1,2,0
5190,6,4,15,2,6,0,1,1,2,2,1
5191,6,4,11,2,4,0,1,1,2,2,0
5192,6,0,11,2,0,0,1,1,2,2,1
5193,6,4,11,4,8,4,1,1,2,2,0
5194,4,4,15,4,1,3,1,0,2,2,0
5195,6,4,9,4,5,1,0,1,1,2,0
5196,3,5,1,4,8,3,1,1,1,2,0
5197,10,4,11,4,3,1,1,1,2,2,0
5198,11,2,9,2,10,0,1,1,2,2,1
5199,7,4,0,0,8,1,1,0,2,2,0
5200,6,4,8,0,7,1,1,1,2,2,1
5201,8,4,11,2,14,0,1,1,2,2,0
5202,4,4,12,4,8,4,0,0,1,2,0
5203,9,4,11,4,1,1,1,1,2,2,0
5204,11,4,15,2,8,5,1,0,2,2,1
5205,9,4,15,4,12,1,1,0,2,2,1
5206,6,4,15,4,4,4,1,0,2,2,0
5207,8,4,9,4,10,1,1,0,4,2,0
5208,5,5,9,2,10,0,1,1,2,2,1
5209,5,4,15,4,12,3,0,1,2,2,0
5210,5,6,8,2,3,0,1,1,2,2,0
5211,8,4,11,2,4,0,1,1,3,2,0
5212,4,4,11,4,3,3,1,1,2,2,0
5213,7,4,15,4,12,1,0,1,2,2,0
5214,10,2,11,2,3,0,1,1,2,2,1
5215,6,4,11,2,1,5,1,0,2,2,1
5216,13,7,15,6,1,1,1,1,1,2,0
5217,12,4,9,2,10,0,1,1,2,2,1
5218,6,4,11,4,12,1,1,1,2,2,1
5219,7,4,15,0,1,4,0,0,2,2,0
5220,10,4,12,2,10,0,1,1,2,2,1
5221,8,4,11,4,14,3,0,1,2,2,0
5222,5,4,1,0,6,3,1,1,2,2,0
5223,9,7,11,5,3,1,1,1,1,2,0
5224,4,4,15,4,8,4,1,0,1,2,0
5225,6,4,15,2,12,0,1,1,1,2,0
5226,10,2,11,2,14,0,1,1,1,2,0
5227,5,1,9,4,1,3,0,1,3,2,0
5228,6,4,15,0,10,1,1,1,0,2,1
5229,7,0,11,0,0,4,0,0,2,0,0
5230,4,4,9,4,13,1,1,1,2,2,0
5231,10,4,12,2,10,0,1,1,2,2,0
5232,12,4,11,2,6,0,1,1,2,2,1
5233,4,4,11,4,8,3,1,0,2,2,0
5234,5,4,11,2,5,0,1,1,2,2,1
5235,10,4,11,4,8,1,1,0,3,2,1
5236,9,4,15,5,4,4,0,0,2,2,0
5237,9,7,12,2,4,0,1,1,1,2,0
5238,8,5,1,4,12,1,1,0,2,2,0
5239,8,4,15,2,1,0,1,1,3,2,1
5240,7,1,9,0,4,1,1,0,1,2,0
5241,11,2,15,0,11,2,1,1,1,2,0
5242,5,4,8,0,8,1,1,1,1,2,0
5243,6,4,0,4,14,1,1,1,2,2,0
5244,10,4,8,0,3,1,1,1,2,2,0
5245,4,0,0,4,0,1,1,0,1,2,0
5246,6,4,11,4,1,3,1,0,2,2,0
5247,10,4,11,0,3,4,1,1,2,2,1
5248,5,1,14,4,10,1,0,1,2,2,0
5249,6,1,11,2,3,0,1,1,1,2,1
5250,8,4,15,0,3,4,1,0,2,2,0
5251,7,2,11,2,13,5,1,0,3,2,0
5252,8,2,12,2,10,0,1,1,1,2,1
5253,11,6,0,2,5,0,1,1,2,2,1
5254,5,4,11,4,8,1,0,0,1,2,0
5255,7,4,11,2,3,0,1,1,1,2,0
5256,7,4,15,5,4,4,0,1,2,2,0
5257,7,4,11,2,7,0,1,1,2,2,1
5258,7,4,11,2,3,0,1,1,2,2,0
5259,7,4,11,0,7,3,1,1,1,2,0
5260,6,4,11,0,3,3,0,1,2,2,0
5261,6,4,9,0,1,4,1,0,2,2,0
5262,7,6,8,0,8,1,1,0,2,2,0
5263,6,4,11,2,7,0,1,1,1,4,1
5264,6,4,9,4,12,3,1,0,2,2,0
5265,8,4,15,2,1,0,1,1,2,2,0
5266,4,2,15,4,1,3,1,0,1,2,0
5267,11,4,9,4,10,3,1,0,2,2,0
5268,4,4,9,4,12,1,1,0,3,2,0
5269,6,4,11,2,8,5,1,0,2,2,0
5270,3,4,15,4,1,2,1,0,1,2,0
5271,8,2,8,2,3,0,1,1,2,2,0
5272,11,4,15,4,10,4,1,0,3,2,0
5273,8,4,9,2,10,0,0,1,0,2,1
5274,6,6,15,2,12,0,1,1,2,2,1
5275,6,7,7,0,1,1,1,0,1,2,0
5276,9,1,15,0,4,1,1,1,2,2,0
5277,9,4,15,2,1,0,1,1,2,2,0
5278,8,4,11,4,7,3,1,0,2,0,0
5279,10,4,15,0,13,1,1,1,2,2,0
5280,7,4,2,2,14,0,1,1,2,2,0
5281,6,4,12,0,10,1,1,1,2,2,0
5282,6,4,11,0,7,1,1,1,0,2,0
5283,6,4,15,4,1,3,1,0,2,2,0
5284,5,2,12,4,10,1,0,1,1,2,0
5285,10,4,2,6,4,4,0,0,2,0,0
5286,8,4,12,4,4,3,1,1,2,2,0
5287,3,4,15,4,4,3,1,0,2,2,0
5288,5,4,5,2,3,0,1,1,2,2,0
5289,9,4,9,2,10,0,1,1,2,2,1
5290,6,6,15,2,5,3,0,0,2,2,0
5291,9,4,8,0,1,1,0,0,3,2,0
5292,9,4,9,6,12,4,1,0,2,2,0
5293,10,4,15,2,4,5,1,0,2,2,0
5294,7,4,11,4,12,3,1,0,2,2,0
5295,12,4,9,2,3,0,1,1,2,2,0
5296,12,4,7,2,4,0,1,1,1,2,1
5297,3,5,11,4,8,1,1,1,1,2,1
5298,8,4,11,0,11,1,1,0,3,2,1
5299,12,5,15,2,4,0,1,1,1,2,0
5300,8,4,15,0,1,4,0,0,2,2,0
5301,4,4,1,4,6,1,1,1,0,2,1
5302,7,7,11,0,8,1,1,0,2,2,0
5303,5,4,1,2,6,0,1,1,2,2,0
5304,15,1,11,6,10,1,1,1,0,2,0
5305,9,2,14,2,10,0,1,1,0,2,0
5306,8,4,7,2,7,5,1,0,1,2,0
5307,3,2,15,4,10,1,1,1,2,2,0
5308,11,7,15,2,1,5,1,0,1,2,0
5309,11,4,15,2,4,0,1,1,3,2,0
5310,7,4,15,2,4,0,1,1,2,2,0
5311,8,7,15,2,1,5,1,0,2,2,0
5312,10,1,15,2,13,0,1,1,2,2,0
5313,7,4,11,4,12,3,1,0,2,0,0
5314,5,4,11,4,7,1,1,1,2,2,0
5315,4,4,11,2,3,0,1,1,1,2,1
5316,12,4,15,2,6,0,1,1,0,2,1
5317,10,4,15,2,4,0,1,1,2,2,1
5318,4,4,7,4,10,2,1,0,2,2,0
5319,5,4,11,4,7,3,1,1,1,2,0
5320,6,4,15,4,4,3,1,1,2,2,0
5321,5,4,11,2,3,0,1,1,2,2,0
5322,4,6,12,4,13,3,1,1,2,2,0
5323,3,6,9,4,12,3,1,0,2,2,0
5324,5,4,15,4,6,2,0,1,1,2,0
5325,6,6,9,2,13,5,1,0,3,2,0
5326,6,5,11,2,3,0,1,1,2,2,0
5327,4,4,11,4,6,1,1,1,2,2,0
5328,10,5,11,2,4,0,1,1,2,2,0
5329,9,4,14,2,10,0,1,1,2,2,0
5330,4,4,12,4,4,1,1,0,2,2,1
5331,5,4,12,4,10,1,0,0,1,2,0
5332,7,4,11,4,3,1,1,1,1,1,1
5333,5,4,11,4,12,1,1,0,2,2,0
5334,11,6,11,0,3,1,1,1,0,2,0
5335,4,4,11,4,12,1,0,1,2,2,0
5336,8,4,11,4,8,3,1,0,1,2,0
5337,10,4,8,6,4,4,1,1,2,2,0
5338,12,4,9,4,12,3,1,1,2,4,0
5339,9,4,15,4,8,3,1,1,2,2,0
5340,4,4,11,4,4,3,1,1,2,2,0
5341,7,4,15,0,3,3,0,0,3,0,0
5342,7,7,12,2,4,0,0,1,2,2,1
5343,10,0,7,2,0,0,1,1,2,2,0
5344,10,4,9,6,12,4,0,0,3,2,0
5345,6,4,11,0,1,4,0,0,3,2,0
5346,6,2,15,4,7,2,1,1,2,2,0
5347,4,4,11,4,10,1,1,0,2,2,0
5348,8,4,15,0,8,1,1,0,1,2,0
5349,7,4,15,2,12,0,1,1,2,2,1
5350,8,0,11,4,0,3,1,0,2,2,0
5351,5,5,9,2,4,0,1,1,1,2,0
5352,3,4,11,4,1,1,1,0,0,2,0
5353,9,4,2,5,9,4,1,0,2,2,0
5354,8,4,9,2,11,0,1,1,2,2,0
5355,6,2,9,2,10,0,1,1,0,2,0
5356,8,4,11,2,7,0,1,1,2,2,0
5357,11,4,15,2,1,0,1,1,2,2,0
5358,5,2,8,2,11,0,1,1,1,2,0
5359,4,4,15,4,1,3,1,0,2,2,0
5360,13,0,9,2,0,1,1,1,0,2,0
5361,9,0,15,4,0,3,1,0,2,2,0
5362,6,4,9,2,1,0,1,1,2,2,1
5363,6,0,12,2,0,0,1,1,2,2,0
5364,4,4,15,4,4,3,1,1,1,2,0
5365,6,4,11,4,8,1,0,1,2,2,0
5366,9,4,11,2,8,5,0,0,1,2,1
5367,7,4,11,6,12,4,0,0,2,0,0
5368,3,4,11,4,1,1,1,0,2,2,0
5369,14,4,12,2,5,0,1,1,1,2,0
5370,8,2,11,0,14,1,1,1,2,2,0
5371,7,4,9,2,12,0,1,1,2,2,1
5372,6,7,15,2,10,0,1,1,2,2,1
5373,5,4,15,2,12,5,1,0,2,2,1
5374,10,4,15,3,14,4,1,1,3,2,0
5375,9,1,9,5,10,1,1,0,2,2,0
5376,13,4,15,2,14,0,1,1,2,2,0
5377,7,4,8,2,12,0,0,1,2,0,0
5378,5,4,15,2,4,0,1,1,2,2,0
5379,4,7,14,4,10,1,1,0,1,2,0
5380,4,4,9,4,10,3,1,0,1,2,0
5381,13,4,11,2,12,0,1,1,1,2,0
5382,13,4,1,2,14,0,1,1,1,2,0
5383,5,4,5,4,8,3,1,1,2,2,0
5384,8,7,12,2,1,0,1,1,4,2,0
5385,3,2,11,4,3,1,1,1,1,2,0
5386,4,4,7,4,10,3,0,1,2,2,0
5387,4,5,9,4,10,1,1,0,2,2,1
5388,4,4,11,4,6,1,1,1,1,2,0
5389,5,4,15,2,14,0,1,1,1,2,1
5390,7,4,7,2,12,5,1,0,2,2,0
5391,9,7,11,4,11,3,1,1,1,2,0
5392,6,4,15,0,8,1,1,0,0,1,1
5393,7,4,9,2,4,0,1,1,1,2,0
5394,11,6,11,2,12,0,1,1,2,2,0
5395,7,4,8,6,3,1,1,1,2,2,0
5396,4,4,9,4,13,3,0,0,2,2,0
5397,8,6,1,0,5,4,0,0,2,2,0
5398,8,4,11,0,8,1,1,0,2,2,0
5399,8,4,9,2,4,0,1,1,1,2,1
5400,14,4,11,2,3,0,1,1,1,2,1
5401,3,4,7,4,1,3,0,0,1,2,0
5402,4,4,11,2,6,0,1,1,1,2,1
5403,10,4,11,2,3,0,1,1,2,2,0
5404,9,5,15,2,12,0,1,1,3,2,0
5405,10,4,9,0,1,1,1,0,2,2,0
5406,4,7,12,0,4,1,1,1,2,2,0
5407,5,4,15,4,3,3,1,1,2,2,0
5408,8,4,7,0,3,2,0,1,3,2,0
5409,5,4,9,0,10,1,1,0,2,2,0
5410,11,4,12,0,10,4,0,0,3,2,0
5411,3,4,11,4,3,3,1,1,2,2,0
5412,11,5,11,5,3,1,1,1,2,2,0
5413,5,4,8,2,8,5,1,0,2,2,0
5414,12,4,11,2,4,0,1,1,1,2,1
5415,13,4,9,0,4,4,1,1,1,2,0
5416,4,4,11,2,7,3,1,1,2,2,0
5417,9,0,11,2,0,0,1,1,4,2,1
5418,5,4,15,4,8,1,1,0,2,2,0
5419,8,6,11,2,5,0,0,1,2,2,0
5420,6,6,3,2,5,0,1,1,2,1,0
5421,6,6,15,4,5,1,1,1,2,2,1
5422,9,4,15,2,1,0,1,1,2,2,1
5423,6,4,11,2,6,0,1,1,2,2,1
5424,4,4,11,4,8,1,0,1,2,4,0
5425,7,2,14,5,10,4,1,1,2,2,1
5426,6,2,15,2,11,0,1,1,2,2,1
5427,6,4,8,5,5,4,1,1,2,2,0
5428,8,4,9,2,12,0,1,1,2,2,0
5429,7,4,1,2,4,0,1,1,2,2,1
5430,10,4,11,2,8,0,0,1,1,2,1
5431,5,5,11,4,5,3,1,1,2,2,0
5432,8,4,15,2,4,0,1,1,2,1,0
5433,9,4,15,5,12,1,1,0,2,2,0
5434,14,6,2,6,14,1,1,1,2,2,0
5435,8,4,5,2,7,0,1,1,2,2,0
5436,9,4,11,2,14,0,1,1,2,2,0
5437,9,4,15,6,6,2,0,1,2,2,0
5438,5,4,15,5,12,4,0,1,2,2,0
5439,4,4,11,4,5,3,0,1,2,2,0
5440,9,4,12,4,4,3,1,1,2,2,0
5441,6,4,11,4,12,3,1,0,2,2,0
5442,5,4,15,2,4,0,1,1,1,2,1
5443,10,4,11,2,14,0,0,1,2,0,0
5444,5,4,0,4,12,3,1,1,2,2,0
5445,9,5,9,2,4,0,1,1,2,2,0
5446,9,4,9,4,4,3,1,0,1,2,0
5447,8,7,11,2,4,0,1,1,2,2,1
5448,4,4,6,4,7,3,0,1,2,2,0
5449,4,4,11,4,12,1,1,1,2,2,0
5450,5,6,7,2,1,5,1,0,2,2,0
5451,8,4,9,2,10,0,1,1,2,2,1
5452,4,6,9,4,4,1,1,1,2,2,0
5453,4,6,15,4,10,1,1,0,2,2,0
5454,13,7,15,2,8,5,1,0,4,2,0
5455,7,4,11,4,13,1,1,0,1,2,0
5456,6,6,1,4,12,1,0,1,2,2,0
5457,6,4,15,4,4,3,1,1,1,2,0
5458,6,4,15,2,8,0,1,1,2,2,0
5459,12,1,4,2,3,0,0,1,3,4,0
5460,4,4,15,4,1,3,1,0,1,2,0
5461,9,2,12,2,10,0,1,1,2,2,1
5462,8,4,2,2,6,0,1,1,2,2,1
5463,11,4,11,2,13,0,1,1,1,2,0
5464,4,4,0,4,8,3,1,1,2,2,0
5465,10,7,11,2,14,0,1,1,2,2,0
5466,7,4,11,4,14,1,1,1,3,2,0
5467,8,6,11,2,3,0,1,1,1,2,1
5468,6,4,11,2,7,0,1,1,2,2,1
5469,7,2,15,4,5,3,1,1,3,2,0
5470,7,4,11,2,5,0,1,1,2,2,1
5471,11,5,12,0,4,1,1,0,2,2,0
5472,6,2,15,2,8,0,1,1,2,2,1
5473,7,0,13,0,0,1,1,0,2,2,0
5474,5,4,15,4,8,1,1,0,2,2,0
5475,5,2,11,0,8,1,1,0,2,2,0
5476,11,1,8,2,3,0,1,1,2,2,0
5477,10,7,9,2,1,5,0,0,2,2,0
5478,3,4,11,4,1,1,0,0,1,0,0
5479,5,4,0,2,7,0,1,1,2,2,0
5480,6,1,2,0,1,1,1,0,2,2,1
5481,4,6,8,2,8,0,1,1,2,2,1
5482,6,4,0,2,3,0,1,1,2,2,1
5483,9,4,9,2,1,5,1,0,2,2,1
5484,7,4,4,0,3,1,1,1,2,2,0
5485,5,2,11,4,8,1,0,0,2,0,0
5486,12,4,8,2,7,0,1,1,2,2,0
5487,4,4,9,4,12,3,0,1,2,2,0
5488,5,4,7,4,11,1,1,1,2,2,0
5489,10,4,9,2,10,5,1,0,2,2,0
5490,6,4,9,2,4,0,1,1,1,2,0
5491,15,4,15,2,3,0,1,1,1,2,1
5492,4,4,12,4,10,1,1,1,2,2,0
5493,12,0,7,2,0,0,0,1,1,0,0
5494,11,4,9,6,4,4,1,0,0,2,0
5495,4,4,15,4,12,1,1,1,2,2,0
5496,6,4,9,4,10,3,0,0,1,2,0
5497,5,4,8,4,3,3,1,1,2,2,0
5498,8,4,11,2,1,0,1,1,1,2,1
5499,6,4,15,2,12,0,1,1,2,2,0
5500,4,4,9,4,4,1,0,1,2,2,0
5501,12,4,12,2,4,0,1,1,2,2,1
5502,10,4,11,2,7,0,1,1,2,2,1
5503,6,4,9,4,10,3,1,0,2,2,0
5504,11,4,9,2,4,0,1,1,1,2,0
5505,7,4,15,5,12,1,1,1,3,2,0
5506,9,2,9,2,10,0,1,1,2,2,1
5507,4,6,9,4,10,1,1,0,2,2,0
5508,9,0,11,2,0,0,1,1,0,2,1
5509,10,0,9,2,0,0,1,1,2,2,1
5510,13,4,15,2,1,0,1,1,0,2,0
5511,7,4,3,0,8,4,1,0,2,2,0
5512,5,4,9,4,10,1,1,1,1,2,0
5513,10,4,11,4,8,3,1,0,2,2,0
5514,10,4,12,0,4,4,0,0,2,2,1
5515,13,4,11,2,1,0,1,1,0,2,1
5516,6,4,11,4,8,2,0,0,2,2,0
5517,8,4,11,2,1,5,1,0,2,2,1
5518,11,5,10,2,10,0,0,1,2,2,0
5519,9,4,11,0,12,3,0,1,1,2,0
5520,5,4,8,4,7,3,0,0,1,0,0
5521,7,4,11,2,13,0,1,1,2,2,1
5522,9,6,11,0,14,1,1,1,2,2,1
5523,4,4,15,4,8,3,0,0,0,2,0
5524,4,4,15,0,3,3,1,1,2,2,0
5525,7,0,0,4,0,4,0,1,2,2,0
5526,6,4,11,4,8,1,1,0,2,2,0
5527,5,4,11,4,12,2,1,1,2,2,0
5528,10,4,15,2,4,0,1,1,2,2,1
5529,10,2,7,2,11,0,1,1,2,2,0
5530,11,4,1,2,6,0,1,1,1,2,0
5531,3,2,11,4,1,1,1,0,0,2,0
5532,9,2,9,2,11,0,1,1,2,2,1
5533,6,2,15,4,1,1,1,0,1,2,0
5534,8,4,15,2,12,0,1,1,3,2,0
5535,14,4,7,4,14,4,1,1,0,2,0
5536,7,4,1,0,8,1,1,0,2,2,0
5537,8,4,0,2,5,0,1,1,2,2,0
5538,9,6,11,0,14,2,0,0,2,2,0
5539,9,4,11,2,12,0,1,1,2,2,0
5540,8,4,9,5,10,1,1,0,2,2,0
5541,5,4,11,0,1,1,1,0,2,2,0
5542,3,4,11,4,1,3,1,0,1,2,0
5543,6,4,11,2,7,0,1,1,1,2,1
5544,8,4,11,2,7,0,1,1,2,2,0
5545,10,6,15,2,3,0,1,1,2,2,1
5546,7,6,1,0,5,4,0,1,2,2,0
5547,11,4,1,6,8,4,1,0,2,1,0
5548,9,2,15,2,14,0,1,1,2,2,0
5549,10,4,11,2,6,0,1,1,2,2,0
5550,4,4,9,5,12,4,0,1,2,2,0
5551,6,4,2,0,4,3,1,0,2,2,0
5552,5,4,7,2,1,0,0,1,3,2,0
5553,6,4,11,0,8,2,1,0,2,2,0
5554,11,4,11,2,6,0,1,1,2,2,1
5555,5,4,2,2,5,0,1,1,2,2,1
5556,5,4,15,4,4,3,0,0,2,4,0
5557,7,2,8,2,3,0,1,1,2,2,1
5558,6,4,10,2,10,0,1,1,2,2,0
5559,9,4,11,2,6,5,1,0,2,2,1
5560,10,0,11,2,0,0,1,1,1,2,0
5561,7,4,15,0,8,4,0,0,2,2,0
5562,4,2,7,4,8,3,1,0,0,2,0
5563,5,5,15,4,12,3,1,1,2,2,0
5564,9,4,11,2,1,0,1,1,2,2,1
5565,7,4,11,0,3,4,1,1,2,2,0
5566,11,4,11,6,12,2,1,0,2,2,0
5567,6,4,15,0,8,1,1,0,3,2,0
5568,6,2,12,2,10,0,1,1,2,2,1
5569,10,4,11,2,3,0,1,1,2,2,1
5570,7,6,9,2,4,0,0,1,2,2,1
5571,4,4,8,4,3,2,0,1,2,0,0
5572,7,4,11,2,14,0,0,1,2,2,1
5573,4,4,11,4,7,1,0,1,1,2,0
5574,5,7,15,4,1,1,1,0,3,2,0
5575,6,4,15,5,8,1,1,1,1,2,0
5576,5,5,11,4,3,4,0,0,2,2,0
5577,7,6,15,2,4,0,1,1,2,2,0
5578,9,6,9,2,4,0,1,1,2,2,1
5579,8,6,12,4,10,4,1,0,2,2,0
5580,5,2,12,0,11,1,1,1,2,2,0
5581,7,7,11,2,3,0,1,1,2,2,1
5582,5,4,11,0,1,4,0,0,2,2,0
5583,11,4,15,2,8,5,0,0,2,4,0
5584,7,6,9,2,10,0,1,1,2,2,0
5585,9,4,0,0,3,1,1,1,2,2,0
5586,6,1,8,2,1,5,1,0,2,2,1
5587,4,4,11,4,12,1,1,1,2,2,0
5588,3,2,15,4,14,1,1,1,1,2,0
5589,5,4,9,4,10,1,1,0,2,2,0
5590,4,4,5,2,8,0,1,1,3,2,0
5591,5,4,11,4,3,1,1,1,1,2,1
5592,10,4,11,2,12,0,1,1,2,2,1
5593,4,2,9,4,1,2,0,1,1,0,0
5594,10,2,11,2,3,0,0,1,2,0,1
5595,7,4,15,2,10,0,1,1,2,2,1
5596,5,4,11,4,12,2,1,0,2,2,0
5597,8,4,15,2,3,0,1,1,2,2,1
5598,11,2,11,2,4,0,1,1,3,2,1
5599,7,4,11,3,4,1,1,1,1,2,0
5600,6,4,1,5,14,1,1,1,2,2,0
5601,6,4,11,0,7,4,1,0,2,2,0
5602,14,4,12,6,10,1,1,1,4,2,0
5603,5,4,15,4,8,3,1,0,2,2,0
5604,6,4,7,4,1,1,1,0,1,2,0
5605,8,6,8,2,3,0,1,1,2,2,1
5606,6,4,15,2,1,5,0,0,1,2,0
5607,6,4,15,4,1,3,1,0,2,2,0
5608,6,6,11,4,3,1,0,0,2,2,0
5609,3,0,6,4,0,3,1,0,0,2,0
5610,6,4,15,4,12,3,1,1,2,2,0
5611,10,4,15,2,14,0,1,1,2,2,0
5612,5,4,4,4,4,1,1,1,2,2,0
5613,17,4,8,6,6,1,1,0,1,2,0
5614,4,4,15,4,3,3,1,1,1,2,0
5615,4,2,9,4,11,3,1,1,1,2,0
5616,3,4,11,4,12,3,0,1,0,2,0
5617,5,7,0,4,8,2,1,1,2,2,0
5618,9,4,15,2,3,0,1,1,2,2,1
5619,7,4,15,2,8,0,1,1,2,2,0
5620,8,4,11,2,3,0,1,1,1,2,1
5621,4,4,15,4,4,3,1,1,2,2,0
5622,7,4,9,0,1,4,1,0,2,2,0
5623,9,6,10,0,10,1,0,0,4,2,1
5624,3,4,11,4,1,1,0,0,1,2,0
5625,6,4,11,4,1,3,1,0,2,2,0
5626,7,4,15,2,6,0,1,1,2,2,0
5627,11,4,12,2,10,0,1,1,2,2,1
5628,9,4,1,2,3,0,1,1,2,2,0
5629,12,4,15,4,6,3,1,1,2,2,0
5630,6,4,11,2,4,0,1,1,2,2,0
5631,8,4,15,2,4,0,1,1,2,2,0
5632,5,4,15,5,4,4,1,0,2,2,0
5633,5,4,15,4,14,3,1,1,2,2,0
5634,9,4,2,2,8,5,1,0,2,2,0
5635,7,4,7,2,12,5,0,0,1,2,1
5636,7,4,9,0,7,1,1,1,2,2,0
5637,8,4,15,4,8,1,0,0,2,2,0
5638,9,4,15,0,12,4,1,0,2,2,0
5639,8,4,5,2,14,0,0,1,2,0,0
5640,6,4,7,0,13,1,1,1,2,2,0
5641,6,4,8,4,7,2,1,0,2,2,0
5642,8,4,15,2,14,0,1,1,2,2,0
5643,12,4,11,2,12,0,1,1,2,2,0
5644,5,4,11,0,6,1,0,1,1,2,0
5645,8,4,15,0,12,4,1,0,2,2,0
5646,8,4,11,4,3,3,1,1,2,2,0
5647,4,4,15,4,3,1,1,1,3,2,0
5648,10,4,9,2,4,5,1,0,2,2,0
5649,6,4,11,6,1,1,1,0,2,2,0
5650,9,6,11,0,7,4,1,0,2,2,0
5651,8,4,8,0,1,1,1,0,1,2,0
5652,13,4,9,2,10,5,1,0,2,2,1
5653,10,4,11,2,14,2,1,1,2,2,0
5654,5,1,9,0,4,4,0,0,2,0,0
5655,9,4,9,5,1,1,1,1,2,2,0
5656,6,4,0,2,3,0,1,1,2,2,1
5657,3,5,11,4,3,2,0,1,1,2,0
5658,8,4,9,2,4,0,0,1,2,4,0
5659,5,4,11,4,1,1,1,0,2,2,0
5660,4,6,9,4,5,3,1,1,2,2,0
5661,12,4,11,2,3,0,1,1,0,2,1
5662,4,4,11,4,14,3,1,1,2,2,0
5663,6,4,9,0,4,4,1,0,2,2,0
5664,9,4,9,0,4,4,0,0,3,2,0
5665,14,1,15,0,1,4,1,0,2,2,1
5666,7,4,15,0,14,1,1,1,2,2,0
5667,8,4,11,4,12,3,1,0,2,2,0
5668,11,6,12,2,10,0,0,1,2,2,1
5669,8,4,15,2,8,0,1,1,1,2,0
5670,4,2,11,1,1,5,1,0,1,2,0
5671,8,6,4,2,8,0,1,1,3,2,0
5672,7,4,11,4,12,1,1,1,2,2,0
5673,9,4,15,0,8,4,0,0,2,2,0
5674,6,4,8,2,7,0,1,1,2,2,1
5675,8,4,11,2,7,0,1,1,1,2,1
5676,8,4,11,2,4,0,1,1,2,2,1
5677,5,4,15,4,12,1,1,0,2,2,0
5678,4,8,9,4,13,3,1,1,0,2,0
5679,9,4,0,6,8,4,0,0,2,2,0
5680,8,4,9,2,4,0,0,1,2,2,0
5681,10,4,15,2,12,0,1,1,2,2,1
5682,12,2,9,6,10,1,1,0,1,2,1
5683,8,1,9,2,2,0,1,1,2,2,0
5684,4,6,15,4,3,3,1,0,1,2,0
5685,8,6,2,2,3,0,1,1,2,2,1
5686,4,4,11,4,3,3,1,1,1,2,0
5687,6,4,1,2,3,0,1,1,2,2,1
5688,9,5,0,2,4,0,0,1,2,2,1
5689,4,4,11,4,3,3,1,1,2,2,0
5690,11,4,9,2,10,0,1,1,2,2,1
5691,10,4,15,0,4,4,1,1,3,2,0
5692,6,4,1,2,12,0,1,1,2,2,1
5693,11,4,11,2,12,0,1,1,2,2,1
5694,8,4,9,0,4,1,1,0,2,2,0
5695,4,4,11,4,3,3,1,1,2,2,0
5696,11,4,15,2,1,0,1,1,2,2,1
5697,7,2,11,2,3,0,1,1,2,2,1
5698,8,4,0,2,8,0,1,1,1,2,1
5699,10,4,7,2,3,0,1,1,2,2,0
5700,11,4,7,2,1,0,1,1,2,2,0
5701,10,1,10,2,10,0,0,1,3,2,1
5702,3,4,11,4,7,1,1,1,2,2,1
5703,6,4,7,4,8,1,0,0,2,2,0
5704,7,5,7,4,12,3,1,1,3,2,0
5705,6,4,11,4,1,1,0,0,2,2,0
5706,6,4,15,2,13,0,1,1,2,2,1
5707,5,4,1,4,6,3,1,1,0,4,0
5708,7,2,15,4,8,1,1,0,2,2,0
5709,12,0,9,0,0,1,1,1,1,2,1
5710,11,0,15,0,0,4,1,0,2,2,0
5711,3,4,11,4,14,1,1,1,0,2,0
5712,8,4,14,2,10,0,1,1,2,2,0
5713,5,2,15,4,10,3,0,0,2,0,0
5714,3,4,15,4,10,1,1,0,1,2,0
5715,6,4,11,2,3,0,1,1,2,2,0
5716,3,4,14,4,4,3,1,1,2,2,0
5717,4,4,0,2,14,0,1,1,1,2,1
5718,7,4,15,2,8,5,1,0,2,2,0
5719,10,6,15,4,8,3,1,1,2,2,0
5720,5,4,4,4,6,1,0,1,2,2,0
5721,5,4,15,2,6,0,1,1,2,2,0
5722,9,4,8,0,10,1,1,0,2,2,0
5723,6,6,11,2,5,0,1,1,2,2,0
5724,6,4,15,2,12,0,1,1,1,2,0
5725,8,4,15,2,12,0,1,1,2,2,0
5726,9,6,11,0,3,4,0,0,3,4,0
5727,7,5,11,0,12,4,1,0,2,4,0
5728,7,4,5,2,12,0,1,1,2,2,1
5729,3,4,11,4,6,1,0,1,0,2,0
5730,5,4,11,0,1,4,1,0,2,2,0
5731,5,6,9,4,10,1,1,1,1,2,0
5732,12,4,15,0,8,1,1,1,2,2,0
5733,16,4,5,2,3,0,1,1,0,2,0
5734,5,4,12,4,9,3,1,0,2,2,0
5735,4,4,15,4,1,4,0,0,1,2,0
5736,6,4,15,2,6,0,1,1,2,2,1
5737,3,1,11,4,11,3,1,0,1,2,0
5738,3,4,11,4,12,2,0,1,0,2,0
5739,6,4,15,2,12,5,1,0,2,2,0
5740,7,4,1,2,7,5,1,0,2,2,1
5741,6,4,9,2,10,0,0,1,2,2,1
5742,7,7,12,2,10,0,1,1,2,2,0
5743,6,2,11,2,8,0,1,1,2,2,1
5744,7,4,15,4,8,1,1,1,2,2,1
5745,3,4,11,4,3,4,1,0,1,2,0
5746,4,0,12,4,0,3,1,1,2,2,0
5747,9,4,15,5,1,1,0,0,0,2,0
5748,6,4,1,2,12,0,1,1,2,2,1
5749,4,4,15,2,1,5,1,0,2,2,0
5750,5,4,14,4,1,3,1,1,2,2,1
5751,7,4,15,2,1,0,1,1,2,2,1
5752,4,4,12,4,4,3,1,1,1,2,0
5753,12,4,11,2,6,0,1,1,2,2,0
5754,7,4,11,4,1,4,1,0,2,2,0
5755,5,4,11,2,12,0,1,1,2,2,0
5756,13,1,15,2,1,0,1,1,1,2,1
5757,5,4,9,2,13,0,1,1,2,2,1
5758,12,4,10,2,4,0,1,1,2,2,1
5759,7,4,1,2,6,0,1,1,2,2,0
5760,7,4,15,2,8,5,1,0,1,2,0
5761,8,2,15,4,1,1,1,0,2,2,0
5762,10,7,9,0,1,2,1,0,2,2,0
5763,7,6,11,2,6,0,1,1,2,2,0
5764,9,4,15,2,1,0,1,1,2,2,0
5765,7,4,15,2,8,0,0,1,2,2,1
5766,5,4,11,0,8,4,1,1,2,2,1
5767,7,2,12,2,10,5,1,0,2,2,0
5768,8,4,9,2,8,0,1,1,2,2,1
5769,5,4,5,2,10,0,1,1,2,2,1
5770,8,4,15,5,1,4,1,0,2,2,0
5771,4,4,11,4,12,3,1,1,2,2,0
5772,11,4,11,0,3,1,1,1,2,2,0
5773,3,6,0,4,5,1,1,1,0,2,0
5774,7,0,9,4,0,1,1,0,3,2,0
5775,6,4,11,2,3,0,1,1,2,2,0
5776,8,6,8,2,5,0,1,1,1,2,0
5777,13,2,11,2,11,0,1,1,1,2,1
5778,5,5,15,2,12,5,0,0,2,2,0
5779,9,6,5,2,7,0,1,1,2,2,1
5780,4,4,9,4,4,4,1,0,2,2,0
5781,6,4,11,2,7,0,1,1,2,2,1
5782,7,1,9,2,10,0,0,1,3,2,1
5783,4,6,9,4,10,3,1,1,2,2,0
5784,3,4,7,4,12,4,0,0,1,4,0
5785,6,4,11,0,12,4,0,0,2,2,0
5786,5,4,9,4,12,4,0,0,2,0,0
5787,4,0,11,4,0,1,1,1,1,2,0
5788,10,6,11,0,4,1,1,0,2,2,0
5789,13,5,15,3,4,3,1,1,1,2,0
5790,12,4,11,2,6,0,1,1,2,2,0
5791,9,7,9,2,10,5,1,0,2,2,1
5792,12,4,15,2,8,0,1,1,1,2,0
5793,3,4,12,4,10,3,1,0,2,2,0
5794,5,4,5,2,7,5,1,0,0,2,0
5795,10,6,9,2,4,0,1,1,2,2,0
5796,5,4,11,4,1,4,1,0,2,2,0
5797,4,4,12,4,1,4,1,0,2,2,0
5798,9,4,7,0,1,1,1,1,3,2,0
5799,6,4,11,4,7,1,1,0,2,2,0
5800,5,4,11,4,4,3,1,0,2,2,0
5801,6,5,15,4,12,3,1,1,2,2,0
5802,6,4,1,0,7,1,1,1,2,2,0
5803,8,4,5,2,7,0,1,1,2,2,0
5804,10,6,9,2,5,0,1,1,2,2,0
5805,7,5,9,2,4,0,1,1,3,2,1
5806,5,6,11,4,12,1,1,0,2,2,0
5807,6,2,15,4,12,1,1,0,2,2,0
5808,12,1,11,2,6,0,1,1,1,2,0
5809,7,2,9,2,4,0,1,1,2,2,1
5810,5,4,11,4,1,4,0,1,1,2,0
5811,6,4,11,2,14,0,1,1,0,2,0
5812,9,4,13,2,1,0,1,1,2,2,1
5813,11,6,9,6,10,4,0,0,2,2,1
5814,4,4,7,4,4,1,1,1,2,2,0
5815,7,4,15,0,14,1,1,1,1,2,0
5816,9,4,15,4,8,3,0,1,2,4,0
5817,7,4,15,2,1,0,1,1,2,2,0
5818,7,2,14,4,10,1,1,0,1,2,0
5819,6,4,11,4,12,1,1,1,1,1,0
5820,11,4,15,2,8,0,1,1,2,2,0
5821,5,4,11,0,1,4,0,0,0,2,0
5822,6,4,15,4,12,4,1,0,2,2,0
5823,12,4,11,2,14,0,1,1,2,0,1
5824,6,4,11,2,6,0,1,1,2,2,0
5825,7,5,7,0,12,4,1,1,2,2,0
5826,13,4,15,6,8,4,1,0,2,2,0
5827,8,4,9,2,4,0,1,1,2,2,1
5828,6,4,15,2,3,5,1,0,2,2,1
5829,7,4,3,2,8,5,1,0,1,2,0
5830,7,2,1,0,14,1,1,1,1,2,0
5831,11,6,0,2,3,0,1,1,2,2,0
5832,9,4,14,0,1,4,1,0,1,2,0
5833,4,4,0,2,3,0,1,1,2,2,0
5834,7,4,15,2,1,0,1,1,2,2,1
5835,10,4,11,4,7,1,1,0,2,2,1
5836,9,4,11,0,7,1,1,1,1,2,1
5837,8,4,2,4,7,1,1,1,2,2,0
5838,4,5,15,4,3,2,0,1,2,2,0
5839,4,4,8,4,1,3,1,0,2,1,0
5840,4,4,4,4,7,1,0,0,2,2,0
5841,6,4,0,2,3,0,1,1,2,2,0
5842,5,4,11,4,8,3,0,0,2,2,0
5843,4,4,9,4,12,3,1,1,2,2,0
5844,3,7,1,4,1,4,1,0,1,2,0
5845,4,4,11,4,1,1,1,0,1,2,0
5846,9,4,11,2,6,0,1,1,3,2,0
5847,6,6,7,2,12,0,1,1,1,2,1
5848,5,4,11,2,4,0,1,1,2,2,0
5849,13,4,11,6,7,1,1,1,1,2,0
5850,10,2,11,2,5,0,0,1,2,2,0
5851,4,4,11,2,1,0,0,1,2,2,1
5852,8,4,9,0,12,1,1,0,1,2,1
5853,5,4,11,4,1,2,1,0,2,2,0
5854,13,4,0,0,3,4,1,0,0,2,0
5855,14,2,11,6,1,1,1,0,1,2,0
5856,5,4,11,2,7,0,1,1,1,2,0
5857,11,4,15,0,1,3,1,0,2,2,0
5858,9,6,8,2,3,0,1,1,2,2,0
5859,4,4,15,4,1,3,1,1,1,2,0
5860,9,4,9,2,4,0,0,1,1,2,1
5861,9,6,15,2,4,0,1,1,2,2,0
5862,6,4,12,2,10,0,1,1,3,2,0
5863,6,4,15,2,6,0,1,1,1,2,1
5864,9,4,11,2,3,0,1,1,2,2,1
5865,6,4,9,4,1,1,0,0,2,2,0
5866,8,1,0,2,3,0,1,1,2,2,1
5867,9,2,9,0,10,1,1,0,3,2,0
5868,8,4,15,0,14,1,0,1,3,2,0
5869,9,7,14,0,1,4,0,0,2,2,0
5870,4,7,15,4,1,1,0,0,2,0,0
5871,11,4,15,2,1,0,1,1,1,2,1
5872,5,4,11,2,1,5,1,0,2,2,1
5873,8,4,11,2,6,0,1,1,2,2,1
5874,10,0,1,2,0,0,1,1,1,2,0
5875,6,4,15,4,6,3,1,1,2,2,0
5876,5,6,9,2,5,0,1,1,1,2,1
5877,4,4,15,4,4,1,1,1,2,2,0
5878,8,2,9,4,10,1,1,0,2,2,0
5879,13,7,9,2,4,0,1,1,4,2,0
5880,9,4,15,4,13,1,1,0,2,2,0
5881,5,4,9,4,4,3,1,0,1,2,0
5882,6,7,7,2,12,0,1,1,3,2,0
5883,6,4,6,2,3,0,1,1,2,2,1
5884,8,0,11,2,14,0,1,1,2,2,0
5885,12,4,11,2,3,0,1,1,2,2,0
5886,9,4,9,0,12,1,1,0,2,2,0
5887,5,7,15,2,4,0,1,1,3,2,1
5888,6,7,11,2,14,0,1,1,2,2,1
5889,3,5,9,4,4,3,0,1,1,2,0
5890,5,5,11,4,3,3,1,1,2,2,0
5891,15,4,15,6,1,4,0,0,1,2,0
5892,8,4,5,2,7,0,1,1,2,2,0
5893,7,4,15,2,1,0,1,1,1,2,1
5894,7,4,9,2,14,0,1,1,2,2,1
5895,5,1,9,4,4,3,1,1,1,2,0
5896,9,4,11,2,7,2,1,0,2,2,0
5897,4,6,9,4,10,3,0,0,1,2,0
5898,7,4,5,2,3,0,0,1,2,2,0
5899,3,4,9,4,10,1,1,0,1,2,0
5900,6,4,9,2,12,0,1,1,2,2,1
5901,10,4,15,2,8,2,1,0,2,2,0
5902,8,4,15,2,8,5,1,0,2,2,1
5903,13,4,11,0,4,1,1,0,2,2,0
5904,4,4,9,4,3,3,1,1,2,2,0
5905,8,4,8,2,3,0,1,1,2,4,0
5906,11,4,11,5,7,3,1,1,2,2,0
5907,9,4,9,2,13,0,1,1,2,2,1
5908,6,4,9,2,4,0,1,1,2,2,0
5909,10,4,15,2,12,5,1,0,2,2,0
5910,11,4,11,6,12,1,1,0,2,2,0
5911,8,4,15,2,8,5,1,0,2,2,1
5912,3,4,15,4,7,1,1,1,1,2,0
5913,8,4,15,4,4,1,1,0,2,2,0
5914,8,4,11,4,4,1,1,1,2,2,0
5915,4,0,1,4,0,1,1,1,1,2,0
5916,4,4,11,2,3,0,1,1,2,2,1
5917,4,4,11,4,14,1,1,1,2,2,0
5918,9,4,11,2,1,0,1,1,2,4,1
5919,6,4,9,0,10,1,1,1,2,2,0
5920,7,4,11,4,3,3,0,1,2,2,0
5921,4,4,9,4,12,1,1,0,0,2,0
5922,6,0,11,4,0,4,1,0,2,2,0
5923,9,0,15,2,0,5,1,0,2,2,1
5924,7,4,9,2,4,0,1,1,2,2,0
5925,3,4,12,4,4,3,1,1,1,2,0
5926,11,2,15,2,11,0,1,1,2,2,0
5927,7,4,11,0,1,4,0,0,2,2,0
5928,5,4,11,2,3,0,1,1,2,2,0
5929,5,4,15,2,3,0,1,1,2,2,0
5930,6,4,9,4,10,1,1,0,2,2,1
5931,5,4,11,0,8,4,1,0,2,2,0
5932,5,2,11,5,4,1,0,1,2,2,0
5933,7,6,1,2,12,0,0,1,2,2,1
5934,7,5,15,3,12,1,0,0,2,0,1
5935,3,4,11,4,12,1,1,0,1,2,0
5936,5,4,15,2,8,0,0,1,1,2,0
5937,4,4,11,4,6,2,1,1,2,2,0
5938,5,6,15,4,8,3,1,0,2,2,0
5939,4,4,11,4,1,3,1,1,2,2,0
5940,6,4,11,2,14,0,1,1,2,2,1
5941,7,4,11,4,3,3,1,1,2,2,0
5942,4,4,11,4,1,3,1,0,2,2,0
5943,6,4,9,4,10,1,1,1,3,2,0
5944,4,4,11,4,10,3,1,0,2,2,0
5945,10,5,3,2,4,0,1,1,2,2,0
5946,4,2,15,2,10,0,1,1,2,2,0
5947,11,4,15,2,12,0,1,1,2,2,0
5948,8,0,11,2,0,0,1,1,2,2,0
5949,7,2,9,4,0,1,1,1,1,2,0
5950,11,5,9,0,4,1,1,1,2,2,0
5951,5,2,9,4,4,3,1,1,2,2,0
5952,9,4,2,2,3,0,1,1,3,2,1
5953,6,4,8,0,4,1,0,0,2,2,0
5954,7,4,6,2,3,0,1,1,2,2,1
5955,9,4,15,2,4,0,1,1,1,2,0
5956,8,4,11,4,4,3,1,1,2,2,0
5957,9,4,11,0,8,4,1,1,2,2,1
5958,4,4,9,4,10,3,1,0,2,2,0
5959,11,4,8,0,7,4,0,0,2,2,0
5960,8,4,1,0,12,1,1,1,2,2,0
5961,5,4,11,4,8,3,1,0,2,2,0
5962,5,4,15,4,8,1,1,0,2,2,0
5963,7,6,1,2,8,0,1,1,2,2,0
5964,4,6,8,4,3,1,1,1,2,2,0
5965,6,4,15,2,14,0,1,1,2,2,0
5966,5,4,11,4,12,1,0,1,2,2,0
5967,9,1,9,2,4,0,1,1,2,2,1
5968,7,4,15,2,4,0,1,1,2,2,1
5969,7,4,9,2,10,0,1,1,2,2,0
5970,4,4,8,4,4,3,0,1,2,2,0
5971,8,5,1,2,3,0,1,1,2,2,0
5972,9,4,10,0,10,4,1,0,2,2,0
5973,5,4,11,4,1,1,0,0,2,0,0
5974,7,2,2,0,3,1,0,1,2,0,0
5975,8,4,11,2,12,0,1,1,2,2,1
5976,6,6,11,2,5,0,1,1,1,2,0
5977,9,6,11,2,3,0,1,1,2,2,0
5978,7,4,9,2,1,0,1,1,2,2,1
5979,8,4,8,4,8,3,1,1,2,2,0
5980,14,4,11,6,8,1,0,0,0,2,0
5981,9,4,1,0,12,4,1,0,2,2,0
5982,6,6,11,2,7,0,1,1,2,2,1
5983,9,0,11,2,0,0,1,1,2,2,1
5984,10,4,15,2,8,0,1,1,2,2,0
5985,3,6,15,4,4,1,1,0,0,2,0
5986,5,4,11,4,1,1,1,0,2,2,0
5987,12,4,12,0,10,4,1,0,0,2,0
5988,6,4,14,2,10,0,1,1,2,2,0
5989,6,4,7,2,1,5,1,0,3,2,0
5990,9,7,12,5,1,4,1,0,2,2,0
5991,12,4,15,0,1,4,1,0,1,2,0
5992,7,4,15,2,3,0,1,1,1,2,1
5993,5,4,8,2,4,5,1,0,2,2,0
5994,9,4,11,2,3,0,1,1,2,2,0
5995,10,4,7,2,4,0,1,1,1,2,0
5996,9,0,9,3,0,4,1,0,3,2,0
5997,6,2,8,2,3,0,1,1,2,2,1
5998,5,0,11,4,0,3,1,0,2,2,0
5999,4,4,8,4,7,1,1,0,3,2,1
6000,9,4,11,2,8,5,1,0,2,3,0
6001,4,4,15,4,10,1,1,1,2,2,0
6002,5,4,15,4,4,3,1,1,2,2,0
6003,12,4,11,2,14,0,1,1,2,2,0
6004,6,4,10,2,10,0,1,1,2,2,1
6005,7,4,15,4,1,3,1,1,2,2,0
6006,9,6,15,0,8,1,1,0,2,2,0
6007,10,2,9,2,11,0,1,1,2,2,0
6008,6,4,11,5,8,1,1,0,2,2,0
6009,9,4,10,2,4,0,1,1,2,2,0
6010,7,4,9,0,4,1,1,1,2,2,0
6011,7,1,4,0,5,1,1,1,2,2,0
6012,9,4,9,2,14,0,1,1,2,2,1
6013,7,4,11,2,3,0,1,1,2,2,1
6014,12,4,9,2,10,0,0,1,0,2,0
6015,11,4,6,6,7,1,0,1,3,2,0
6016,5,4,11,4,6,3,0,1,2,2,0
6017,4,6,9,4,4,3,1,0,2,1,0
6018,7,4,1,2,6,0,1,1,2,2,0
6019,10,2,15,2,6,0,1,1,3,2,1
6020,7,4,5,2,8,0,1,1,2,2,0
6021,9,4,5,0,1,1,1,0,2,2,0
6022,12,7,9,2,10,0,1,1,2,2,0
6023,11,4,10,2,10,0,1,1,2,2,1
6024,3,4,12,4,10,2,0,0,1,2,0
6025,12,5,15,2,5,0,1,1,2,2,1
6026,6,5,9,2,10,0,1,1,2,2,0
6027,11,0,9,2,0,0,1,1,3,2,0
6028,4,4,5,4,5,1,1,1,2,2,0
6029,9,4,5,0,1,4,1,0,2,2,1
6030,11,5,12,2,4,0,1,1,1,2,0
6031,5,0,11,2,0,0,1,1,2,2,1
6032,4,1,4,4,3,1,1,1,1,2,0
6033,3,1,9,4,4,1,1,0,1,2,1
6034,6,4,11,2,7,0,1,1,3,2,1
6035,10,4,8,2,8,5,0,0,2,2,1
6036,8,4,12,2,4,0,1,1,2,2,0
6037,11,4,9,0,10,1,0,1,2,2,0
6038,5,1,11,0,1,1,0,1,2,2,0
6039,9,4,11,0,1,4,1,0,2,2,0
6040,7,2,11,5,4,1,1,1,2,2,0
6041,6,4,14,2,10,5,1,0,2,2,1
6042,8,4,15,4,1,1,1,0,0,2,1
6043,3,4,5,4,14,3,1,1,0,2,0
6044,7,4,6,2,8,0,1,1,2,2,1
6045,5,1,11,5,1,4,1,0,1,2,0
6046,5,4,15,2,3,0,1,1,2,2,0
6047,6,5,12,4,12,1,1,0,2,2,1
6048,6,4,15,2,12,0,1,1,2,2,1
6049,5,4,11,0,1,1,1,1,2,2,0
6050,11,4,8,2,1,0,1,1,1,2,0
6051,7,4,11,2,6,0,1,1,2,2,1
6052,4,5,3,4,7,1,0,1,1,2,0
6053,7,4,11,2,6,0,1,1,1,2,0
6054,10,4,14,2,9,5,1,0,1,2,1
6055,3,4,12,4,10,3,1,0,2,2,0
6056,5,4,15,2,3,0,1,1,2,2,0
6057,5,4,11,4,3,1,1,1,3,2,0
6058,5,4,8,4,1,3,1,0,2,2,0
6059,4,4,9,4,4,3,1,1,0,2,0
6060,5,4,9,4,10,3,1,1,2,2,0
6061,6,6,11,2,14,0,1,1,2,2,1
6062,6,1,15,2,4,0,1,1,2,2,1
6063,6,0,8,4,0,1,0,0,2,4,0
6064,5,4,7,5,12,3,1,0,2,2,0
6065,7,7,9,0,10,1,1,1,2,2,0
6066,10,4,9,0,12,1,1,0,2,2,0
6067,10,4,6,0,6,1,1,1,1,2,0
6068,6,4,0,3,3,4,1,1,2,2,0
6069,4,5,15,0,12,1,1,0,2,2,0
6070,10,4,12,4,4,1,1,0,2,2,0
6071,4,4,15,4,13,3,1,0,0,2,0
6072,7,6,7,0,4,1,1,1,2,2,0
6073,13,4,9,6,8,4,1,1,2,2,0
6074,4,2,15,4,10,1,0,1,3,2,0
6075,6,4,0,2,7,0,1,1,2,2,0
6076,8,4,11,2,3,0,1,1,2,2,1
6077,5,4,1,2,12,0,1,1,2,2,0
6078,9,4,10,2,10,0,1,1,2,2,0
6079,10,4,11,2,7,0,1,1,2,2,1
6080,8,4,8,2,10,0,1,1,2,2,1
6081,4,0,15,4,0,3,1,1,2,2,0
6082,8,4,15,0,10,1,1,1,2,2,0
6083,5,1,12,2,4,0,0,1,1,2,0
6084,8,4,8,4,5,3,1,0,2,2,0
6085,11,4,9,0,11,1,1,0,2,2,0
6086,9,4,15,2,12,0,1,1,3,2,0
6087,6,4,9,2,4,0,1,1,2,2,1
6088,7,4,11,0,6,4,1,1,2,2,0
6089,6,4,15,2,3,0,1,1,2,2,0
6090,5,4,7,2,10,0,1,1,2,2,1
6091,11,4,4,2,8,5,1,0,2,2,0
6092,4,4,11,2,8,0,1,1,2,2,0
6093,9,4,15,4,3,1,1,1,3,2,0
6094,12,4,3,2,5,0,1,1,2,2,0
6095,4,4,11,4,1,4,1,0,2,2,0
6096,14,4,1,2,3,0,1,1,2,2,0
6097,13,4,11,2,6,0,1,1,0,2,0
6098,4,7,9,4,10,1,1,0,2,1,0
6099,11,4,11,0,12,3,0,0,2,2,0
6100,13,4,11,2,14,0,1,1,2,2,0
6101,5,6,5,2,3,0,1,1,0,2,1
6102,6,4,12,2,4,0,1,1,2,2,0
6103,6,2,9,2,11,0,1,1,2,2,1
6104,6,2,14,2,10,0,1,1,1,2,0
6105,6,4,11,4,7,1,1,0,1,2,0
6106,6,4,11,4,3,3,1,0,2,2,0
6107,7,1,11,0,1,4,0,0,1,2,0
6108,12,4,11,0,8,4,1,1,2,2,0
6109,4,4,9,4,12,3,1,1,2,2,0
6110,6,4,6,2,8,0,1,1,2,4,1
6111,5,4,11,4,8,1,1,0,1,2,0
6112,5,4,15,2,3,0,1,1,2,2,1
6113,8,4,15,0,12,1,0,0,2,2,0
6114,8,4,0,2,7,0,1,1,2,2,0
6115,10,2,9,2,4,0,1,1,2,2,1
6116,12,4,15,2,10,0,1,1,2,2,1
6117,5,6,11,0,8,1,1,1,2,2,0
6118,7,0,15,4,0,1,1,0,2,2,0
6119,7,4,15,2,10,0,1,1,2,2,0
6120,5,0,15,4,0,3,1,0,2,2,0
6121,8,4,9,4,10,3,1,1,2,2,0
6122,8,0,15,2,0,0,1,1,2,2,0
6123,6,4,15,4,4,1,1,1,1,2,0
6124,6,4,11,2,14,0,1,1,2,2,0
6125,3,4,11,4,3,1,1,1,1,2,0
6126,8,4,15,2,3,2,1,1,2,2,0
6127,8,4,7,0,12,4,1,0,2,2,0
6128,8,7,9,2,10,0,1,1,2,2,0
6129,11,4,11,0,12,4,1,1,3,2,1
6130,9,4,9,5,10,1,1,1,1,2,0
6131,4,6,5,4,8,1,1,1,1,2,0
6132,11,4,11,2,1,0,0,1,2,2,0
6133,8,4,8,2,3,0,1,1,2,2,0
6134,9,4,15,4,8,3,1,0,3,2,0
6135,8,4,15,2,7,0,1,1,2,2,1
6136,5,6,11,4,3,1,0,1,2,0,0
6137,10,4,11,2,5,0,1,1,2,2,0
6138,7,4,9,4,12,3,0,0,3,2,0
6139,5,6,7,0,4,1,1,1,2,2,0
6140,12,4,15,4,1,1,0,1,2,2,0
6141,6,4,14,0,10,3,1,0,2,2,0
6142,10,4,0,2,8,0,1,1,3,2,0
6143,10,4,15,4,14,3,1,1,1,2,0
6144,10,4,12,2,10,5,1,0,2,2,1
6145,8,4,11,0,1,1,1,0,2,2,0
6146,7,0,1,6,0,1,1,0,2,2,0
6147,9,4,0,2,6,0,1,1,2,2,1
6148,7,4,1,4,8,3,1,0,1,2,1
6149,9,4,15,0,1,1,1,1,2,2,0
6150,13,4,15,2,14,0,1,1,0,2,0
6151,4,4,11,4,3,1,1,1,1,2,0
6152,8,4,11,2,3,0,1,1,1,2,0
6153,7,4,8,2,3,0,1,1,3,2,1
6154,10,4,11,2,7,0,1,1,2,2,0
6155,9,4,15,2,7,0,1,1,2,2,0
6156,6,4,11,2,8,0,0,1,2,2,1
6157,7,2,15,0,1,1,1,1,1,2,0
6158,6,4,2,2,6,3,1,0,2,2,0
6159,12,6,15,2,3,0,1,1,2,2,1
6160,5,4,15,4,1,1,1,0,2,2,0
6161,9,4,9,2,1,0,1,1,2,2,0
6162,7,2,15,2,14,0,1,1,1,2,0
6163,6,4,11,2,3,0,0,1,2,2,1
6164,5,4,11,2,3,0,0,1,1,0,1
6165,8,0,15,0,0,1,1,1,2,2,0
6166,8,4,15,0,10,3,1,0,2,2,0
6167,6,4,11,2,3,0,1,1,3,2,0
6168,6,4,1,2,6,0,0,1,2,2,0
6169,7,4,15,4,7,1,1,1,3,2,0
6170,4,4,9,4,12,3,1,0,2,2,0
6171,8,4,9,5,8,1,1,0,2,2,0
6172,5,4,15,4,12,3,1,0,2,2,0
6173,5,4,15,2,12,0,0,1,2,2,1
6174,5,6,9,4,10,1,1,1,2,2,0
6175,7,4,11,2,7,0,1,1,2,2,1
6176,4,7,15,4,1,1,0,0,1,2,1
6177,10,2,14,0,10,1,1,1,2,2,0
6178,5,4,7,4,12,1,1,1,4,2,0
6179,3,4,8,4,10,1,1,0,0,2,0
6180,9,4,15,2,1,0,1,1,2,2,0
6181,7,4,11,2,8,0,1,1,2,2,0
6182,6,4,11,2,3,0,1,1,1,2,1
6183,7,0,15,5,0,1,1,0,2,2,1
6184,11,4,1,4,1,3,1,0,2,2,0
6185,4,1,12,4,1,3,1,0,2,2,0
6186,9,6,15,2,12,0,1,1,2,2,1
6187,5,4,15,4,3,3,1,1,2,2,0
6188,10,4,9,2,12,0,1,1,2,2,1
6189,10,2,12,0,10,1,1,0,3,2,0
6190,6,4,11,2,10,0,0,1,2,2,0
6191,6,4,1,0,4,1,1,1,1,2,1
6192,7,4,15,2,4,0,0,1,2,2,0
6193,6,4,11,2,11,0,1,1,2,2,1
6194,8,4,15,2,10,0,1,1,2,2,1
6195,10,4,11,6,8,4,1,0,1,2,0
6196,6,4,9,0,10,1,1,0,1,2,0
6197,4,4,0,2,6,0,1,1,2,2,0
6198,9,6,14,2,10,0,1,1,1,2,0
6199,10,0,0,2,0,0,1,1,2,2,0
6200,6,4,15,4,8,1,1,0,2,2,0
6201,11,4,1,0,6,1,1,1,2,2,0
6202,4,4,15,4,6,3,1,1,0,2,0
6203,6,4,0,2,3,0,1,1,2,2,0
6204,11,4,15,2,12,0,1,1,2,2,0
6205,5,2,15,4,4,3,1,1,2,2,0
6206,7,4,9,0,8,4,0,1,2,2,0
6207,5,1,15,2,6,0,0,1,2,2,1
6208,7,4,15,2,14,0,1,1,2,2,1
6209,7,4,15,2,8,0,1,1,2,2,1
6210,8,4,12,0,10,1,0,0,2,2,0
6211,4,4,5,4,8,1,1,1,2,2,0
6212,5,4,11,4,12,4,1,0,2,2,0
6213,8,4,15,2,14,0,1,1,1,2,0
6214,4,1,15,4,11,1,1,1,1,2,0
6215,13,4,11,2,10,0,1,1,3,2,0
6216,10,4,11,0,1,4,1,0,2,2,0
6217,6,0,8,4,0,1,1,1,2,2,0
6218,13,4,11,0,1,4,1,0,0,2,0
6219,8,4,14,0,10,4,0,0,3,2,0
6220,9,4,9,2,10,0,1,1,2,2,0
6221,9,6,9,2,4,0,1,1,2,2,0
6222,7,6,9,2,10,0,1,1,2,2,1
6223,7,4,15,2,14,0,1,1,2,2,0
6224,7,4,11,0,10,1,1,1,2,2,0
6225,8,4,11,6,10,4,1,0,2,2,0
6226,3,4,1,4,6,1,1,1,2,2,0
6227,12,4,7,6,12,4,0,0,2,2,0
6228,5,1,11,2,1,5,0,0,2,2,0
6229,7,4,11,2,1,5,0,0,2,2,1
6230,7,0,15,4,0,3,1,0,2,2,0
6231,7,6,15,2,1,0,1,1,2,2,0
6232,10,5,11,2,4,0,1,1,1,2,0
6233,4,0,7,1,0,2,1,0,0,2,0
6234,6,0,4,0,0,4,1,0,2,2,0
6235,6,4,9,4,13,1,0,0,2,2,0
6236,5,1,11,4,4,4,1,1,2,2,0
6237,8,4,9,4,12,3,1,1,2,2,0
6238,7,4,8,2,3,0,1,1,2,2,0
6239,9,4,11,2,8,2,0,1,2,2,0
6240,9,4,9,2,4,0,0,1,3,2,0
6241,6,4,11,4,12,3,0,0,2,2,0
6242,3,4,11,4,14,1,1,1,1,2,0
6243,10,4,5,2,8,0,1,1,2,2,0
6244,8,5,9,0,12,1,0,1,2,2,0
6245,13,4,11,0,4,4,1,0,2,2,0
6246,12,4,11,2,3,0,1,1,1,2,0
6247,11,4,14,2,1,5,1,0,2,2,1
6248,12,1,11,2,4,0,0,1,2,2,1
6249,6,4,9,2,1,0,1,1,2,2,0
6250,9,4,8,2,3,0,1,1,2,2,1
6251,5,4,15,4,13,1,1,0,3,2,0
6252,7,4,0,2,8,0,1,1,1,2,1
6253,8,5,9,2,10,0,1,1,2,2,0
6254,8,4,6,0,14,1,1,1,2,2,0
6255,9,7,15,2,11,0,1,1,2,2,1
6256,7,4,11,4,1,1,1,0,2,2,0
6257,10,4,11,2,3,0,1,1,2,2,0
6258,8,4,11,0,0,1,0,0,2,2,0
6259,9,4,11,4,6,3,1,1,2,2,0
6260,6,4,11,0,10,1,1,0,2,2,0
6261,8,7,11,2,11,0,1,1,2,2,0
6262,8,4,9,0,1,1,1,1,2,2,0
6263,9,7,15,2,10,0,1,1,3,2,1
6264,7,4,15,4,1,3,1,0,1,2,0
6265,10,4,15,2,5,0,1,1,2,2,0
6266,10,4,11,2,3,0,1,1,2,2,1
6267,4,4,7,4,14,2,0,1,2,2,0
6268,8,5,11,2,4,5,1,0,2,1,0
6269,9,4,15,2,1,0,1,1,2,2,1
6270,6,1,8,4,1,1,1,1,3,2,0
6271,5,2,0,2,4,0,1,1,2,2,1
6272,5,4,9,4,10,1,1,1,1,4,0
6273,12,4,15,2,4,0,1,1,1,2,0
6274,10,4,8,4,1,3,1,0,1,2,0
6275,9,4,11,2,4,5,1,0,1,2,1
6276,6,0,15,4,0,1,1,0,2,2,0
6277,5,5,11,4,12,3,0,0,2,2,0
6278,9,4,11,4,3,3,1,1,2,1,0
6279,11,4,15,2,4,0,1,1,2,2,0
6280,5,4,11,2,7,0,1,1,2,4,0
6281,3,4,11,4,1,4,1,0,2,2,1
6282,7,4,11,2,6,0,1,1,2,2,1
6283,6,4,11,2,3,0,1,1,2,2,0
6284,9,4,11,0,7,4,1,0,2,2,1
6285,4,4,11,4,8,1,1,1,1,2,1
6286,11,4,9,2,4,0,0,1,2,2,0
6287,7,4,7,2,8,0,1,1,2,2,1
6288,3,6,8,4,3,1,1,1,2,2,0
6289,8,4,9,4,13,3,1,0,2,2,0
6290,4,1,14,4,10,1,1,0,1,2,0
6291,7,4,11,2,8,0,1,1,2,2,0
6292,7,4,9,2,13,0,0,1,1,2,1
6293,16,6,3,0,5,1,1,1,1,2,0
6294,9,6,9,2,12,0,1,1,2,2,1
6295,14,4,11,2,7,0,1,1,1,2,0
6296,10,5,5,2,3,0,1,1,2,2,0
6297,6,4,15,4,8,3,1,0,2,2,0
6298,7,1,11,2,14,0,1,1,2,2,0
6299,9,4,0,0,4,1,1,0,2,2,1
6300,3,4,5,4,4,1,1,1,2,2,0
6301,12,2,9,2,10,0,1,1,2,2,1
6302,7,4,15,2,13,0,1,1,4,2,0
6303,10,4,6,2,3,0,1,1,2,2,1
6304,9,4,9,2,8,0,1,1,2,2,1
6305,12,4,7,0,11,4,1,1,0,2,0
6306,8,4,11,2,3,0,1,1,2,2,0
6307,7,4,9,2,4,0,1,1,2,2,1
6308,4,4,0,4,3,1,0,1,2,2,0
6309,5,2,11,4,10,3,1,0,2,2,0
6310,10,4,15,2,3,0,1,1,2,2,0
6311,9,4,11,0,1,1,1,0,2,2,0
6312,4,4,11,4,5,1,1,1,2,2,0
6313,7,2,11,2,1,5,1,0,1,2,0
6314,10,4,15,2,7,0,1,1,2,2,0
6315,4,4,3,4,8,1,1,1,2,2,0
6316,4,4,14,4,10,1,1,0,0,2,0
6317,11,4,9,2,3,0,1,1,2,2,1
6318,12,4,11,2,1,0,1,1,2,2,1
6319,4,4,15,4,1,3,1,1,1,2,0
6320,8,4,9,0,12,3,1,1,2,2,0
6321,4,4,1,4,3,1,1,1,2,2,0
6322,5,5,12,2,10,0,1,1,2,1,0
6323,7,4,9,4,4,3,1,1,2,2,0
6324,11,6,14,0,10,1,1,1,2,2,0
6325,8,4,11,2,6,0,1,1,0,2,0
6326,6,4,11,2,8,5,1,0,0,2,0
6327,8,4,7,4,12,1,1,0,2,2,0
6328,6,4,15,0,1,4,0,0,2,2,0
6329,6,4,9,2,11,0,1,1,2,2,1
6330,6,4,11,2,11,0,1,1,1,2,1
6331,4,4,11,4,3,1,1,1,0,2,0
6332,5,4,9,4,4,3,1,1,2,2,0
6333,9,4,11,5,14,1,1,1,1,1,0
6334,11,4,7,0,1,4,1,0,2,2,0
6335,6,4,9,0,4,4,1,0,1,2,0
6336,5,4,11,3,7,1,1,0,2,2,1
6337,10,4,15,2,13,5,0,0,2,2,0
6338,9,4,14,0,10,4,1,0,2,2,0
6339,9,4,15,2,1,0,1,1,2,2,0
6340,11,4,15,2,1,5,1,0,2,2,1
6341,9,7,15,2,11,0,1,1,2,2,0
6342,9,0,11,3,0,1,1,0,2,2,0
6343,10,0,7,2,0,0,1,1,2,2,1
6344,4,4,15,4,1,3,1,0,2,2,0
6345,6,4,11,2,1,0,1,1,2,2,0
6346,4,7,7,4,11,1,1,1,2,3,0
6347,12,4,9,0,3,3,0,1,2,2,0
6348,5,4,9,4,3,2,1,1,1,2,0
6349,6,2,0,2,8,0,1,1,2,2,0
6350,10,4,15,0,8,1,1,0,0,2,0
6351,4,4,9,4,12,1,1,1,2,2,0
6352,8,4,5,2,3,0,1,1,1,2,0
6353,7,4,11,4,12,1,1,1,2,2,0
6354,11,4,9,2,4,0,1,1,2,2,1
6355,10,4,7,2,7,0,1,1,2,2,1
6356,7,1,11,2,3,0,1,1,4,2,0
6357,7,4,11,0,10,1,1,1,1,2,0
6358,10,4,1,2,6,0,1,1,2,2,0
6359,11,4,15,2,4,0,1,1,2,1,1
6360,6,4,15,2,14,0,1,1,2,2,0
6361,4,4,11,4,1,1,0,0,2,2,1
6362,8,4,9,0,1,4,1,0,2,2,0
6363,9,4,9,6,10,4,1,1,2,2,0
6364,11,4,15,4,4,1,1,1,2,2,0
6365,6,6,14,4,4,3,1,0,3,2,0
6366,8,4,9,2,13,0,1,1,2,2,0
6367,11,4,0,6,14,1,1,1,1,2,0
6368,7,6,9,2,12,0,1,1,2,2,0
6369,6,1,12,5,13,4,1,0,0,2,0
6370,7,4,11,2,13,3,1,1,2,2,0
6371,10,4,11,4,3,1,1,1,2,2,0
6372,7,4,15,0,8,4,1,0,3,2,0
6373,8,4,15,2,3,0,1,1,1,2,0
6374,6,4,11,2,14,0,1,1,2,2,0
6375,10,4,15,2,3,0,1,1,2,2,1
6376,10,4,2,0,8,1,1,0,2,2,1
6377,4,4,15,4,13,3,1,1,1,2,0
6378,6,4,11,4,1,2,1,0,2,2,0
6379,7,4,1,4,8,1,1,1,2,2,1
6380,4,1,8,4,13,3,1,0,2,2,0
6381,10,4,11,0,12,1,1,0,2,2,0
6382,4,4,11,2,3,3,1,1,2,2,0
6383,7,7,15,2,11,0,0,1,2,2,1
6384,6,4,15,2,8,0,1,1,2,2,0
6385,18,4,14,4,10,1,1,0,2,2,0
6386,10,4,11,2,7,5,1,0,3,2,0
6387,5,4,15,4,12,1,1,1,1,2,0
6388,8,6,15,2,3,0,1,1,2,2,0
6389,8,4,11,2,3,0,1,1,2,1,0
6390,7,4,12,2,12,0,1,1,2,2,0
6391,9,4,15,2,3,0,1,1,2,2,0
6392,7,4,9,2,4,0,1,1,2,2,0
6393,10,4,15,2,4,0,1,1,2,2,1
6394,9,4,10,0,10,1,1,1,1,2,0
6395,7,4,7,2,3,0,1,1,2,2,1
6396,10,1,15,2,1,0,1,1,2,2,0
6397,6,4,15,2,3,0,1,1,2,2,0
6398,7,4,11,2,12,0,1,1,2,2,1
6399,4,2,9,4,10,1,0,0,0,2,0
6400,4,7,0,4,1,3,0,1,2,2,0
6401,6,5,11,2,4,0,1,1,1,2,0
6402,5,7,15,2,1,0,1,1,2,2,0
6403,5,4,1,4,14,1,1,1,2,2,0
6404,3,4,7,4,5,1,1,1,0,2,0
6405,6,4,11,2,3,0,1,1,2,2,0
6406,8,4,15,2,9,5,1,0,2,2,0
6407,4,7,15,4,11,3,1,1,2,2,0
6408,6,4,9,2,3,3,1,1,2,2,0
6409,6,5,11,2,5,0,1,1,2,2,1
6410,5,4,0,3,8,1,1,1,2,2,0
6411,10,4,15,2,1,0,1,1,2,2,1
6412,8,4,9,0,12,4,1,0,2,1,0
6413,18,4,11,4,13,3,1,1,2,2,0
6414,10,4,11,2,4,0,1,1,1,2,1
6415,4,4,14,4,10,3,1,1,1,2,0
6416,6,0,15,2,0,0,1,1,2,2,0
6417,4,4,0,2,8,0,0,1,2,2,1
6418,4,4,11,2,6,0,1,1,1,2,0
6419,4,6,11,4,8,3,1,0,1,2,0
6420,5,4,11,2,8,0,1,1,2,2,0
6421,13,4,8,2,3,0,1,1,3,2,0
6422,9,7,9,2,13,5,1,0,1,2,0
6423,9,0,15,2,0,0,0,1,2,4,1
6424,5,0,11,4,0,3,1,0,2,2,0
6425,3,4,15,4,1,3,1,1,2,2,0
6426,7,4,15,5,8,4,1,0,2,2,0
6427,7,4,15,2,1,5,1,0,2,2,0
6428,9,4,8,0,3,1,1,1,2,2,0
6429,10,4,11,4,12,1,1,1,2,2,0
6430,4,4,11,4,1,3,1,1,2,2,0
6431,8,4,15,3,1,2,1,0,2,2,0
6432,7,4,11,3,1,2,1,0,3,2,0
6433,5,4,11,4,7,3,1,1,2,2,0
6434,6,4,10,2,4,0,1,1,2,2,1
6435,16,4,11,5,6,0,1,1,3,2,1
6436,10,6,12,2,6,0,1,1,2,2,1
6437,5,4,9,4,10,4,1,0,2,2,0
6438,6,0,11,4,0,3,1,0,3,2,0
6439,7,7,11,2,11,0,0,1,1,2,1
6440,9,0,11,2,0,3,1,0,2,2,0
6441,8,4,8,0,1,1,1,0,2,2,0
6442,6,4,11,2,12,0,1,1,2,2,0
6443,9,2,11,4,13,3,1,1,2,2,0
6444,6,4,15,4,10,1,1,1,1,2,0
6445,8,4,8,4,13,1,0,1,2,0,0
6446,5,4,11,4,8,1,1,0,2,2,0
6447,7,4,15,5,1,4,1,0,3,2,0
6448,8,4,12,2,12,0,1,1,1,2,1
6449,10,4,15,2,4,0,1,1,0,2,0
6450,3,4,15,4,12,3,1,0,1,2,0
6451,3,6,1,4,12,1,1,1,1,2,0
6452,4,4,11,4,3,3,1,1,1,2,0
6453,6,2,15,0,10,2,1,1,2,2,0
6454,4,4,11,4,14,3,1,0,2,2,0
6455,8,2,9,2,10,0,1,1,4,2,0
6456,4,4,11,0,3,1,1,0,1,2,0
6457,9,4,9,2,10,0,1,1,2,2,0
6458,8,4,8,2,1,0,1,1,2,2,1
6459,10,0,11,2,0,0,1,1,2,2,0
6460,7,5,9,4,12,1,1,0,2,2,0
6461,5,4,15,2,4,0,1,1,2,2,1
6462,3,4,12,4,10,1,0,0,1,2,0
6463,11,4,8,0,3,1,1,1,2,2,0
6464,3,6,1,4,12,2,1,1,1,2,0
6465,10,4,12,2,10,0,1,1,2,2,0
6466,4,6,11,4,8,3,1,0,1,2,0
6467,9,4,15,2,4,0,0,1,2,2,0
6468,7,5,11,0,3,1,1,1,2,4,0
6469,5,0,8,2,0,0,1,1,1,2,1
6470,4,4,9,4,4,1,1,1,2,2,0
6471,11,4,15,2,13,0,1,1,2,2,0
6472,6,4,9,2,12,0,1,1,2,2,1
6473,9,4,15,2,6,0,1,1,2,2,1
6474,7,4,11,4,1,1,0,0,2,2,0
6475,7,4,14,2,10,0,0,1,2,2,1
6476,5,4,11,4,1,1,1,0,2,2,0
6477,13,4,11,2,3,0,1,1,1,2,0
6478,14,4,9,0,4,1,1,1,1,2,1
6479,11,6,11,0,12,4,1,0,2,2,0
6480,5,4,15,4,1,1,1,1,2,2,1
6481,6,4,11,5,12,1,0,0,2,2,1
6482,10,2,4,0,3,1,1,1,2,1,0
6483,4,4,11,0,12,1,1,1,2,2,0
6484,12,4,11,2,12,0,1,1,1,2,0
6485,11,4,11,2,3,0,1,1,2,2,1
6486,3,4,15,4,8,3,0,1,2,2,0
6487,12,4,9,2,4,0,1,1,1,2,0
6488,6,2,11,4,13,3,1,1,2,2,0
6489,7,6,9,2,10,0,1,1,1,2,0
6490,3,4,14,4,10,1,1,1,1,2,0
6491,5,0,7,4,0,3,0,0,2,2,0
6492,9,4,11,2,8,0,0,1,1,2,0
6493,4,4,12,4,10,1,1,0,1,2,0
6494,10,6,11,2,12,0,1,1,2,2,1
6495,5,4,11,2,14,0,0,1,2,2,1
6496,9,4,9,0,4,1,1,0,2,2,0
6497,7,4,12,2,4,0,1,1,2,2,0
6498,12,4,15,2,8,5,1,0,2,2,0
6499,12,7,11,6,8,2,0,1,2,4,0
6500,12,0,8,0,0,4,1,0,3,2,0
6501,8,4,11,2,3,0,0,1,2,2,0
6502,6,4,9,2,5,0,0,1,2,2,0
6503,13,4,8,6,1,4,0,0,1,2,0
6504,6,7,2,5,11,4,0,0,2,2,0
6505,10,4,1,0,7,4,0,0,1,2,0
6506,13,4,9,2,4,0,1,1,1,2,0
6507,12,4,14,2,10,0,1,1,2,2,0
6508,3,4,9,4,4,3,1,0,0,2,0
6509,5,4,15,4,7,1,1,1,2,2,0
6510,6,4,15,4,1,1,1,0,2,2,0
6511,15,5,15,6,11,4,1,0,3,2,0
6512,9,6,11,2,3,0,1,1,2,2,1
6513,3,4,9,4,4,1,1,1,1,2,0
6514,9,4,11,2,14,0,1,1,2,2,0
6515,6,4,15,2,12,0,1,1,3,2,0
6516,4,4,9,4,8,3,1,0,2,2,0
6517,4,4,11,4,1,3,1,0,0,2,0
6518,7,7,15,2,13,0,1,1,2,2,1
6519,11,6,0,2,14,0,1,1,2,2,0
6520,5,4,9,2,12,0,1,1,1,2,1
6521,7,4,9,4,1,2,0,1,2,2,0
6522,9,4,1,2,3,0,1,1,0,2,1
6523,4,4,11,2,3,0,0,1,2,2,0
6524,9,4,7,2,12,0,1,1,2,2,0
6525,9,1,11,4,3,1,0,1,1,2,0
6526,8,6,15,4,1,1,1,0,1,2,1
6527,11,0,0,0,0,1,1,0,2,2,0
6528,8,4,8,4,3,3,1,1,1,2,0
6529,10,2,9,4,3,3,1,1,2,2,0
6530,4,2,9,2,10,0,1,1,2,2,0
6531,10,1,15,4,1,1,1,0,2,2,0
6532,9,5,15,2,4,0,1,1,2,2,1
6533,13,4,5,2,5,0,1,1,2,2,1
6534,4,4,11,4,3,1,1,1,1,2,0
6535,11,4,11,2,3,0,0,1,1,2,1
6536,11,2,12,0,10,1,1,0,3,2,0
6537,6,6,15,2,3,0,1,1,2,2,0
6538,5,4,15,2,7,0,1,1,1,2,1
6539,11,4,12,2,1,5,1,0,3,2,1
6540,6,2,15,2,8,0,1,1,0,2,1
6541,10,4,15,6,13,4,1,0,2,2,0
6542,10,6,10,2,4,0,0,1,1,2,1
6543,9,4,9,2,12,0,1,1,2,2,0
6544,4,4,15,4,12,3,1,1,0,2,0
6545,4,2,9,4,1,1,1,0,2,2,0
6546,8,6,9,2,12,0,1,1,2,2,0
6547,6,1,11,3,3,4,0,1,1,2,1
6548,3,4,9,4,13,3,1,1,1,2,0
6549,15,4,15,2,12,0,1,1,1,2,1
6550,3,0,15,4,0,2,1,0,3,2,0
6551,10,4,9,0,10,1,1,1,1,2,0
6552,9,4,2,0,7,1,1,1,2,2,0
6553,7,6,1,4,12,1,1,1,1,2,0
6554,8,4,15,0,12,4,0,0,2,2,0
6555,6,7,1,2,8,0,0,1,2,2,1
6556,6,4,15,2,14,0,1,1,2,4,0
6557,8,4,6,4,7,1,1,1,1,2,0
6558,9,4,15,2,13,0,1,1,1,2,0
6559,4,4,1,4,1,1,1,0,1,2,0
6560,6,6,3,4,5,3,1,1,2,2,0
6561,8,4,0,5,7,1,1,1,2,2,0
6562,6,4,15,0,3,1,0,1,2,0,0
6563,6,1,11,4,14,1,1,1,3,2,0
6564,8,4,9,2,4,0,1,1,2,2,0
6565,13,2,9,2,8,5,1,0,3,2,1
6566,6,4,11,4,1,3,1,0,2,2,0
6567,4,4,15,4,7,1,1,0,2,2,0
6568,9,4,12,2,12,0,1,1,2,2,1
6569,3,5,15,4,4,1,1,1,0,2,0
6570,7,4,15,4,8,3,1,0,2,2,0
6571,4,6,11,4,12,1,1,0,2,2,0
6572,7,4,0,5,3,2,0,1,1,2,0
6573,4,2,11,4,4,1,1,1,1,1,0
6574,3,4,12,4,12,3,1,1,0,2,0
6575,4,4,11,4,1,1,1,0,1,2,0
6576,10,6,5,2,14,0,1,1,2,2,0
6577,6,4,11,0,4,3,1,0,2,2,0
6578,3,4,12,4,4,3,1,0,0,2,0
6579,10,0,12,5,0,4,0,1,3,0,0
6580,8,2,11,5,3,1,1,1,2,2,0
6581,9,4,15,2,1,5,0,0,1,2,0
6582,12,6,6,2,3,0,1,1,2,2,0
6583,12,4,11,2,4,0,1,1,0,2,1
6584,8,4,1,2,14,0,1,1,2,1,1
6585,5,4,9,4,14,4,1,0,2,2,0
6586,4,4,9,4,10,1,1,0,2,2,0
6587,7,2,11,2,3,0,1,1,2,2,1
6588,8,2,11,4,1,1,1,1,3,2,0
6589,11,4,7,2,1,0,1,1,2,2,1
6590,11,4,9,2,1,0,1,1,2,2,0
6591,7,4,15,4,1,3,1,0,2,2,0
6592,7,4,15,2,13,0,1,1,1,2,0
6593,8,4,9,2,10,0,0,1,2,2,0
6594,10,4,11,2,1,0,1,1,2,2,0
6595,4,4,9,2,10,0,1,1,0,2,1
6596,13,5,12,4,10,3,1,0,2,2,0
6597,5,5,11,4,3,1,1,1,2,2,0
6598,5,4,5,2,8,0,1,1,2,2,1
6599,9,6,11,2,5,0,0,1,2,2,1
6600,8,4,6,2,6,0,1,1,2,2,0
6601,5,4,11,4,1,1,1,0,2,2,0
6602,11,4,7,2,4,0,1,1,2,2,0
6603,5,4,15,2,10,0,1,1,2,2,1
6604,5,5,9,4,4,3,1,0,2,2,0
6605,9,7,9,2,10,0,1,1,1,2,0
6606,5,4,8,2,13,0,0,1,2,2,0
6607,4,4,8,4,1,3,0,0,2,0,0
6608,9,4,7,0,10,4,1,0,2,2,0
6609,3,4,9,4,10,1,1,1,2,2,0
6610,6,4,11,4,4,3,1,0,2,2,0
6611,9,4,13,0,3,1,1,1,2,2,1
6612,7,6,9,2,10,0,1,1,2,2,1
6613,3,4,11,4,7,1,1,0,1,2,0
6614,11,4,9,2,10,0,1,1,2,2,0
6615,9,7,15,0,1,4,0,0,1,2,0
6616,9,4,15,2,1,0,1,1,2,2,0
6617,5,0,11,4,0,3,1,1,2,2,0
6618,8,4,12,2,10,5,1,0,2,2,0
6619,7,2,9,2,10,0,1,1,2,2,0
6620,7,4,7,2,10,0,1,1,2,2,1
6621,7,4,15,2,4,0,1,1,3,2,1
6622,8,6,6,5,5,3,1,1,2,2,0
6623,8,2,0,2,14,0,1,1,2,2,0
6624,3,4,1,4,8,1,1,0,1,2,0
6625,8,4,15,2,12,5,0,0,2,2,0
6626,6,2,1,2,1,5,1,0,2,2,0
6627,9,4,15,2,8,5,1,0,3,2,0
6628,9,7,11,2,11,0,0,1,2,2,0
6629,9,4,11,2,3,5,1,0,2,2,0
6630,7,4,9,2,10,0,1,1,2,2,1
6631,11,4,15,4,8,1,1,1,1,2,0
6632,8,4,15,2,12,0,1,1,2,2,1
6633,4,4,15,4,3,1,1,1,3,2,0
6634,7,4,11,4,3,1,0,1,2,2,0
6635,8,4,7,2,3,0,1,1,2,2,0
6636,5,4,15,2,14,0,1,1,2,2,0
6637,11,4,15,0,7,3,0,0,2,0,0
6638,7,4,12,2,10,0,1,1,2,2,0
6639,15,5,9,6,4,4,1,1,0,2,0
6640,9,5,9,4,10,1,1,0,2,2,0
6641,12,4,7,6,4,1,1,0,4,2,0
6642,5,4,11,2,7,0,1,1,2,2,0
6643,10,4,15,2,14,0,1,1,2,2,1
6644,5,4,15,2,5,0,0,1,2,4,0
6645,5,4,9,6,1,2,1,1,2,2,0
6646,5,4,11,6,5,1,1,1,1,2,1
6647,7,4,11,2,7,0,1,1,2,2,1
6648,11,4,0,2,6,0,1,1,2,2,0
6649,3,4,12,4,10,3,1,1,0,2,0
6650,4,4,11,4,1,1,1,0,2,2,0
6651,8,4,11,4,1,1,1,0,2,2,0
6652,6,0,11,4,0,3,1,1,0,2,0
6653,9,4,7,2,3,0,1,1,2,2,0
6654,10,4,15,2,7,0,1,1,2,2,1
6655,12,0,6,2,0,3,1,1,2,2,0
6656,7,4,11,0,8,1,1,0,2,2,0
6657,8,5,4,4,3,3,1,1,2,2,0
6658,11,2,11,2,11,3,1,1,1,2,0
6659,13,4,7,2,12,0,1,1,2,2,1
6660,7,2,9,2,10,0,1,1,2,2,1
6661,12,4,8,2,12,0,1,1,2,2,0
6662,4,4,5,4,8,1,1,0,2,2,0
6663,6,4,11,2,7,0,1,1,1,2,0
6664,4,5,15,4,4,3,1,1,1,2,0
6665,5,4,11,4,12,3,1,0,2,2,0
6666,9,4,11,0,5,1,1,1,2,2,0
6667,9,4,0,2,3,0,1,1,1,2,0
6668,8,4,11,0,1,1,1,1,1,2,0
6669,8,4,11,4,14,3,1,1,2,2,0
6670,4,4,11,4,12,3,1,0,2,2,0
6671,7,6,11,2,1,0,1,1,2,2,0
6672,4,4,1,4,14,1,1,1,2,2,0
6673,4,4,9,4,12,1,1,1,2,2,0
6674,9,4,5,4,7,3,1,0,2,2,0
6675,7,0,11,2,0,0,1,1,2,2,0
6676,6,2,12,2,13,0,1,1,2,2,0
6677,4,4,11,4,3,3,1,1,1,2,0
6678,9,0,5,2,0,5,0,0,2,2,1
6679,5,4,11,4,8,1,1,0,2,2,0
6680,14,4,8,2,1,0,1,1,2,2,1
6681,5,6,15,4,7,4,0,0,2,2,0
6682,7,0,11,2,0,0,1,1,2,2,1
6683,7,4,6,2,8,0,1,1,2,2,1
6684,10,4,11,2,8,0,1,1,2,2,0
6685,13,4,11,2,3,0,1,1,0,2,0
6686,10,4,15,2,8,0,1,1,2,2,1
6687,12,4,11,2,12,0,1,1,2,2,0
6688,5,4,15,4,8,3,1,0,1,2,0
6689,4,4,9,2,8,0,1,1,2,2,1
6690,5,4,8,4,12,4,1,0,1,2,0
6691,4,4,15,0,8,3,1,0,1,2,0
6692,3,4,9,4,4,3,1,0,1,2,0
6693,6,4,13,0,8,1,1,0,2,2,0
6694,10,4,7,2,13,0,1,1,1,2,1
6695,11,4,11,2,6,0,1,1,2,2,1
6696,9,4,11,0,3,1,0,0,2,0,0
6697,10,4,11,0,14,1,1,1,2,2,0
6698,8,2,10,2,11,0,1,1,2,2,0
6699,7,4,11,2,8,0,1,1,2,2,0
6700,8,4,11,0,12,1,1,1,2,2,0
6701,8,2,11,5,1,1,1,0,2,2,0
6702,4,4,1,4,7,4,0,1,2,2,0
6703,5,7,11,2,4,0,1,1,2,2,1
6704,4,4,8,4,13,1,1,0,2,2,0
6705,7,4,15,2,3,0,1,1,1,3,1
6706,7,6,9,2,12,0,1,1,2,2,0
6707,7,2,9,2,10,0,1,1,1,2,0
6708,4,4,11,2,8,5,0,0,1,0,0
6709,9,4,12,2,10,0,0,1,2,2,1
6710,8,4,15,4,1,1,1,0,2,2,0
6711,13,4,11,2,6,0,0,1,2,2,0
6712,11,4,9,2,12,0,1,1,2,2,1
6713,6,4,15,2,3,0,1,1,2,2,1
6714,5,4,15,3,4,4,0,0,3,2,0
6715,4,0,15,4,0,1,1,1,1,2,1
6716,7,4,9,2,10,0,1,1,2,2,1
6717,7,4,9,0,12,1,0,0,2,2,0
6718,7,5,8,3,4,1,1,1,2,2,0
6719,5,2,11,4,1,1,1,0,2,2,0
6720,7,4,11,4,7,3,1,0,2,2,0
6721,11,5,11,2,4,0,1,1,2,2,1
6722,4,0,11,4,0,3,1,0,2,2,0
6723,13,4,15,2,12,5,1,0,1,2,1
6724,8,7,12,2,4,0,1,1,2,2,0
6725,14,6,11,6,12,4,1,0,1,2,0
6726,12,4,11,2,14,0,1,1,0,2,1
6727,6,4,1,4,3,3,0,1,2,0,0
6728,8,4,11,4,8,3,0,1,2,2,0
6729,5,2,11,4,11,3,1,1,2,2,0
6730,11,4,15,2,8,0,1,1,2,2,1
6731,6,6,15,2,14,0,1,1,2,2,0
6732,6,4,8,2,4,0,1,1,2,2,1
6733,5,6,15,4,14,3,0,1,2,2,0
6734,9,6,11,2,3,0,1,1,2,2,1
6735,8,4,12,4,4,3,1,1,2,2,0
6736,8,4,15,4,3,1,1,1,2,2,0
6737,5,4,9,4,6,3,0,1,2,2,0
6738,6,4,11,4,1,1,1,1,3,2,0
6739,8,2,8,2,4,0,1,1,2,2,1
6740,8,4,13,2,12,0,1,1,2,2,0
6741,9,4,0,6,7,3,1,0,2,2,0
6742,7,2,8,2,3,0,1,1,2,2,1
6743,13,4,12,6,4,4,0,0,2,0,0
6744,7,4,15,2,1,0,1,1,2,2,0
6745,6,4,11,0,12,4,0,0,2,2,0
6746,4,4,11,0,8,4,1,0,1,2,0
6747,6,4,15,2,1,3,0,0,2,2,0
6748,6,4,7,2,8,0,1,1,2,2,1
6749,7,6,11,2,12,0,1,1,2,2,1
6750,6,7,11,2,1,0,1,1,2,2,0
6751,12,4,11,2,3,0,1,1,1,0,1
6752,7,2,9,2,10,0,1,1,2,2,1
6753,8,4,11,2,3,0,1,1,2,2,1
6754,8,4,9,2,4,0,1,1,2,2,0
6755,9,4,15,2,3,0,1,1,2,2,0
6756,9,6,7,3,3,1,1,1,2,2,1
6757,10,4,11,6,14,1,1,0,1,2,0
6758,9,5,9,2,10,0,1,1,2,2,0
6759,6,4,9,2,14,0,1,1,2,2,0
6760,8,4,2,2,1,0,1,1,2,2,1
6761,4,4,15,4,8,1,1,0,1,2,1
6762,7,4,11,2,8,0,1,1,2,2,0
6763,10,4,0,0,8,4,1,0,3,2,0
6764,7,4,9,2,10,0,1,1,2,2,1
6765,5,4,5,4,7,3,1,1,1,2,0
6766,9,4,1,2,8,0,0,1,2,2,1
6767,9,2,12,0,10,1,1,0,0,2,0
6768,7,4,11,2,3,0,1,1,1,2,0
6769,6,6,5,2,4,0,1,1,2,2,1
6770,5,4,15,2,8,0,0,1,1,4,0
6771,8,4,15,2,12,0,1,1,1,2,1
6772,5,4,11,4,12,3,1,0,2,2,0
6773,9,4,11,2,1,3,0,0,2,2,0
6774,8,4,11,0,8,1,1,0,3,2,0
6775,8,4,11,0,3,1,1,1,2,2,0
6776,7,4,11,0,12,1,1,0,2,2,0
6777,9,7,9,0,4,1,1,0,2,2,0
6778,9,6,2,0,3,4,0,1,2,0,0
6779,14,4,15,2,4,0,1,1,0,2,1
6780,16,4,15,2,13,0,1,1,1,2,0
6781,4,5,9,4,10,4,1,0,1,2,0
6782,4,4,15,4,13,1,1,1,2,2,1
6783,5,4,15,2,7,0,1,1,2,2,1
6784,4,6,15,4,8,1,1,1,2,2,0
6785,7,4,11,2,14,0,1,1,2,2,1
6786,5,6,11,4,3,3,1,1,0,2,0
6787,7,4,11,2,11,0,1,1,2,2,1
6788,7,4,11,2,7,0,1,1,1,2,1
6789,10,0,0,5,0,4,1,0,2,2,1
6790,6,4,9,4,1,4,0,0,2,2,0
6791,11,4,11,6,12,1,1,0,2,2,0
6792,11,4,1,2,3,0,1,1,2,2,1
6793,5,4,11,2,7,0,1,1,2,2,1
6794,11,6,15,2,8,0,1,1,2,2,1
6795,5,4,11,4,7,4,1,0,1,2,0
6796,6,4,15,2,4,0,1,1,2,2,0
6797,7,4,9,0,10,1,1,0,1,2,1
6798,6,4,9,2,1,0,1,1,1,2,0
6799,10,4,11,2,4,0,0,1,1,2,1
6800,4,4,11,4,1,2,0,1,2,0,0
6801,6,4,11,4,6,4,0,0,2,4,0
6802,6,4,15,2,8,0,1,1,2,4,1
6803,7,4,9,2,12,0,1,1,3,2,0
6804,8,4,0,0,8,4,0,0,1,0,0
6805,9,6,15,6,10,1,1,1,2,2,0
6806,7,4,11,2,12,5,1,0,1,2,1
6807,4,4,15,4,8,3,1,0,2,2,0
6808,6,4,15,2,1,0,1,1,1,2,0
6809,4,4,11,4,8,4,1,0,2,2,0
6810,10,4,8,2,13,0,1,1,2,2,1
6811,7,4,15,2,3,0,1,1,2,2,0
6812,6,4,15,0,3,3,1,1,2,2,0
6813,6,4,8,2,4,0,0,1,2,2,0
6814,10,4,9,2,12,0,1,1,2,2,1
6815,8,4,11,2,3,5,1,0,2,2,1
6816,11,4,5,2,14,0,0,1,1,0,0
6817,3,4,11,4,8,1,1,0,0,2,0
6818,4,4,11,2,7,0,1,1,2,2,0
6819,10,4,11,2,7,0,1,1,2,2,0
6820,12,4,15,2,8,0,0,1,2,2,0
6821,4,2,11,4,1,1,0,0,2,0,1
6822,12,4,15,6,8,4,1,0,1,2,0
6823,6,1,9,0,4,4,1,1,1,2,0
6824,13,7,15,0,1,1,1,0,2,2,0
6825,11,4,15,2,1,5,1,0,2,2,0
6826,7,5,8,4,4,4,0,1,3,0,0
6827,6,4,8,4,3,3,1,1,0,2,0
6828,12,4,8,6,1,1,1,0,3,4,0
6829,7,7,1,4,10,1,0,1,2,2,0
6830,15,4,0,2,3,0,0,1,1,2,0
6831,8,6,11,2,3,0,0,1,2,2,0
6832,10,4,9,6,13,4,1,0,2,2,0
6833,6,1,11,4,12,3,0,1,2,2,0
6834,8,4,11,2,7,0,1,1,2,2,1
6835,6,4,9,4,3,1,1,1,2,2,0
6836,9,4,9,4,3,3,1,1,2,2,0
6837,6,6,14,4,10,1,1,0,2,2,0
6838,12,2,9,2,10,2,0,0,2,0,0
6839,6,4,1,4,9,3,1,0,2,2,0
6840,7,4,9,0,10,1,1,1,2,2,0
6841,6,6,9,4,10,3,1,0,2,2,0
6842,7,4,14,4,1,2,1,0,1,2,0
6843,11,2,15,2,14,0,0,1,2,2,1
6844,9,2,15,2,10,0,1,1,2,2,1
6845,7,4,11,2,1,5,0,0,1,2,1
6846,3,7,11,4,1,1,1,0,1,2,0
6847,7,4,11,2,14,0,1,1,2,2,1
6848,3,4,9,4,4,3,1,1,1,2,0
6849,14,4,1,2,10,0,1,1,1,2,0
6850,5,4,15,5,13,4,1,0,2,2,0
6851,8,4,15,2,11,0,1,1,2,2,1
6852,6,4,15,4,14,3,0,1,2,0,0
6853,8,4,11,0,1,1,1,1,2,2,0
6854,3,4,15,4,4,1,1,0,1,2,0
6855,5,2,11,2,3,0,1,1,2,2,0
6856,7,4,2,0,8,1,1,0,1,2,0
6857,7,7,15,4,1,2,0,0,2,4,0
6858,8,4,9,2,8,0,1,1,3,2,0
6859,6,4,15,4,1,1,1,1,2,2,0
6860,12,4,11,2,7,0,1,1,2,2,1
6861,9,4,11,2,3,0,1,1,3,2,0
6862,6,2,15,2,4,0,1,1,2,2,1
6863,7,4,15,2,3,0,1,1,3,1,0
6864,5,4,8,2,6,0,1,1,3,2,1
6865,4,4,11,4,3,3,1,1,2,2,0
6866,7,4,11,4,7,2,1,1,3,2,0
6867,10,4,11,0,12,1,1,1,1,2,0
6868,5,4,11,2,8,5,1,0,2,2,0
6869,7,4,1,5,12,3,1,0,4,2,0
6870,10,4,11,2,7,5,1,0,2,2,1
6871,8,4,11,2,7,0,1,1,2,2,0
6872,9,6,11,2,8,0,1,1,3,2,0
6873,7,4,11,2,14,0,1,1,2,2,1
6874,8,4,9,4,4,4,0,0,1,0,0
6875,14,6,7,4,3,3,0,1,2,2,0
6876,4,4,15,4,12,3,1,0,2,2,0
6877,5,4,9,5,10,1,1,1,2,2,1
6878,4,1,15,2,10,5,1,0,2,2,1
6879,6,4,9,4,12,1,1,0,2,2,0
6880,6,4,11,0,9,4,0,0,2,2,0
6881,11,4,11,0,1,4,1,0,1,2,0
6882,6,4,11,4,13,1,1,0,1,2,0
6883,9,4,0,2,7,0,1,1,2,2,0
6884,9,4,15,2,8,0,1,1,2,2,0
6885,3,2,15,4,4,1,1,1,0,2,0
6886,7,4,15,4,8,3,0,0,1,2,0
6887,5,4,9,4,1,3,1,0,2,2,0
6888,9,4,9,0,8,4,1,0,2,2,1
6889,7,6,8,2,10,0,1,1,2,2,1
6890,13,4,11,2,7,0,0,1,2,2,0
6891,7,5,10,2,4,0,0,1,2,2,1
6892,6,4,15,4,12,1,1,0,2,2,0
6893,9,4,15,2,12,0,1,1,2,2,0
6894,6,4,11,2,14,0,1,1,2,2,1
6895,9,4,7,6,7,4,1,0,1,2,0
6896,12,4,15,2,13,5,1,0,2,2,0
6897,7,4,11,2,4,5,1,0,1,2,1
6898,7,2,2,2,8,0,1,1,2,2,1
6899,9,4,9,2,1,0,1,1,2,2,0
6900,6,4,15,2,12,0,1,1,2,2,0
6901,6,4,3,0,6,1,1,0,2,2,0
6902,11,4,2,2,8,0,1,1,1,2,0
6903,6,6,9,2,5,0,1,1,2,2,0
6904,3,2,15,4,14,4,1,1,1,2,0
6905,10,2,12,2,4,0,1,1,2,2,0
6906,13,4,1,6,8,4,1,0,1,2,0
6907,9,4,15,2,1,5,1,0,2,2,1
6908,5,4,15,0,13,4,0,0,2,4,0
6909,8,4,9,4,12,3,1,0,1,2,0
6910,7,0,1,2,0,0,1,1,2,2,0
6911,4,1,15,4,1,4,0,1,1,2,0
6912,8,4,15,2,12,0,1,1,2,2,1
6913,12,1,10,6,10,4,1,0,2,2,0
6914,4,4,12,4,4,1,0,0,2,2,0
6915,10,7,9,6,10,1,1,0,2,2,0
6916,4,6,12,4,10,3,1,0,1,2,0
6917,6,4,11,2,7,0,1,1,1,2,0
6918,6,4,9,2,4,0,0,1,2,2,1
6919,6,6,9,2,1,5,1,0,2,2,0
6920,4,5,15,4,5,1,1,1,1,2,0
6921,9,4,11,0,1,4,0,0,2,0,0
6922,14,4,9,6,10,4,1,0,3,2,0
6923,3,4,1,4,8,3,1,0,1,2,0
6924,15,4,11,4,5,3,1,1,0,2,0
6925,8,4,12,3,10,1,1,1,2,2,0
6926,8,7,8,5,1,1,1,0,2,2,0
6927,7,6,11,6,14,1,1,1,2,2,0
6928,4,4,15,4,13,2,1,0,2,2,0
6929,6,4,15,2,5,0,1,1,2,2,1
6930,6,4,11,2,3,0,1,1,2,2,0
6931,10,6,6,2,5,0,1,1,2,2,1
6932,5,6,15,4,1,3,1,0,2,2,0
6933,11,4,15,0,8,1,1,0,2,2,0
6934,5,4,11,2,3,0,1,1,2,2,0
6935,9,4,11,3,8,1,1,0,1,2,0
6936,12,0,3,2,0,0,1,1,3,2,0
6937,6,1,9,4,10,4,0,0,2,2,0
6938,4,1,11,4,1,3,1,0,2,2,0
6939,7,4,7,4,12,4,1,0,2,2,0
6940,7,4,11,4,8,1,0,0,1,0,0
6941,5,4,14,2,10,0,1,1,2,2,0
6942,7,4,5,4,3,1,1,1,2,2,0
6943,8,4,9,2,1,0,1,1,2,2,0
6944,10,7,15,2,4,0,1,1,2,2,1
6945,8,2,15,2,10,5,1,0,1,2,0
6946,11,4,11,2,13,0,1,1,1,2,1
6947,4,6,9,2,5,0,1,1,2,2,0
6948,6,4,7,2,4,0,1,1,2,2,0
6949,6,4,9,0,10,1,1,0,2,2,0
6950,5,4,9,4,4,1,1,0,2,2,0
6951,12,4,11,6,1,1,1,0,2,2,0
6952,7,4,12,2,10,0,1,1,2,2,1
6953,9,4,15,2,8,0,1,1,2,2,1
6954,12,0,1,2,0,0,1,1,2,2,1
6955,9,1,11,0,10,1,1,0,2,2,0
6956,7,4,12,0,4,1,1,0,2,2,0
6957,8,0,15,2,0,5,0,0,2,2,1
6958,8,4,11,2,12,0,1,1,2,4,0
6959,7,4,7,0,6,1,0,1,2,2,0
6960,12,4,11,2,1,0,1,1,2,2,0
6961,5,4,11,4,12,1,1,0,2,2,0
6962,5,6,11,4,14,1,1,1,2,2,1
6963,3,4,11,4,1,3,1,0,1,2,0
6964,5,4,9,4,6,3,1,1,2,2,0
6965,11,4,15,2,1,0,1,1,1,2,1
6966,13,4,9,2,4,0,1,1,2,2,0
6967,8,4,11,4,12,3,1,0,2,2,0
6968,4,4,11,4,3,3,1,1,1,2,0
6969,6,4,9,2,4,0,1,1,1,2,0
6970,3,4,9,4,14,1,1,0,1,2,0
6971,10,4,11,4,8,1,1,0,2,2,0
6972,13,1,15,2,3,0,1,1,2,2,1
6973,8,4,11,4,4,3,0,1,2,2,0
6974,3,4,8,4,7,3,0,1,1,2,0
6975,6,4,1,2,6,0,1,1,1,2,0
6976,4,4,14,4,10,1,1,0,1,2,0
6977,9,4,11,4,3,3,1,1,1,2,0
6978,13,2,11,5,14,1,1,1,1,2,1
6979,4,4,10,4,10,1,1,0,2,2,0
6980,8,1,8,0,1,1,1,1,2,2,0
6981,10,4,11,2,12,0,1,1,0,2,1
6982,4,4,15,4,3,1,1,1,0,2,0
6983,5,4,9,2,4,0,1,1,1,2,0
6984,11,4,11,2,14,0,1,1,3,2,0
6985,9,6,9,5,12,1,1,1,2,2,0
6986,9,4,4,2,6,0,1,1,0,2,1
6987,9,5,9,0,12,4,1,0,1,2,0
6988,4,4,11,4,8,1,1,1,2,2,0
6989,13,4,15,6,7,1,1,0,1,2,0
6990,6,4,11,2,3,0,1,1,2,2,1
6991,5,4,11,0,10,1,1,0,2,2,0
6992,11,4,9,0,4,1,1,1,3,2,0
6993,6,4,15,2,11,0,1,1,2,2,1
6994,4,2,7,4,11,1,1,1,1,2,0
6995,4,2,9,4,10,1,1,1,2,2,0
6996,3,6,11,4,3,1,1,1,1,2,0
6997,4,4,15,4,12,4,1,0,1,2,0
6998,7,4,11,2,3,0,1,1,2,2,0
6999,11,5,11,2,5,0,1,1,2,2,0
7000,3,2,9,4,10,1,1,1,1,2,1
7001,4,4,11,2,8,0,1,1,1,2,0
7002,5,4,11,4,5,1,1,0,2,2,0
7003,8,4,15,0,4,4,1,0,2,2,0
7004,6,4,12,2,10,0,0,1,2,2,0
7005,8,4,12,2,12,0,1,1,2,2,1
7006,10,4,0,2,3,0,1,1,1,2,0
7007,5,4,11,4,3,1,1,1,2,2,0
7008,8,2,11,0,5,3,0,1,2,2,0
7009,5,4,11,4,14,3,1,1,2,2,0
7010,3,4,12,4,4,3,1,0,0,2,1
7011,3,2,12,4,10,1,1,0,2,2,0
7012,13,4,11,6,3,1,1,1,0,2,0
7013,3,4,11,6,14,1,1,1,0,2,0
7014,6,4,15,2,3,0,1,1,2,2,0
7015,3,6,11,4,14,3,0,1,1,2,0
7016,12,4,11,6,1,1,1,0,1,2,0
7017,3,6,5,4,5,1,1,1,0,2,0
7018,6,4,0,2,3,0,1,1,2,2,1
7019,5,0,6,0,0,1,1,1,2,2,0
7020,5,4,15,0,14,1,1,1,2,2,0
7021,6,4,11,4,7,4,0,0,2,2,0
7022,6,2,9,2,1,5,1,0,2,2,0
7023,7,4,7,0,10,1,1,0,2,2,0
7024,4,4,15,4,12,2,0,0,1,2,0
7025,4,4,9,4,10,3,1,0,0,2,0
7026,12,4,15,2,4,3,1,0,2,2,0
7027,7,4,11,0,8,1,0,0,2,2,0
7028,6,4,4,4,6,3,1,0,2,2,0
7029,6,4,1,4,12,3,1,1,2,2,0
7030,6,0,15,2,0,0,1,1,2,2,1
7031,7,4,11,2,4,0,0,1,3,2,1
7032,7,5,15,0,12,1,0,0,2,2,0
7033,9,4,2,2,3,0,0,1,2,2,0
7034,3,4,11,4,6,1,1,1,0,2,0
7035,8,4,15,0,1,3,1,0,2,2,0
7036,3,4,12,4,10,1,1,0,1,4,0
7037,6,4,11,5,1,4,1,0,2,2,0
7038,9,4,11,2,8,0,1,1,2,2,0
7039,5,2,15,4,11,1,1,1,3,2,0
7040,9,4,11,2,3,0,1,1,2,2,1
7041,6,4,11,0,7,4,1,1,2,1,0
7042,8,4,11,2,14,0,1,1,2,2,1
7043,4,4,11,4,1,1,1,0,2,2,0
7044,4,6,11,4,5,1,1,1,2,2,0
7045,7,1,12,4,10,1,1,1,3,2,0
7046,4,7,15,4,8,4,1,0,0,2,0
7047,8,4,11,2,8,0,1,1,2,2,0
7048,15,2,12,2,10,0,1,1,0,2,0
7049,4,4,15,4,10,1,1,1,1,2,1
7050,4,4,12,4,4,3,1,0,1,2,0
7051,9,4,15,2,13,0,1,1,2,2,1
7052,4,4,11,4,8,1,1,0,2,2,0
7053,5,2,9,4,1,3,1,1,1,2,0
7054,3,5,15,4,1,4,0,0,0,2,0
7055,5,4,11,4,14,1,1,1,2,2,1
7056,7,2,9,0,10,3,1,1,1,2,0
7057,8,4,12,4,10,3,1,0,2,2,0
7058,3,7,9,4,11,1,1,1,2,2,0
7059,10,4,11,0,1,1,1,0,3,2,0
7060,7,4,9,2,10,0,1,1,2,2,1
7061,11,4,11,0,7,3,1,1,3,2,0
7062,7,4,15,2,3,0,1,1,2,2,1
7063,9,4,9,2,12,0,1,1,2,2,1
7064,10,7,11,2,1,5,1,0,2,2,1
7065,8,4,5,4,3,1,1,1,4,2,0
7066,6,4,11,2,3,0,1,1,2,2,1
7067,8,7,11,5,8,1,1,0,2,2,0
7068,8,4,8,0,1,4,1,0,2,4,0
7069,5,4,11,2,14,0,0,1,2,4,0
7070,4,4,12,4,4,1,1,1,2,2,1
7071,6,4,15,2,10,0,1,1,2,2,1
7072,6,4,11,4,3,3,0,1,2,3,0
7073,4,4,7,4,1,3,0,1,2,0,0
7074,5,4,11,4,4,1,1,0,2,2,0
7075,10,1,9,3,1,4,1,0,2,2,0
7076,10,4,11,2,3,0,1,1,2,2,0
7077,5,4,15,2,12,0,1,1,1,2,0
7078,9,4,11,2,8,0,1,1,2,2,0
7079,10,4,11,5,1,4,1,0,2,2,0
7080,7,4,7,2,11,0,1,1,2,2,1
7081,13,4,9,2,4,0,1,1,2,2,0
7082,6,4,1,2,14,0,1,1,2,4,1
7083,5,4,7,4,1,4,0,0,2,2,1
7084,8,4,11,5,10,1,1,0,2,2,1
7085,12,4,11,6,8,4,0,0,2,2,0
7086,9,6,11,2,12,0,1,1,2,2,1
7087,13,4,15,6,12,4,0,0,1,0,0
7088,3,4,11,0,12,1,1,1,2,2,0
7089,4,4,15,4,1,1,1,0,2,2,0
7090,6,4,11,5,1,4,0,0,2,2,0
7091,10,0,11,0,0,1,1,0,2,2,1
7092,8,4,14,2,10,0,0,1,2,0,1
7093,7,4,11,0,14,1,1,1,2,2,0
7094,9,4,15,0,8,1,1,0,2,2,0
7095,14,5,8,2,10,0,1,1,0,2,0
7096,8,4,11,2,3,0,1,1,2,2,0
7097,8,4,1,2,8,0,1,1,2,2,0
7098,8,4,11,2,5,0,1,1,3,2,1
7099,6,4,11,0,8,1,1,1,2,2,0
7100,6,2,8,3,4,1,1,1,2,2,0
7101,11,4,9,0,3,4,1,1,2,2,0
7102,13,2,1,0,8,4,0,0,2,2,0
7103,4,4,11,4,5,3,1,1,2,2,0
7104,5,4,1,2,12,5,1,0,2,2,1
7105,7,4,11,4,1,4,1,0,2,2,0
7106,8,4,11,2,7,0,1,1,2,2,0
7107,11,4,9,2,12,0,1,1,2,2,0
7108,5,4,7,0,10,1,1,1,1,2,0
7109,7,4,11,0,6,1,1,1,2,2,0
7110,6,1,11,4,1,3,1,0,2,2,0
7111,5,4,11,2,12,0,1,1,1,2,1
7112,3,4,11,4,14,1,1,1,1,2,0
7113,9,4,15,0,12,1,1,1,3,2,1
7114,4,4,12,4,10,1,1,0,1,2,1
7115,5,4,9,4,12,1,1,0,1,2,0
7116,4,4,9,4,1,1,1,0,2,2,0
7117,9,4,0,2,3,0,1,1,2,2,1
7118,11,4,11,2,3,0,1,1,3,2,1
7119,9,4,11,2,1,0,1,1,2,2,1
7120,12,6,9,2,10,0,1,1,2,2,0
7121,8,4,1,0,3,1,1,1,3,2,0
7122,3,4,11,4,4,1,1,0,1,2,1
7123,9,4,12,4,1,1,1,0,3,2,0
7124,10,4,15,0,8,1,1,0,2,2,0
7125,5,0,15,4,0,3,1,0,2,2,0
7126,7,4,15,2,1,5,1,0,3,2,0
7127,7,4,9,2,1,0,0,1,2,2,1
7128,7,4,11,2,5,0,1,1,2,2,0
7129,4,0,12,4,0,3,1,0,1,2,0
7130,5,6,11,2,12,0,1,1,2,1,0
7131,10,4,8,4,6,3,1,1,2,2,0
7132,6,4,15,2,8,0,0,1,2,2,0
7133,3,4,5,4,7,1,1,1,0,2,0
7134,5,2,6,2,3,0,1,1,2,2,1
7135,6,4,11,0,1,4,1,0,2,2,0
7136,3,7,12,4,11,1,1,1,1,2,0
7137,5,4,12,4,4,1,1,1,2,2,0
7138,7,4,0,0,12,1,0,0,2,2,0
7139,9,0,5,0,14,1,1,1,2,2,0
7140,8,6,1,4,3,1,1,1,2,2,0
7141,5,4,15,2,8,0,1,1,2,2,0
7142,11,1,15,2,3,0,1,1,2,2,0
7143,7,4,12,2,10,0,1,1,2,2,0
7144,6,4,2,2,8,5,1,0,2,2,0
7145,5,1,11,2,5,0,1,1,2,2,0
7146,5,4,8,0,8,1,0,0,1,2,1
7147,7,4,11,2,3,0,1,1,2,2,1
7148,5,5,9,2,12,0,1,1,2,2,0
7149,10,4,0,2,3,0,0,1,2,2,0
7150,7,4,15,2,8,0,1,1,1,4,0
7151,8,1,11,0,14,1,0,1,2,2,1
7152,12,4,11,0,8,4,1,0,2,2,0
7153,5,4,11,4,3,3,1,1,2,2,0
7154,6,4,1,2,7,0,1,1,2,2,0
7155,5,4,15,4,1,1,1,1,2,2,0
7156,8,4,15,0,3,1,1,1,2,1,0
7157,5,4,9,2,3,0,1,1,2,2,1
7158,8,4,9,2,7,0,1,1,2,2,0
7159,9,2,11,2,6,0,1,1,2,2,0
7160,7,4,8,2,3,0,1,1,2,2,1
7161,6,4,9,2,13,0,1,1,2,2,1
7162,12,4,11,2,3,0,1,1,2,2,1
7163,6,4,15,2,13,0,1,1,2,2,0
7164,5,4,11,4,4,2,1,1,2,2,0
7165,14,2,8,2,4,0,1,1,1,2,0
7166,7,4,15,2,12,0,1,1,2,2,0
7167,10,4,9,0,13,1,1,0,3,2,0
7168,3,4,11,4,8,1,1,0,1,2,0
7169,4,4,11,4,8,1,1,0,1,2,0
7170,4,4,15,4,14,3,1,1,2,2,0
7171,12,4,15,4,1,1,1,0,2,2,0
7172,5,4,14,0,12,4,1,0,2,2,0
7173,12,4,11,2,14,0,1,1,2,2,1
7174,7,7,4,2,11,0,1,1,2,2,0
7175,11,4,11,2,12,5,1,0,1,2,1
7176,10,4,10,6,10,4,1,1,2,2,0
7177,13,4,7,0,1,1,1,0,0,2,0
7178,6,4,9,4,1,1,1,0,2,2,0
7179,4,2,11,4,8,1,1,0,2,2,0
7180,6,4,15,2,3,0,1,1,2,2,0
7181,6,4,9,2,10,0,1,1,2,2,0
7182,4,4,11,4,8,1,1,0,2,2,0
7183,12,4,7,4,1,1,1,0,2,2,0
7184,4,4,9,2,10,0,1,1,1,2,1
7185,9,4,11,2,4,0,1,1,2,2,0
7186,7,5,10,0,10,1,1,1,2,2,0
7187,11,4,11,2,14,0,1,1,2,2,1
7188,7,4,1,2,12,5,0,0,2,4,0
7189,8,6,11,2,3,0,1,1,2,2,1
7190,5,4,15,4,1,4,1,1,2,2,0
7191,3,5,11,4,3,3,1,1,1,2,0
7192,5,4,11,0,12,3,1,1,2,2,0
7193,12,5,11,2,12,0,1,1,2,2,1
7194,6,4,11,4,7,3,0,0,2,0,0
7195,10,2,11,4,1,3,1,0,2,2,0
7196,9,4,7,2,1,0,1,1,3,2,0
7197,9,4,11,2,14,0,1,1,2,2,1
7198,6,4,11,2,1,0,1,1,4,2,1
7199,5,2,11,4,1,2,1,0,2,2,0
7200,6,4,15,2,13,0,1,1,2,2,1
7201,10,2,9,2,1,0,0,1,2,2,1
7202,5,0,11,4,0,2,1,0,2,2,0
7203,4,4,12,4,10,1,1,1,1,3,0
7204,9,4,9,2,10,0,0,1,2,2,0
7205,12,4,11,6,3,1,1,1,2,2,1
7206,9,4,0,0,14,1,1,1,2,2,0
7207,8,4,11,2,14,0,1,1,2,2,0
7208,7,4,2,2,6,0,1,1,1,2,1
7209,7,4,15,5,12,4,0,0,2,2,0
7210,8,7,9,2,4,0,1,1,2,2,1
7211,9,4,4,0,5,1,1,1,1,2,1
7212,4,4,2,4,13,4,1,0,2,2,0
7213,7,4,8,2,12,0,1,1,0,2,1
7214,3,2,8,4,11,1,1,1,1,2,0
7215,5,2,14,4,10,2,1,1,1,2,0
7216,11,4,11,2,3,0,1,1,2,2,0
7217,6,4,12,4,12,1,1,0,2,2,0
7218,12,4,15,2,7,0,1,1,3,2,1
7219,9,4,11,4,9,3,1,0,2,2,0
7220,7,4,11,2,8,0,1,1,2,2,1
7221,4,2,11,2,6,0,1,1,2,2,0
7222,7,0,9,5,0,2,1,0,1,2,0
7223,7,4,15,4,12,1,1,0,2,2,0
7224,8,6,9,0,12,4,0,0,2,0,0
7225,7,4,5,4,1,4,1,0,2,2,0
7226,6,4,6,4,3,1,1,1,2,2,0
7227,7,4,9,2,11,0,1,1,2,2,1
7228,9,4,11,2,12,3,1,0,2,2,0
7229,6,4,15,4,3,1,1,1,2,2,0
7230,8,4,4,2,7,0,1,1,2,2,0
7231,9,4,12,2,10,0,1,1,2,2,1
7232,6,4,9,4,1,1,1,1,3,2,0
7233,5,4,9,4,12,3,1,0,2,2,0
7234,4,5,9,4,4,1,1,1,1,2,0
7235,3,4,15,4,13,4,1,0,0,2,1
7236,8,2,11,5,4,4,1,0,2,2,0
7237,4,4,15,4,3,1,1,1,1,2,0
7238,6,4,1,4,3,3,1,1,1,2,0
7239,9,6,12,2,10,0,1,1,1,2,0
7240,5,4,9,4,13,1,1,1,2,2,0
7241,10,4,11,2,14,0,1,1,2,2,1
7242,6,4,11,2,4,0,1,1,2,2,0
7243,8,4,11,4,13,3,1,0,2,2,0
7244,9,4,1,2,14,0,1,1,2,2,0
7245,5,4,12,4,13,4,1,0,2,2,0
7246,8,5,15,2,4,0,1,1,2,2,0
7247,4,4,8,4,4,1,1,1,1,2,0
7248,5,4,9,4,13,3,1,0,2,2,0
7249,5,4,11,4,7,4,1,0,2,2,0
7250,7,4,9,0,10,1,1,1,1,2,0
7251,14,4,7,2,1,0,0,1,0,2,0
7252,9,4,11,0,8,1,1,1,2,2,0
7253,4,4,11,4,6,3,0,1,2,2,0
7254,5,4,11,0,9,1,1,0,2,2,0
7255,10,4,11,2,14,0,0,1,2,2,1
7256,5,4,9,4,4,3,0,1,2,2,0
7257,10,4,6,2,8,0,1,1,2,2,0
7258,9,2,11,4,4,3,1,1,2,2,0
7259,5,1,11,4,13,1,1,0,2,2,0
7260,3,4,15,4,1,3,1,1,0,2,0
7261,6,4,11,0,13,4,1,1,2,2,0
7262,3,4,11,4,12,1,1,0,1,1,0
7263,8,2,9,4,10,4,0,1,2,2,0
7264,6,5,15,2,12,0,1,1,2,2,1
7265,5,6,12,2,10,0,1,1,2,2,1
7266,7,7,11,2,7,0,1,1,2,2,1
7267,6,4,11,2,8,0,1,1,1,2,0
7268,6,6,11,2,5,0,1,1,2,2,0
7269,9,4,15,2,12,0,1,1,2,2,1
7270,7,7,15,4,3,4,1,1,3,2,0
7271,10,4,9,2,10,0,1,1,2,2,1
7272,12,4,6,2,3,0,1,1,2,2,1
7273,5,1,15,2,11,0,1,1,2,2,0
7274,6,4,15,2,8,5,0,0,2,2,0
7275,10,7,8,2,4,0,0,1,2,2,0
7276,6,4,11,2,10,0,1,1,2,2,0
7277,4,4,15,4,12,3,0,1,0,2,0
7278,4,1,10,4,10,3,1,1,0,2,0
7279,11,2,5,2,3,0,1,1,1,2,0
7280,4,4,1,4,12,3,1,0,1,2,0
7281,8,4,11,0,4,1,1,0,2,2,0
7282,7,5,15,2,4,5,1,0,1,2,0
7283,11,4,7,2,12,0,1,1,2,2,1
7284,15,6,11,0,14,1,1,1,0,2,1
7285,4,4,15,4,12,4,1,0,2,2,0
7286,7,4,4,2,7,0,1,1,2,2,0
7287,5,4,11,2,3,0,1,1,2,2,0
7288,7,4,15,4,4,1,1,0,2,2,0
7289,6,4,9,2,10,2,0,1,3,2,0
7290,3,4,0,4,7,3,0,1,1,2,0
7291,9,0,11,0,0,1,0,0,2,2,0
7292,8,4,11,2,7,0,1,1,2,2,0
7293,10,0,6,2,0,5,0,0,2,2,1
7294,8,4,11,0,12,1,1,1,2,2,1
7295,12,5,15,0,4,1,1,0,2,2,0
7296,8,5,11,2,5,0,1,1,2,2,0
7297,13,4,15,6,1,1,0,0,2,0,0
7298,5,4,1,0,8,4,1,0,2,2,0
7299,8,0,15,4,0,4,1,0,3,2,0
7300,13,1,15,4,1,1,1,0,2,2,0
7301,9,2,9,2,10,0,1,1,1,2,1
7302,9,4,15,2,1,0,0,1,2,2,0
7303,12,4,7,4,12,1,0,0,2,2,0
7304,13,4,11,2,14,0,1,1,2,1,1
7305,3,7,12,4,1,3,1,0,1,2,0
7306,5,7,11,4,1,3,0,0,1,2,0
7307,8,0,11,0,0,1,1,1,2,2,0
7308,12,7,11,2,14,0,1,1,3,2,0
7309,9,7,12,4,10,3,1,0,2,2,0
7310,6,2,14,2,10,0,1,1,2,2,1
7311,8,4,11,2,14,0,1,1,2,2,0
7312,4,4,15,2,3,0,1,1,1,2,0
7313,12,4,11,2,1,5,0,0,3,2,1
7314,7,5,11,0,9,1,1,0,2,2,0
7315,11,6,15,2,3,0,1,1,1,2,1
7316,11,4,11,6,8,1,1,0,2,2,0
7317,5,4,9,0,10,1,1,0,2,2,0
7318,4,4,9,4,8,1,1,0,2,2,0
7319,3,2,15,4,1,1,1,0,2,2,0
7320,3,5,15,4,4,3,0,1,1,2,0
7321,7,4,11,2,3,0,0,1,2,0,0
7322,10,4,9,2,1,0,1,1,2,2,1
7323,7,4,12,4,4,1,1,1,2,2,0
7324,11,4,4,6,7,1,0,1,2,2,0
7325,7,6,12,4,10,1,1,1,2,2,0
7326,9,4,15,2,4,0,1,1,2,2,1
7327,15,7,15,4,4,1,1,1,1,2,0
7328,6,4,9,4,10,1,1,1,3,2,0
7329,4,4,11,4,8,1,1,0,1,2,0
7330,7,6,9,0,12,1,1,1,2,2,0
7331,4,4,2,4,14,2,1,1,2,2,0
7332,6,4,15,6,4,1,1,1,2,2,1
7333,7,0,9,4,0,1,1,0,2,2,0
7334,7,4,11,2,8,5,1,0,2,2,0
7335,5,4,9,4,12,3,1,0,2,2,0
7336,6,2,15,2,11,0,1,1,2,2,0
7337,9,4,11,2,12,0,1,1,2,2,1
7338,7,4,9,2,10,0,0,1,2,2,0
7339,10,4,11,2,1,0,1,1,2,2,1
7340,8,4,11,4,4,1,1,0,2,2,0
7341,7,4,12,2,10,0,1,1,3,2,1
7342,11,0,11,2,0,0,1,1,2,2,0
7343,9,4,9,2,4,0,1,1,2,2,0
7344,9,4,15,0,3,1,1,1,2,2,0
7345,4,6,11,4,8,3,1,1,2,2,0
7346,10,4,14,2,10,0,1,1,2,2,0
7347,11,4,12,6,12,1,1,0,1,2,0
7348,6,0,11,2,0,5,1,0,2,2,1
7349,7,4,11,2,3,0,1,1,2,2,1
7350,9,4,10,2,5,0,1,1,3,2,1
7351,10,4,11,2,10,0,1,1,2,2,0
7352,10,4,1,0,14,1,1,0,2,2,0
7353,4,4,14,4,10,3,1,1,3,2,0
7354,4,4,15,4,3,1,1,1,1,2,0
7355,7,6,11,2,12,0,1,1,0,2,0
7356,9,1,11,5,0,4,1,0,2,2,0
7357,9,2,11,2,11,0,1,1,2,2,0
7358,3,4,11,4,7,1,1,0,1,2,1
7359,11,4,15,2,12,0,1,1,2,2,0
7360,7,4,11,0,1,1,1,0,0,2,0
7361,7,4,15,2,7,0,1,1,3,2,0
7362,8,4,1,2,8,0,0,1,1,0,0
7363,7,4,15,2,12,0,0,1,0,4,0
7364,7,4,11,2,1,0,1,1,2,2,1
7365,8,4,11,4,8,1,1,1,2,2,0
7366,15,4,6,6,8,2,1,0,1,2,0
7367,12,7,11,2,11,0,0,1,0,2,0
7368,4,7,12,4,10,1,1,0,2,2,0
7369,6,4,15,0,1,4,1,0,2,2,0
7370,10,1,9,2,4,5,1,0,3,2,1
7371,3,4,11,4,12,1,0,1,2,2,0
7372,6,4,11,2,14,0,1,1,2,2,1
7373,10,1,15,5,1,3,1,0,2,2,0
7374,5,4,15,4,12,3,1,1,2,2,0
7375,7,4,1,0,3,1,1,1,2,2,1
7376,8,4,4,0,8,4,1,1,2,2,0
7377,6,4,7,2,3,0,1,1,1,2,0
7378,3,4,15,4,7,1,1,0,0,2,1
7379,5,4,9,4,13,3,1,1,2,2,0
7380,11,4,12,2,13,0,1,1,2,2,0
7381,9,4,11,2,3,0,1,1,2,2,1
7382,8,4,15,2,12,0,1,1,2,2,0
7383,8,4,9,0,1,1,1,0,2,2,0
7384,11,4,7,2,4,0,1,1,2,2,1
7385,4,2,14,4,10,1,0,0,0,2,0
7386,9,4,15,2,4,0,1,1,2,2,1
7387,4,4,15,4,1,1,1,1,2,2,0
7388,4,4,11,4,8,1,1,0,2,2,0
7389,8,0,1,0,0,1,1,1,1,2,0
7390,13,1,11,6,1,4,0,0,2,2,0
7391,9,4,11,3,1,4,0,0,2,2,1
7392,4,6,11,4,14,3,1,1,1,2,0
7393,3,4,15,4,13,1,1,0,2,2,0
7394,14,4,12,2,10,5,1,0,1,2,0
7395,5,4,6,2,3,0,1,1,1,2,1
7396,4,4,15,4,13,1,1,1,1,2,0
7397,4,4,15,4,12,1,1,1,2,2,0
7398,4,2,10,4,10,4,1,0,1,2,0
7399,7,4,11,0,3,4,1,0,1,2,0
7400,6,4,15,4,4,1,1,1,2,2,0
7401,5,2,7,4,1,3,0,0,2,2,0
7402,6,4,9,2,4,0,1,1,2,2,1
7403,13,0,8,6,0,4,1,0,2,2,1
7404,9,4,15,2,13,0,1,1,3,2,0
7405,6,4,11,2,3,0,1,1,2,2,1
7406,4,4,11,4,9,1,1,0,2,2,0
7407,7,4,15,4,12,1,1,1,3,2,0
7408,4,4,2,2,3,0,0,1,1,2,0
7409,11,4,10,2,10,0,1,1,2,2,1
7410,11,4,11,2,14,0,1,1,2,2,0
7411,7,2,12,2,10,0,1,1,1,2,0
7412,7,2,11,2,8,0,1,1,0,2,1
7413,10,4,15,4,12,3,1,1,2,2,0
7414,13,4,15,2,12,0,1,1,1,2,0
7415,4,4,12,4,10,3,0,0,1,1,0
7416,6,4,14,0,13,1,0,0,2,2,0
7417,9,4,15,2,8,0,1,1,2,2,1
7418,10,4,11,6,3,1,1,1,3,2,0
7419,6,4,15,4,4,3,1,1,2,2,0
7420,10,0,1,2,0,0,1,1,3,2,1
7421,11,7,15,2,1,5,1,0,2,2,1
7422,3,4,15,4,1,3,1,0,2,2,0
7423,7,4,15,4,1,3,1,1,2,2,0
7424,11,4,11,0,8,1,1,0,2,2,0
7425,8,4,15,2,1,0,1,1,3,2,0
7426,7,2,11,4,8,1,1,0,2,2,0
7427,5,4,11,2,1,5,0,0,2,2,0
7428,9,6,8,2,10,0,0,1,1,2,0
7429,11,4,8,6,6,1,1,1,2,2,0
7430,7,4,11,2,4,0,1,1,2,2,1
7431,12,4,11,2,12,0,1,1,0,2,1
7432,6,4,11,2,6,0,0,1,2,2,0
7433,6,1,9,4,4,4,0,1,2,2,0
7434,6,4,12,4,12,3,1,1,3,2,0
7435,13,4,15,2,3,0,1,1,2,2,1
7436,6,4,11,2,10,0,1,1,2,2,0
7437,10,4,12,2,12,0,0,1,2,0,1
7438,10,4,15,2,7,0,1,1,2,2,0
7439,11,4,9,2,4,0,1,1,2,2,0
7440,9,7,15,2,4,0,0,1,2,2,0
7441,12,4,8,2,3,0,1,1,1,2,0
7442,4,4,0,4,12,1,1,0,2,2,0
7443,4,4,10,6,4,4,1,1,1,2,0
7444,6,4,15,0,1,1,1,0,1,2,0
7445,7,4,15,2,1,0,1,1,2,2,1
7446,4,4,11,2,8,0,1,1,2,2,1
7447,9,4,11,2,1,5,0,0,3,0,0
7448,13,4,15,6,9,2,1,0,0,3,0
7449,4,7,0,2,11,0,1,1,2,2,0
7450,4,4,11,4,7,3,1,1,2,2,0
7451,11,4,9,2,10,0,0,1,2,4,0
7452,6,4,11,2,4,0,1,1,1,2,1
7453,8,4,11,2,12,0,1,1,2,2,1
7454,5,4,12,4,10,1,1,0,2,2,0
7455,7,6,4,4,5,1,1,1,1,2,0
7456,4,4,15,4,12,1,1,0,2,2,0
7457,4,4,15,4,12,4,1,0,2,2,0
7458,7,4,11,2,8,0,1,1,2,2,1
7459,4,2,15,2,10,0,1,1,2,2,1
7460,8,4,15,0,8,3,1,0,2,2,0
7461,6,6,9,2,10,0,1,1,1,2,1
7462,4,4,11,4,13,1,1,0,2,2,0
7463,4,4,11,4,8,3,1,1,1,2,0
7464,5,4,9,2,10,0,1,1,2,2,0
7465,5,4,11,2,4,0,1,1,1,2,0
7466,7,4,14,2,10,0,1,1,2,2,1
7467,4,4,1,4,8,1,1,0,1,2,0
7468,7,1,9,4,1,3,1,0,2,2,0
7469,7,6,15,2,4,0,1,1,1,2,1
7470,6,6,1,2,12,0,1,1,2,2,1
7471,4,4,15,4,1,4,1,0,1,2,0
7472,6,4,7,4,1,2,1,1,2,2,0
7473,11,4,12,0,10,1,0,1,1,2,0
7474,6,4,1,4,3,3,1,1,2,2,0
7475,9,2,4,2,14,0,1,1,2,2,0
7476,11,6,7,2,3,0,1,1,2,2,0
7477,5,4,11,4,3,3,1,1,1,2,0
7478,9,4,11,2,12,0,0,1,3,0,1
7479,7,4,6,0,3,4,1,1,2,2,0
7480,10,4,12,2,8,0,1,1,2,2,1
7481,6,4,15,2,7,0,0,1,2,2,1
7482,10,6,8,0,10,4,1,0,2,2,0
7483,9,4,11,2,3,0,1,1,2,2,1
7484,8,4,11,2,3,0,1,1,2,2,1
7485,6,4,7,0,5,1,1,1,3,2,0
7486,8,4,15,0,8,3,1,0,2,2,0
7487,6,4,12,4,10,1,0,0,2,3,1
7488,10,4,9,2,10,0,1,1,2,2,0
7489,9,4,11,5,1,2,1,0,2,2,0
7490,9,4,1,2,3,0,1,1,2,2,1
7491,8,6,15,2,3,0,1,1,1,2,1
7492,8,4,15,2,10,0,1,1,1,2,0
7493,8,4,11,2,6,0,0,1,1,0,0
7494,7,0,11,0,0,1,0,0,2,2,0
7495,6,4,11,0,7,4,0,1,0,2,0
7496,9,4,11,0,8,1,1,1,2,2,0
7497,8,4,11,2,3,0,1,1,2,2,1
7498,8,4,11,0,8,4,1,0,0,2,0
7499,3,4,15,4,4,3,0,1,1,2,0
7500,10,4,11,1,12,4,1,0,2,2,0
7501,5,4,11,4,3,1,0,1,2,2,0
7502,11,4,15,2,1,5,1,0,2,2,1
7503,6,4,11,4,13,3,1,1,2,2,0
7504,3,4,9,4,12,3,1,1,0,2,0
7505,8,4,11,3,12,1,1,1,2,2,0
7506,7,5,9,4,4,2,1,1,2,2,0
7507,5,4,11,2,7,0,1,1,2,2,0
7508,9,4,0,0,12,1,1,0,2,2,0
7509,11,6,15,2,5,0,1,1,2,2,1
7510,4,6,6,4,14,3,1,1,2,2,0
7511,8,1,12,2,13,0,0,1,3,0,0
7512,11,4,9,2,4,0,1,1,2,2,1
7513,8,4,11,0,1,1,1,0,2,2,0
7514,8,4,11,2,8,5,1,0,2,2,1
7515,6,4,1,2,12,0,1,1,0,2,0
7516,5,7,1,2,11,0,1,1,2,2,0
7517,14,2,12,3,4,1,0,0,2,4,0
7518,5,4,9,2,4,0,1,1,3,2,0
7519,4,0,0,0,0,1,1,1,2,2,0
7520,5,4,11,4,4,1,1,1,2,2,1
7521,5,4,9,4,3,2,1,1,1,2,0
7522,5,4,15,2,3,3,0,1,2,2,0
7523,5,4,15,2,3,0,0,1,2,2,0
7524,9,6,9,2,10,0,1,1,2,2,1
7525,5,2,15,0,1,3,1,0,2,2,0
7526,7,4,11,2,12,0,0,1,2,2,0
7527,8,4,11,2,8,0,1,1,2,2,1
7528,3,4,15,4,7,3,1,1,2,1,0
7529,4,4,4,4,3,3,1,1,2,2,0
7530,9,4,15,4,5,1,1,1,3,2,0
7531,4,4,11,4,8,3,0,0,3,2,0
7532,8,4,11,2,3,0,1,1,2,2,0
7533,8,4,5,5,14,1,1,1,2,2,0
7534,7,4,9,0,1,1,1,1,2,2,0
7535,7,4,15,2,5,0,1,1,2,2,0
7536,9,4,15,6,1,2,1,0,2,2,0
7537,8,5,9,4,0,3,1,0,2,2,0
7538,10,0,15,2,0,0,1,1,3,2,1
7539,5,4,15,4,8,1,1,0,2,2,0
7540,7,4,5,4,7,3,1,1,2,2,0
7541,8,6,15,2,5,0,1,1,2,2,1
7542,9,5,12,2,4,0,1,1,2,2,0
7543,8,2,9,6,4,1,1,1,2,4,0
7544,6,4,15,0,12,4,0,0,2,2,1
7545,3,4,11,4,7,3,1,1,2,2,0
7546,5,4,15,0,10,1,1,0,2,2,0
7547,5,1,9,4,1,4,1,0,2,2,1
7548,3,1,12,4,1,3,1,1,2,2,0
7549,7,7,11,2,5,0,1,1,2,2,1
7550,6,4,9,4,10,4,1,0,2,2,0
7551,6,0,15,2,0,0,1,1,2,2,0
7552,11,4,15,2,6,0,1,1,1,2,0
7553,6,4,15,2,12,0,1,1,2,2,0
7554,5,4,1,2,12,0,1,1,2,2,1
7555,5,4,15,4,7,3,1,1,4,2,0
7556,7,4,11,0,11,1,1,1,1,2,1
7557,3,4,14,4,10,1,1,1,1,2,0
7558,3,4,12,4,4,3,1,0,1,2,0
7559,11,4,14,2,10,0,1,1,2,2,0
7560,3,6,9,4,10,1,1,0,2,2,0
7561,4,4,15,4,14,1,1,1,2,2,0
7562,3,4,9,4,8,1,1,0,1,2,0
7563,8,4,15,0,13,1,1,1,2,2,0
7564,5,4,11,5,3,4,0,1,2,2,0
7565,5,4,9,4,10,1,1,1,2,2,0
7566,11,4,11,4,13,2,1,0,1,2,0
7567,6,4,11,2,1,5,0,0,2,2,1
7568,9,4,15,2,12,0,1,1,4,2,0
7569,6,4,9,2,10,0,1,1,1,2,1
7570,11,4,9,2,12,0,0,1,3,2,0
7571,7,6,9,2,3,0,1,1,2,2,0
7572,3,4,9,4,4,4,0,1,0,2,0
7573,15,4,9,2,4,0,1,1,0,2,1
7574,7,4,0,2,3,0,1,1,2,2,1
7575,6,5,11,2,5,0,1,1,3,2,1
7576,4,7,11,4,8,3,1,0,2,0,0
7577,8,6,9,4,13,3,0,0,2,0,0
7578,11,4,11,2,12,0,1,1,2,2,0
7579,6,4,12,0,10,1,1,1,2,2,0
7580,7,0,11,5,0,4,0,0,2,2,0
7581,12,4,11,2,12,0,1,1,2,2,1
7582,10,1,15,2,1,0,1,1,3,2,1
7583,6,4,11,4,1,3,1,0,3,2,0
7584,12,4,11,2,8,0,1,1,2,2,1
7585,6,4,15,2,3,0,1,1,2,2,0
7586,9,4,14,2,4,0,1,1,2,1,0
7587,9,4,9,2,10,0,1,1,2,2,0
7588,12,5,9,2,10,0,1,1,0,2,0
7589,4,4,5,4,7,1,1,0,1,2,0
7590,7,4,15,0,13,4,0,1,2,2,0
7591,6,4,11,4,7,1,1,1,1,2,1
7592,7,4,11,2,14,0,1,1,2,2,1
7593,6,4,8,4,4,3,0,1,2,2,0
7594,12,4,9,2,4,0,1,1,1,2,0
7595,11,4,11,6,8,1,1,0,2,2,0
7596,7,1,11,2,11,0,1,1,2,2,1
7597,12,4,11,2,5,0,1,1,2,2,1
7598,5,5,11,2,12,0,1,1,1,2,1
7599,4,4,15,4,7,3,1,1,2,2,0
7600,7,4,9,2,10,5,1,0,2,2,1
7601,9,6,8,2,3,0,1,1,2,2,0
7602,9,4,7,4,7,1,1,1,2,2,0
7603,5,4,15,0,12,3,1,1,2,2,0
7604,5,4,9,4,13,1,1,1,3,2,0
7605,6,4,12,4,12,1,1,0,2,2,0
7606,8,4,15,2,3,0,1,1,2,2,1
7607,5,4,11,2,6,0,1,1,2,2,0
7608,4,4,9,2,3,0,1,1,2,2,1
7609,8,6,8,3,12,3,1,1,2,2,0
7610,5,0,1,2,0,0,1,1,2,2,1
7611,12,6,11,2,3,0,1,1,2,2,0
7612,9,4,6,2,7,0,1,1,2,2,0
7613,4,4,11,2,3,0,1,1,1,2,0
7614,9,4,15,2,12,0,1,1,2,2,1
7615,13,4,9,2,13,0,1,1,2,2,1
7616,6,4,8,2,10,0,1,1,1,2,1
7617,5,4,11,4,8,3,1,1,2,2,0
7618,11,4,7,4,8,1,1,1,2,2,0
7619,6,4,11,2,3,0,1,1,2,2,0
7620,8,7,15,2,1,0,1,1,2,2,0
7621,10,4,2,2,3,3,1,1,2,2,0
7622,11,4,11,0,14,1,0,1,2,2,0
7623,4,5,9,4,4,1,1,1,2,2,0
7624,6,4,9,4,4,3,1,0,1,2,0
7625,3,2,9,4,10,3,0,0,0,0,0
7626,7,6,8,2,3,0,1,1,1,3,0
7627,8,4,2,0,8,4,0,0,2,2,0
7628,4,4,15,4,4,4,1,1,2,2,0
7629,3,4,15,4,4,2,1,1,1,2,0
7630,8,6,14,2,10,5,1,0,2,2,0
7631,6,4,15,2,7,0,1,1,2,2,1
7632,6,7,11,6,1,4,1,0,2,2,0
7633,8,4,3,2,8,0,0,1,2,2,1
7634,13,4,12,6,4,4,1,1,2,2,0
7635,4,4,15,2,1,0,1,1,2,2,0
7636,6,4,6,0,8,4,0,0,2,2,0
7637,8,4,5,2,3,0,1,1,2,2,0
7638,5,4,5,2,14,0,0,1,2,0,0
7639,6,4,15,2,3,0,1,1,1,2,0
7640,3,4,9,4,12,3,1,0,1,2,0
7641,6,0,3,4,0,2,1,1,2,2,0
7642,6,4,10,5,10,4,1,0,3,2,0
7643,6,6,11,0,7,4,1,0,1,2,0
7644,9,2,11,6,1,1,1,0,2,2,0
7645,5,6,11,4,8,3,1,0,2,2,0
7646,9,4,11,2,3,0,1,1,4,2,1
7647,12,4,1,2,12,0,1,1,2,2,0
7648,4,4,11,4,5,3,1,1,2,2,0
7649,4,0,0,4,0,1,1,0,1,2,0
7650,4,2,9,2,8,0,1,1,0,2,0
7651,6,4,11,2,3,0,1,1,2,2,1
7652,8,4,9,2,4,0,0,1,1,2,0
7653,7,1,4,2,8,0,1,1,2,2,0
7654,10,0,12,2,0,0,1,1,2,2,1
7655,4,4,9,4,10,1,1,1,2,2,0
7656,8,6,11,2,10,0,1,1,2,2,0
7657,7,2,11,4,1,1,1,0,2,2,0
7658,5,4,11,4,12,4,1,0,0,2,0
7659,14,4,9,2,8,0,1,1,2,2,0
7660,7,4,9,4,13,1,0,0,2,2,0
7661,5,0,15,4,0,3,1,1,1,2,0
7662,5,4,15,5,3,1,1,1,2,2,0
7663,6,2,9,2,4,0,1,1,2,2,0
7664,7,4,11,0,6,1,1,0,2,2,0
7665,15,4,15,6,3,4,0,0,2,2,0
7666,3,4,11,4,8,1,1,0,0,2,0
7667,9,5,15,2,12,0,1,1,2,2,1
7668,7,4,12,2,4,0,1,1,2,2,1
7669,8,4,9,4,7,1,1,1,1,2,0
7670,6,2,15,4,11,1,1,0,1,2,0
7671,5,7,9,4,10,2,1,0,2,2,0
7672,7,5,15,5,10,2,1,0,2,2,0
7673,3,2,11,0,10,1,1,1,0,2,0
7674,10,4,11,2,5,0,1,1,2,2,0
7675,8,4,11,4,12,3,1,0,2,2,0
7676,4,4,8,4,1,1,1,0,2,2,0
7677,7,4,14,2,10,5,0,0,2,2,1
7678,4,7,12,4,10,1,1,1,1,2,0
7679,3,4,12,4,4,3,1,1,2,2,0
7680,11,4,11,2,4,0,1,1,2,2,1
7681,4,4,11,4,7,3,1,1,2,1,0
7682,9,2,9,2,11,5,1,0,2,2,0
7683,8,4,11,4,1,3,0,0,2,2,0
7684,5,4,15,0,1,1,1,1,1,2,0
7685,5,6,15,4,12,1,1,1,2,2,0
7686,11,4,9,0,12,1,0,0,2,2,0
7687,10,2,15,2,14,0,1,1,2,2,0
7688,6,4,1,0,12,1,1,1,2,2,0
7689,3,0,6,4,0,4,0,0,1,2,0
7690,13,4,11,2,13,0,1,1,2,2,0
7691,6,4,1,0,8,1,0,1,2,2,0
7692,5,5,15,2,14,0,1,1,2,2,0
7693,8,4,7,2,12,0,1,1,3,2,0
7694,10,4,14,2,10,5,1,0,3,2,1
7695,9,4,15,2,14,0,1,1,1,2,0
7696,8,6,11,2,3,0,1,1,1,2,1
7697,4,4,15,4,6,1,1,0,0,2,0
7698,4,4,15,4,10,3,1,0,2,2,0
7699,9,4,9,0,10,1,0,0,2,2,0
7700,10,4,9,4,10,4,1,0,1,2,0
7701,10,6,15,2,11,0,0,1,2,2,0
7702,7,4,15,0,3,3,1,1,2,2,0
7703,6,4,11,4,12,2,0,1,2,2,0
7704,8,4,11,2,3,0,1,1,2,2,1
7705,6,4,15,4,12,3,0,1,2,2,0
7706,5,7,8,4,10,1,1,0,3,2,0
7707,6,4,11,2,6,0,1,1,2,2,0
7708,7,4,11,0,7,1,1,1,2,2,0
7709,8,4,12,4,7,3,1,1,2,2,0
7710,6,4,11,2,3,0,1,1,2,2,0
7711,9,0,15,2,0,5,1,0,2,2,0
7712,9,4,11,2,7,5,1,0,2,2,0
7713,6,2,11,0,4,1,1,1,1,2,0
7714,8,4,11,2,8,0,1,1,2,2,0
7715,8,4,11,2,14,0,1,1,2,2,0
7716,13,4,11,2,3,0,1,1,0,2,0
7717,8,4,1,5,1,1,1,0,1,2,0
7718,4,4,11,4,8,3,1,1,1,2,0
7719,10,4,2,2,12,0,1,1,2,2,0
7720,4,6,11,4,3,1,1,1,2,2,0
7721,7,4,7,2,10,0,0,1,2,2,0
7722,5,1,15,4,3,1,1,0,2,2,1
7723,10,1,9,2,10,0,1,1,2,2,0
7724,7,2,11,2,6,0,1,1,2,2,1
7725,10,4,11,0,12,4,1,0,2,2,0
7726,10,4,11,2,12,0,0,1,2,2,0
7727,4,4,9,4,8,1,1,1,2,1,0
7728,5,4,12,4,10,1,0,1,3,2,0
7729,6,4,11,4,7,2,1,1,2,2,0
7730,9,5,11,2,3,0,1,1,1,2,1
7731,12,4,8,2,3,0,1,1,2,2,0
7732,5,4,11,2,3,0,1,1,2,2,0
7733,4,4,11,4,12,3,1,1,0,2,0
7734,8,4,1,5,8,1,1,0,2,2,1
7735,7,4,11,2,3,0,1,1,2,2,0
7736,8,4,11,2,3,0,1,1,3,2,1
7737,9,4,1,2,4,0,1,1,2,2,0
7738,13,6,11,2,3,0,1,1,3,2,1
7739,5,4,9,4,1,1,1,1,2,2,0
7740,7,4,1,4,8,1,0,1,2,0,0
7741,11,4,9,2,4,0,1,1,2,2,0
7742,4,4,15,4,13,3,1,1,0,2,0
7743,8,7,11,0,1,4,1,0,2,2,0
7744,8,2,14,2,10,0,1,1,3,2,0
7745,8,4,11,0,1,4,1,0,2,2,0
7746,9,4,15,4,1,3,0,0,2,2,0
7747,10,4,11,0,7,1,1,1,2,2,0
7748,3,6,11,4,8,1,1,1,0,2,0
7749,9,4,11,2,14,0,1,1,0,2,0
7750,8,4,9,0,12,4,1,0,2,2,0
7751,6,2,15,2,4,0,1,1,3,2,0
7752,4,4,11,2,6,0,1,1,2,2,1
7753,12,4,11,6,1,1,0,0,1,2,0
7754,11,4,11,2,14,0,1,1,1,2,1
7755,10,4,11,2,14,0,0,1,1,2,0
7756,5,6,11,4,5,3,1,0,2,2,0
7757,6,2,7,2,11,0,1,1,2,2,0
7758,6,4,11,2,8,0,1,1,2,2,0
7759,4,2,15,4,8,2,0,0,1,2,0
7760,5,5,15,4,12,1,0,0,2,2,0
7761,13,1,11,2,3,0,0,1,2,2,0
7762,10,4,0,0,3,4,1,1,2,2,0
7763,4,2,15,4,1,4,1,0,2,2,0
7764,7,4,11,2,14,0,1,1,2,2,1
7765,3,4,7,4,10,3,1,1,1,2,0
7766,8,4,11,4,8,3,1,0,2,2,0
7767,8,4,9,2,11,0,1,1,2,2,0
7768,5,4,7,4,1,3,1,0,2,2,0
7769,4,7,12,4,10,2,1,1,2,4,0
7770,7,4,11,2,8,5,1,0,2,2,1
7771,4,2,9,4,11,1,1,0,1,2,1
7772,7,4,11,2,12,0,1,1,2,2,0
7773,9,2,15,2,3,0,1,1,2,2,1
7774,6,4,9,2,3,0,1,1,2,2,0
7775,7,4,9,2,10,0,1,1,1,2,1
7776,10,4,2,2,14,0,1,1,2,2,0
7777,7,4,15,2,13,0,1,1,2,2,1
7778,10,6,11,0,12,1,0,0,2,0,0
7779,3,2,9,4,4,3,0,1,2,2,0
7780,4,4,11,4,1,1,1,0,2,2,0
7781,10,4,9,2,4,0,1,1,2,2,0
7782,4,4,1,4,6,3,0,1,1,2,0
7783,11,2,9,2,10,0,1,1,2,2,0
7784,16,4,1,4,8,1,0,1,2,0,0
7785,8,4,8,2,10,0,1,1,3,2,1
7786,5,2,11,4,8,1,1,1,2,2,0
7787,3,4,15,4,13,3,1,0,0,2,0
7788,12,4,15,2,12,0,1,1,0,2,1
7789,9,7,11,4,13,1,1,1,2,2,0
7790,5,0,6,4,0,3,1,0,2,2,0
7791,9,5,11,5,12,4,1,0,2,2,0
7792,5,4,9,0,1,4,1,0,2,2,0
7793,12,4,9,2,4,0,0,1,2,2,0
7794,9,2,11,2,11,0,1,1,2,2,1
7795,4,4,11,4,8,1,1,0,2,3,1
7796,8,5,11,4,10,4,1,0,2,2,0
7797,6,4,7,2,10,0,1,1,2,2,1
7798,5,2,9,2,10,0,1,1,2,2,1
7799,7,4,7,0,1,4,1,0,2,1,0
7800,11,4,9,2,4,5,1,0,2,2,1
7801,4,4,11,4,8,1,1,1,2,2,0
7802,3,4,5,4,8,3,1,1,2,2,0
7803,5,0,1,4,0,2,1,0,2,2,0
7804,14,4,0,2,10,0,1,1,2,2,0
7805,6,4,11,2,8,5,1,0,3,2,0
7806,7,7,9,2,10,0,1,1,2,2,0
7807,8,4,12,2,10,0,1,1,2,2,0
7808,5,6,8,4,3,3,1,1,2,2,0
7809,8,4,11,2,6,0,1,1,2,2,0
7810,4,4,11,4,8,1,0,0,2,2,0
7811,6,4,9,2,5,0,1,1,2,2,0
7812,4,5,15,4,4,1,1,1,2,2,0
7813,10,0,15,2,0,0,1,1,2,2,0
7814,3,1,9,4,1,1,1,0,1,2,0
7815,6,4,9,0,12,1,1,1,1,2,0
7816,6,4,5,4,8,1,1,0,2,2,0
7817,9,4,11,2,4,0,1,1,1,2,1
7818,9,7,11,0,1,1,1,1,2,2,0
7819,4,4,15,4,4,1,1,0,2,2,0
7820,10,4,11,2,3,0,1,1,2,2,1
7821,4,4,15,2,5,0,1,1,2,2,0
7822,4,6,12,4,10,3,0,0,2,2,0
7823,7,1,15,2,1,0,0,1,2,2,1
7824,7,7,9,4,10,1,1,0,2,2,0
7825,11,0,15,2,0,0,1,1,0,2,0
7826,5,4,9,4,10,3,0,1,2,2,0
7827,8,4,15,0,4,4,0,0,1,2,0
7828,6,4,9,2,10,0,0,1,1,0,1
7829,11,4,15,2,12,0,1,1,2,2,0
7830,11,4,12,2,10,0,1,1,2,2,1
7831,3,6,11,4,5,2,1,1,1,2,0
7832,7,4,2,3,1,1,1,0,2,2,0
7833,7,4,12,4,4,1,0,1,1,2,0
7834,4,6,15,4,10,1,1,0,2,2,0
7835,9,4,0,0,7,4,1,0,2,2,0
7836,10,4,15,4,8,1,1,0,1,2,0
7837,3,4,6,4,7,3,1,1,2,2,0
7838,6,1,14,2,10,0,0,1,2,2,1
7839,7,4,11,2,5,0,0,1,2,2,1
7840,7,7,7,4,4,1,1,1,3,2,0
7841,6,5,0,4,3,1,1,1,2,2,0
7842,13,7,11,6,1,4,1,0,2,2,0
7843,9,4,12,2,10,0,1,1,4,2,0
7844,4,4,10,4,10,1,1,1,2,2,0
7845,7,4,12,2,10,0,1,1,2,2,0
7846,7,4,8,2,13,0,1,1,2,2,1
7847,3,4,13,4,1,3,1,0,0,2,0
7848,10,4,2,2,8,0,1,1,2,2,1
7849,3,4,9,4,13,2,0,1,1,2,0
7850,6,4,11,4,1,1,1,0,1,2,0
7851,9,4,15,4,1,1,1,0,1,2,1
7852,13,2,15,2,1,5,1,0,1,2,1
7853,6,7,10,0,10,4,1,0,2,2,0
7854,5,4,0,2,3,0,1,1,2,2,0
7855,7,4,11,2,8,5,1,0,2,2,1
7856,9,4,9,2,4,0,1,1,2,2,1
7857,11,4,11,2,7,0,0,1,2,0,1
7858,9,4,15,2,4,0,1,1,3,2,0
7859,9,4,8,0,6,1,1,1,2,2,0
7860,11,4,9,2,4,0,0,1,2,2,0
7861,6,4,11,2,3,0,0,1,2,2,1
7862,8,0,5,0,0,4,1,0,2,2,0
7863,8,2,12,2,1,0,1,1,1,2,1
7864,12,4,11,2,3,0,1,1,2,1,1
7865,4,4,8,4,11,1,1,1,2,2,1
7866,8,4,11,2,3,0,1,1,1,2,1
7867,6,4,5,2,6,0,1,1,2,2,1
7868,4,4,9,4,12,1,1,0,2,2,0
7869,6,7,9,4,10,3,1,0,2,2,0
7870,9,5,9,2,10,0,1,1,2,2,0
7871,4,4,14,4,10,1,1,0,2,2,1
7872,6,7,11,2,8,0,1,1,2,2,0
7873,7,4,11,2,3,0,1,1,3,2,1
7874,6,4,9,2,4,5,1,0,2,2,1
7875,6,4,12,2,12,0,1,1,2,2,1
7876,7,6,15,0,4,1,1,1,2,2,0
7877,11,4,15,2,1,0,1,1,2,2,1
7878,4,4,1,4,14,3,1,1,2,2,0
7879,8,5,12,0,10,4,1,1,3,2,0
7880,4,4,15,4,7,4,1,0,1,2,0
7881,5,4,11,4,3,3,1,1,2,2,0
7882,9,4,11,2,8,5,1,0,2,2,1
7883,11,4,11,2,6,0,1,1,2,2,1
7884,5,7,7,4,4,3,1,0,2,2,0
7885,13,2,11,0,7,4,1,0,0,1,0
7886,7,4,1,0,3,1,1,1,2,2,0
7887,4,4,9,4,10,3,1,1,1,2,0
7888,5,4,11,4,12,1,1,1,2,2,0
7889,9,6,11,0,5,1,0,1,2,4,0
7890,5,7,11,4,4,3,1,0,2,2,0
7891,10,6,0,2,3,0,1,1,2,2,1
7892,6,4,15,4,12,3,0,0,1,2,0
7893,12,2,15,3,1,3,1,0,2,2,1
7894,8,7,11,2,10,0,1,1,2,2,0
7895,4,4,2,4,7,1,1,1,2,2,0
7896,4,2,9,4,1,4,1,0,2,2,0
7897,10,4,11,2,12,0,1,1,2,2,1
7898,5,4,15,2,14,0,1,1,2,2,1
7899,3,4,11,4,7,3,1,1,2,2,0
7900,3,5,8,4,12,1,1,0,1,2,0
7901,6,4,12,2,4,0,0,1,2,2,1
7902,9,4,11,2,4,0,1,1,1,2,0
7903,9,7,9,4,13,1,1,0,2,2,0
7904,7,4,9,2,4,0,1,1,2,2,0
7905,12,7,15,2,1,0,1,1,2,2,0
7906,10,4,11,2,12,0,1,1,3,2,1
7907,4,4,12,4,10,3,1,1,0,2,0
7908,4,4,11,4,8,3,0,0,0,2,0
7909,8,2,15,2,8,0,0,1,1,4,1
7910,7,4,11,2,12,0,1,1,2,2,0
7911,13,4,0,0,14,1,1,1,0,2,0
7912,3,6,6,4,5,1,1,1,1,2,0
7913,8,4,5,2,5,0,1,1,2,2,1
7914,4,4,11,4,6,4,1,1,2,2,0
7915,6,0,11,4,0,3,1,0,3,2,0
7916,6,4,11,0,7,4,0,0,4,2,0
7917,8,4,11,5,8,4,1,0,2,2,0
7918,10,4,8,2,3,0,1,1,2,2,0
7919,5,6,11,4,3,1,1,1,1,2,0
7920,9,5,11,2,12,0,1,1,0,2,0
7921,11,7,15,2,4,0,1,1,2,2,0
7922,14,2,15,2,8,0,1,1,1,2,0
7923,7,5,15,0,12,1,1,0,2,2,0
7924,3,4,9,4,4,1,1,1,1,2,0
7925,9,1,15,2,11,0,1,1,2,2,0
7926,5,4,11,0,14,1,1,1,2,2,0
7927,6,4,11,2,7,0,1,1,2,2,1
7928,11,4,9,2,1,0,1,1,1,2,1
7929,12,4,9,0,10,4,1,1,2,2,0
7930,7,4,11,2,8,5,1,0,0,2,0
7931,7,4,11,2,5,0,1,1,0,2,1
7932,12,4,11,0,12,4,1,0,2,2,0
7933,5,2,9,4,10,1,1,1,1,2,0
7934,11,2,15,2,8,5,1,0,2,2,0
7935,5,4,11,4,3,1,1,0,2,2,1
7936,12,2,12,2,1,0,1,1,2,4,0
7937,14,4,12,2,10,0,1,1,2,2,1
7938,7,4,15,2,3,0,1,1,1,2,0
7939,12,6,0,2,5,0,1,1,2,2,0
7940,7,4,15,4,4,1,1,0,2,2,0
7941,5,4,15,2,4,5,1,0,2,2,0
7942,13,4,7,6,4,1,1,0,1,2,0
7943,8,6,11,4,6,2,1,1,2,2,0
7944,3,1,8,4,13,1,1,1,1,2,0
7945,4,4,15,4,3,3,1,1,1,2,0
7946,5,4,15,4,10,3,1,1,2,2,0
7947,6,4,11,2,6,0,1,1,2,2,1
7948,9,6,11,2,12,0,1,1,2,2,1
7949,13,4,8,0,8,1,1,0,1,2,0
7950,4,4,11,4,8,1,1,0,2,2,0
7951,9,4,11,6,14,1,1,1,2,2,1
7952,5,4,15,2,10,0,1,1,1,2,0
7953,3,1,13,4,1,1,1,0,2,2,0
7954,6,4,9,0,4,3,1,1,2,2,0
7955,5,4,11,4,8,1,0,1,2,0,1
7956,6,2,11,2,14,0,1,1,2,2,1
7957,5,4,5,4,8,1,1,0,2,2,0
7958,4,4,12,4,10,4,1,0,2,2,0
7959,11,4,0,2,7,0,1,1,2,2,1
7960,7,4,11,2,12,0,1,1,2,2,1
7961,7,2,10,5,10,4,1,1,2,2,0
7962,7,5,9,2,10,0,0,1,1,2,0
7963,9,4,11,2,7,0,1,1,2,2,1
7964,9,4,11,4,12,1,1,1,2,2,0
7965,7,4,11,4,1,1,1,1,2,2,1
7966,4,4,15,4,6,3,1,1,1,2,0
7967,9,4,15,4,1,1,1,1,2,2,0
7968,4,6,15,2,10,0,1,1,1,2,0
7969,6,4,9,2,13,0,1,1,2,2,0
7970,10,4,15,0,14,1,1,1,3,2,0
7971,9,4,11,2,3,0,1,1,3,2,0
7972,7,4,11,0,6,1,1,1,2,2,0
7973,7,4,11,5,12,4,1,0,2,2,0
7974,3,2,10,4,10,3,1,0,1,2,0
7975,11,7,11,2,10,5,1,0,2,2,1
7976,5,4,11,2,3,0,1,1,2,2,0
7977,3,4,11,4,14,3,1,1,2,2,0
7978,6,2,9,2,10,0,1,1,3,2,0
7979,7,4,11,2,14,0,1,1,2,2,0
7980,6,7,15,2,4,0,1,1,2,2,0
7981,12,4,11,2,4,0,1,1,2,2,1
7982,8,4,11,3,6,4,1,1,2,2,0
7983,8,4,9,2,4,0,1,1,2,2,0
7984,5,4,15,0,1,4,0,0,2,2,0
7985,8,4,5,2,6,0,1,1,2,2,0
7986,8,5,11,2,3,0,1,1,2,2,0
7987,10,4,0,0,7,1,1,1,2,2,0
7988,6,4,11,4,3,2,1,1,2,2,0
7989,9,6,15,2,10,0,0,1,2,2,0
7990,8,4,11,2,7,0,1,1,1,2,0
7991,4,2,9,4,4,3,0,0,2,2,0
7992,8,4,11,2,14,0,1,1,2,2,0
7993,5,4,7,2,4,0,1,1,2,2,1
7994,3,4,11,4,7,3,1,1,2,2,0
7995,6,4,11,4,4,1,0,0,2,4,0
7996,11,4,11,2,8,0,1,1,2,2,1
7997,6,4,9,3,4,1,1,0,3,2,0
7998,7,4,15,4,1,1,1,0,0,2,0
7999,4,4,11,4,4,3,1,1,2,2,0
8000,5,4,9,4,4,3,1,1,2,2,0
8001,9,4,11,2,6,0,1,1,2,2,1
8002,4,4,12,4,8,1,0,0,1,2,0
8003,10,4,11,2,14,0,1,1,2,2,1
8004,7,1,11,0,1,4,0,0,2,2,0
8005,6,4,15,4,8,2,1,0,2,2,0
8006,6,4,9,2,10,0,0,1,2,3,1
8007,6,4,11,4,7,1,1,0,2,2,0
8008,7,4,15,0,4,4,1,0,2,2,0
8009,9,4,9,2,10,0,1,1,2,2,0
8010,6,4,15,2,10,0,1,1,2,2,1
8011,8,5,11,0,4,3,1,0,2,2,0
8012,5,4,11,4,7,3,0,1,2,2,0
8013,6,4,9,0,12,1,0,1,1,2,0
8014,10,4,15,0,1,1,1,1,1,2,0
8015,6,4,11,2,5,0,1,1,3,2,1
8016,4,5,9,4,4,1,1,1,2,2,1
8017,4,4,4,4,7,3,1,1,2,2,0
8018,4,4,15,4,1,1,1,0,1,2,0
8019,6,4,8,2,1,5,1,0,2,2,1
8020,9,4,8,0,12,1,1,1,2,2,0
8021,5,4,9,2,3,0,1,1,1,2,1
8022,10,4,12,2,12,0,1,1,2,2,0
8023,11,4,8,5,1,1,0,0,2,2,0
8024,12,5,7,2,4,0,1,1,2,2,0
8025,7,4,9,4,4,1,1,1,2,2,1
8026,8,6,9,2,4,0,1,1,2,2,1
8027,7,4,11,5,9,1,1,0,2,2,1
8028,11,4,15,6,6,4,1,0,2,2,0
8029,8,4,15,2,10,0,1,1,2,2,1
8030,6,1,11,2,1,0,1,1,2,2,1
8031,4,4,9,4,4,3,1,1,2,2,0
8032,5,4,9,2,4,0,0,1,0,2,0
8033,9,4,9,1,1,4,1,0,2,2,0
8034,8,4,15,2,1,0,1,1,2,2,0
8035,8,4,11,4,6,3,1,1,2,2,0
8036,9,4,11,2,3,0,1,1,3,2,1
8037,10,2,11,2,14,0,1,1,2,2,0
8038,5,0,4,4,0,1,1,0,2,2,0
8039,9,4,8,2,8,0,1,1,2,2,0
8040,4,4,8,5,10,4,1,0,1,2,0
8041,6,4,15,2,4,0,1,1,2,2,0
8042,9,4,0,2,3,0,1,1,2,2,0
8043,8,4,11,2,8,0,1,1,2,2,1
8044,3,5,11,4,4,3,1,0,0,2,0
8045,4,4,12,4,10,3,1,0,2,2,0
8046,8,4,9,2,3,0,0,1,2,2,1
8047,7,4,15,4,7,3,1,0,2,2,0
8048,6,1,15,4,1,3,1,0,1,1,0
8049,5,6,12,2,12,0,1,1,2,2,1
8050,4,5,7,4,12,3,1,1,1,2,1
8051,11,4,15,2,1,5,1,0,2,2,0
8052,10,4,15,0,1,4,1,0,2,2,0
8053,8,7,14,2,10,0,1,1,3,2,0
8054,3,1,9,4,13,3,1,0,3,2,0
8055,5,4,9,4,13,3,1,1,2,2,0
8056,8,4,11,2,8,0,1,1,2,2,0
8057,4,4,15,4,13,1,1,0,1,2,0
8058,6,4,11,2,7,0,0,1,3,2,1
8059,10,4,11,2,6,0,1,1,2,2,0
8060,8,4,15,0,8,4,1,0,2,2,0
8061,9,4,9,2,12,0,1,1,2,2,0
8062,10,7,12,0,10,1,1,1,2,2,0
8063,4,4,15,4,13,1,1,0,2,2,0
8064,10,4,9,0,12,4,1,0,2,2,1
8065,5,4,7,2,12,0,1,1,2,2,0
8066,4,4,15,4,1,1,1,0,0,2,0
8067,4,2,11,4,4,4,1,0,2,2,0
8068,7,4,15,5,1,4,1,0,2,2,0
8069,8,4,11,2,6,0,1,1,2,2,0
8070,4,4,15,4,1,3,1,0,1,2,0
8071,11,4,15,2,1,0,1,1,2,2,0
8072,4,1,15,2,3,0,1,1,1,2,0
8073,6,4,8,4,4,3,1,1,1,2,0
8074,8,4,11,2,3,0,1,1,2,2,1
8075,4,4,15,4,1,1,1,0,2,2,0
8076,11,4,0,2,7,0,1,1,2,2,1
8077,4,0,12,4,0,3,1,0,2,2,0
8078,5,4,11,4,3,1,1,1,1,2,0
8079,8,4,15,2,13,0,1,1,2,2,1
8080,4,4,15,4,5,1,0,1,2,2,0
8081,11,4,11,0,13,3,1,1,2,2,0
8082,12,4,12,0,10,3,1,0,2,2,0
8083,8,7,15,5,1,3,1,1,2,2,0
8084,8,4,15,2,6,0,0,1,2,0,0
8085,6,1,15,2,4,0,1,1,2,2,1
8086,9,4,8,0,7,1,0,1,1,2,0
8087,11,2,11,2,11,0,1,1,2,2,1
8088,14,4,11,6,7,1,1,1,0,2,0
8089,6,4,11,2,14,0,1,1,2,2,1
8090,5,4,12,4,10,1,1,1,2,2,0
8091,8,4,11,2,3,0,1,1,1,2,1
8092,18,4,11,2,7,5,0,0,2,0,0
8093,5,0,11,2,0,5,1,0,2,2,0
8094,6,4,11,2,11,0,1,1,3,2,0
8095,11,4,15,2,8,5,1,0,0,2,1
8096,9,6,3,2,3,0,0,1,2,2,1
8097,4,5,9,4,10,3,1,0,2,2,0
8098,11,4,12,6,4,4,1,0,2,1,0
8099,6,4,8,2,1,5,1,0,4,2,0
8100,9,4,15,2,3,0,1,1,1,2,1
8101,8,4,15,2,1,5,1,0,2,2,1
8102,9,5,11,2,12,0,1,1,2,2,0
8103,10,4,1,0,14,3,1,1,2,2,0
8104,12,4,15,2,12,0,1,1,3,2,1
8105,4,6,9,4,8,1,1,0,0,2,0
8106,5,4,11,0,1,1,1,0,0,0,0
8107,11,2,15,2,11,0,1,1,2,2,0
8108,5,4,15,4,1,2,1,0,2,2,0
8109,5,2,0,4,11,2,0,1,2,0,0
8110,4,6,1,4,0,3,1,0,2,2,0
8111,4,4,1,4,7,1,1,1,1,2,0
8112,9,4,1,0,3,4,1,1,3,2,0
8113,8,6,15,0,4,4,1,1,2,2,0
8114,5,4,11,4,1,4,1,0,1,2,0
8115,12,4,15,2,14,0,1,1,2,1,1
8116,8,4,11,2,6,0,1,1,1,2,0
8117,3,0,15,4,0,1,1,0,1,2,0
8118,9,4,11,0,14,3,1,1,1,2,0
8119,5,4,11,2,4,0,1,1,2,2,0
8120,7,4,11,0,3,4,1,1,2,2,0
8121,12,6,11,2,3,0,1,1,2,2,1
8122,6,4,9,2,7,0,1,1,2,2,0
8123,8,2,9,4,10,3,1,0,2,2,0
8124,3,7,15,4,1,3,1,0,2,2,0
8125,5,4,15,4,1,3,1,0,2,2,0
8126,4,6,14,4,3,3,1,1,1,2,0
8127,7,4,1,2,8,0,1,1,1,2,1
8128,12,4,9,5,10,4,1,0,2,2,0
8129,9,4,5,2,7,0,1,1,2,2,0
8130,4,4,15,4,6,3,1,1,1,2,0
8131,4,1,11,4,10,3,1,0,2,2,0
8132,9,4,5,0,12,4,1,1,2,2,0
8133,7,5,7,2,3,0,1,1,2,3,0
8134,4,4,11,4,4,4,0,0,1,0,0
8135,7,4,9,0,1,4,1,0,2,2,0
8136,10,4,14,0,10,1,1,0,2,2,0
8137,12,4,15,6,3,1,1,1,2,2,0
8138,7,4,8,0,1,4,1,0,2,2,1
8139,7,4,11,5,1,4,1,0,2,2,0
8140,11,2,15,2,11,0,1,1,2,2,1
8141,8,4,9,2,1,0,1,1,2,2,1
8142,10,4,12,0,10,4,1,1,2,2,0
8143,12,4,9,2,4,0,1,1,2,2,0
8144,9,0,11,4,0,3,1,0,2,2,0
8145,5,4,6,2,3,0,1,1,2,2,1
8146,4,4,15,0,3,4,1,0,1,2,0
8147,8,4,15,2,12,0,1,1,1,2,0
8148,12,4,11,6,3,4,0,1,2,2,1
8149,10,7,15,2,8,0,1,1,1,2,1
8150,10,4,9,3,6,4,1,1,2,2,0
8151,6,4,11,2,1,0,1,1,2,2,1
8152,8,4,4,5,8,3,1,0,1,2,0
8153,9,4,11,0,3,1,1,1,2,2,0
8154,13,4,15,2,7,0,1,1,2,2,0
8155,5,4,11,4,9,3,1,0,2,2,0
8156,11,4,11,2,7,5,1,0,2,2,0
8157,6,4,11,2,6,0,1,1,2,2,0
8158,7,4,11,2,4,0,1,1,2,2,0
8159,12,4,11,2,3,0,1,1,3,2,0
8160,7,4,11,2,4,5,0,0,2,2,1
8161,4,4,11,4,3,1,1,1,1,2,0
8162,10,4,15,2,12,5,0,0,3,2,1
8163,9,4,11,2,14,0,1,1,2,2,0
8164,6,0,15,4,0,3,1,0,1,2,0
8165,5,4,15,4,7,1,1,0,2,2,0
8166,10,6,11,5,14,1,1,1,2,2,1
8167,6,4,11,2,7,0,1,1,2,2,1
8168,4,4,15,4,4,3,1,1,1,2,0
8169,9,6,11,2,12,0,1,1,2,2,0
8170,14,1,12,6,4,1,1,1,1,2,0
8171,6,4,9,2,4,0,0,1,2,2,0
8172,5,4,7,6,12,1,1,1,1,2,0
8173,7,4,15,2,8,5,1,0,2,4,1
8174,8,5,11,0,6,1,1,1,2,2,0
8175,7,4,14,4,10,3,0,1,2,2,0
8176,3,6,9,4,12,1,1,0,0,2,0
8177,5,2,11,2,14,0,1,1,2,2,1
8178,5,6,8,4,13,3,0,0,1,2,0
8179,7,4,11,2,7,0,1,1,2,2,0
8180,5,4,11,4,3,3,1,1,1,2,0
8181,3,2,9,4,3,3,1,1,0,2,0
8182,9,4,15,2,12,0,1,1,4,2,0
8183,7,4,11,6,1,4,1,0,2,2,0
8184,4,4,11,4,8,1,1,1,2,2,0
8185,14,4,11,2,14,0,1,1,2,2,1
8186,4,4,1,4,8,3,0,0,1,2,0
8187,3,4,11,4,8,3,1,1,1,2,0
8188,4,4,5,4,7,3,1,1,2,2,0
8189,7,4,10,0,10,4,0,0,2,2,0
8190,7,2,15,4,11,2,1,0,2,2,0
8191,5,1,14,0,10,1,1,1,2,2,0
8192,6,4,11,4,8,3,1,0,2,2,0
8193,12,4,15,2,10,0,1,1,0,2,1
8194,6,1,7,2,11,0,1,1,2,2,1
8195,8,0,11,2,0,0,1,1,2,2,1
8196,8,5,11,2,5,0,1,1,2,2,1
8197,8,4,5,2,6,0,1,1,3,2,1
8198,4,2,12,4,4,4,1,0,2,2,0
8199,10,4,4,0,3,1,1,1,2,2,0
8200,5,4,15,4,1,3,1,0,2,2,0
8201,4,4,0,4,6,3,0,0,1,2,0
8202,5,4,11,2,3,0,1,1,2,2,0
8203,10,4,9,2,12,0,1,1,2,2,0
8204,9,4,11,0,3,4,1,1,2,2,0
8205,10,4,11,2,8,0,1,1,3,2,0
8206,6,6,5,4,5,3,1,1,1,2,0
8207,6,1,11,2,3,0,1,1,2,2,0
8208,10,4,11,2,7,0,1,1,2,2,1
8209,7,0,0,2,0,5,1,0,2,2,1
8210,4,4,11,2,10,0,1,1,1,4,1
8211,3,2,11,4,1,3,1,0,1,2,0
8212,7,4,0,2,14,0,1,1,0,2,0
8213,3,7,9,4,10,3,1,0,2,2,0
8214,11,4,15,2,8,5,0,0,2,2,1
8215,5,4,1,4,6,3,1,1,2,2,0
8216,10,4,11,2,4,0,0,1,2,2,0
8217,9,4,11,2,14,0,1,1,1,2,0
8218,6,4,9,0,4,4,1,1,2,2,0
8219,3,4,9,4,12,3,1,0,3,2,0
8220,7,5,9,2,4,0,1,1,2,2,1
8221,10,1,11,0,8,2,0,0,2,2,0
8222,9,7,9,2,12,0,1,1,2,2,0
8223,4,1,15,4,1,1,1,0,1,2,0
8224,8,4,9,2,10,0,1,1,3,2,0
8225,13,4,11,2,7,0,1,1,1,3,1
8226,6,4,11,4,8,1,1,0,2,2,0
8227,7,4,1,6,14,1,1,0,2,2,0
8228,11,4,15,2,14,0,1,1,1,2,0
8229,9,6,6,2,5,0,1,1,2,2,1
8230,5,4,15,2,6,0,1,1,2,2,0
8231,3,4,11,4,7,3,0,1,1,0,0
8232,5,2,15,4,1,4,1,0,2,2,0
8233,4,2,9,2,10,0,1,1,2,2,1
8234,5,6,6,4,5,3,1,1,2,2,0
8235,5,4,15,5,12,0,0,1,2,2,1
8236,4,4,15,4,14,3,1,1,2,2,0
8237,7,4,15,2,7,0,1,1,2,2,1
8238,8,4,9,2,10,0,1,1,2,2,1
8239,12,4,9,2,10,0,1,1,1,2,0
8240,5,1,9,4,3,1,1,1,2,2,0
8241,6,4,11,2,5,0,1,1,2,1,0
8242,4,7,8,4,1,4,1,1,1,2,0
8243,6,4,9,4,10,3,1,0,2,2,0
8244,3,4,15,4,12,2,1,0,1,2,0
8245,5,2,11,2,3,0,1,1,2,2,0
8246,6,7,12,4,4,1,1,1,2,2,0
8247,10,4,9,0,4,1,1,0,2,2,0
8248,6,4,7,4,1,3,0,0,3,2,0
8249,7,0,1,4,0,4,0,1,2,2,0
8250,11,4,11,6,8,4,1,0,2,2,0
8251,6,4,11,2,3,0,1,1,2,2,1
8252,3,4,11,4,7,3,0,1,1,2,0
8253,4,4,1,2,8,0,1,1,2,2,0
8254,8,4,11,2,3,0,1,1,3,2,0
8255,5,4,7,4,3,1,0,1,2,2,0
8256,8,5,8,2,12,0,1,1,2,2,1
8257,12,4,15,2,8,0,1,1,2,2,0
8258,10,4,7,2,4,0,1,1,4,2,0
8259,11,4,9,4,4,1,1,1,1,1,0
8260,6,2,12,2,10,0,1,1,2,2,0
8261,8,2,9,2,4,0,1,1,2,2,0
8262,4,7,12,4,10,4,1,0,2,2,0
8263,6,4,11,2,3,0,1,1,2,2,1
8264,4,6,11,4,5,1,1,1,2,2,0
8265,4,4,12,4,4,3,1,1,2,2,0
8266,6,6,11,0,4,1,1,0,2,2,0
8267,11,4,1,4,14,1,1,1,1,2,0
8268,9,4,9,0,3,4,1,1,2,2,0
8269,8,4,11,2,8,0,1,1,2,1,1
8270,11,4,11,0,13,1,1,0,2,2,0
8271,9,2,11,2,11,0,1,1,2,1,1
8272,9,7,15,2,13,5,1,0,2,2,0
8273,13,5,9,2,4,0,1,1,2,2,1
8274,7,4,0,2,4,0,1,1,2,2,0
8275,5,4,11,4,8,3,1,0,2,2,0
8276,4,4,12,4,10,3,1,0,1,2,0
8277,5,4,14,2,13,0,1,1,2,2,1
8278,5,4,15,4,1,1,1,1,2,2,0
8279,11,4,15,2,12,0,1,1,2,2,1
8280,4,4,1,4,8,3,1,0,1,2,0
8281,10,0,8,0,0,1,1,1,2,2,0
8282,7,4,15,2,12,0,1,1,2,2,0
8283,6,4,15,4,7,3,0,0,2,0,0
8284,12,4,10,2,4,0,1,1,2,2,0
8285,5,4,9,4,1,1,1,0,1,2,0
8286,5,4,11,2,4,5,1,0,2,2,1
8287,8,4,11,2,3,0,1,1,2,2,0
8288,6,4,11,2,7,0,1,1,2,2,1
8289,6,5,1,2,4,0,1,1,2,2,1
8290,6,4,6,2,14,0,1,1,2,2,0
8291,7,2,11,4,1,3,1,0,2,2,0
8292,4,4,15,4,3,2,1,1,1,2,0
8293,9,4,8,2,3,0,1,1,2,2,0
8294,10,5,11,0,12,1,1,0,2,2,0
8295,8,5,14,2,10,0,1,1,2,2,0
8296,5,4,8,4,10,1,1,0,2,2,0
8297,15,4,15,6,7,1,1,1,3,2,1
8298,6,4,11,2,4,0,1,1,2,2,1
8299,11,6,7,0,13,1,1,1,3,2,0
8300,6,4,11,4,1,3,1,1,2,2,0
8301,5,4,15,2,1,5,1,0,2,2,0
8302,8,4,10,3,5,1,1,1,2,2,0
8303,12,4,15,2,13,0,1,1,2,2,1
8304,10,4,15,2,4,0,1,1,1,2,1
8305,4,2,1,4,9,1,1,0,1,2,0
8306,7,4,15,2,12,0,1,1,3,2,1
8307,10,4,9,0,13,1,0,0,2,0,0
8308,10,4,11,2,6,0,1,1,2,2,0
8309,5,4,11,0,1,4,1,0,2,2,0
8310,10,4,1,2,8,0,1,1,1,2,0
8311,8,4,9,2,11,0,1,1,2,1,1
8312,9,4,11,2,8,0,1,1,2,2,0
8313,7,2,12,0,4,1,1,0,3,2,0
8314,9,7,11,2,1,5,1,0,2,2,0
8315,9,4,11,2,5,0,1,1,2,2,0
8316,8,2,12,2,10,5,1,0,2,2,1
8317,6,4,15,0,14,1,1,1,2,2,0
8318,4,4,8,4,3,3,1,1,3,2,0
8319,8,5,11,2,8,0,1,1,2,2,1
8320,11,4,8,2,1,0,1,1,1,2,1
8321,5,4,9,4,13,3,1,0,2,2,0
8322,15,4,9,6,1,4,1,0,1,2,0
8323,5,5,5,4,7,1,1,1,1,2,0
8324,7,4,8,2,13,0,1,1,3,2,0
8325,9,4,11,0,12,1,1,1,2,2,0
8326,12,7,9,6,4,1,1,0,2,1,0
8327,10,4,15,2,6,0,1,1,1,2,1
8328,10,4,7,2,4,0,1,1,2,2,1
8329,7,4,15,2,6,0,1,1,2,2,1
8330,9,4,11,4,3,1,0,1,2,2,0
8331,7,7,9,2,10,0,1,1,2,2,0
8332,8,4,11,0,8,4,1,0,2,2,0
8333,7,4,15,2,11,0,1,1,2,2,0
8334,5,4,11,4,14,4,1,1,2,2,0
8335,8,4,4,2,14,0,0,1,2,0,1
8336,4,4,0,4,8,1,1,0,2,2,0
8337,15,2,10,3,10,3,1,1,2,2,0
8338,6,4,2,2,6,0,1,1,2,1,0
8339,9,6,9,2,4,0,1,1,2,2,1
8340,7,4,11,4,3,1,1,1,2,2,0
8341,7,4,15,2,12,0,1,1,2,2,0
8342,9,0,15,2,0,5,1,0,2,2,0
8343,10,4,8,0,4,1,1,1,2,2,0
8344,6,4,11,4,6,3,1,1,2,2,0
8345,4,4,15,4,3,1,1,1,0,2,0
8346,11,4,15,6,1,1,1,0,2,2,0
8347,7,4,11,2,14,0,1,1,2,2,0
8348,7,2,5,2,14,0,1,1,2,2,1
8349,12,7,12,0,10,3,1,1,2,2,0
8350,8,0,11,2,0,0,1,1,2,2,0
8351,8,4,11,0,4,4,1,1,2,2,0
8352,10,4,11,5,1,4,1,0,2,2,0
8353,6,4,15,2,1,0,0,1,2,2,1
8354,6,6,11,2,3,0,1,1,3,2,0
8355,10,4,11,0,1,4,1,1,2,2,0
8356,7,4,15,2,8,0,0,1,2,3,1
8357,9,1,0,2,3,0,1,1,2,1,1
8358,6,7,15,3,1,1,0,0,2,2,0
8359,7,4,6,5,4,4,1,0,2,2,0
8360,9,4,15,2,7,5,1,0,2,2,1
8361,7,4,15,6,10,1,1,1,0,2,0
8362,12,4,12,2,4,0,1,1,2,2,1
8363,9,4,15,2,5,0,1,1,2,2,0
8364,15,4,12,6,4,4,0,0,0,2,0
8365,5,4,15,4,1,4,1,0,2,2,0
8366,12,4,11,6,4,4,1,1,2,2,0
8367,8,4,15,2,7,0,1,1,2,2,0
8368,7,4,15,0,8,4,0,0,2,2,0
8369,3,4,15,4,4,1,1,1,0,2,1
8370,10,4,11,2,7,0,1,1,2,2,1
8371,11,4,11,0,1,1,1,1,1,2,0
8372,3,4,11,4,3,3,1,1,0,1,0
8373,7,4,11,2,8,0,1,1,2,2,1
8374,13,4,9,2,4,5,1,0,0,2,1
8375,5,4,15,2,10,0,1,1,2,2,1
8376,4,4,11,4,3,3,1,1,1,2,0
8377,11,0,12,0,0,4,0,0,2,2,0
8378,11,4,1,2,1,0,1,1,2,2,1
8379,9,4,15,2,14,0,1,1,2,2,1
8380,6,4,11,2,3,0,1,1,2,2,0
8381,4,4,14,4,10,1,1,0,2,2,0
8382,4,2,11,4,10,2,1,1,1,2,0
8383,5,4,11,4,12,1,1,0,2,2,0
8384,4,0,7,4,0,2,1,1,2,2,0
8385,7,4,11,2,6,0,0,1,2,2,1
8386,6,4,8,4,12,1,0,0,1,2,0
8387,5,4,14,4,10,3,0,0,1,2,0
8388,7,1,15,2,1,0,1,1,1,2,0
8389,9,2,10,2,10,0,1,1,2,2,0
8390,10,4,11,0,8,1,1,1,1,2,0
8391,6,4,15,2,6,0,1,1,1,2,0
8392,5,7,9,4,10,1,1,0,2,2,0
8393,6,4,9,2,4,0,0,1,3,0,0
8394,6,4,11,4,12,4,1,0,3,2,0
8395,8,4,11,0,13,1,0,1,2,0,0
8396,4,6,11,2,3,0,1,1,1,2,1
8397,3,1,1,4,12,3,1,0,1,2,0
8398,10,6,15,2,12,0,1,1,2,2,0
8399,8,4,11,2,14,0,1,1,2,2,1
8400,9,7,15,4,1,3,1,1,2,2,0
8401,11,4,9,2,10,0,1,1,0,2,1
8402,4,4,4,4,3,1,1,1,2,2,0
8403,4,4,15,4,3,1,1,1,1,2,0
8404,11,4,11,2,3,0,1,1,3,2,1
8405,8,4,11,2,7,0,1,1,2,2,1
8406,8,4,12,2,4,5,1,0,3,2,0
8407,6,4,15,0,12,4,1,0,2,2,0
8408,3,4,9,4,13,3,0,0,2,2,0
8409,7,4,11,2,3,0,1,1,2,2,0
8410,8,4,11,2,3,0,1,1,2,2,1
8411,3,4,11,4,7,1,0,1,0,2,0
8412,11,5,15,0,7,2,0,1,2,2,0
8413,10,4,15,2,8,5,1,0,2,2,0
8414,8,6,2,0,8,1,1,0,2,2,1
8415,4,7,9,4,10,1,0,0,2,2,0
8416,8,4,15,0,12,4,1,0,2,2,0
8417,4,4,15,2,6,0,1,1,2,2,0
8418,9,5,11,0,4,4,1,0,2,2,0
8419,6,4,2,4,9,3,1,0,2,2,0
8420,9,4,15,2,12,5,1,0,2,2,0
8421,4,4,11,4,12,4,1,0,2,2,0
8422,10,4,1,2,3,0,1,1,2,2,0
8423,4,4,11,4,6,3,1,1,2,2,0
8424,12,6,8,2,1,0,1,1,1,2,1
8425,8,5,9,4,4,4,1,0,3,2,0
8426,9,4,12,6,10,1,1,0,2,2,1
8427,4,4,1,4,8,3,1,0,2,2,0
8428,11,4,15,2,8,5,1,0,2,2,0
8429,4,4,11,4,7,3,1,1,2,2,0
8430,9,4,11,2,12,0,1,1,2,2,1
8431,7,4,0,2,7,0,1,1,2,2,0
8432,8,4,11,4,12,3,1,0,2,1,0
8433,9,4,15,2,4,0,1,1,2,2,1
8434,4,4,11,4,1,4,1,0,1,2,0
8435,7,4,0,0,7,4,1,0,2,2,0
8436,7,4,11,2,10,0,1,1,1,2,0
8437,11,4,12,2,4,0,1,1,2,2,1
8438,4,4,11,4,7,3,0,1,2,2,0
8439,10,4,9,4,4,1,1,0,2,2,0
8440,7,4,2,2,7,0,1,1,2,2,0
8441,7,4,11,2,14,0,1,1,1,2,1
8442,6,4,15,2,4,0,1,1,2,2,1
8443,3,4,3,4,7,1,1,1,2,2,1
8444,8,4,11,0,14,1,1,1,2,2,0
8445,4,4,9,4,10,1,1,0,1,1,0
8446,5,4,7,0,4,1,1,1,2,2,0
8447,16,2,9,2,10,0,1,1,1,2,0
8448,9,4,9,0,1,1,1,0,2,2,0
8449,11,4,11,0,8,1,1,0,2,2,0
8450,8,6,11,2,13,5,1,0,2,2,0
8451,9,4,15,2,12,0,0,1,2,2,0
8452,7,4,1,2,3,0,1,1,2,2,0
8453,8,2,9,2,10,0,0,1,2,2,0
8454,5,4,9,4,4,1,1,1,2,2,0
8455,5,4,9,4,10,1,0,1,2,0,0
8456,6,4,9,4,1,1,1,1,3,2,0
8457,6,1,11,2,4,0,1,1,3,2,1
8458,7,2,11,3,8,1,0,0,2,2,0
8459,6,4,6,0,14,1,1,1,2,2,0
8460,10,4,11,0,1,4,1,0,2,2,0
8461,8,4,0,4,14,1,1,1,1,2,0
8462,10,4,15,2,4,0,1,1,2,2,1
8463,5,4,9,4,13,1,1,0,2,2,0
8464,8,4,15,2,8,0,1,1,2,2,0
8465,6,4,9,2,12,0,1,1,2,2,0
8466,11,4,12,2,7,0,1,1,2,2,1
8467,7,4,9,2,4,0,1,1,3,2,1
8468,7,4,11,2,3,0,1,1,1,2,0
8469,9,4,12,0,4,1,1,1,2,2,0
8470,5,4,1,4,3,3,0,1,2,2,0
8471,7,4,11,2,8,0,1,1,2,2,0
8472,8,4,15,2,4,5,0,0,2,2,1
8473,14,4,7,2,13,0,1,1,1,2,1
8474,7,4,11,4,8,1,1,0,2,2,0
8475,8,4,12,0,12,4,1,0,2,2,0
8476,4,4,0,4,1,3,1,0,1,2,0
8477,10,4,9,0,12,1,1,1,2,2,0
8478,5,4,11,4,7,4,0,1,2,2,0
8479,3,0,9,4,0,4,1,0,0,2,0
8480,9,6,7,2,5,0,1,1,2,2,0
8481,8,4,1,2,6,0,1,1,2,2,1
8482,4,2,7,4,1,4,1,0,2,2,0
8483,6,4,15,3,12,0,1,1,2,2,0
8484,12,4,11,2,5,0,1,1,3,2,0
8485,8,4,11,2,3,0,1,1,2,2,0
8486,9,2,9,2,10,0,1,1,2,2,1
8487,7,5,14,0,12,1,1,0,2,2,0
8488,11,6,9,2,12,0,1,1,2,2,1
8489,5,4,15,4,1,1,1,0,2,2,0
8490,6,4,15,2,6,0,1,1,2,1,0
8491,4,4,7,4,7,1,1,0,1,2,0
8492,10,4,11,2,3,0,1,1,2,2,0
8493,8,4,8,2,3,0,1,1,2,2,1
8494,8,4,11,0,8,4,1,1,3,2,0
8495,4,6,15,4,12,3,1,0,0,2,0
8496,9,4,15,0,1,1,1,0,2,2,0
8497,7,4,15,2,7,0,1,1,1,2,1
8498,5,2,15,4,1,1,1,0,1,2,0
8499,7,4,11,4,4,3,1,1,2,2,0
8500,7,2,11,0,4,3,1,0,1,2,0
8501,9,4,1,0,8,1,1,0,2,2,1
8502,8,4,12,3,10,1,1,0,1,2,0
8503,4,2,11,4,11,1,1,1,2,2,0
8504,7,4,11,4,3,1,1,1,1,2,0
8505,5,2,7,2,10,0,1,1,2,2,0
8506,9,4,15,2,12,0,1,1,2,2,1
8507,7,1,11,2,12,0,1,1,2,2,1
8508,8,0,11,2,0,0,1,1,2,2,1
8509,12,4,9,2,10,0,1,1,1,2,0
8510,9,7,15,2,10,0,1,1,1,2,0
8511,6,4,11,4,12,1,1,0,2,2,0
8512,7,4,11,2,14,0,1,1,2,2,1
8513,6,4,11,2,3,0,1,1,2,2,0
8514,7,5,9,4,4,1,1,1,3,2,0
8515,7,2,11,0,12,1,0,0,2,2,0
8516,6,4,11,2,12,0,0,1,2,2,1
8517,4,4,9,4,4,3,1,0,1,2,0
8518,11,4,14,2,10,5,1,0,2,2,1
8519,9,4,11,0,8,4,0,0,1,2,0
8520,4,7,7,2,8,5,0,0,0,2,1
8521,11,4,11,5,8,1,1,1,2,2,0
8522,4,0,7,4,0,3,1,1,0,2,0
8523,7,1,9,0,10,3,1,0,3,2,0
8524,8,4,15,2,10,0,1,1,2,2,0
8525,5,5,11,4,4,3,1,0,2,2,0
8526,5,2,11,4,14,3,1,1,2,2,0
8527,8,1,15,2,1,0,1,1,2,2,1
8528,6,4,11,4,10,4,1,0,2,2,0
8529,5,4,15,4,1,1,1,0,3,2,0
8530,7,4,11,2,13,5,1,0,2,2,1
8531,7,4,0,2,14,0,1,1,2,2,1
8532,5,6,11,4,4,4,1,1,2,2,0
8533,5,4,9,0,13,1,0,0,2,4,0
8534,7,4,9,2,8,0,1,1,2,2,1
8535,5,7,14,2,10,0,1,1,2,2,0
8536,7,2,15,0,1,1,1,1,2,2,0
8537,8,4,15,2,14,0,1,1,2,2,1
8538,6,4,9,4,1,3,0,1,2,2,0
8539,8,4,15,2,13,0,0,1,2,2,0
8540,8,4,7,0,1,1,1,0,2,2,0
8541,4,0,15,4,0,3,1,1,1,2,0
8542,9,0,9,2,0,0,1,1,2,2,1
8543,6,4,11,2,7,0,1,1,2,2,0
8544,8,4,11,2,8,0,1,1,3,2,1
8545,9,4,8,2,3,0,1,1,2,2,0
8546,11,4,15,2,3,0,1,1,2,2,1
8547,12,6,11,2,8,5,1,0,2,2,0
8548,6,4,9,2,12,0,0,1,2,2,0
8549,14,4,11,6,12,1,1,1,0,2,0
8550,9,4,15,2,7,0,1,1,3,2,0
8551,7,4,8,4,1,3,1,0,2,2,0
8552,6,4,15,2,4,5,1,0,0,2,1
8553,5,4,15,2,6,0,1,1,2,2,1
8554,9,4,9,5,12,4,0,0,2,4,0
8555,7,4,11,2,3,0,1,1,2,2,1
8556,7,4,11,4,3,1,1,1,2,2,0
8557,6,6,11,2,4,0,1,1,2,2,1
8558,5,4,9,4,4,4,1,0,2,2,1
8559,4,1,11,2,14,0,1,1,2,2,1
8560,12,7,7,4,11,3,1,1,2,2,0
8561,9,4,15,0,13,4,0,0,2,2,0
8562,11,4,11,2,5,0,1,1,2,2,1
8563,11,6,9,4,10,3,1,0,2,2,0
8564,3,4,15,4,1,3,1,0,1,2,0
8565,4,4,14,4,10,1,1,1,2,2,0
8566,9,4,15,0,12,4,1,1,2,2,1
8567,5,2,9,0,1,4,0,0,2,2,0
8568,8,4,15,2,1,5,1,0,2,2,0
8569,11,2,0,2,5,0,0,1,2,2,1
8570,7,4,9,4,1,4,1,0,2,2,0
8571,11,7,9,0,8,1,1,0,2,2,0
8572,10,4,10,2,10,0,1,1,3,2,0
8573,11,4,9,0,10,1,1,1,2,2,0
8574,10,4,8,0,4,4,0,0,2,2,0
8575,9,4,8,2,8,0,1,1,3,2,0
8576,6,4,11,4,6,2,0,0,2,2,0
8577,8,4,9,0,9,4,1,0,2,2,0
8578,10,5,11,2,14,0,1,1,2,2,0
8579,7,4,1,2,6,0,1,1,2,2,1
8580,4,4,15,4,4,1,0,0,1,2,0
8581,8,4,2,3,8,4,1,0,2,2,0
8582,10,4,8,2,4,0,1,1,3,2,0
8583,6,4,5,2,14,0,1,1,2,2,0
8584,7,4,9,0,1,1,0,0,2,2,0
8585,5,2,9,4,3,1,1,1,2,2,0
8586,6,4,1,4,8,1,1,0,2,2,0
8587,5,4,11,4,8,2,1,0,2,2,0
8588,10,4,15,2,6,0,1,1,2,2,1
8589,8,4,15,0,4,4,0,1,2,2,0
8590,12,4,2,2,6,0,1,1,1,2,1
8591,8,4,11,2,14,0,1,1,2,2,0
8592,9,4,15,0,6,4,1,1,1,2,0
8593,6,4,12,2,10,0,1,1,2,2,0
8594,6,4,7,4,12,3,1,1,2,2,0
8595,8,4,11,0,1,1,1,0,2,2,0
8596,6,4,7,2,13,0,1,1,3,2,1
8597,9,4,9,2,7,0,1,1,2,2,0
8598,6,4,15,4,12,3,1,0,2,2,0
8599,9,4,11,4,3,3,0,1,1,2,0
8600,6,6,11,0,3,1,1,1,2,1,0
8601,10,6,5,2,3,0,1,1,2,2,1
8602,4,4,9,4,4,1,1,0,1,2,0
8603,6,1,12,0,10,1,1,1,1,2,0
8604,5,4,11,0,1,1,1,0,2,2,0
8605,3,6,6,4,5,1,1,1,2,2,0
8606,8,4,11,0,8,4,1,0,2,2,0
8607,9,4,11,0,4,4,1,1,2,2,0
8608,12,4,15,2,4,5,1,0,2,2,1
8609,9,4,0,0,4,4,1,0,2,2,0
8610,3,7,11,4,11,1,1,1,1,2,0
8611,4,4,11,2,7,0,1,1,2,2,0
8612,6,2,0,4,1,3,1,0,2,2,0
8613,7,4,9,2,10,0,1,1,2,2,1
8614,8,7,15,2,13,0,1,1,2,2,1
8615,4,4,9,4,10,1,0,0,2,2,1
8616,9,6,15,0,12,4,0,0,2,2,0
8617,10,4,11,0,6,3,1,1,3,2,0
8618,5,4,15,4,1,3,1,0,2,2,0
8619,7,4,15,4,3,1,1,1,2,2,0
8620,9,4,15,2,8,5,1,0,2,2,0
8621,5,4,14,4,10,1,1,0,1,2,0
8622,9,4,11,2,4,0,1,1,4,2,0
8623,7,4,11,0,1,1,0,0,2,2,0
8624,6,4,9,4,8,3,1,0,2,2,0
8625,10,1,11,2,1,5,1,0,2,2,0
8626,5,4,9,2,12,0,1,1,2,2,0
8627,4,4,12,4,10,4,1,0,2,2,0
8628,12,4,2,2,7,0,1,1,2,2,1
8629,6,4,9,4,12,4,1,0,2,2,0
8630,11,4,15,2,8,5,1,0,1,2,1
8631,4,4,9,4,10,3,1,1,2,2,0
8632,5,4,12,4,1,3,0,0,1,2,0
8633,4,0,5,4,0,2,1,0,2,2,0
8634,6,4,11,2,3,0,1,1,2,2,1
8635,10,4,15,2,12,0,1,1,3,2,0
8636,8,0,9,2,0,5,1,0,3,2,0
8637,9,5,15,2,12,0,1,1,2,2,1
8638,9,2,15,3,12,5,1,0,2,2,0
8639,11,4,9,6,9,1,1,0,2,2,0
8640,6,2,9,2,10,0,1,1,2,2,1
8641,7,6,1,4,8,4,0,0,2,2,0
8642,4,6,11,4,3,2,0,1,2,2,0
8643,14,4,11,0,3,4,0,1,2,0,0
8644,13,4,15,2,8,0,1,1,0,2,1
8645,7,4,11,2,1,0,1,1,2,2,1
8646,5,4,15,2,6,0,1,1,2,2,0
8647,7,7,1,2,3,0,1,1,2,2,0
8648,6,4,11,0,7,1,1,0,2,2,0
8649,12,4,11,2,10,0,1,1,2,1,0
8650,4,4,11,4,14,1,1,1,1,2,0
8651,7,0,3,2,0,5,1,0,1,2,1
8652,8,4,5,4,3,3,1,1,2,2,0
8653,11,4,3,2,8,5,1,0,2,2,1
8654,5,4,6,4,6,1,1,1,1,2,0
8655,3,4,15,4,6,3,1,1,1,2,0
8656,9,4,11,0,1,1,1,0,2,2,1
8657,6,4,15,2,1,0,1,1,2,2,1
8658,6,4,11,2,4,0,1,1,2,2,0
8659,8,4,11,0,12,1,1,1,1,2,0
8660,7,4,11,6,1,4,1,0,2,2,0
8661,8,4,4,2,7,0,1,1,2,2,0
8662,12,6,11,6,5,4,1,1,1,2,0
8663,6,4,15,2,3,0,1,1,1,2,0
8664,6,4,12,4,4,3,1,1,2,2,0
8665,8,4,8,2,3,0,1,1,2,2,1
8666,7,2,15,3,8,2,1,1,2,2,0
8667,6,4,15,0,8,4,1,0,2,2,0
8668,4,1,8,4,1,2,1,1,2,2,0
8669,11,4,15,2,8,0,1,1,2,2,1
8670,6,4,12,2,4,0,1,1,2,2,1
8671,5,4,11,2,3,0,1,1,1,2,0
8672,7,4,9,4,10,3,1,0,2,2,0
8673,6,0,1,2,0,0,1,1,2,2,1
8674,7,4,1,0,1,4,0,0,1,2,0
8675,3,0,8,4,0,3,1,0,2,2,0
8676,12,4,1,6,3,4,1,1,2,2,0
8677,8,6,11,2,14,0,1,1,2,2,0
8678,9,4,11,0,4,1,0,1,2,2,1
8679,11,5,12,2,4,0,1,1,2,2,0
8680,4,6,15,4,3,1,1,1,2,2,0
8681,5,0,11,4,0,2,0,0,2,2,0
8682,4,4,11,4,3,1,1,1,2,2,0
8683,3,4,11,4,6,1,1,1,0,2,0
8684,4,4,15,4,5,1,0,1,2,2,1
8685,6,4,11,2,6,0,0,1,2,0,1
8686,4,6,11,4,7,1,0,1,1,2,0
8687,6,4,11,2,5,0,1,1,2,2,0
8688,9,4,4,2,7,0,1,1,1,2,1
8689,7,4,9,4,4,3,1,0,2,2,0
8690,3,6,9,4,12,1,1,1,0,2,0
8691,7,4,15,0,6,1,1,0,2,2,0
8692,12,4,11,2,6,0,1,1,1,2,0
8693,7,4,0,0,5,1,1,1,1,2,0
8694,5,7,8,2,10,0,1,1,1,2,0
8695,5,4,1,4,8,2,1,1,2,3,0
8696,7,4,15,2,10,0,1,1,2,2,0
8697,12,4,11,0,8,1,1,0,2,2,0
8698,7,6,15,2,4,0,0,1,2,2,0
8699,10,4,15,0,7,1,1,1,2,2,0
8700,10,4,9,2,3,0,1,1,2,2,0
8701,5,4,15,4,3,1,1,1,3,2,0
8702,10,4,12,2,10,0,1,1,2,2,0
8703,4,4,11,4,3,3,1,1,2,2,0
8704,4,6,11,2,12,0,1,1,1,2,1
8705,7,7,15,4,1,3,1,0,2,1,0
8706,9,4,15,2,4,0,1,1,2,2,0
8707,4,4,11,4,10,1,1,1,1,2,0
8708,3,4,15,4,3,3,1,1,1,2,0
8709,7,4,11,2,3,0,0,1,2,2,0
8710,6,4,8,0,3,1,1,1,1,2,0
8711,7,4,15,2,7,0,1,1,2,2,0
8712,11,4,4,0,7,1,1,1,1,2,0
8713,11,4,11,2,7,0,1,1,2,2,1
8714,6,2,14,0,10,1,1,0,2,1,0
8715,6,2,12,0,10,1,1,1,2,2,1
8716,3,4,9,4,12,1,1,1,2,2,0
8717,12,4,1,3,8,1,1,0,2,2,0
8718,3,4,7,4,7,1,1,1,1,2,0
8719,7,4,11,0,3,1,1,1,3,2,0
8720,7,6,11,2,12,0,1,1,2,2,1
8721,4,4,11,4,1,4,1,1,2,2,0
8722,4,4,11,4,12,3,1,0,2,2,0
8723,14,4,9,6,9,1,1,0,1,2,0
8724,6,6,5,4,4,3,1,1,2,2,0
8725,5,4,10,4,10,1,0,1,3,2,0
8726,9,4,11,0,7,1,1,1,0,2,1
8727,5,6,11,2,5,0,1,1,1,2,1
8728,4,4,15,4,8,3,1,0,2,2,0
8729,8,4,15,2,3,0,1,1,2,2,0
8730,5,6,9,4,3,3,1,1,1,2,0
8731,4,2,15,4,8,3,1,0,2,2,0
8732,8,4,9,0,4,1,0,1,2,2,0
8733,4,7,10,4,10,3,1,1,2,2,0
8734,7,4,9,4,4,1,1,1,2,2,0
8735,3,4,15,4,8,4,1,0,1,2,0
8736,7,2,15,4,1,2,1,0,1,2,0
8737,7,4,9,4,3,2,0,1,2,2,0
8738,4,4,14,4,10,1,1,1,1,2,0
8739,4,4,4,4,7,1,1,0,2,2,0
8740,9,4,13,0,5,1,1,1,1,2,0
8741,4,4,15,4,8,4,1,0,2,2,0
8742,9,4,7,2,1,0,1,1,2,2,0
8743,7,2,11,2,1,0,0,1,2,2,0
8744,7,4,11,2,14,0,1,1,2,2,0
8745,12,6,15,2,8,5,1,0,2,2,0
8746,7,4,12,2,4,5,1,0,2,2,0
8747,6,4,9,4,1,3,1,0,1,2,0
8748,6,4,8,2,3,2,1,1,2,2,0
8749,5,4,11,2,8,0,1,1,0,2,1
8750,11,4,11,2,3,0,1,1,2,2,1
8751,8,4,11,2,1,5,1,0,2,4,0
8752,13,4,11,0,1,1,1,0,2,2,1
8753,12,4,11,0,1,4,0,0,1,2,0
8754,7,2,9,2,3,0,1,1,2,2,1
8755,14,6,15,2,10,0,1,1,1,2,0
8756,11,2,15,2,11,0,1,1,2,2,1
8757,12,0,8,6,0,4,1,1,2,2,0
8758,4,2,0,4,3,3,1,1,2,2,0
8759,5,4,9,4,8,3,1,1,1,2,0
8760,6,4,11,2,14,0,1,1,2,2,1
8761,9,4,8,2,3,0,1,1,1,2,1
8762,5,4,12,4,10,3,1,1,2,2,0
8763,7,4,12,4,4,1,1,1,3,2,0
8764,4,4,9,4,4,3,1,1,1,2,0
8765,10,4,15,2,6,0,1,1,2,2,0
8766,4,0,11,4,0,1,1,0,2,2,0
8767,6,4,9,2,12,0,1,1,1,2,1
8768,7,4,14,4,10,1,1,1,4,2,0
8769,4,4,15,4,1,1,1,0,1,2,0
8770,9,4,11,2,3,0,0,1,1,2,1
8771,6,4,8,4,3,3,1,1,2,2,0
8772,12,6,11,2,5,0,1,1,2,2,0
8773,7,4,11,2,5,0,1,1,2,2,0
8774,4,4,0,4,8,1,1,0,1,2,1
8775,8,4,11,2,12,0,1,1,2,2,1
8776,9,4,4,0,14,1,0,1,2,2,0
8777,4,5,11,4,3,2,1,1,1,2,0
8778,8,4,11,2,7,0,1,1,1,2,1
8779,10,4,11,0,6,1,1,1,2,2,0
8780,8,1,9,0,10,4,1,0,2,2,0
8781,12,4,15,2,6,0,1,1,2,2,1
8782,6,4,11,4,14,1,0,1,2,2,0
8783,9,4,9,2,10,0,1,1,2,2,1
8784,6,4,15,2,4,0,1,1,3,2,0
8785,6,4,1,0,8,4,1,0,1,2,1
8786,5,4,15,0,1,4,0,0,1,0,0
8787,7,4,15,2,3,0,0,1,0,2,0
8788,5,2,14,2,10,0,1,1,2,2,1
8789,10,4,9,2,3,0,1,1,0,2,0
8790,9,6,15,2,10,0,1,1,1,2,1
8791,4,4,11,4,1,1,1,0,2,2,0
8792,10,4,12,4,4,1,1,0,2,2,0
8793,7,4,9,5,1,4,1,0,2,2,0
8794,8,4,12,2,10,0,1,1,2,2,1
8795,3,4,0,4,1,1,1,0,1,2,0
8796,10,4,11,2,3,0,0,1,2,2,0
8797,14,4,9,6,4,4,1,1,0,2,0
8798,7,4,1,2,14,0,1,1,2,2,0
8799,6,4,15,0,12,1,0,1,2,4,0
8800,6,4,11,4,7,1,1,1,2,2,0
8801,11,4,9,2,4,0,1,1,1,2,0
8802,9,4,9,2,10,5,1,0,2,1,0
8803,6,2,12,4,10,3,1,1,2,2,0
8804,5,4,15,2,5,0,1,1,2,2,0
8805,6,4,12,2,10,0,1,1,2,2,0
8806,7,6,11,2,5,0,1,1,2,2,0
8807,5,4,15,4,8,3,0,0,2,2,0
8808,6,4,15,4,1,1,1,0,2,2,0
8809,8,4,15,2,7,0,0,1,2,2,1
8810,4,4,15,4,1,3,1,1,2,2,0
8811,10,4,11,2,14,0,1,1,2,2,1
8812,6,7,15,4,8,1,1,0,2,2,1
8813,16,4,15,2,4,0,1,1,1,2,1
8814,6,4,15,4,8,3,1,0,2,2,0
8815,8,4,15,0,12,1,0,0,2,2,0
8816,9,5,15,6,3,4,0,0,2,2,0
8817,8,4,11,0,9,1,1,0,2,2,0
8818,7,3,11,2,7,0,0,1,2,2,0
8819,11,4,11,2,1,0,1,1,2,2,1
8820,6,4,9,4,4,1,1,1,1,2,0
8821,9,7,11,2,13,0,1,1,2,2,0
8822,5,4,12,2,10,0,1,1,2,2,0
8823,5,4,8,2,3,0,1,1,3,2,0
8824,5,4,11,4,1,3,1,1,3,2,0
8825,7,4,6,2,6,0,1,1,2,2,1
8826,8,4,6,3,8,4,0,0,2,2,0
8827,5,4,11,4,14,3,1,1,1,2,1
8828,7,4,11,2,14,0,1,1,2,2,0
8829,6,4,15,2,8,0,1,1,2,2,0
8830,8,4,11,4,12,3,1,0,2,2,0
8831,9,4,11,0,7,4,1,1,2,2,0
8832,7,4,4,2,3,0,1,1,1,2,0
8833,4,6,15,4,8,3,1,1,2,2,0
8834,8,4,9,2,6,0,1,1,2,4,1
8835,4,4,15,4,4,3,1,0,2,2,0
8836,12,4,15,2,10,0,1,1,2,2,1
8837,9,4,11,0,3,1,1,1,3,2,0
8838,5,4,15,4,1,1,1,0,2,2,0
8839,9,4,15,2,3,0,1,1,3,2,0
8840,4,2,11,2,8,5,1,0,1,2,1
8841,5,1,15,4,1,3,1,1,2,2,0
8842,10,0,15,2,0,0,1,1,2,2,1
8843,7,4,1,2,8,0,1,1,2,2,1
8844,11,6,15,2,3,0,1,1,2,2,0
8845,10,4,15,2,8,0,1,1,2,2,1
8846,7,4,11,2,1,5,1,0,2,2,1
8847,10,4,9,2,1,0,1,1,2,2,1
8848,8,4,11,2,3,0,1,1,2,2,0
8849,18,4,11,4,7,3,0,0,3,0,0
8850,7,4,9,3,12,4,1,0,2,2,0
8851,8,4,11,2,5,0,1,1,2,2,0
8852,12,0,15,2,0,0,0,1,3,2,1
8853,10,6,11,2,5,0,1,1,2,2,0
8854,8,4,9,0,10,1,1,1,1,2,0
8855,13,4,11,2,7,0,1,1,2,2,0
8856,8,2,11,2,11,0,1,1,3,2,0
8857,7,4,11,0,9,4,0,0,2,2,0
8858,5,4,10,0,10,4,1,0,1,2,0
8859,7,4,8,2,3,0,1,1,2,2,0
8860,11,4,0,2,6,0,1,1,2,2,0
8861,10,1,11,5,1,4,1,0,2,2,0
8862,9,6,11,0,5,1,0,1,2,2,0
8863,7,4,11,0,6,1,0,0,3,2,0
8864,6,6,9,2,5,0,1,1,1,2,1
8865,7,4,11,2,4,5,1,0,3,2,1
8866,9,4,11,2,5,0,1,1,2,2,1
8867,6,2,9,0,4,1,1,1,2,2,0
8868,5,4,7,3,4,1,1,1,2,2,0
8869,10,2,14,0,10,1,1,1,3,2,0
8870,5,4,11,0,1,1,1,0,1,2,0
8871,4,4,11,2,7,0,1,1,1,2,0
8872,11,7,11,2,1,0,1,1,2,2,1
8873,3,6,3,4,5,3,1,0,1,2,0
8874,6,4,9,5,10,4,1,1,2,1,0
8875,7,1,12,2,10,0,1,1,1,2,1
8876,6,4,12,2,4,0,1,1,2,2,0
8877,4,4,11,2,12,0,1,1,1,2,0
8878,5,4,11,4,8,2,1,0,2,2,0
8879,6,4,15,4,1,2,0,0,2,1,0
8880,7,7,11,2,8,0,1,1,1,2,0
8881,5,2,15,4,10,3,1,1,2,2,0
8882,4,0,1,4,0,3,1,1,1,2,0
8883,9,7,8,6,3,1,1,1,2,2,0
8884,6,4,11,2,3,0,1,1,1,2,1
8885,5,4,7,2,3,0,1,1,2,2,0
8886,4,6,11,4,1,3,1,1,2,2,0
8887,11,4,0,0,8,1,1,0,2,2,0
8888,9,7,9,2,13,0,1,1,2,2,1
8889,7,4,15,0,12,1,1,1,2,2,0
8890,4,4,11,4,14,3,1,1,2,2,0
8891,8,4,15,2,10,0,1,1,2,4,0
8892,6,4,11,2,3,0,1,1,2,2,0
8893,6,4,11,4,8,3,1,0,2,2,0
8894,6,0,15,2,0,0,0,1,1,2,0
8895,8,4,11,3,8,1,1,0,1,2,0
8896,10,4,15,0,6,1,0,0,2,2,0
8897,10,4,11,0,5,4,0,1,2,2,0
8898,4,4,11,4,3,3,1,1,1,2,0
8899,10,4,15,2,1,0,1,1,2,2,0
8900,5,4,9,4,4,3,1,1,2,2,0
8901,9,4,9,2,10,0,1,1,2,2,1
8902,13,4,9,2,10,0,1,1,0,2,0
8903,8,4,15,2,12,5,1,0,2,2,0
8904,11,7,8,0,10,1,0,0,2,0,0
8905,12,7,7,2,14,0,1,1,3,2,1
8906,6,4,1,2,7,0,1,1,3,2,1
8907,8,5,14,2,4,0,1,1,2,2,0
8908,14,4,11,2,3,0,1,1,1,2,0
8909,5,4,12,2,10,5,1,0,2,0,1
8910,7,2,15,2,10,5,1,0,2,2,1
8911,5,5,15,4,4,1,1,1,2,2,0
8912,9,4,15,0,7,1,1,1,2,2,0
8913,5,7,7,2,11,0,1,1,2,2,0
8914,9,4,9,2,4,0,1,1,1,2,0
8915,4,6,9,5,3,1,1,1,2,2,0
8916,7,6,14,4,10,3,1,0,1,2,0
8917,11,2,7,0,10,4,1,0,2,2,0
8918,5,6,9,4,10,1,1,1,2,2,0
8919,12,4,11,0,8,4,1,0,1,2,0
8920,6,4,9,2,6,0,1,1,3,2,0
8921,4,4,15,2,7,0,1,1,2,2,0
8922,8,4,15,4,7,1,1,1,2,2,0
8923,8,4,12,2,4,3,1,1,2,2,0
8924,9,6,15,0,3,1,1,1,2,2,0
8925,4,4,5,4,6,3,1,1,0,2,0
8926,10,4,15,2,3,0,1,1,2,2,0
8927,4,1,9,4,1,1,1,1,1,2,0
8928,6,4,8,4,3,1,1,1,1,2,0
8929,3,5,11,4,4,1,1,1,0,2,1
8930,4,4,2,4,3,1,0,1,2,2,0
8931,9,4,11,0,8,1,1,1,1,2,0
8932,8,4,15,4,12,3,1,1,2,2,0
8933,9,4,14,2,4,0,1,1,2,2,0
8934,10,4,2,2,6,0,1,1,2,2,1
8935,8,4,11,2,4,0,1,1,2,2,1
8936,6,4,15,0,4,4,0,0,2,2,0
8937,7,4,11,2,6,0,1,1,2,2,0
8938,7,6,15,0,4,1,1,0,2,2,1
8939,15,4,15,2,8,0,1,1,1,2,1
8940,11,6,0,2,5,0,1,1,2,2,1
8941,6,0,5,0,0,1,1,0,1,2,0
8942,5,4,9,2,12,0,1,1,2,2,0
8943,4,4,15,4,8,4,1,0,2,2,0
8944,7,2,15,4,10,1,1,0,3,2,0
8945,9,5,9,5,4,1,1,1,2,2,0
8946,5,4,15,4,1,1,1,0,2,2,0
8947,9,4,11,4,8,1,1,1,2,2,0
8948,9,4,15,0,6,3,1,1,2,2,0
8949,8,4,11,2,11,0,1,1,3,2,1
8950,7,2,7,4,10,3,1,0,2,2,0
8951,6,0,11,4,0,3,1,1,2,2,0
8952,7,4,12,2,10,0,1,1,2,2,0
8953,7,4,15,2,12,3,1,1,3,2,0
8954,6,4,11,0,12,1,1,0,2,2,0
8955,8,4,11,0,6,4,0,1,3,2,0
8956,5,4,15,4,3,3,1,1,2,2,0
8957,3,4,12,4,10,3,0,0,2,2,0
8958,8,4,9,2,8,0,1,1,2,2,1
8959,11,4,0,2,7,0,1,1,2,2,0
8960,9,5,9,0,10,1,1,1,2,2,0
8961,5,4,9,2,4,0,1,1,2,2,1
8962,5,6,9,2,4,0,1,1,1,2,1
8963,12,5,15,0,12,4,1,0,0,2,0
8964,10,4,15,2,14,0,1,1,1,2,1
8965,5,4,1,2,6,0,1,1,2,2,1
8966,8,4,11,2,7,0,1,1,3,2,0
8967,10,4,14,4,12,3,1,1,2,2,0
8968,7,4,9,2,7,0,1,1,2,2,0
8969,8,2,9,0,4,3,0,1,2,4,0
8970,8,4,15,2,3,0,1,1,2,2,1
8971,9,4,11,0,7,4,1,1,2,2,0
8972,11,7,9,2,3,0,0,1,0,2,1
8973,12,6,11,2,3,0,1,1,2,2,1
8974,4,4,11,4,1,1,1,1,2,2,0
8975,7,4,2,2,14,0,1,1,2,2,0
8976,5,4,15,2,1,0,1,1,2,2,1
8977,7,4,11,2,3,0,1,1,2,0,0
8978,8,6,8,2,3,0,1,1,2,2,0
8979,11,4,8,0,1,4,1,0,2,2,0
8980,3,1,9,4,10,3,1,1,1,2,0
8981,8,4,9,5,3,4,1,0,2,2,0
8982,8,6,12,2,4,0,0,1,3,2,0
8983,12,4,11,0,3,4,1,0,1,2,0
8984,5,4,15,4,7,3,1,0,1,2,0
8985,5,4,2,4,9,3,1,0,2,2,0
8986,8,4,15,2,12,0,1,1,2,2,1
8987,4,4,15,4,12,3,1,0,0,2,0
8988,3,4,12,4,10,3,1,0,1,2,0
8989,10,4,8,4,10,1,0,1,2,2,0
8990,4,4,15,4,13,3,1,1,1,2,0
8991,5,1,9,4,1,1,1,0,2,2,0
8992,5,4,15,4,10,1,1,1,2,2,0
8993,9,4,11,2,1,0,1,1,2,2,0
8994,3,4,11,4,1,1,1,1,2,2,0
8995,5,4,11,4,8,4,1,0,2,2,0
8996,8,4,0,0,1,4,1,0,2,2,0
8997,8,2,8,2,11,0,1,1,2,2,1
8998,9,4,15,2,6,0,1,1,3,2,0
8999,7,4,9,2,12,0,1,1,3,2,1
9000,7,4,11,0,8,4,0,0,3,2,0
9001,4,4,11,4,12,4,1,0,0,2,0
9002,4,4,15,4,6,3,1,1,1,2,0
9003,3,7,9,4,1,3,1,0,1,2,0
9004,10,4,15,2,1,0,1,1,2,2,0
9005,6,4,1,2,8,0,1,1,2,2,1
9006,7,4,1,0,8,1,1,0,2,2,0
9007,9,4,11,0,4,4,0,0,1,2,0
9008,7,4,11,5,8,1,1,0,2,2,0
9009,10,4,9,2,4,0,1,1,3,2,0
9010,10,5,15,2,12,0,1,1,3,2,0
9011,7,4,15,2,7,0,1,1,4,2,1
9012,8,4,15,2,3,0,1,1,2,2,0
9013,7,4,8,2,3,0,1,1,2,2,1
9014,3,4,11,4,14,4,0,1,1,2,0
9015,9,0,11,2,0,0,0,1,2,2,0
9016,8,7,9,2,10,0,1,1,2,2,0
9017,4,4,11,4,3,1,0,1,1,2,0
9018,5,4,2,4,12,1,0,0,1,2,1
9019,5,2,7,2,13,5,1,0,2,2,1
9020,12,4,11,2,3,0,1,1,2,2,0
9021,10,2,15,0,8,1,1,0,2,0,0
9022,12,4,11,0,7,4,1,1,2,2,0
9023,5,4,15,2,12,0,1,1,2,2,0
9024,5,2,9,4,4,4,1,1,2,2,0
9025,7,4,5,4,7,3,1,1,2,2,0
9026,10,4,8,2,13,5,1,0,2,2,1
9027,3,4,0,4,3,3,1,1,1,2,0
9028,7,4,11,6,1,4,1,0,3,2,0
9029,9,6,11,2,3,0,1,1,2,2,0
9030,5,0,11,4,0,3,1,0,1,2,0
9031,15,4,4,4,3,1,1,1,1,2,0
9032,4,4,11,4,7,3,1,1,2,2,0
9033,5,6,1,4,8,3,1,0,2,2,0
9034,8,2,15,2,1,5,1,0,3,2,1
9035,9,4,1,0,1,1,1,0,2,2,1
9036,8,4,1,2,5,0,1,1,2,2,1
9037,8,1,9,0,10,1,1,1,3,1,0
9038,9,6,9,2,4,0,1,1,3,2,1
9039,8,4,9,6,1,1,1,0,2,2,0
9040,8,1,11,2,1,0,1,1,2,2,1
9041,7,6,5,2,5,0,1,1,1,2,0
9042,14,2,7,6,4,1,1,0,1,2,0
9043,4,4,11,4,14,3,1,1,0,2,0
9044,8,0,11,2,0,0,1,1,2,2,0
9045,11,6,11,2,4,0,1,1,2,2,0
9046,7,4,15,2,8,5,1,0,1,2,1
9047,5,4,15,2,6,0,1,1,0,2,0
9048,11,4,15,2,10,0,1,1,2,2,0
9049,3,4,11,4,8,1,1,1,1,2,0
9050,13,4,11,2,3,0,1,1,0,2,0
9051,12,4,8,2,7,0,1,1,2,2,1
9052,5,4,6,2,4,0,1,1,2,2,1
9053,8,4,15,4,12,1,1,0,1,2,1
9054,9,4,11,2,3,0,1,1,2,2,0
9055,10,4,9,2,1,0,1,1,3,2,1
9056,9,4,7,2,13,0,1,1,2,2,1
9057,8,1,12,0,1,4,1,0,2,2,1
9058,7,6,11,2,5,0,1,1,1,2,0
9059,4,4,7,0,12,4,1,0,0,2,0
9060,11,0,11,0,0,1,1,0,1,2,0
9061,6,0,15,5,0,1,1,1,2,2,0
9062,6,4,11,2,6,0,1,1,2,2,0
9063,7,4,11,2,7,5,1,0,2,2,0
9064,6,4,9,2,4,5,1,0,1,2,0
9065,8,4,11,2,14,0,1,1,0,2,0
9066,11,4,9,2,4,0,1,1,2,0,0
9067,7,4,0,2,5,5,1,0,2,2,0
9068,10,4,8,0,4,1,1,1,2,2,0
9069,9,2,7,2,1,0,1,1,2,2,0
9070,7,5,12,2,10,0,1,1,1,2,0
9071,10,4,11,0,14,1,1,1,2,2,0
9072,5,4,11,4,1,3,0,0,1,2,0
9073,6,4,15,4,3,4,1,1,3,2,0
9074,5,4,11,4,7,1,1,1,2,2,0
9075,6,7,7,3,14,4,1,1,2,2,0
9076,5,4,15,4,1,3,1,0,2,2,0
9077,9,2,2,2,8,0,1,1,2,2,0
9078,3,4,11,4,8,4,1,0,1,2,0
9079,5,4,11,4,3,1,1,1,2,2,0
9080,7,2,9,2,10,0,1,1,2,2,1
9081,5,4,5,2,14,0,1,1,2,1,0
9082,6,4,15,4,1,1,1,0,2,2,0
9083,8,4,9,0,10,1,1,1,2,2,0
9084,8,4,11,0,12,1,0,0,1,2,0
9085,5,4,11,4,8,1,1,1,1,2,0
9086,11,0,11,2,0,0,1,1,2,2,1
9087,7,4,11,2,8,0,1,1,2,2,1
9088,5,4,11,0,3,1,0,1,2,0,0
9089,7,4,9,2,10,0,1,1,2,2,1
9090,10,4,11,2,12,5,1,0,2,2,0
9091,4,4,8,4,10,3,1,0,1,2,0
9092,8,4,0,0,5,1,1,1,2,2,1
9093,7,5,9,2,3,0,1,1,2,2,1
9094,7,4,15,4,1,2,1,0,3,2,0
9095,9,4,15,2,1,5,1,0,2,2,1
9096,5,4,7,4,1,1,1,0,2,1,0
9097,6,4,4,4,8,1,1,0,3,2,0
9098,9,4,15,2,4,0,1,1,2,2,0
9099,11,4,11,0,1,1,1,0,2,2,0
9100,9,4,9,2,1,0,1,1,2,2,1
9101,10,4,0,2,8,0,1,1,2,2,0
9102,10,4,11,0,1,1,1,0,1,2,0
9103,3,4,11,4,8,3,1,0,0,2,0
9104,8,4,11,2,3,0,1,1,3,2,1
9105,6,4,15,2,13,0,1,1,2,1,0
9106,6,4,15,2,3,0,1,1,1,2,1
9107,12,4,11,2,7,0,1,1,2,2,0
9108,6,4,12,2,4,0,0,1,2,2,0
9109,8,2,11,5,8,1,1,0,2,2,0
9110,4,4,11,4,7,1,1,1,2,2,0
9111,5,4,11,4,7,1,1,1,2,2,0
9112,11,4,9,2,5,0,1,1,2,2,1
9113,7,4,11,5,8,4,1,1,2,2,0
9114,4,4,9,4,1,1,1,1,3,2,0
9115,9,6,11,2,3,0,1,1,2,2,1
9116,6,4,11,5,1,4,1,0,2,2,0
9117,5,4,9,2,10,0,1,1,1,2,1
9118,6,4,9,2,3,0,1,1,2,2,1
9119,5,2,9,4,10,3,1,1,2,2,0
9120,7,4,11,2,5,0,1,1,1,2,1
9121,6,4,4,2,7,5,1,0,2,2,0
9122,6,2,11,4,3,3,1,1,2,2,0
9123,5,4,0,0,8,4,1,0,2,2,0
9124,10,4,11,2,13,0,1,1,2,2,0
9125,7,4,9,2,1,0,1,1,1,2,1
9126,8,4,7,2,7,0,1,1,3,2,0
9127,11,4,11,2,8,0,1,1,2,2,0
9128,3,7,9,4,10,3,1,0,0,2,0
9129,11,4,0,2,8,0,0,1,2,2,0
9130,13,4,1,2,6,0,1,1,1,2,0
9131,7,0,15,0,0,4,0,0,3,2,0
9132,8,4,2,4,8,1,1,1,2,2,0
9133,5,4,15,4,3,1,1,0,2,2,1
9134,7,5,9,4,13,3,1,0,2,2,0
9135,4,4,11,4,1,1,0,0,3,2,0
9136,5,4,7,4,12,1,1,1,2,2,0
9137,4,6,11,2,4,0,1,1,2,2,1
9138,4,4,9,2,10,5,1,0,1,2,1
9139,6,4,11,4,1,1,1,0,2,2,0
9140,9,4,11,0,12,1,1,0,2,2,0
9141,10,4,15,4,3,3,1,1,2,2,0
9142,11,4,15,2,3,1,1,1,2,2,0
9143,6,6,11,4,3,3,1,1,2,2,0
9144,4,4,15,4,12,4,1,0,2,2,0
9145,12,4,11,0,8,1,1,0,2,2,1
9146,4,4,15,4,14,1,1,1,2,1,0
9147,10,4,11,0,3,4,1,1,2,2,0
9148,7,4,13,2,6,0,1,1,2,2,1
9149,9,4,11,2,1,5,1,0,2,2,0
9150,8,4,11,0,3,1,1,1,2,2,0
9151,10,4,11,2,1,3,1,0,1,2,0
9152,8,4,7,2,3,0,1,1,4,0,1
9153,6,4,7,2,14,0,1,1,2,2,0
9154,5,5,11,2,3,0,0,1,2,2,0
9155,12,4,8,6,3,1,0,1,2,2,0
9156,7,4,11,2,13,0,1,1,2,2,0
9157,11,6,11,2,3,0,1,1,2,2,1
9158,6,4,11,4,6,2,1,0,3,2,0
9159,9,4,15,0,1,1,1,1,2,2,0
9160,8,4,1,2,3,0,1,1,2,2,1
9161,3,7,15,4,4,3,0,1,2,2,0
9162,7,4,9,2,1,0,1,1,3,2,1
9163,8,4,9,2,5,0,1,1,2,2,1
9164,4,4,1,4,6,3,0,1,2,2,0
9165,7,4,11,4,12,3,1,0,0,2,0
9166,11,4,11,2,14,0,0,1,1,2,0
9167,9,4,9,2,12,0,1,1,2,2,0
9168,7,4,11,0,14,1,1,1,2,2,0
9169,11,4,9,2,3,0,1,1,2,2,0
9170,3,0,7,4,0,1,1,1,0,2,1
9171,5,4,15,5,8,4,1,0,2,2,0
9172,5,4,11,2,12,0,1,1,2,2,0
9173,13,4,9,2,10,5,1,0,1,2,0
9174,7,4,9,0,4,3,1,0,2,2,0
9175,5,6,6,2,5,0,1,1,2,2,1
9176,15,4,12,3,14,1,1,1,3,2,0
9177,4,4,11,4,3,3,1,1,0,1,0
9178,6,4,11,4,3,1,1,1,2,2,0
9179,6,4,8,0,8,4,0,0,2,3,1
9180,6,4,15,4,12,1,1,1,2,2,0
9181,9,6,7,2,3,0,1,1,2,2,0
9182,5,6,15,4,5,1,1,1,2,2,0
9183,4,4,2,4,3,3,1,0,2,2,0
9184,5,4,15,4,1,1,1,0,1,2,0
9185,11,4,5,2,8,0,1,1,2,2,0
9186,9,4,11,2,3,0,1,1,2,2,1
9187,5,4,15,4,10,3,1,1,3,2,0
9188,11,4,11,0,8,1,1,0,3,2,0
9189,7,4,11,2,14,0,0,1,2,2,0
9190,11,2,15,0,10,1,1,0,2,2,1
9191,6,4,5,3,7,3,1,1,2,2,0
9192,11,4,10,2,10,0,1,1,2,2,0
9193,4,7,15,4,10,1,1,1,2,2,0
9194,12,0,1,2,0,0,1,1,2,2,0
9195,14,4,14,2,10,0,1,1,0,2,0
9196,3,4,2,4,12,3,1,0,1,2,0
9197,8,4,5,0,3,1,1,1,2,2,0
9198,6,4,11,4,1,1,1,0,2,2,0
9199,5,4,15,4,7,3,1,1,2,2,0
9200,8,4,1,4,6,1,1,1,2,2,0
9201,6,4,4,4,6,3,0,1,2,2,0
9202,7,4,9,2,10,0,1,1,1,2,1
9203,5,4,11,2,7,5,1,0,2,2,0
9204,3,4,11,4,5,1,0,1,1,2,0
9205,12,4,15,2,4,0,1,1,2,2,1
9206,6,4,15,0,12,3,1,0,1,2,0
9207,12,4,1,6,9,1,1,0,1,1,0
9208,8,5,11,4,4,3,1,0,2,2,0
9209,6,4,15,2,8,2,0,0,3,2,0
9210,15,4,8,3,7,1,1,0,0,2,0
9211,12,5,0,6,8,1,0,0,2,2,0
9212,5,7,11,4,4,1,1,1,1,2,0
9213,8,2,15,2,1,0,1,1,2,2,1
9214,5,4,12,4,13,1,1,1,2,2,1
9215,11,4,11,2,12,0,1,1,1,2,0
9216,11,0,11,2,0,0,1,1,2,2,1
9217,6,4,11,4,8,1,1,1,2,2,0
9218,3,4,11,4,12,1,1,1,0,2,0
9219,6,6,11,4,1,3,1,1,2,2,0
9220,7,2,15,2,11,0,1,1,2,2,0
9221,6,4,11,0,4,4,1,1,2,2,1
9222,7,2,7,0,10,4,1,0,2,2,0
9223,7,4,11,4,6,3,1,0,2,2,0
9224,9,4,11,3,7,3,1,1,1,2,0
9225,8,4,15,2,5,0,1,1,2,2,0
9226,13,4,11,6,12,4,1,0,2,2,0
9227,3,2,9,4,10,3,1,0,1,2,0
9228,8,2,15,2,11,0,1,1,1,2,0
9229,3,4,11,4,4,1,1,1,2,2,0
9230,9,4,15,0,7,4,1,1,2,2,0
9231,10,7,12,0,10,1,1,1,2,2,0
9232,7,4,11,2,3,0,1,1,1,2,0
9233,5,0,15,4,0,3,1,0,1,2,0
9234,8,6,1,0,8,4,1,0,1,2,0
9235,4,4,11,4,12,1,1,1,2,2,0
9236,3,4,15,4,4,2,1,0,2,2,0
9237,6,4,11,4,7,2,0,1,2,2,0
9238,6,0,1,3,0,1,1,1,2,2,0
9239,4,5,11,4,14,1,1,1,1,2,0
9240,7,4,15,2,4,0,1,1,2,2,1
9241,7,4,15,2,3,0,0,1,2,2,1
9242,5,4,1,2,12,0,1,1,2,2,0
9243,8,4,11,4,3,1,1,1,1,2,0
9244,6,4,7,2,4,0,0,1,2,2,1
9245,10,6,8,2,3,0,1,1,2,2,0
9246,4,4,11,4,6,1,1,1,2,2,0
9247,10,4,8,0,8,1,1,0,2,2,0
9248,8,4,11,2,1,5,0,0,2,2,0
9249,5,4,11,4,14,1,1,1,2,2,0
9250,7,4,7,0,10,1,0,1,2,2,0
9251,7,4,11,2,6,0,1,1,1,2,1
9252,3,4,15,4,3,2,1,1,1,2,0
9253,5,4,15,2,14,0,1,1,2,2,0
9254,4,4,11,4,9,1,1,0,3,2,1
9255,9,4,0,5,8,1,1,1,2,2,0
9256,4,2,15,2,13,0,1,1,1,2,0
9257,6,1,0,4,11,4,0,1,2,2,0
9258,5,0,15,4,0,3,1,1,2,2,0
9259,8,4,10,4,10,1,1,0,2,2,0
9260,11,2,15,0,11,1,1,1,2,2,0
9261,7,0,11,4,0,3,1,0,2,2,0
9262,6,7,11,2,3,0,0,1,1,2,0
9263,6,4,6,2,12,0,1,1,2,2,0
9264,11,4,15,2,4,0,1,1,2,2,0
9265,8,6,12,2,10,0,1,1,2,2,0
9266,3,4,11,4,1,4,1,0,2,2,0
9267,13,5,15,2,3,0,1,1,3,2,1
9268,4,4,9,2,4,0,1,1,2,2,0
9269,7,4,9,2,1,5,1,0,3,2,1
9270,3,4,15,4,8,1,1,1,1,2,0
9271,13,0,12,2,0,0,1,1,3,2,1
9272,10,4,15,2,1,0,1,1,2,2,1
9273,5,4,11,2,7,0,1,1,2,2,1
9274,9,4,15,2,14,0,1,1,2,2,0
9275,10,4,15,2,1,0,1,1,2,2,0
9276,10,7,8,0,8,4,0,0,2,0,0
9277,4,4,12,4,10,3,1,1,2,2,0
9278,5,7,8,4,10,3,1,1,2,2,0
9279,6,4,9,2,4,0,1,1,2,2,0
9280,5,4,15,0,12,1,1,1,2,2,0
9281,10,4,11,2,3,0,1,1,2,2,0
9282,6,4,11,4,3,3,1,1,1,2,0
9283,7,4,11,2,13,0,1,1,2,2,0
9284,6,4,1,5,12,4,0,0,2,2,0
9285,7,6,1,2,12,0,1,1,2,2,1
9286,10,4,11,0,7,4,1,0,2,2,0
9287,3,4,15,4,14,1,0,1,0,2,0
9288,8,1,11,2,3,0,1,1,2,2,0
9289,4,4,9,4,10,3,1,0,2,2,0
9290,13,6,7,2,5,0,1,1,1,2,1
9291,7,4,9,2,12,0,1,1,3,2,0
9292,15,4,15,3,10,1,1,1,2,2,0
9293,7,4,11,2,8,5,1,0,2,2,1
9294,6,4,1,4,6,3,1,1,1,2,0
9295,9,4,5,4,8,4,1,1,2,2,0
9296,5,4,9,4,7,1,1,0,2,2,0
9297,10,0,15,2,0,5,1,0,3,2,1
9298,5,4,9,3,4,1,1,1,2,2,0
9299,8,4,15,2,14,0,1,1,1,2,0
9300,5,6,11,2,12,0,1,1,2,2,0
9301,7,4,11,2,12,5,1,0,1,2,1
9302,5,4,15,4,8,1,1,1,3,2,0
9303,11,4,15,2,12,0,1,1,2,2,1
9304,7,4,11,4,8,1,1,0,1,2,0
9305,12,1,15,2,1,0,1,1,2,2,1
9306,5,6,14,2,10,5,1,0,1,2,0
9307,5,4,8,4,4,3,1,1,2,2,0
9308,7,4,11,0,8,1,1,0,1,2,0
9309,11,4,15,5,3,1,0,1,0,2,0
9310,9,5,11,2,1,0,1,1,2,2,1
9311,13,4,8,4,8,1,1,1,0,1,0
9312,4,4,11,2,7,0,1,1,2,2,0
9313,11,4,1,6,7,1,0,1,2,2,1
9314,9,0,11,2,0,0,1,1,2,2,1
9315,6,6,10,2,10,0,1,1,2,2,0
9316,6,4,11,4,1,3,1,0,2,2,0
9317,7,4,11,2,8,0,1,1,1,2,0
9318,5,4,1,4,3,1,1,1,2,2,0
9319,6,4,11,2,6,0,1,1,2,2,0
9320,3,4,15,4,4,2,1,1,1,2,0
9321,4,4,11,4,1,4,0,0,1,2,0
9322,11,4,8,2,1,0,1,1,2,2,0
9323,7,4,11,6,8,3,1,1,2,2,0
9324,11,4,9,6,1,2,1,0,2,2,0
9325,3,6,13,4,5,3,0,1,0,2,0
9326,4,4,15,4,14,1,1,1,1,2,0
9327,18,4,15,2,8,0,1,1,1,2,1
9328,12,4,11,2,3,0,0,1,2,2,1
9329,4,2,12,4,10,1,1,1,3,2,0
9330,11,4,11,2,8,0,1,1,2,2,0
9331,7,4,5,0,8,4,1,0,2,2,0
9332,4,4,11,2,3,0,1,1,2,2,1
9333,12,4,11,2,3,0,1,1,2,2,0
9334,8,4,11,2,14,0,1,1,2,2,0
9335,8,6,0,2,11,0,1,1,4,2,0
9336,11,4,11,2,3,0,1,1,2,2,0
9337,9,4,11,0,14,1,0,1,2,2,0
9338,9,4,15,4,8,1,1,1,3,2,0
9339,4,2,15,4,1,3,1,1,2,2,0
9340,15,4,15,2,14,0,1,1,1,2,0
9341,8,4,9,2,4,0,1,1,2,2,1
9342,7,4,11,2,14,0,1,1,2,2,1
9343,8,4,11,2,5,0,1,1,2,2,0
9344,6,4,11,2,3,0,1,1,1,2,0
9345,10,4,1,2,7,0,1,1,2,2,0
9346,7,4,15,2,8,5,0,0,2,2,0
9347,7,4,9,0,12,4,0,0,3,2,0
9348,7,4,12,2,10,0,1,1,2,2,1
9349,6,4,15,2,8,0,1,1,2,2,0
9350,6,4,1,4,8,1,1,0,2,2,0
9351,8,5,15,2,12,0,1,1,3,2,0
9352,7,4,15,2,10,0,1,1,2,2,0
9353,7,4,12,2,4,0,1,1,2,2,1
9354,5,2,11,2,3,0,1,1,1,2,1
9355,11,4,7,2,3,0,0,1,2,0,1
9356,5,4,2,4,10,1,1,0,2,2,0
9357,6,4,15,2,1,0,1,1,2,2,0
9358,5,4,6,4,14,3,1,1,2,2,0
9359,4,6,9,4,12,4,1,0,2,2,0
9360,6,6,12,4,4,1,1,1,3,2,0
9361,11,4,9,2,10,0,1,1,2,2,0
9362,4,4,15,4,8,1,0,0,3,0,0
9363,3,4,15,4,12,4,0,0,1,4,0
9364,10,1,15,2,1,0,1,1,1,2,0
9365,4,4,15,4,14,1,1,1,2,2,0
9366,10,4,11,0,3,1,1,1,2,2,0
9367,9,4,15,2,12,0,1,1,2,2,0
9368,3,4,0,4,8,3,0,1,1,2,0
9369,10,4,11,2,1,5,0,0,4,2,1
9370,6,4,11,2,1,0,1,1,3,2,1
9371,8,2,15,0,8,4,1,0,1,2,0
9372,13,4,11,2,7,0,1,1,2,2,0
9373,9,6,15,5,3,4,1,0,2,2,0
9374,10,4,14,2,10,0,1,1,2,2,0
9375,5,6,11,2,4,0,1,1,2,2,1
9376,6,4,11,2,6,0,0,1,0,4,0
9377,7,4,11,2,3,1,1,1,2,2,1
9378,9,4,11,2,8,0,1,1,1,2,1
9379,9,5,9,2,4,0,1,1,2,2,0
9380,7,0,11,0,0,4,1,0,2,2,0
9381,7,4,11,2,14,0,1,1,2,2,1
9382,6,4,11,2,12,0,1,1,2,2,1
9383,8,4,11,0,13,4,1,1,2,2,0
9384,6,0,11,0,1,4,1,0,3,2,0
9385,12,4,11,2,7,5,1,0,2,2,0
9386,3,4,11,4,1,1,1,1,2,2,0
9387,10,4,9,6,13,4,1,1,1,2,0
9388,10,4,11,2,7,0,0,1,3,2,0
9389,7,5,9,2,4,0,0,1,1,2,1
9390,5,4,1,4,8,3,0,0,1,0,0
9391,18,4,8,2,10,0,1,1,2,2,1
9392,10,6,11,2,8,0,1,1,2,2,0
9393,4,4,11,4,8,1,1,0,2,2,0
9394,3,1,11,4,3,1,0,1,0,2,0
9395,9,4,15,0,6,4,1,0,3,2,0
9396,7,4,11,0,1,1,1,0,2,2,0
9397,10,4,15,2,3,0,1,1,2,2,0
9398,5,4,11,2,14,0,1,1,2,2,0
9399,5,4,1,4,3,3,1,1,2,0,0
9400,6,4,6,4,3,1,0,1,3,2,0
9401,7,4,14,2,10,0,1,1,2,2,0
9402,9,4,15,5,8,4,0,0,2,2,0
9403,12,4,8,2,1,0,1,1,2,2,0
9404,3,4,12,4,8,3,0,0,2,2,0
9405,6,5,15,2,4,0,1,1,2,2,1
9406,10,2,15,5,1,4,1,0,2,2,0
9407,4,5,9,4,10,1,1,0,1,2,0
9408,13,4,4,2,9,5,1,0,2,2,1
9409,5,4,11,4,4,3,1,0,2,2,0
9410,12,4,9,2,10,0,1,1,0,2,1
9411,7,4,9,4,4,1,1,1,2,2,0
9412,3,4,11,4,4,1,1,1,1,2,0
9413,5,4,11,4,14,2,0,1,2,2,0
9414,3,4,6,4,8,2,0,0,1,2,0
9415,10,4,0,0,6,1,1,1,2,1,0
9416,4,4,12,0,4,4,1,1,2,2,0
9417,6,4,12,2,12,0,1,1,2,2,0
9418,5,4,0,0,1,4,1,0,2,2,0
9419,7,4,15,5,8,4,1,0,2,2,0
9420,8,4,9,5,1,4,1,0,3,2,0
9421,8,4,10,2,4,0,1,1,2,2,1
9422,4,4,15,4,7,4,1,1,1,1,0
9423,9,4,11,2,4,0,1,1,3,2,0
9424,5,4,12,2,3,0,1,1,1,2,0
9425,8,4,11,2,12,0,0,1,2,2,1
9426,4,4,15,4,1,2,1,0,2,2,0
9427,6,4,11,2,1,5,1,0,2,2,1
9428,10,4,9,2,8,0,1,1,2,2,0
9429,7,4,15,2,4,0,1,1,2,2,0
9430,10,4,11,2,5,0,1,1,2,2,1
9431,6,4,9,2,11,0,1,1,2,2,1
9432,7,4,11,4,12,3,1,1,2,2,0
9433,6,4,11,5,8,4,1,1,3,2,1
9434,4,4,11,4,7,3,1,1,2,2,0
9435,11,4,15,4,6,1,1,1,2,2,0
9436,8,6,5,2,3,0,1,1,2,2,0
9437,8,4,12,4,10,3,1,1,2,2,0
9438,10,4,11,2,14,0,1,1,2,2,0
9439,4,4,10,4,1,3,1,0,1,2,0
9440,15,4,9,2,12,0,1,1,1,2,1
9441,4,4,2,2,7,0,1,1,1,2,1
9442,7,4,15,2,1,0,1,1,4,2,0
9443,11,4,15,6,8,1,1,1,2,2,0
9444,4,4,15,4,8,2,1,0,2,2,0
9445,3,4,15,4,7,1,1,0,2,2,0
9446,3,4,15,4,9,3,1,0,0,2,0
9447,6,4,15,2,12,0,1,1,2,2,1
9448,3,4,11,4,1,3,1,0,1,2,0
9449,6,4,6,4,7,1,1,0,3,2,0
9450,9,4,12,0,12,1,1,1,2,2,0
9451,5,4,9,4,4,3,1,0,2,2,0
9452,4,4,11,2,3,0,1,1,0,2,0
9453,9,4,15,2,3,0,1,1,3,2,0
9454,4,2,11,4,10,4,1,0,2,2,0
9455,8,5,15,2,4,0,1,1,2,2,0
9456,4,4,15,4,3,3,1,1,0,2,0
9457,7,4,11,2,3,0,1,1,1,2,0
9458,10,4,15,2,6,0,1,1,1,2,0
9459,6,4,11,4,11,3,1,1,2,2,0
9460,6,6,11,0,6,4,1,0,3,2,0
9461,12,4,9,2,10,0,1,1,0,2,1
9462,10,4,1,2,8,0,1,1,2,2,1
9463,8,4,9,2,3,0,1,1,1,2,0
9464,6,4,11,4,8,3,1,0,2,2,0
9465,8,6,8,2,1,0,1,1,0,2,0
9466,4,4,11,4,1,4,1,0,1,2,0
9467,8,4,11,2,12,5,0,0,2,3,1
9468,7,2,9,2,10,0,1,1,2,2,0
9469,4,4,9,4,12,1,1,1,1,2,0
9470,7,7,12,4,4,1,1,0,2,2,0
9471,6,2,15,4,8,3,1,1,2,2,0
9472,14,4,11,2,12,0,1,1,0,2,0
9473,8,4,9,4,3,3,1,1,2,2,0
9474,6,4,11,4,8,1,1,0,1,2,0
9475,7,4,1,4,14,1,1,1,3,2,0
9476,12,2,15,2,10,0,1,1,2,2,0
9477,5,4,6,4,8,3,1,0,2,2,0
9478,12,4,15,2,14,0,1,1,0,2,0
9479,10,4,11,0,1,1,1,0,2,2,0
9480,6,4,11,2,4,0,1,1,2,2,1
9481,3,4,11,4,12,4,1,0,1,2,0
9482,5,4,5,4,12,1,1,1,2,2,0
9483,5,4,9,2,12,0,1,1,2,2,0
9484,3,6,9,4,12,1,1,0,1,2,0
9485,4,4,11,4,8,3,1,0,2,2,0
9486,11,4,12,2,4,0,1,1,2,2,1
9487,8,4,11,4,1,2,1,0,1,2,0
9488,6,4,9,0,4,4,1,0,2,2,0
9489,6,6,5,2,3,0,1,1,2,2,1
9490,7,0,11,2,0,0,1,1,2,2,0
9491,7,4,11,2,3,0,1,1,3,2,0
9492,5,0,15,4,0,3,1,0,2,2,0
9493,5,0,4,2,0,5,1,0,2,2,0
9494,6,4,15,0,4,1,0,1,2,2,0
9495,6,5,9,4,4,3,1,0,1,2,0
9496,8,6,12,2,4,0,1,1,2,2,1
9497,10,4,9,2,12,0,1,1,1,2,1
9498,11,7,9,4,10,2,1,1,2,2,0
9499,10,2,11,2,11,0,1,1,2,2,0
9500,8,5,12,0,4,1,1,0,2,2,0
9501,12,4,15,2,3,0,1,1,2,2,0
9502,9,4,11,2,4,0,1,1,1,2,0
9503,3,4,6,4,3,1,1,0,1,2,0
9504,6,7,8,2,8,5,1,0,1,2,1
9505,8,4,15,2,13,5,1,0,1,2,1
9506,7,4,9,2,3,0,1,1,2,2,0
9507,6,4,11,2,7,5,1,0,2,2,0
9508,7,4,11,2,3,0,1,1,2,2,0
9509,8,6,1,0,5,4,0,1,2,2,0
9510,4,5,9,4,4,1,0,1,2,2,1
9511,7,4,11,4,10,3,1,0,2,2,0
9512,12,4,11,2,12,0,1,1,1,2,1
9513,9,4,11,6,14,1,1,1,2,2,0
9514,8,4,15,0,13,4,1,0,2,2,0
9515,5,4,11,4,7,2,1,1,2,2,0
9516,5,4,7,4,14,1,1,1,1,2,0
9517,4,4,15,4,8,3,1,0,2,2,0
9518,5,4,15,4,12,1,1,1,1,2,0
9519,5,4,5,0,7,4,1,0,3,2,0
9520,11,4,15,4,12,1,1,0,2,2,0
9521,3,4,15,4,12,3,1,0,1,2,0
9522,7,4,5,2,14,0,1,1,2,2,0
9523,12,4,5,2,3,0,1,1,2,2,0
9524,5,4,12,4,10,3,1,0,2,2,0
9525,7,4,8,2,3,0,0,1,2,2,0
9526,8,2,15,0,1,1,1,0,1,2,0
9527,8,5,11,4,5,3,1,1,2,2,0
9528,6,4,15,2,4,0,1,1,2,2,1
9529,6,4,11,2,7,5,1,0,2,2,0
9530,6,4,5,2,6,0,1,1,2,2,0
9531,3,4,9,4,7,4,0,0,0,0,0
9532,5,4,15,2,10,0,0,1,2,4,0
9533,3,2,11,4,1,4,0,0,2,2,0
9534,11,4,15,0,3,1,1,1,1,2,0
9535,8,4,9,2,10,0,1,1,2,2,0
9536,4,4,12,4,4,1,1,1,2,2,0
9537,10,4,6,2,3,0,1,1,3,1,0
9538,9,4,4,0,6,1,1,1,2,2,1
9539,3,4,9,4,10,3,1,1,1,2,1
9540,10,4,15,0,9,1,1,0,2,2,0
9541,7,6,9,2,12,0,1,1,2,2,0
9542,3,2,8,4,4,3,1,1,1,2,0
9543,5,5,9,4,4,1,1,0,2,2,1
9544,4,4,12,2,10,0,1,1,2,2,0
9545,12,4,12,2,10,0,1,1,2,1,1
9546,4,4,1,4,12,1,1,0,1,2,0
9547,9,2,7,2,11,0,1,1,2,2,1
9548,6,4,11,2,14,0,0,1,2,2,0
9549,7,4,11,2,3,0,1,1,2,2,0
9550,8,6,8,2,5,0,1,1,2,2,1
9551,12,4,15,6,14,1,1,1,2,2,0
9552,13,4,9,2,10,0,1,1,2,2,0
9553,5,4,11,3,4,4,1,0,2,2,1
9554,10,2,9,2,6,0,1,1,2,2,0
9555,9,7,11,4,14,3,1,1,2,2,0
9556,7,5,9,4,4,3,1,1,2,2,0
9557,6,4,15,2,6,0,1,1,2,2,0
9558,6,4,11,4,5,1,0,1,2,2,0
9559,6,4,9,2,10,0,1,1,2,2,0
9560,7,4,11,2,1,0,1,1,2,2,1
9561,3,6,9,4,13,1,1,1,2,2,0
9562,5,4,8,4,10,3,1,0,1,2,0
9563,8,4,9,5,12,4,1,1,2,1,0
9564,13,4,15,2,3,0,1,1,2,2,0
9565,3,4,9,3,12,2,1,1,2,2,0
9566,9,4,9,0,10,1,1,1,3,2,0
9567,9,4,11,2,3,0,1,1,2,2,0
9568,9,4,15,4,4,3,0,0,2,0,0
9569,5,5,15,4,13,1,1,1,2,2,0
9570,5,2,15,4,1,3,1,0,2,2,0
9571,10,4,7,2,10,5,1,0,1,2,1
9572,9,2,11,2,4,5,0,0,2,2,0
9573,11,4,5,6,3,1,0,1,2,2,0
9574,9,2,14,2,10,0,1,1,2,2,0
9575,9,4,9,0,12,3,1,0,2,2,0
9576,8,4,9,2,12,0,1,1,3,2,0
9577,6,4,11,4,8,1,1,0,2,2,0
9578,11,6,9,5,12,3,1,0,2,2,0
9579,5,4,15,4,1,2,0,1,1,2,1
9580,7,4,9,2,10,0,1,1,2,2,1
9581,7,4,11,0,5,4,0,1,2,2,0
9582,11,1,11,0,5,4,1,1,3,2,0
9583,9,7,15,4,11,3,1,1,2,2,1
9584,10,4,9,2,10,0,1,1,2,2,1
9585,6,4,11,2,4,0,0,1,2,0,0
9586,8,4,8,2,13,0,1,1,2,2,0
9587,6,4,1,2,3,0,1,1,2,2,1
9588,10,1,8,2,11,0,0,1,2,2,0
9589,7,4,15,2,3,0,1,1,2,2,1
9590,11,4,9,2,14,0,1,1,2,2,1
9591,5,4,11,2,3,0,1,1,2,2,0
9592,9,4,12,2,12,0,1,1,2,2,0
9593,6,4,11,2,14,0,1,1,2,2,0
9594,11,4,15,0,12,4,0,0,2,2,0
9595,6,4,15,0,1,4,1,0,1,2,0
9596,7,6,12,2,10,0,1,1,2,2,0
9597,4,4,11,4,12,4,1,1,2,2,0
9598,8,6,11,2,5,0,1,1,2,3,1
9599,6,2,8,0,11,4,1,0,2,2,0
9600,8,4,11,4,8,1,1,1,3,2,0
9601,10,4,9,6,1,1,1,0,2,2,0
9602,4,4,9,4,4,1,1,0,2,2,0
9603,4,7,11,2,10,0,1,1,1,2,0
9604,8,4,15,2,8,0,1,1,2,2,1
9605,7,4,11,2,4,0,1,1,2,2,0
9606,8,4,11,4,7,1,1,0,2,2,0
9607,5,4,11,2,6,0,1,1,1,2,0
9608,11,7,11,6,1,3,0,1,3,2,0
9609,11,2,15,2,3,0,1,1,2,2,0
9610,4,4,11,4,12,1,1,0,2,2,0
9611,6,4,11,2,6,0,1,1,2,2,0
9612,4,4,9,2,4,5,1,0,2,2,1
9613,4,6,8,4,8,3,1,1,2,2,0
9614,10,4,9,2,4,0,1,1,2,2,0
9615,5,4,7,4,12,1,1,1,2,1,0
9616,5,4,11,4,9,1,1,0,2,2,0
9617,7,4,15,2,3,0,1,1,2,2,0
9618,6,4,11,4,7,1,1,1,2,2,0
9619,7,2,11,0,6,1,1,1,2,2,0
9620,5,4,11,4,9,4,1,0,2,2,0
9621,4,4,5,2,3,0,1,1,2,2,1
9622,8,4,11,2,12,5,1,0,2,2,1
9623,14,4,15,6,1,2,0,0,0,2,0
9624,8,1,9,6,10,1,1,1,2,2,0
9625,5,4,11,5,1,1,1,0,2,2,0
9626,5,4,9,4,8,1,0,0,2,2,1
9627,8,0,9,0,0,1,1,1,2,2,0
9628,11,2,7,2,1,5,1,0,3,2,1
9629,5,6,11,2,3,0,1,1,2,2,1
9630,11,7,9,6,4,1,1,1,2,2,0
9631,11,1,12,0,10,4,1,0,2,2,0
9632,5,4,0,3,6,1,1,1,1,2,0
9633,5,4,11,4,3,2,1,1,2,2,0
9634,6,6,9,2,4,0,1,1,2,2,0
9635,6,2,6,4,6,1,1,1,2,2,0
9636,14,4,9,2,4,0,1,1,1,2,0
9637,6,1,15,4,4,3,1,1,2,2,0
9638,3,4,9,4,4,4,1,1,0,2,0
9639,10,4,11,4,7,2,1,1,3,2,0
9640,6,2,15,4,1,1,1,0,1,2,0
9641,5,4,12,4,1,1,1,0,2,2,0
9642,7,6,15,4,10,3,1,1,2,2,0
9643,10,4,15,2,14,0,1,1,2,2,0
9644,8,1,15,2,5,0,1,1,2,2,0
9645,8,5,11,2,3,0,1,1,2,2,1
9646,8,4,9,5,12,1,1,1,1,4,0
9647,7,4,0,2,6,0,1,1,2,2,1
9648,5,4,9,4,10,3,1,1,2,2,0
9649,7,4,11,0,5,1,1,1,2,2,0
9650,11,7,11,5,4,1,1,0,2,2,0
9651,10,4,11,6,14,1,1,1,3,2,0
9652,12,4,15,2,1,0,1,1,3,2,1
9653,6,4,15,2,12,0,1,1,2,2,1
9654,4,4,11,4,8,3,1,1,1,2,0
9655,5,4,11,4,12,3,1,0,2,2,0
9656,6,0,15,2,0,0,1,1,2,2,0
9657,5,4,9,4,10,3,0,0,1,2,0
9658,6,1,14,4,4,3,1,1,2,2,0
9659,6,4,9,2,10,0,0,1,2,2,0
9660,3,6,9,4,10,2,1,1,1,2,0
9661,7,4,1,2,7,0,1,1,2,2,0
9662,10,4,11,2,14,0,1,1,2,2,1
9663,6,4,11,4,12,3,1,0,2,2,0
9664,8,4,15,2,3,0,1,1,1,2,0
9665,11,4,11,2,1,0,1,1,3,2,1
9666,6,4,9,4,1,3,1,0,3,4,0
9667,4,4,15,4,12,3,1,0,1,2,0
9668,4,4,15,4,1,3,1,0,2,2,0
9669,14,4,8,2,6,0,1,1,0,2,0
9670,10,4,11,2,3,0,1,1,2,2,1
9671,8,4,2,2,12,0,1,1,2,1,0
9672,4,1,11,4,6,1,1,0,1,2,0
9673,6,4,8,4,13,3,1,1,2,2,0
9674,9,4,1,0,1,4,1,0,2,1,0
9675,5,4,15,2,12,0,1,1,2,2,1
9676,7,4,11,2,3,0,1,1,2,2,1
9677,6,4,5,4,3,3,1,1,2,2,0
9678,4,4,9,4,10,1,1,1,2,2,0
9679,10,4,15,2,10,5,1,0,2,2,1
9680,7,4,7,2,1,0,1,1,2,2,1
9681,6,4,15,4,13,3,1,0,2,2,0
9682,9,4,11,0,4,1,0,1,2,2,0
9683,6,4,9,4,12,1,1,0,2,2,0
9684,8,2,9,6,10,4,1,0,2,2,0
9685,7,4,0,2,12,0,1,1,2,2,1
9686,5,4,1,2,8,0,1,1,1,2,0
9687,14,4,7,2,8,0,1,1,1,2,1
9688,10,4,1,2,14,0,1,1,2,2,1
9689,6,4,11,4,7,1,1,0,2,2,0
9690,13,1,9,4,1,3,1,0,2,2,0
9691,6,0,1,2,0,0,1,1,2,2,1
9692,8,4,11,4,12,2,1,1,2,2,0
9693,8,4,15,0,12,1,1,0,2,2,0
9694,4,4,11,2,7,0,1,1,1,0,1
9695,8,2,11,4,8,3,0,0,2,2,0
9696,10,1,9,2,10,0,1,1,2,2,1
9697,7,4,0,4,3,4,1,1,2,2,0
9698,5,4,11,4,14,1,0,1,1,2,0
9699,5,4,2,4,9,1,1,0,1,2,0
9700,6,4,11,4,6,1,1,1,1,2,1
9701,11,4,9,2,4,0,1,1,2,2,0
9702,11,4,9,2,4,0,1,1,1,2,0
9703,9,4,1,2,8,0,1,1,3,2,1
9704,5,4,8,2,8,0,1,1,2,2,1
9705,8,4,12,2,10,5,0,0,1,2,1
9706,6,4,11,0,6,1,1,1,2,2,0
9707,8,4,8,0,1,4,1,0,2,2,0
9708,8,4,15,2,14,0,1,1,2,2,0
9709,5,4,5,4,9,3,0,0,2,2,0
9710,10,4,9,3,12,4,0,0,2,2,0
9711,4,1,9,4,1,4,0,0,2,2,0
9712,11,0,15,3,0,3,1,0,2,2,0
9713,11,4,11,2,7,0,0,1,1,2,1
9714,8,4,15,2,12,0,0,1,2,0,1
9715,5,4,14,2,10,0,0,1,3,2,0
9716,7,4,12,4,4,2,1,1,3,2,1
9717,10,4,15,6,8,1,1,0,2,2,0
9718,8,4,15,2,11,0,1,1,2,2,0
9719,9,2,11,2,4,0,1,1,2,2,1
9720,4,4,9,4,1,3,1,0,1,2,0
9721,8,4,11,0,8,2,1,0,3,2,0
9722,3,4,15,4,8,1,1,0,2,2,0
9723,3,2,14,4,10,1,1,1,1,2,0
9724,12,6,15,0,12,1,1,0,2,2,1
9725,4,4,9,4,10,1,1,0,2,2,0
9726,5,4,9,2,8,0,1,1,2,2,0
9727,9,7,15,2,6,0,1,1,3,2,1
9728,7,4,11,0,12,4,0,0,2,2,0
9729,6,4,15,4,1,4,0,1,2,2,0
9730,6,1,15,4,5,3,0,1,2,0,0
9731,10,4,5,0,12,1,1,1,3,2,0
9732,16,4,9,2,4,0,1,1,0,2,0
9733,4,4,15,4,7,3,1,1,2,2,0
9734,8,6,11,4,1,3,1,0,2,2,0
9735,11,4,12,2,4,0,1,1,2,2,0
9736,4,7,9,4,4,4,0,1,1,2,0
9737,12,2,12,0,4,1,1,1,2,2,0
9738,5,4,12,4,10,1,1,0,2,2,0
9739,9,4,11,2,6,0,0,1,2,2,1
9740,5,2,8,4,10,1,1,1,2,2,0
9741,7,4,11,2,3,0,1,1,2,2,1
9742,4,2,9,4,1,3,1,0,1,2,0
9743,4,1,15,2,4,0,1,1,2,2,0
9744,7,5,11,2,12,0,1,1,1,2,0
9745,11,4,11,2,7,0,1,1,1,2,0
9746,8,0,3,5,0,1,1,0,2,2,0
9747,8,4,10,2,10,0,1,1,2,2,0
9748,7,4,11,2,8,0,1,1,2,2,0
9749,8,6,11,2,4,5,1,0,0,2,1
9750,17,4,11,6,3,1,0,1,4,2,0
9751,9,4,8,0,8,1,1,0,2,2,0
9752,7,6,4,4,5,3,1,1,2,2,0
9753,10,4,15,0,1,1,1,1,2,2,0
9754,5,4,11,4,1,3,1,0,2,2,0
9755,9,4,15,2,1,0,1,1,3,2,1
9756,6,4,10,2,4,0,1,1,2,2,0
9757,9,5,8,2,12,0,1,1,2,2,1
9758,8,4,11,0,8,1,0,0,2,4,0
9759,11,2,15,2,11,0,1,1,2,2,1
9760,6,5,3,2,0,0,1,1,2,2,1
9761,8,4,5,2,5,0,1,1,2,2,1
9762,6,4,11,2,3,0,1,1,2,2,1
9763,12,4,15,2,11,0,1,1,2,2,0
9764,5,4,1,2,12,0,0,1,2,2,1
9765,11,5,11,1,12,5,1,0,0,2,1
9766,4,4,15,4,1,1,1,0,1,2,0
9767,9,4,11,2,3,0,1,1,1,2,0
9768,9,4,11,2,3,0,1,1,2,2,1
9769,6,4,9,2,4,0,1,1,1,2,1
9770,13,4,9,2,3,0,1,1,1,2,1
9771,9,6,11,2,12,0,1,1,2,2,0
9772,9,2,15,4,14,3,1,1,1,2,0
9773,11,4,15,2,1,0,1,1,2,2,1
9774,11,2,9,2,10,0,1,1,2,2,1
9775,4,4,11,4,6,1,0,1,2,4,0
9776,4,6,9,4,10,3,0,0,2,2,0
9777,11,4,1,2,14,0,1,1,2,2,0
9778,6,2,11,4,11,3,1,1,2,2,0
9779,5,4,9,2,1,0,1,1,3,2,1
9780,7,5,15,2,4,0,1,1,0,2,1
9781,7,4,15,5,1,3,0,0,2,2,0
9782,6,4,10,2,10,0,1,1,2,2,0
9783,7,4,15,2,12,0,0,1,2,2,0
9784,6,0,1,4,0,3,0,1,2,2,0
9785,9,4,11,4,13,3,1,1,2,2,0
9786,13,4,15,2,3,0,1,1,2,2,1
9787,9,4,15,0,14,1,1,1,2,2,0
9788,11,2,15,2,3,0,1,1,2,2,0
9789,6,4,3,4,8,1,1,0,4,2,1
9790,7,4,15,2,3,0,1,1,2,2,0
9791,7,4,15,2,4,0,1,1,1,2,0
9792,10,2,11,0,11,4,1,1,2,2,0
9793,11,4,0,5,6,1,1,1,3,2,0
9794,4,4,15,4,6,4,1,0,2,2,0
9795,3,5,9,4,4,4,0,0,0,2,0
9796,6,4,15,0,6,1,1,1,2,2,0
9797,11,1,11,2,1,0,1,1,2,2,1
9798,10,4,1,0,12,1,1,0,2,2,0
9799,7,4,6,2,6,0,1,1,2,2,0
9800,7,4,11,4,4,3,1,1,2,2,0
9801,4,4,0,4,8,1,1,1,0,2,0
9802,5,6,11,4,12,1,1,1,2,2,0
9803,5,4,11,4,8,1,1,0,2,2,0
9804,6,4,11,4,12,4,1,0,2,2,0
9805,6,4,11,2,6,0,0,1,2,2,1
9806,8,4,14,0,10,4,1,0,2,2,0
9807,4,4,15,5,6,4,1,1,0,2,0
9808,6,4,12,2,4,0,1,1,1,2,0
9809,11,2,11,2,10,0,1,1,2,2,1
9810,7,4,11,2,4,5,1,0,1,2,0
9811,7,4,6,4,14,1,1,1,2,2,0
9812,12,4,11,2,8,0,1,1,1,2,0
9813,9,4,5,2,12,5,0,0,1,2,0
9814,5,1,9,4,4,1,1,1,2,2,0
9815,4,4,9,4,1,1,1,0,1,2,0
9816,6,4,11,0,1,3,1,0,2,2,0
9817,12,1,10,2,12,0,1,1,1,2,1
9818,9,4,1,2,8,0,1,1,2,2,0
9819,6,4,15,0,14,1,1,1,2,2,0
9820,8,4,11,4,12,3,1,0,2,2,0
9821,12,4,15,2,12,5,1,0,2,2,1
9822,7,5,11,2,12,0,1,1,2,2,0
9823,9,4,9,2,6,0,1,1,1,2,1
9824,9,4,11,2,1,0,1,1,2,2,0
9825,4,4,0,4,7,1,1,0,2,2,1
9826,4,4,15,4,13,3,1,0,2,2,0
9827,9,4,15,2,5,0,1,1,2,2,1
9828,4,4,11,4,7,4,1,0,0,2,0
9829,6,4,15,4,3,3,1,1,2,2,0
9830,6,4,12,0,4,4,0,0,2,2,0
9831,7,6,15,0,7,3,1,0,2,2,0
9832,11,4,9,2,12,0,1,1,3,2,1
9833,9,4,11,2,6,0,1,1,2,2,1
9834,4,4,11,4,1,1,0,0,1,0,0
9835,7,0,0,2,0,0,1,1,2,2,1
9836,15,6,11,2,8,0,1,1,2,2,1
9837,4,4,11,4,7,2,0,1,1,2,0
9838,8,6,1,2,5,0,1,1,1,2,0
9839,9,1,15,4,1,1,1,0,2,2,0
9840,6,6,9,4,4,1,1,0,2,2,0
9841,4,4,15,4,1,1,0,0,0,2,0
9842,8,6,9,4,4,4,0,0,3,0,0
9843,4,4,0,4,7,1,1,1,1,2,0
9844,5,5,9,4,4,1,1,1,2,2,0
9845,5,4,11,4,1,3,1,0,2,2,0
9846,7,4,9,4,10,1,0,0,0,2,0
9847,9,4,5,4,7,1,1,0,1,3,0
9848,10,2,0,0,8,4,1,0,2,2,0
9849,4,2,15,4,11,3,1,0,1,2,0
9850,13,5,11,6,3,1,1,0,0,4,0
9851,8,4,8,2,3,0,1,1,2,2,1
9852,6,4,6,2,13,0,1,1,2,2,0
9853,11,4,9,3,4,1,1,1,4,2,1
9854,5,7,15,0,10,4,1,0,1,2,0
9855,3,5,12,4,4,1,1,0,2,1,0
9856,8,4,0,5,6,1,1,1,2,2,0
9857,12,0,15,2,0,0,0,1,2,2,1
9858,13,4,11,2,4,0,0,1,2,2,1
9859,11,6,0,2,14,0,1,1,2,2,1
9860,7,6,0,4,3,1,1,1,2,2,1
9861,5,4,9,4,12,1,1,1,2,2,0
9862,11,4,12,2,10,0,1,1,2,2,1
9863,7,4,11,2,12,5,1,0,2,2,1
9864,5,4,15,4,4,3,0,1,2,0,0
9865,8,1,12,2,13,0,1,1,2,2,0
9866,6,4,10,2,10,0,1,1,2,2,0
9867,5,4,12,5,10,4,1,1,2,2,0
9868,8,4,15,4,4,1,1,1,2,2,0
9869,7,1,0,2,4,0,1,1,3,2,0
9870,8,1,11,2,1,0,1,1,2,2,1
9871,4,4,15,4,10,4,1,0,0,2,0
9872,8,4,9,0,8,4,1,0,2,2,0
9873,12,6,11,2,5,0,1,1,2,2,0
9874,4,4,11,4,4,3,1,1,1,2,0
9875,5,4,11,4,1,3,1,0,2,2,0
9876,9,4,1,2,7,0,1,1,2,2,0
9877,9,7,10,4,4,4,0,0,1,2,0
9878,6,4,11,2,7,0,1,1,2,2,0
9879,5,4,11,4,14,1,1,1,1,2,0
9880,9,6,15,0,3,1,1,0,2,2,0
9881,5,4,9,5,12,4,0,0,2,2,0
9882,3,6,6,4,10,1,1,0,0,2,0
9883,9,4,7,0,3,1,1,1,2,4,0
9884,12,4,8,2,13,0,1,1,1,1,1
9885,3,0,11,4,0,3,1,0,1,2,0
9886,6,0,11,3,0,2,1,1,2,2,0
9887,10,4,15,2,1,0,1,1,3,2,1
9888,7,2,11,2,11,0,1,1,2,2,0
9889,9,7,15,2,1,0,1,1,2,2,1
9890,6,4,11,2,7,0,1,1,2,2,1
9891,9,4,11,2,7,0,1,1,2,2,1
9892,9,4,11,0,6,1,1,1,2,2,0
9893,9,4,1,2,4,0,1,1,3,2,1
9894,4,5,11,4,12,3,0,1,2,4,0
9895,6,4,9,4,4,3,1,0,2,2,0
9896,11,4,11,2,4,0,1,1,0,2,0
9897,7,7,0,2,3,0,1,1,2,2,0
9898,7,4,11,2,8,0,1,1,3,2,0
9899,5,4,1,4,8,1,1,0,1,2,0
9900,7,4,9,4,4,3,1,0,2,2,0
9901,5,4,11,0,8,1,1,0,2,2,0
9902,6,4,9,2,3,0,1,1,2,2,0
9903,6,4,1,4,14,1,1,1,2,2,0
9904,6,4,11,0,1,2,1,1,2,2,0
9905,6,4,11,0,12,4,1,0,4,2,0
9906,7,6,9,0,1,1,1,0,2,2,0
9907,7,4,15,5,1,1,1,1,2,2,0
9908,7,4,11,2,3,0,1,1,2,2,1
9909,5,4,7,0,4,3,1,0,2,2,0
9910,9,0,9,2,0,0,1,1,2,2,1
9911,6,2,15,2,4,0,0,1,2,0,0
9912,6,4,0,2,12,0,1,1,2,2,1
9913,16,4,8,2,9,5,1,0,0,2,1
9914,7,4,8,4,3,3,1,1,2,2,0
9915,7,4,9,2,10,0,1,1,2,2,0
9916,6,4,11,4,7,3,1,0,2,2,0
9917,8,4,9,2,4,0,0,1,1,0,1
9918,8,4,11,2,3,0,1,1,2,2,0
9919,6,4,0,0,8,1,1,0,2,2,0
9920,6,4,14,4,13,3,0,0,2,2,0
9921,11,2,9,0,10,4,0,0,1,2,0
9922,5,2,11,4,3,1,1,1,2,2,1
9923,3,4,1,4,8,1,1,0,0,2,0
9924,8,0,2,0,0,4,0,0,1,2,0
9925,4,4,11,2,6,0,1,1,2,2,1
9926,5,4,11,0,1,1,1,0,2,2,0
9927,8,4,6,2,8,0,1,1,2,2,0
9928,12,4,9,6,12,4,1,0,2,2,0
9929,6,4,9,5,12,1,1,0,2,2,0
9930,9,4,9,2,10,0,0,1,2,2,0
9931,11,6,11,2,3,0,1,1,2,2,1
9932,12,4,11,0,12,2,1,1,1,2,0
9933,8,0,15,0,0,4,1,0,1,2,0
9934,8,4,15,2,12,0,1,1,1,2,1
9935,5,4,11,4,1,4,1,0,2,2,0
9936,10,4,11,2,8,0,1,1,0,2,0
9937,6,6,11,2,4,0,1,1,2,2,0
9938,5,4,8,2,3,0,0,1,2,2,0
9939,7,5,9,2,10,0,1,1,2,2,1
9940,7,4,11,2,10,0,1,1,2,2,0
9941,4,0,1,4,0,3,1,0,2,2,0
9942,6,4,9,2,12,0,1,1,2,4,0
9943,6,2,11,2,11,0,1,1,2,2,1
9944,3,6,14,4,10,4,1,0,0,2,1
9945,3,4,9,4,10,1,1,1,2,2,0
9946,3,4,9,4,10,3,1,0,1,2,0
9947,6,4,15,4,12,1,1,1,1,2,0
9948,7,4,9,5,12,4,1,1,1,2,0
9949,8,4,9,2,8,0,1,1,2,2,0
9950,11,4,3,2,3,0,1,1,2,2,0
9951,8,4,11,2,4,0,1,1,1,2,1
9952,4,4,10,4,10,1,0,1,2,2,0
9953,7,4,15,2,4,0,1,1,2,2,1
9954,11,4,5,2,14,0,1,1,2,2,0
9955,7,4,11,4,8,3,1,0,2,2,0
9956,7,4,15,4,12,3,1,1,2,2,1
9957,6,4,11,2,6,0,0,1,1,4,0
9958,8,4,15,2,4,0,1,1,2,2,0
9959,8,4,8,0,6,1,1,1,2,2,0
9960,9,5,11,2,4,0,1,1,2,2,0
9961,6,1,7,4,1,3,1,1,1,2,0
9962,4,4,11,4,7,3,1,1,2,2,0
9963,4,4,15,4,7,4,0,0,2,2,0
9964,11,4,15,2,12,0,1,1,2,2,0
9965,9,4,4,4,7,1,1,0,2,2,0
9966,3,4,11,4,7,3,1,1,2,2,0
9967,3,4,11,4,7,1,0,0,2,2,0
9968,10,5,9,2,12,0,0,1,2,2,1
9969,12,4,6,6,3,4,1,0,2,2,0
9970,5,4,1,2,3,0,1,1,2,2,1
9971,7,0,11,0,0,2,0,1,1,2,0
9972,8,4,11,2,3,0,1,1,2,2,1
9973,9,4,15,2,12,0,1,1,2,2,0
9974,10,4,15,2,3,0,1,1,2,2,1
9975,4,4,11,4,7,4,1,1,0,2,0
9976,4,4,11,4,12,3,1,0,1,2,0
9977,3,4,15,4,8,1,1,1,0,2,1
9978,4,4,11,4,12,3,1,1,2,2,0
9979,3,1,6,4,8,3,1,1,1,2,0
9980,9,4,12,4,12,3,1,0,2,2,0
9981,6,4,11,0,8,1,1,0,2,2,0
9982,7,4,11,4,4,3,0,1,2,2,0
9983,7,5,11,2,12,0,1,1,2,2,0
9984,4,4,9,4,12,3,1,0,2,2,0
9985,4,0,7,4,0,3,1,1,2,2,0
9986,6,4,8,4,6,1,1,1,2,2,0
9987,7,6,11,2,5,0,1,1,2,2,0
9988,15,4,15,2,4,5,1,0,1,2,1
9989,9,2,12,3,10,3,1,0,2,2,0
9990,5,4,11,0,3,2,1,1,2,2,0
9991,6,4,9,4,1,3,1,0,2,2,0
9992,6,4,9,2,4,0,1,1,2,2,0
9993,6,4,9,0,8,1,1,1,1,2,0
9994,5,4,10,2,4,0,1,1,1,2,0
9995,4,6,11,4,5,1,1,1,1,2,0
9996,4,4,11,4,8,1,1,0,2,2,0
9997,9,7,10,4,4,4,1,1,2,2,0
9998,14,1,9,6,1,1,0,0,3,2,0
9999,8,4,15,4,8,1,0,0,2,2,1
10000,9,4,15,0,6,1,1,1,2,2,0
10001,12,4,15,2,10,0,1,1,2,2,1
10002,7,4,6,2,14,0,1,1,2,1,1
10003,6,6,15,5,4,1,1,0,2,2,1
10004,10,2,11,2,8,5,1,0,4,2,1
10005,3,2,9,4,10,3,0,0,2,2,0
10006,10,4,9,2,4,0,1,1,2,2,0
10007,7,4,15,4,12,1,1,0,1,2,0
10008,4,4,0,4,6,2,1,0,1,2,0
10009,9,4,11,2,3,0,1,1,2,2,0
10010,8,4,11,2,14,0,1,1,2,2,0
10011,13,6,3,6,8,1,1,0,1,2,0
10012,4,0,0,4,0,1,1,0,2,2,0
10013,9,4,11,2,12,0,1,1,3,2,1
10014,6,4,11,4,12,3,1,0,2,2,0
10015,6,4,9,2,12,0,0,1,1,0,1
10016,7,4,11,2,3,0,1,1,2,2,1
10017,5,4,15,2,8,0,1,1,1,2,0
10018,6,4,7,4,13,1,1,0,2,2,0
10019,8,4,11,0,1,4,1,0,2,2,0
10020,8,4,2,2,14,0,1,1,2,2,0
10021,10,7,10,0,10,1,1,1,2,2,1
10022,4,4,8,4,3,3,1,1,2,2,0
10023,4,4,9,4,4,1,0,0,2,2,0
10024,11,4,12,2,4,0,0,1,1,2,0
10025,4,4,15,4,8,1,1,1,0,2,0
10026,8,4,11,5,12,1,1,1,2,2,0
10027,11,4,11,2,1,0,1,1,2,2,0
10028,13,1,11,6,1,4,1,0,2,2,0
10029,9,4,7,2,3,0,1,1,2,2,1
10030,10,0,9,2,0,5,0,0,1,4,0
10031,4,7,11,4,11,3,1,1,0,2,0
10032,10,4,11,2,14,0,1,1,2,2,1
10033,7,4,11,2,14,0,0,1,2,2,0
10034,5,4,8,2,12,0,1,1,2,2,0
10035,4,4,15,4,4,1,1,1,2,2,0
10036,6,2,11,4,8,4,1,0,2,2,0
10037,5,5,9,2,12,0,1,1,2,2,0
10038,11,0,15,6,0,4,1,0,2,2,0
10039,11,4,11,4,1,1,0,0,2,2,0
10040,7,4,11,0,7,1,1,0,2,2,0
10041,9,1,11,2,1,0,1,1,2,2,1
10042,10,0,1,2,0,0,1,1,2,2,0
10043,5,4,2,4,8,1,1,0,2,2,0
10044,12,0,8,2,0,0,0,1,0,0,0
10045,8,4,5,2,12,0,1,1,1,2,1
10046,12,5,15,2,3,0,1,1,2,2,1
10047,12,4,11,2,7,0,1,1,1,2,0
10048,10,4,11,2,8,0,1,1,2,2,0
10049,6,4,15,0,1,4,1,0,2,2,0
10050,8,4,11,0,7,1,1,0,2,2,0
10051,9,4,9,0,12,1,1,0,2,2,0
10052,10,7,15,4,1,3,1,0,1,2,0
10053,9,4,11,2,3,0,1,1,2,2,0
10054,5,4,7,4,1,3,0,0,2,2,0
10055,7,4,11,2,7,0,1,1,2,2,1
10056,7,4,9,2,4,0,1,1,2,2,0
10057,5,4,0,0,8,1,1,0,1,2,1
10058,6,4,11,2,6,0,1,1,2,2,1
10059,4,4,8,4,13,1,1,1,1,2,0
10060,3,6,11,4,12,3,1,0,2,2,0
10061,4,4,11,4,4,1,1,0,2,2,0
10062,3,4,7,4,9,1,1,0,1,2,0
10063,5,4,15,2,13,0,1,1,2,2,1
10064,8,4,11,4,1,1,1,0,3,2,0
10065,4,4,9,4,13,1,0,1,2,2,0
10066,14,4,12,2,10,0,1,1,1,2,1
10067,6,4,11,2,3,0,0,1,3,2,1
10068,5,4,15,4,12,3,1,1,2,2,0
10069,10,4,14,0,10,4,1,1,3,2,0
10070,4,4,7,4,8,1,1,1,2,2,0
10071,4,2,11,2,3,0,1,1,1,2,0
10072,12,4,2,2,11,0,1,1,2,2,1
10073,7,4,15,2,5,0,1,1,1,2,0
10074,4,4,7,4,4,1,1,1,2,2,0
10075,9,0,11,0,0,1,1,1,3,2,0
10076,6,4,1,5,8,1,1,0,2,2,1
10077,6,4,15,2,4,0,0,1,2,2,0
10078,7,7,15,2,1,0,1,1,2,2,0
10079,7,4,5,4,5,3,1,1,2,2,0
10080,7,4,11,2,13,0,1,1,2,2,0
10081,15,4,12,6,10,4,1,0,3,2,1
10082,6,4,9,2,14,0,1,1,1,2,0
10083,8,7,9,0,10,1,1,0,2,2,0
10084,6,4,15,2,3,0,1,1,2,2,1
10085,4,0,8,2,0,0,1,1,0,1,0
10086,9,5,9,2,4,0,1,1,2,2,1
10087,4,4,7,4,13,3,1,1,2,2,0
10088,8,6,11,2,3,0,1,1,2,2,0
10089,11,0,15,2,0,0,1,1,2,2,0
10090,7,4,12,2,8,0,1,1,2,2,0
10091,8,4,15,2,10,0,0,1,3,0,0
10092,11,4,1,2,7,0,0,1,2,2,1
10093,12,6,11,2,5,0,1,1,2,2,1
10094,9,4,12,4,10,3,1,1,3,2,0
10095,10,4,11,2,6,0,1,1,2,2,0
10096,4,4,15,4,1,3,1,0,2,2,0
10097,7,4,12,0,10,4,1,0,2,2,0
10098,11,4,1,2,4,0,1,1,1,2,1
10099,5,6,11,4,8,0,1,1,2,2,0
10100,8,7,12,4,10,3,1,0,2,2,0
10101,6,6,15,4,12,3,0,1,3,0,0
10102,7,4,9,2,13,0,1,1,3,2,0
10103,4,4,9,2,4,0,1,1,1,2,1
10104,9,4,9,4,12,1,1,0,3,2,0
10105,7,6,11,0,8,1,1,0,2,2,0
10106,6,4,4,2,5,0,1,1,2,2,1
10107,4,4,11,2,3,0,1,1,2,2,1
10108,3,6,9,4,4,1,1,1,1,2,0
10109,11,4,11,4,3,1,0,0,2,2,0
10110,9,5,9,2,12,0,1,1,2,2,1
10111,4,4,15,4,12,1,1,1,2,2,0
10112,8,4,14,0,10,1,1,1,2,2,1
10113,18,1,13,2,2,0,1,1,1,2,1
10114,5,0,15,4,0,3,1,0,2,2,0
10115,3,4,12,4,4,3,0,0,0,2,0
10116,7,0,1,2,0,0,1,1,2,2,0
10117,8,7,9,2,3,0,1,1,2,2,1
10118,8,4,11,2,7,0,1,1,3,2,0
10119,6,5,15,2,5,0,1,1,2,2,1
10120,4,5,8,4,4,1,1,1,1,2,0
10121,5,4,1,2,3,0,1,1,2,2,0
10122,12,4,5,6,8,1,1,1,2,2,0
10123,6,4,8,4,1,1,1,0,1,2,0
10124,5,4,9,4,10,4,0,0,1,2,1
10125,9,4,11,0,7,3,1,1,2,2,0
10126,9,4,5,2,3,0,1,1,2,2,0
10127,6,4,11,4,7,3,1,1,1,2,0
10128,7,4,1,2,3,0,1,1,2,2,0
10129,8,4,15,2,14,0,0,1,1,2,1
10130,6,4,11,0,8,4,1,0,2,2,0
10131,12,4,15,2,3,0,1,1,2,2,0
10132,10,4,11,2,3,0,1,1,2,2,1
10133,3,4,3,4,8,3,1,1,1,2,0
10134,6,6,11,0,10,1,0,1,2,2,0
10135,8,7,8,2,13,0,1,1,2,2,1
10136,5,5,12,4,10,1,1,0,1,2,0
10137,9,4,5,2,7,0,1,1,3,2,0
10138,5,4,2,4,14,1,1,1,2,2,0
10139,7,4,9,2,4,0,1,1,2,2,1
10140,6,4,0,6,8,1,1,0,2,2,0
10141,9,4,12,2,10,0,1,1,3,2,0
10142,6,4,11,2,1,5,0,0,2,0,0
10143,10,4,15,5,1,1,1,0,2,2,0
10144,9,4,11,6,3,1,1,1,2,2,0
10145,8,4,1,2,6,0,1,1,2,2,1
10146,9,2,14,4,10,1,1,1,1,2,0
10147,7,4,15,6,12,2,1,0,1,2,0
10148,6,4,15,2,4,2,1,0,2,2,0
10149,10,4,7,2,3,0,1,1,2,2,1
10150,10,4,12,0,10,1,1,0,2,2,0
10151,11,1,11,2,11,0,1,1,3,2,1
10152,4,4,10,4,10,1,1,0,1,2,0
10153,4,1,15,4,1,2,0,1,1,0,0
10154,5,4,11,0,14,3,0,1,2,0,0
10155,6,4,9,4,12,1,1,1,2,2,0
10156,9,6,14,0,10,4,0,0,2,2,0
10157,6,4,11,2,14,0,1,1,2,2,0
10158,8,4,11,2,7,0,1,1,2,4,1
10159,4,4,0,4,6,1,0,1,2,2,0
10160,8,7,12,4,10,3,0,1,2,2,0
10161,8,4,10,2,10,0,0,1,2,2,0
10162,8,7,11,2,8,0,1,1,2,2,1
10163,6,0,9,2,0,5,1,0,1,2,1
10164,10,4,15,2,4,0,1,1,2,1,0
10165,5,4,8,2,4,0,0,1,1,2,1
10166,5,4,9,2,12,0,1,1,1,1,0
10167,10,5,9,2,4,0,1,1,2,2,0
10168,6,4,11,2,13,0,1,1,2,2,1
10169,13,5,11,2,12,0,1,1,1,2,0
10170,14,4,15,2,1,0,1,1,2,2,0
10171,5,4,11,4,3,1,0,1,2,2,0
10172,4,4,1,4,6,3,1,1,1,2,0
10173,8,4,9,4,4,3,0,1,3,2,0
10174,6,4,9,4,10,3,1,1,2,2,0
10175,11,4,5,0,3,1,0,1,2,2,1
10176,8,4,15,0,4,4,1,0,2,2,0
10177,8,4,8,2,14,0,1,1,1,2,1
10178,5,4,9,2,12,0,1,1,2,2,0
10179,10,4,9,2,4,0,1,1,1,2,1
10180,7,4,9,0,12,3,0,1,2,2,0
10181,10,4,11,0,6,1,0,1,4,2,0
10182,4,4,11,2,3,0,1,1,2,2,1
10183,12,0,9,0,0,1,1,0,2,2,0
10184,8,2,9,2,13,0,1,1,1,2,0
10185,8,4,11,2,6,0,1,1,4,2,1
10186,9,4,11,2,3,0,1,1,2,2,0
10187,6,4,11,2,3,0,1,1,2,2,1
10188,6,0,15,2,0,5,1,0,1,2,0
10189,3,4,11,4,12,1,1,0,2,2,0
10190,8,4,15,2,3,0,1,1,2,2,0
10191,5,4,15,2,12,0,1,1,2,2,0
10192,12,4,14,2,12,0,1,1,2,2,0
10193,10,4,2,2,3,0,1,1,2,2,0
10194,9,4,15,0,13,4,0,0,2,2,0
10195,7,4,12,2,4,0,1,1,2,2,0
10196,11,6,9,2,5,0,1,1,2,2,1
10197,6,4,15,2,6,3,1,1,2,2,0
10198,3,4,1,4,3,1,1,1,1,2,0
10199,3,5,9,4,4,1,1,1,2,2,0
10200,9,4,8,0,10,1,1,0,2,4,0
10201,12,5,9,2,4,0,1,1,3,2,0
10202,4,4,7,4,1,1,1,0,2,2,1
10203,9,4,9,0,4,1,1,1,3,2,0
10204,3,4,15,4,4,2,1,1,1,2,0
10205,4,4,15,5,1,1,1,0,2,2,0
10206,8,2,9,2,11,0,1,1,2,2,1
10207,6,4,11,2,14,0,1,1,2,2,1
10208,11,4,1,2,1,0,1,1,1,2,0
10209,9,7,9,2,10,0,1,1,2,2,1
10210,5,4,11,4,14,3,1,1,1,2,0
10211,7,1,15,0,1,4,1,0,3,2,1
10212,7,4,11,2,7,0,1,1,2,2,0
10213,3,4,11,4,10,2,1,0,1,2,0
10214,14,4,11,2,6,0,1,1,0,2,1
10215,3,4,1,4,14,3,1,1,1,2,0
10216,7,4,9,4,10,3,1,1,3,2,0
10217,8,4,11,0,12,1,1,0,2,2,0
10218,4,6,2,2,12,0,1,1,2,2,0
10219,5,4,9,2,10,0,1,1,2,2,1
10220,3,4,15,4,13,4,0,0,1,2,0
10221,5,4,11,4,3,1,0,1,2,2,0
10222,4,2,10,4,8,3,1,0,1,2,0
10223,8,4,1,0,1,1,1,0,1,2,0
10224,11,4,15,2,1,0,1,1,2,2,1
10225,5,4,9,4,3,3,1,1,2,2,0
10226,11,4,11,6,3,1,1,1,2,2,1
10227,11,0,1,0,0,1,1,0,2,2,0
10228,9,4,8,2,13,0,1,1,0,1,0
10229,8,4,9,0,10,1,1,1,2,2,0
10230,3,4,11,4,3,1,1,0,1,2,0
10231,9,4,12,2,4,0,1,1,1,2,0
10232,4,4,11,4,14,3,0,0,1,0,0
10233,7,4,11,2,1,0,1,1,2,2,0
10234,7,4,5,2,7,0,1,1,2,2,0
10235,5,4,0,4,5,3,1,1,1,2,0
10236,7,4,9,5,12,1,1,1,2,2,0
10237,6,4,10,2,10,0,1,1,2,2,0
10238,6,7,11,5,8,4,1,0,2,2,0
10239,6,0,11,4,0,3,1,1,2,2,0
10240,4,4,15,2,1,0,0,1,1,2,1
10241,8,4,8,2,1,5,1,0,2,1,1
10242,10,4,6,2,7,5,1,0,1,2,0
10243,10,2,9,2,11,0,1,1,2,2,0
10244,8,4,14,0,10,4,1,0,3,2,0
10245,12,4,14,2,1,0,1,1,2,2,0
10246,5,4,5,4,3,1,1,1,0,4,0
10247,3,1,11,4,10,1,1,0,1,2,0
10248,10,4,11,2,3,0,1,1,2,2,1
10249,10,6,9,0,10,1,1,0,2,2,0
10250,6,4,15,2,3,0,1,1,2,2,1
10251,7,1,1,2,4,0,1,1,2,2,0
10252,7,4,11,2,3,0,1,1,2,2,1
10253,7,1,11,2,1,0,1,1,1,2,1
10254,9,4,0,2,14,0,1,1,2,2,0
10255,5,4,11,0,7,3,1,0,2,2,0
10256,5,7,11,4,11,3,1,1,1,2,0
10257,12,4,12,2,10,0,1,1,1,2,1
10258,6,4,6,0,7,1,1,0,2,2,0
10259,12,4,11,2,1,0,1,1,3,2,0
10260,8,5,7,2,1,3,0,1,2,2,0
10261,7,4,11,0,8,4,1,0,2,2,0
10262,9,4,11,2,6,0,1,1,3,2,1
10263,8,1,4,2,1,0,1,1,2,2,1
10264,4,4,15,4,4,2,1,0,1,2,0
10265,5,4,11,2,12,0,1,1,2,2,0
10266,10,4,15,2,10,0,1,1,2,2,0
10267,11,4,7,0,12,3,1,1,2,2,0
10268,5,6,1,4,3,3,1,1,2,2,0
10269,11,4,15,5,14,3,1,1,2,2,0
10270,10,1,15,2,3,0,0,1,2,2,1
10271,9,7,9,2,10,0,1,1,1,2,0
10272,5,4,0,4,12,1,1,0,2,2,0
10273,8,4,8,3,10,4,0,0,3,0,0
10274,8,4,15,0,7,1,1,0,2,2,0
10275,9,6,8,2,3,0,1,1,2,2,0
10276,7,4,11,2,3,0,1,1,2,2,1
10277,13,4,7,0,10,1,1,0,2,2,1
10278,5,7,15,4,1,3,1,1,2,2,0
10279,8,2,8,2,1,5,1,0,2,2,0
10280,14,4,15,4,4,3,1,0,2,2,0
10281,6,4,15,4,7,1,1,1,2,2,0
10282,9,4,6,4,8,3,1,0,2,2,0
10283,4,0,0,4,0,1,1,0,2,2,0
10284,11,4,11,0,3,4,0,1,2,2,0
10285,14,2,11,2,1,0,1,1,0,2,0
10286,7,4,11,2,7,0,1,1,2,2,0
10287,8,4,11,2,5,0,1,1,2,2,1
10288,9,4,11,2,8,0,1,1,2,2,1
10289,10,6,9,6,4,3,1,1,2,2,0
10290,4,4,9,4,4,3,1,0,1,2,0
10291,8,4,15,2,3,0,1,1,2,2,1
10292,14,4,2,2,3,0,1,1,0,2,0
10293,8,4,9,2,7,0,1,1,2,2,0
10294,6,4,11,2,3,0,1,1,2,2,0
10295,5,5,9,2,4,0,1,1,2,2,1
10296,9,5,8,0,12,1,1,1,2,2,0
10297,6,4,5,2,3,0,1,1,2,2,0
10298,3,0,15,4,0,4,0,0,0,2,0
10299,6,4,11,2,7,0,1,1,2,2,1
10300,12,4,11,6,3,1,1,1,1,2,0
10301,12,4,9,2,1,0,1,1,2,2,0
10302,4,4,10,4,8,1,1,0,1,2,0
10303,10,5,9,4,4,1,1,0,2,2,0
10304,12,4,9,2,8,5,1,0,2,2,0
10305,6,5,11,4,12,2,1,1,3,2,0
10306,4,4,15,4,12,1,0,1,0,0,1
10307,8,4,9,4,1,4,1,0,2,2,0
10308,3,5,15,4,12,3,1,0,1,2,0
10309,8,4,15,4,1,4,1,0,2,2,0
10310,6,4,11,0,1,4,1,0,2,2,0
10311,6,4,15,5,12,4,1,1,2,2,0
10312,11,4,7,2,12,0,0,1,2,0,0
10313,5,4,11,2,6,0,1,1,1,2,1
10314,4,4,15,4,12,1,1,1,0,2,0
10315,4,4,0,2,8,3,1,0,2,1,0
10316,8,4,9,2,14,0,1,1,2,2,1
10317,3,4,6,4,10,3,0,0,1,2,0
10318,9,4,11,5,3,4,1,1,2,2,0
10319,9,4,1,2,12,0,1,1,2,2,1
10320,6,4,1,2,3,0,1,1,2,2,1
10321,13,4,2,4,5,3,1,0,1,2,0
10322,8,2,9,2,10,5,1,0,1,2,1
10323,6,2,11,2,14,0,1,1,2,2,1
10324,12,4,9,3,1,1,1,1,2,2,0
10325,8,4,1,0,8,1,1,1,2,2,0
10326,5,4,10,4,10,1,1,0,2,2,0
10327,9,2,10,0,11,4,0,1,2,2,0
10328,3,6,11,4,3,1,1,1,0,2,0
10329,6,4,11,4,14,3,1,1,2,2,0
10330,5,2,11,2,11,0,1,1,2,2,0
10331,7,5,11,4,12,3,1,1,2,2,0
10332,6,4,12,2,10,0,1,1,2,2,1
10333,12,4,5,2,7,0,1,1,2,2,0
10334,9,4,12,2,4,0,1,1,2,2,0
10335,4,4,9,4,4,3,1,1,2,2,0
10336,5,4,0,4,7,1,0,1,2,2,0
10337,5,4,11,2,6,0,1,1,2,2,0
10338,11,4,15,2,12,0,1,1,2,2,1
10339,11,4,15,2,6,0,0,1,1,2,0
10340,9,4,11,2,4,0,1,1,2,2,1
10341,6,2,11,2,14,0,1,1,2,2,1
10342,5,4,9,4,1,1,0,0,2,2,0
10343,5,4,11,4,12,2,0,0,2,2,0
10344,5,4,11,4,3,3,1,1,2,2,0
10345,6,5,11,2,3,0,1,1,2,2,0
10346,6,4,9,4,1,3,1,1,2,2,0
10347,8,4,15,2,3,0,1,1,2,2,1
10348,10,4,11,2,3,0,0,1,2,2,1
10349,4,0,1,4,0,1,0,1,2,2,0
10350,5,4,15,0,1,4,1,0,2,2,0
10351,7,6,5,2,14,0,1,1,3,2,0
10352,6,0,1,2,0,0,1,1,2,2,0
10353,11,6,9,2,3,0,1,1,2,2,1
10354,6,6,12,2,10,0,1,1,3,2,0
10355,7,4,9,2,4,0,1,1,3,2,1
10356,6,4,11,4,6,1,1,1,2,2,1
10357,11,4,12,2,10,0,1,1,2,2,0
10358,10,4,11,4,8,1,1,1,2,2,1
10359,6,4,15,2,7,0,1,1,4,2,1
10360,9,0,15,2,0,0,1,1,2,1,0
10361,4,4,11,4,8,3,0,1,2,2,0
10362,12,7,7,0,13,2,1,0,2,2,0
10363,10,4,6,2,12,3,1,1,2,2,0
10364,4,6,11,2,3,0,1,1,1,2,1
10365,5,2,9,2,10,0,1,1,2,2,0
10366,7,4,15,2,12,0,1,1,2,2,1
10367,4,4,15,4,7,3,1,1,2,2,0
10368,4,6,11,5,3,4,1,1,2,2,0
10369,9,4,15,4,14,3,1,1,1,2,0
10370,4,4,15,4,12,1,1,0,2,2,1
10371,11,4,9,2,10,0,1,1,2,2,0
10372,10,4,15,5,8,4,1,1,2,2,0
10373,7,6,12,0,10,4,1,0,2,2,0
10374,10,4,4,2,6,0,1,1,2,2,1
10375,3,4,15,4,8,3,1,0,1,2,0
10376,5,4,12,2,4,0,1,1,2,2,1
10377,7,4,15,2,6,0,1,1,2,2,0
10378,6,1,15,0,10,4,1,1,2,2,0
10379,8,2,11,2,14,0,1,1,2,2,0
10380,6,4,9,0,10,1,1,0,2,2,0
10381,4,4,14,2,10,0,1,1,1,2,0
10382,13,4,11,2,1,0,1,1,0,2,0
10383,4,4,9,4,8,1,1,0,1,2,0
10384,12,4,12,3,4,2,0,1,2,2,0
10385,6,4,11,0,14,4,0,1,2,0,0
10386,8,4,9,2,8,0,1,1,2,2,1
10387,4,4,0,4,14,3,0,0,2,2,0
10388,9,4,9,2,7,0,1,1,2,2,1
10389,8,4,9,2,4,0,1,1,2,2,0
10390,7,4,11,0,12,3,1,1,2,2,0
10391,7,7,12,2,10,0,1,1,2,2,1
10392,6,4,11,4,10,1,1,0,2,2,0
10393,9,4,11,2,3,0,1,1,1,2,0
10394,9,4,11,2,7,0,1,1,2,2,1
10395,4,4,9,4,10,2,0,1,2,2,0
10396,5,4,11,4,14,4,1,1,2,2,0
10397,9,4,15,0,1,1,1,0,2,2,0
10398,5,4,5,2,13,0,1,1,2,2,1
10399,5,4,12,2,4,0,1,1,2,2,1
10400,4,1,12,2,4,0,1,1,2,2,0
10401,11,1,9,2,10,0,0,1,0,2,1
10402,7,4,11,2,6,0,1,1,1,2,1
10403,9,7,15,2,11,0,1,1,1,1,0
10404,8,4,15,0,1,4,1,0,2,1,0
10405,16,1,11,0,1,4,1,0,4,2,0
10406,12,4,9,6,10,1,1,0,2,2,0
10407,8,4,2,5,7,3,0,1,2,2,0
10408,8,4,9,2,4,0,1,1,2,2,0
10409,8,4,11,2,3,0,1,1,2,2,0
10410,6,4,1,0,6,4,0,1,2,0,0
10411,4,4,7,4,12,1,1,1,2,2,0
10412,9,4,15,2,13,0,1,1,1,2,0
10413,6,4,11,4,6,3,1,1,2,2,0
10414,7,7,9,0,13,4,1,1,1,2,0
10415,10,4,11,2,4,0,1,1,2,2,0
10416,12,5,9,2,12,0,1,1,0,4,0
10417,8,2,15,0,1,1,1,0,2,2,0
10418,4,4,9,4,10,3,1,0,3,2,0
10419,6,4,11,4,7,3,1,0,3,2,0
10420,9,4,11,2,14,0,0,1,2,2,0
10421,7,4,11,4,14,1,1,1,2,2,0
10422,7,6,11,2,3,0,1,1,2,2,0
10423,13,2,11,0,14,1,1,1,0,2,0
10424,5,4,5,4,8,1,1,0,2,2,0
10425,6,4,7,2,12,0,1,1,1,2,1
10426,11,6,3,2,5,0,1,1,2,2,1
10427,5,2,9,4,8,1,1,0,2,2,0
10428,8,4,15,2,3,0,1,1,2,2,0
10429,7,2,9,0,13,1,1,1,1,2,1
10430,10,4,9,0,12,1,1,0,2,2,0
10431,5,4,9,4,3,3,0,1,2,2,0
10432,9,4,6,4,14,4,1,0,2,4,0
10433,5,1,15,0,1,1,0,0,1,2,0
10434,10,4,11,2,14,0,1,1,2,2,1
10435,8,4,11,2,7,5,1,0,2,2,0
10436,10,4,14,2,10,0,1,1,1,2,0
10437,6,2,12,4,10,2,1,1,1,2,0
10438,7,4,11,2,3,0,1,1,2,2,0
10439,12,4,11,2,12,0,1,1,2,2,0
10440,6,4,9,5,8,4,1,0,2,2,0
10441,5,4,15,4,11,1,1,1,2,2,0
10442,13,2,15,2,10,0,1,1,2,2,0
10443,5,4,11,4,6,1,1,1,2,2,0
10444,4,4,9,4,12,1,0,1,2,2,0
10445,9,4,15,2,12,0,1,1,2,2,1
10446,4,4,15,4,4,3,1,1,0,2,0
10447,12,4,11,2,14,0,1,1,4,2,1
10448,10,6,11,6,12,4,0,0,2,2,0
10449,3,7,11,4,1,3,1,1,1,2,0
10450,9,7,11,0,1,1,1,0,1,2,0
10451,6,4,7,2,4,0,1,1,2,2,0
10452,5,4,9,4,8,1,1,0,1,2,0
10453,8,4,11,0,6,1,1,1,2,2,0
10454,5,4,5,4,3,3,1,1,1,2,0
10455,4,1,11,4,1,1,1,0,2,2,1
10456,18,5,15,2,12,0,1,1,2,2,0
10457,11,5,3,0,5,4,1,0,2,2,0
10458,7,4,15,4,12,3,1,0,2,2,0
10459,6,4,9,4,9,1,1,0,2,2,1
10460,10,2,9,2,11,0,1,1,2,1,1
10461,5,4,11,4,1,1,1,0,2,2,0
10462,7,4,12,2,4,0,1,1,2,2,0
10463,9,4,11,0,5,1,1,1,2,2,0
10464,6,4,11,4,3,3,1,1,1,2,0
10465,8,4,11,2,6,0,1,1,2,2,0
10466,9,2,15,0,11,1,1,1,2,2,0
10467,7,4,9,4,4,1,0,0,2,2,0
10468,12,2,10,2,10,0,1,1,2,2,1
10469,9,4,8,2,3,0,0,1,2,0,0
10470,5,4,11,4,8,3,1,1,2,2,0
10471,5,4,0,2,8,0,1,1,2,2,0
10472,3,4,1,4,12,3,1,0,0,2,0
10473,7,4,9,0,4,1,1,0,2,2,0
10474,4,2,2,4,7,1,1,1,2,2,1
10475,5,2,11,4,14,1,1,1,1,2,0
10476,7,2,11,4,1,1,1,0,2,2,0
10477,8,4,11,2,3,0,1,1,2,2,0
10478,8,4,9,2,3,0,1,1,2,2,1
10479,12,4,11,2,3,5,1,0,4,2,1
10480,7,6,0,2,8,0,1,1,2,2,0
10481,10,4,9,2,10,0,1,1,1,2,0
10482,4,4,12,4,4,1,1,1,2,2,0
10483,8,4,15,0,3,1,1,1,0,2,0
10484,14,4,11,2,6,0,1,1,1,2,0
10485,6,5,11,4,12,1,1,1,2,2,0
10486,8,4,11,2,6,0,1,1,2,2,1
10487,7,7,9,0,12,1,1,0,2,2,0
10488,3,5,12,4,4,1,1,1,0,3,0
10489,6,4,2,2,8,5,1,0,2,2,1
10490,10,2,9,2,13,0,1,1,2,2,0
10491,7,6,12,0,12,1,1,1,2,2,0
10492,14,4,8,2,5,0,1,1,1,2,1
10493,6,4,11,2,12,0,1,1,3,2,1
10494,9,6,11,2,3,0,1,1,2,2,1
10495,5,4,2,2,1,5,1,0,2,2,0
10496,12,6,9,0,12,1,1,1,2,2,0
10497,9,5,9,2,10,0,1,1,2,2,0
10498,8,4,11,2,12,0,1,1,2,4,0
10499,8,7,11,2,8,0,1,1,2,2,1
10500,5,4,15,2,8,0,1,1,2,2,0
10501,8,4,15,5,1,4,1,0,2,2,0
10502,5,4,11,2,13,0,1,1,1,2,0
10503,9,4,8,4,3,2,1,1,1,2,0
10504,6,6,9,4,12,1,1,1,2,2,0
10505,13,4,15,6,1,1,1,0,1,2,0
10506,8,4,15,2,3,0,1,1,1,2,0
10507,4,4,15,4,11,3,1,1,2,2,0
10508,11,5,11,6,4,1,1,0,1,2,0
10509,6,5,15,4,4,1,0,0,2,2,0
10510,5,4,11,2,4,0,1,1,1,2,0
10511,4,7,8,2,10,0,1,1,2,2,0
10512,7,0,11,2,0,0,1,1,1,2,1
10513,4,4,15,5,8,4,1,0,2,2,0
10514,5,4,11,4,12,3,1,0,2,2,0
10515,7,6,12,4,10,1,1,0,2,2,0
10516,9,4,9,2,4,0,1,1,2,2,0
10517,5,4,11,4,1,3,1,0,2,2,0
10518,5,4,9,2,11,0,1,1,3,2,1
10519,6,1,12,4,10,4,1,0,2,4,0
10520,10,6,8,2,8,0,1,1,2,2,1
10521,7,4,15,2,1,0,1,1,1,2,0
10522,4,4,9,4,10,3,1,1,2,2,0
10523,7,6,15,2,10,0,1,1,2,2,0
10524,7,4,11,2,14,0,1,1,3,2,1
10525,10,4,5,6,3,1,1,0,2,2,0
10526,11,4,11,2,3,0,1,1,1,2,0
10527,7,6,1,2,6,0,1,1,1,2,1
10528,7,4,15,0,1,4,0,0,2,2,0
10529,10,1,11,6,1,4,1,0,1,2,0
10530,13,4,5,2,8,0,1,1,2,2,1
10531,5,5,11,4,12,1,1,0,2,2,0
10532,6,1,9,4,10,3,1,1,2,2,0
10533,5,4,1,4,14,3,1,1,2,2,0
10534,6,6,15,4,8,3,1,0,2,2,0
10535,8,4,1,0,8,4,0,0,1,2,0
10536,5,4,9,4,9,3,0,0,2,0,1
10537,4,4,0,2,7,0,1,1,2,2,1
10538,8,7,9,5,10,4,1,0,1,2,0
10539,7,4,11,4,14,3,1,1,2,2,0
10540,5,7,9,2,4,0,1,1,2,2,1
10541,4,2,15,4,11,3,0,1,1,2,0
10542,9,4,15,0,4,1,1,1,2,2,0
10543,4,4,11,1,7,0,1,1,1,2,0
10544,7,4,11,2,3,0,1,1,3,2,1
10545,6,4,7,0,13,4,1,0,2,2,0
10546,7,4,9,4,4,3,0,1,2,2,0
10547,4,4,0,4,3,1,1,1,2,2,0
10548,6,4,11,4,5,2,1,1,2,2,0
10549,7,4,9,0,10,4,1,0,2,2,1
10550,4,4,11,4,7,4,1,0,1,2,0
10551,6,4,11,0,6,1,1,1,2,2,0
10552,4,2,12,2,4,5,1,0,2,2,0
10553,6,4,15,2,12,0,1,1,2,2,0
10554,6,4,9,0,10,4,1,1,3,2,0
10555,6,2,11,0,1,1,1,0,2,2,0
10556,9,7,11,4,7,1,1,0,2,2,0
10557,11,4,15,0,4,3,1,1,2,2,0
10558,5,4,9,4,7,3,1,0,2,2,0
10559,10,4,9,4,13,3,1,1,2,2,0
10560,6,4,0,5,8,1,1,1,2,2,0
10561,8,4,15,0,8,1,1,0,2,2,0
10562,4,4,12,4,10,3,1,1,2,2,0
10563,4,4,8,4,1,3,1,0,2,2,0
10564,4,2,14,4,10,1,1,0,0,2,0
10565,4,4,3,2,5,0,1,1,1,2,0
10566,5,4,15,2,12,0,1,1,4,2,0
10567,7,4,15,2,8,0,1,1,2,2,0
10568,4,7,11,4,4,1,1,1,1,2,0
10569,9,0,15,6,0,4,1,0,2,2,0
10570,3,2,2,4,1,1,1,0,1,2,0
10571,6,4,15,2,4,0,1,1,2,2,1
10572,4,1,12,2,4,0,1,1,1,2,1
10573,4,1,15,4,13,1,1,0,1,2,0
10574,8,2,12,2,10,0,1,1,2,2,1
10575,6,7,15,4,3,3,0,1,4,2,0
10576,3,4,9,4,10,2,1,0,2,2,0
10577,9,2,15,0,12,1,1,1,2,2,0
10578,4,4,11,4,7,1,0,0,0,2,0
10579,8,4,15,0,1,4,1,0,2,2,0
10580,11,6,2,4,4,1,0,1,2,0,0
10581,8,4,9,2,1,0,1,1,2,2,0
10582,8,4,1,2,3,0,1,1,2,2,1
10583,12,4,9,4,1,3,0,0,1,2,0
10584,7,4,11,2,9,0,1,1,2,2,1
10585,5,6,11,4,7,3,1,0,2,2,0
10586,6,2,9,4,1,3,1,1,0,2,0
10587,8,2,11,4,10,3,1,0,1,2,0
10588,10,6,9,2,12,0,0,1,2,2,0
10589,7,0,8,2,0,0,1,1,1,2,1
10590,4,7,11,4,8,1,1,0,2,2,0
10591,5,1,9,4,1,3,1,0,1,2,0
10592,13,7,15,2,10,0,1,1,1,2,0
10593,12,4,2,2,1,5,1,0,2,2,1
10594,3,4,15,4,8,3,1,0,1,2,0
10595,5,5,11,4,12,1,0,0,1,0,0
10596,9,4,1,2,6,0,1,1,2,2,0
10597,7,4,9,4,10,1,1,0,2,2,1
10598,3,4,11,4,1,3,0,0,0,2,0
10599,10,4,15,2,10,5,1,0,1,2,0
10600,12,6,9,2,5,0,1,1,2,2,0
10601,5,4,11,2,14,0,1,1,2,2,0
10602,4,1,15,4,4,1,1,1,1,2,0
10603,5,7,12,4,10,3,1,0,2,2,0
10604,6,4,9,0,12,3,0,0,2,0,0
10605,6,5,15,4,12,1,1,0,3,2,0
10606,6,2,9,4,4,1,0,1,2,0,0
10607,5,1,15,2,4,0,1,1,2,2,1
10608,3,4,8,4,3,4,1,0,1,2,0
10609,11,4,11,0,7,1,0,1,2,2,0
10610,9,4,15,0,3,1,1,1,2,2,0
10611,7,4,8,2,7,0,1,1,2,4,0
10612,6,4,15,2,4,0,1,1,2,2,1
10613,7,4,14,2,10,0,1,1,2,2,0
10614,8,4,0,2,3,0,1,1,2,2,1
10615,8,4,11,2,7,0,1,1,2,2,0
10616,10,4,15,2,1,5,1,0,2,2,1
10617,14,6,11,2,8,0,1,1,0,2,1
10618,6,6,12,2,10,0,1,1,2,2,1
10619,3,4,8,4,13,3,1,0,0,2,0
10620,6,4,9,2,6,0,1,1,2,2,0
10621,7,4,15,2,14,0,0,1,2,2,1
10622,12,6,0,2,12,0,1,1,0,2,0
10623,11,4,15,2,4,0,1,1,2,2,1
10624,7,1,15,2,1,0,0,1,1,2,0
10625,11,4,10,2,10,0,0,1,2,2,1
10626,9,7,11,2,12,0,1,1,3,2,1
10627,9,0,15,2,0,0,1,1,3,2,1
10628,6,4,11,2,6,0,1,1,2,2,0
10629,4,7,9,4,10,1,1,0,1,2,0
10630,4,4,11,3,3,1,1,1,0,2,1
10631,9,0,15,0,0,1,1,1,4,2,0
10632,3,4,15,4,4,1,0,1,1,2,0
10633,8,4,11,0,3,1,1,0,1,2,0
10634,4,6,15,4,12,3,1,0,2,2,0
10635,10,4,15,0,12,2,0,1,2,2,0
10636,9,4,11,2,7,0,0,1,2,0,0
10637,13,4,8,6,4,1,1,1,2,2,1
10638,6,4,15,2,3,0,1,1,2,2,0
10639,18,4,1,4,12,3,1,1,4,2,0
10640,8,4,15,2,12,0,0,1,3,2,0
10641,6,4,9,2,4,5,1,0,2,2,0
10642,7,6,12,2,12,0,0,1,2,2,0
10643,7,4,10,2,14,0,1,1,2,2,1
10644,3,4,15,4,6,4,1,1,0,2,0
10645,6,4,11,5,1,4,1,0,2,2,0
10646,4,4,15,4,3,3,0,1,1,2,0
10647,6,6,14,4,10,3,1,1,2,2,0
10648,10,4,7,2,3,0,1,1,2,2,0
10649,12,4,9,6,12,4,0,0,1,2,1
10650,8,4,11,0,4,1,0,1,2,2,0
10651,10,4,6,2,7,0,1,1,2,2,1
10652,8,4,11,2,3,0,1,1,2,2,0
10653,12,4,0,0,3,1,1,0,1,2,0
10654,8,5,15,4,4,1,1,1,2,2,0
10655,5,4,9,4,11,1,1,1,2,1,0
10656,5,6,11,4,4,3,1,1,3,2,0
10657,9,2,15,2,11,0,1,1,2,2,0
10658,9,4,12,0,10,1,1,0,2,2,0
10659,9,2,12,2,10,0,1,1,2,2,0
10660,7,0,11,2,0,0,1,1,2,2,0
10661,5,4,9,0,12,1,1,0,2,2,0
10662,8,0,1,0,0,4,1,0,2,2,0
10663,7,4,11,2,3,0,1,1,2,4,0
10664,4,4,1,4,8,3,0,0,2,2,0
10665,7,4,9,2,12,0,1,1,2,2,0
10666,10,4,11,2,8,0,1,1,2,2,0
10667,9,4,11,2,14,0,1,1,2,2,0
10668,7,6,15,0,5,2,0,1,1,2,0
10669,9,2,11,0,1,1,1,0,2,2,0
10670,10,4,7,0,13,1,1,0,1,2,0
10671,6,4,12,4,1,3,1,0,2,2,0
10672,7,4,9,2,6,0,1,1,0,2,1
10673,5,4,0,0,7,1,1,1,1,2,0
10674,6,6,15,0,8,4,0,0,2,2,0
10675,4,4,11,4,7,1,0,1,1,2,0
10676,5,4,11,4,7,3,1,0,2,2,0
10677,6,0,15,2,0,0,1,1,2,2,1
10678,7,4,15,2,14,0,1,1,2,2,0
10679,4,4,11,4,8,3,1,1,2,2,0
10680,12,4,5,2,3,0,1,1,2,2,0
10681,6,4,11,0,3,1,0,1,2,2,0
10682,3,2,10,4,10,1,1,0,1,2,0
10683,8,4,11,2,7,0,1,1,2,2,1
10684,5,4,15,4,1,3,1,0,2,2,0
10685,5,4,9,4,8,3,0,0,2,2,0
10686,6,4,8,2,3,0,1,1,2,2,0
10687,8,4,11,3,1,3,1,0,2,2,0
10688,6,4,0,4,1,3,1,0,2,2,0
10689,6,2,9,5,4,1,1,0,2,2,0
10690,12,6,11,2,3,0,1,1,2,1,1
10691,8,7,1,2,7,0,1,1,2,2,0
10692,7,4,11,0,1,1,1,1,2,2,1
10693,10,4,11,6,8,1,1,0,2,2,0
10694,4,4,9,4,4,1,1,1,0,2,0
10695,5,1,11,5,1,1,1,0,2,2,1
10696,8,4,11,2,14,0,0,1,2,2,1
10697,4,4,9,4,12,3,0,0,1,2,0
10698,5,4,9,4,12,3,1,1,2,2,0
10699,6,4,15,4,12,1,1,1,1,2,0
10700,8,4,9,0,12,1,1,1,2,2,0
10701,7,4,12,0,10,1,0,0,2,2,0
10702,6,0,15,4,0,3,1,0,2,2,0
10703,5,2,12,4,10,3,1,1,2,2,0
10704,6,4,11,4,1,2,1,0,2,2,0
10705,7,6,12,0,4,4,0,0,1,2,0
10706,3,4,9,4,12,1,1,0,1,2,0
10707,7,6,1,2,8,5,0,0,3,2,1
10708,5,4,15,2,10,0,1,1,1,2,0
10709,6,4,5,2,14,0,1,1,2,2,0
10710,4,4,1,4,3,4,1,1,2,2,0
10711,7,4,7,2,14,0,1,1,2,2,0
10712,6,4,15,4,8,1,1,0,2,2,0
10713,6,4,15,0,14,4,1,1,2,2,0
10714,6,2,11,0,1,4,1,0,1,2,0
10715,12,4,11,2,3,0,1,1,1,2,1
10716,6,4,15,0,3,1,1,1,2,2,1
10717,12,4,9,2,3,0,1,1,2,2,1
10718,3,1,15,4,1,3,1,0,0,2,0
10719,10,4,11,2,14,0,1,1,2,2,0
10720,8,4,12,4,10,2,1,0,1,2,0
10721,8,0,1,2,0,0,1,1,2,2,1
10722,10,4,11,2,5,0,1,1,2,2,1
10723,3,4,6,4,6,3,1,1,1,2,0
10724,5,4,7,4,4,1,1,1,2,2,0
10725,4,5,15,4,4,3,0,1,0,1,0
10726,4,4,1,4,14,1,1,1,1,2,0
10727,5,4,9,4,4,3,0,1,2,2,0
10728,7,7,11,0,8,1,1,0,2,2,0
10729,13,4,0,2,6,0,1,1,0,2,0
10730,5,4,14,2,10,0,1,1,2,2,1
10731,6,5,12,5,10,2,1,1,2,2,0
10732,4,4,11,4,3,3,1,1,2,2,0
10733,7,4,9,2,4,0,1,1,2,2,1
10734,5,4,8,4,12,4,1,0,0,2,0
10735,8,4,15,0,4,3,1,1,2,2,0
10736,6,4,10,4,10,4,1,0,2,2,0
10737,7,6,15,4,4,3,1,1,2,2,0
10738,5,4,15,4,12,3,1,0,2,2,0
10739,8,4,8,5,4,1,0,0,0,2,0
10740,12,4,11,2,7,5,1,0,2,2,0
10741,10,4,3,2,7,0,0,1,3,2,1
10742,10,6,9,0,4,2,1,0,2,2,0
10743,9,4,1,2,1,0,0,1,2,2,0
10744,9,0,4,2,0,5,1,0,2,2,0
10745,4,4,15,4,10,3,1,0,2,2,0
10746,6,4,11,0,8,1,1,1,2,2,1
10747,10,4,12,2,10,0,1,1,2,2,0
10748,11,4,7,3,7,1,1,0,2,2,0
10749,7,4,11,2,3,0,1,1,2,2,0
10750,8,7,11,2,10,0,1,1,2,2,0
10751,5,4,11,4,13,3,1,0,2,2,0
10752,8,4,11,0,6,1,1,1,2,2,0
10753,8,6,11,6,8,4,1,0,2,2,0
10754,4,2,11,4,3,3,1,1,1,2,0
10755,5,4,11,2,7,0,1,1,1,2,0
10756,11,4,7,2,4,0,1,1,2,2,1
10757,7,4,15,4,12,3,1,1,2,2,0
10758,9,4,11,0,7,3,0,1,1,2,0
10759,7,6,6,2,8,0,0,1,2,2,0
10760,6,4,15,0,12,1,1,0,2,2,0
10761,3,6,11,4,5,3,1,1,3,2,0
10762,9,6,11,2,5,0,0,1,2,2,1
10763,5,4,12,4,10,1,1,0,2,2,0
10764,12,2,7,2,10,0,1,1,1,2,1
10765,3,0,2,4,0,4,1,0,2,2,0
10766,10,4,11,2,3,0,1,1,3,2,1
10767,4,4,9,4,4,3,1,1,1,2,0
10768,5,5,9,4,12,3,1,0,2,2,0
10769,11,0,11,0,0,1,0,0,0,2,0
10770,10,4,12,2,12,0,0,1,4,2,0
10771,13,4,11,2,3,0,1,1,2,2,0
10772,10,4,11,2,3,0,0,1,3,2,0
10773,8,4,11,2,6,0,1,1,2,2,0
10774,4,4,11,4,10,1,1,0,1,2,0
10775,5,7,15,2,4,0,1,1,2,2,0
10776,11,4,15,2,1,0,1,1,2,2,1
10777,11,4,2,2,4,0,0,1,2,2,0
10778,4,4,15,4,4,2,1,1,1,2,0
10779,7,2,11,2,8,0,1,1,2,2,0
10780,5,4,6,2,6,0,1,1,1,2,0
10781,6,4,11,2,5,0,1,1,2,2,0
10782,4,4,11,4,14,3,1,1,1,2,0
10783,9,4,11,2,3,0,1,1,2,2,0
10784,9,4,11,2,1,5,1,0,2,2,0
10785,7,6,15,2,5,0,1,1,2,2,0
10786,6,4,9,2,4,0,1,1,2,2,1
10787,3,4,1,4,14,1,1,1,1,2,0
10788,6,4,7,2,3,0,1,1,2,2,0
10789,4,4,11,2,7,0,1,1,2,2,1
10790,8,4,11,4,8,4,1,0,2,2,0
10791,7,4,11,0,1,4,0,0,2,2,0
10792,12,4,11,2,8,0,1,1,2,2,1
10793,9,2,11,4,8,2,1,0,2,2,0
10794,6,4,9,2,4,0,1,1,2,2,1
10795,6,4,15,0,8,4,1,0,1,2,0
10796,7,4,9,4,10,3,0,1,2,2,0
10797,7,4,11,2,6,0,1,1,3,2,1
10798,4,4,8,4,3,3,0,1,1,2,0
10799,8,7,15,2,4,0,1,1,3,2,1
10800,13,4,15,0,1,1,1,1,1,2,0
10801,6,7,9,2,4,0,1,1,2,2,0
10802,8,5,11,2,11,0,1,1,2,2,1
10803,5,4,15,2,12,0,1,1,2,2,0
10804,7,4,15,2,8,5,1,0,2,2,1
10805,5,4,11,4,3,4,1,1,1,2,0
10806,5,1,11,2,1,0,1,1,2,2,1
10807,11,4,2,2,8,0,1,1,3,2,1
10808,5,4,12,2,10,0,1,1,3,2,0
10809,9,4,11,5,6,2,1,1,1,2,0
10810,4,4,11,4,3,3,1,1,2,2,0
10811,9,4,12,2,4,0,1,1,2,2,0
10812,12,4,11,2,12,0,1,1,2,2,0
10813,10,4,8,3,4,4,1,0,2,2,1
10814,9,4,11,0,12,1,1,0,2,2,1
10815,5,1,11,2,1,0,1,1,2,2,0
10816,6,4,11,2,6,0,0,1,2,2,1
10817,6,4,15,2,13,0,1,1,3,2,0
10818,4,4,12,4,4,1,1,1,2,2,0
10819,13,4,11,2,8,5,1,0,2,2,0
10820,3,4,12,4,10,1,1,1,2,4,0
10821,7,5,15,2,4,0,1,1,2,2,1
10822,8,4,11,2,3,0,1,1,2,2,0
10823,11,4,11,2,8,0,1,1,2,2,1
10824,8,4,9,2,10,0,1,1,4,2,0
10825,7,4,9,2,1,0,1,1,2,2,0
10826,10,4,11,2,6,0,1,1,2,2,1
10827,7,7,9,0,1,4,1,0,2,2,0
10828,7,2,11,2,11,0,1,1,2,2,0
10829,7,4,1,0,8,1,1,0,1,2,0
10830,9,4,9,2,4,5,1,0,2,2,1
10831,7,4,9,2,12,0,1,1,1,2,1
10832,6,7,0,4,8,4,0,0,2,2,0
10833,4,4,11,4,5,3,1,1,0,2,0
10834,10,4,2,3,8,4,0,0,2,2,0
10835,4,5,12,4,4,1,0,0,1,2,0
10836,10,4,7,2,8,0,1,1,2,2,1
10837,5,6,0,2,12,0,1,1,2,2,0
10838,5,4,11,4,7,3,1,0,2,2,0
10839,9,4,7,0,1,1,1,0,2,2,1
10840,9,4,9,2,4,0,1,1,2,2,0
10841,7,4,8,0,3,1,1,1,2,1,0
10842,3,4,11,4,1,3,1,0,2,2,0
10843,6,4,9,2,10,0,1,1,2,2,0
10844,4,4,11,4,7,1,0,1,2,2,1
10845,4,4,11,4,3,1,1,0,1,2,0
10846,8,4,11,2,6,0,1,1,2,2,1
10847,4,4,14,4,4,3,1,1,2,2,0
10848,4,4,11,4,14,1,1,1,2,2,0
10849,7,4,15,4,8,3,1,0,2,2,0
10850,9,6,11,2,3,0,1,1,2,2,0
10851,12,4,12,2,10,0,1,1,3,2,1
10852,5,4,9,2,10,0,1,1,1,2,0
10853,11,4,15,2,12,0,1,1,2,2,0
10854,12,2,9,2,10,0,1,1,1,2,0
10855,5,4,15,4,7,3,1,1,2,0,0
10856,5,4,15,2,8,0,1,1,2,2,1
10857,5,2,11,4,14,3,1,1,2,2,0
10858,4,4,7,4,1,3,1,0,3,2,0
10859,5,6,11,5,12,1,1,1,2,2,0
10860,9,4,7,2,4,5,1,0,2,2,1
10861,5,4,12,4,10,3,1,0,2,2,0
10862,10,4,11,4,1,3,1,0,2,2,0
10863,7,4,11,0,8,3,1,0,2,2,0
10864,7,4,11,2,3,0,0,1,2,2,0
10865,12,4,15,4,12,1,1,1,1,2,1
10866,10,4,11,6,14,1,1,1,2,2,0
10867,8,4,15,2,14,0,1,1,2,2,1
10868,13,6,15,2,4,0,0,1,0,2,0
10869,6,4,11,4,3,3,1,1,2,4,0
10870,7,4,1,2,12,0,1,1,2,2,1
10871,11,4,15,2,12,0,1,1,2,2,0
10872,4,4,8,4,1,2,1,0,2,0,0
10873,7,4,7,2,7,5,0,0,2,2,0
10874,6,4,12,2,4,0,1,1,2,2,0
10875,11,4,15,2,4,0,1,1,2,2,0
10876,9,4,2,0,8,3,1,1,2,2,0
10877,5,4,7,2,12,0,1,1,2,2,0
10878,7,2,9,2,1,5,0,0,2,2,1
10879,4,4,11,4,8,1,1,0,0,2,1
10880,3,2,8,4,4,1,1,0,2,2,0
10881,13,4,2,2,6,0,1,1,2,2,1
10882,3,4,11,4,8,1,1,1,1,2,1
10883,6,4,5,0,6,1,1,1,2,2,0
10884,9,4,11,6,12,1,0,0,2,2,1
10885,9,4,15,2,12,0,0,1,2,0,0
10886,12,6,11,2,5,0,1,1,1,2,0
10887,7,4,11,2,6,0,1,1,3,2,1
10888,6,4,15,4,3,4,0,0,2,4,0
10889,8,2,15,0,11,3,0,0,2,0,0
10890,13,2,11,6,8,4,0,0,1,2,0
10891,6,4,15,2,5,0,1,1,2,2,0
10892,9,6,15,2,10,0,1,1,2,2,0
10893,11,4,11,2,3,0,1,1,2,2,0
10894,7,7,9,5,10,1,0,1,2,2,0
10895,8,4,11,0,8,4,1,0,1,2,0
10896,6,4,1,2,4,0,1,1,2,2,0
10897,3,4,0,4,6,3,1,1,1,2,0
10898,5,4,8,4,3,3,1,1,2,2,0
10899,3,4,15,4,14,1,1,0,1,2,0
10900,7,4,7,2,10,0,1,1,2,2,0
10901,3,7,11,4,10,3,1,1,0,2,0
10902,6,0,5,0,0,4,1,1,1,2,0
10903,6,4,15,2,4,0,1,1,0,2,1
10904,6,7,11,2,1,0,1,1,2,2,1
10905,5,4,11,2,8,0,1,1,0,2,1
10906,4,4,11,4,13,1,1,1,1,2,1
10907,9,6,11,2,5,0,1,1,2,2,0
10908,6,4,9,2,10,0,1,1,2,2,1
10909,8,4,8,0,4,1,1,1,2,2,0
10910,7,0,11,2,0,0,0,1,2,2,0
10911,8,1,11,0,3,1,1,1,1,2,0
10912,4,4,11,4,3,3,1,1,2,2,0
10913,7,4,12,2,5,0,1,1,2,2,0
10914,10,6,9,2,5,0,1,1,2,2,1
10915,7,4,11,2,10,0,1,1,2,2,1
10916,14,4,7,0,1,3,1,0,1,2,0
10917,7,4,11,2,7,0,1,1,3,2,0
10918,6,4,9,0,1,4,1,0,1,2,0
10919,5,4,12,4,10,1,1,1,2,2,0
10920,3,4,7,4,13,1,1,0,1,1,0
10921,7,2,9,2,10,0,1,1,3,2,0
10922,10,4,11,2,12,5,1,0,2,2,1
10923,6,4,9,0,8,1,1,0,0,2,0
10924,8,2,11,2,6,0,1,1,2,2,1
10925,7,4,9,2,4,0,1,1,2,2,0
10926,5,4,11,4,4,3,1,0,2,2,0
10927,6,4,1,2,1,5,1,0,2,2,0
10928,4,4,15,4,12,1,1,1,0,2,0
10929,3,1,2,4,3,1,1,1,0,2,0
10930,11,4,0,2,3,0,1,1,2,2,0
10931,7,2,11,2,1,0,1,1,2,2,1
10932,6,4,6,5,8,1,1,0,1,2,0
10933,8,4,7,2,3,0,1,1,1,2,0
10934,8,6,9,0,3,4,1,1,2,2,0
10935,4,6,15,4,5,3,1,1,1,2,0
10936,11,4,9,0,12,1,0,0,2,3,0
10937,6,0,6,2,0,0,1,1,1,2,0
10938,3,7,11,4,10,1,1,1,1,2,1
10939,9,2,9,2,12,0,1,1,2,2,0
10940,9,4,6,0,7,1,1,1,2,2,0
10941,11,6,14,6,10,4,1,0,2,2,0
10942,7,4,11,2,3,0,1,1,2,2,0
10943,7,0,11,4,0,2,0,1,2,0,0
10944,6,4,9,4,10,1,0,0,2,4,0
10945,6,4,15,4,13,1,1,0,2,2,0
10946,10,1,8,5,1,1,1,0,1,2,0
10947,3,4,1,4,8,1,1,0,0,2,0
10948,8,2,11,2,1,2,1,0,3,2,0
10949,9,4,11,2,1,0,1,1,1,2,0
10950,6,4,6,5,7,1,1,1,1,2,0
10951,8,4,2,2,3,0,1,1,2,2,0
10952,8,4,8,4,4,3,1,1,2,2,0
10953,13,4,11,2,12,0,1,1,2,2,1
10954,7,0,11,2,0,0,1,1,2,2,1
10955,10,6,8,2,3,0,1,1,2,2,1
10956,7,4,11,2,1,5,1,0,2,2,0
10957,3,4,9,4,10,3,1,0,1,2,0
10958,8,4,11,2,12,0,1,1,2,2,1
10959,4,4,5,4,7,3,1,0,3,2,0
10960,7,4,11,4,7,2,1,0,2,2,0
10961,4,4,14,4,10,1,1,0,1,2,0
10962,10,0,8,2,0,0,1,1,2,2,1
10963,8,4,11,2,1,0,1,1,0,2,1
10964,6,4,15,4,1,1,1,0,2,2,0
10965,11,4,15,0,4,1,1,0,2,2,0
10966,3,4,12,4,1,3,1,0,1,2,0
10967,7,4,15,2,3,0,1,1,2,2,1
10968,6,6,9,2,4,5,1,0,2,2,0
10969,8,1,0,2,11,0,1,1,2,1,0
10970,3,4,12,4,4,1,1,1,1,2,0
10971,7,4,15,2,12,0,1,1,2,2,1
10972,9,4,11,0,3,3,1,1,2,2,0
10973,4,4,11,4,7,3,1,1,0,2,0
10974,7,4,15,2,7,0,1,1,2,2,0
10975,16,4,9,4,6,1,0,1,1,0,0
10976,6,4,15,2,8,0,0,1,1,2,0
10977,8,0,11,2,0,0,1,1,1,2,0
10978,6,6,15,2,5,0,1,1,2,2,1
10979,4,2,12,4,10,4,1,0,1,2,0
10980,6,6,9,5,4,4,0,0,2,2,0
10981,8,4,11,2,3,0,1,1,2,2,1
10982,4,4,2,3,1,4,1,0,2,2,0
10983,5,6,11,4,5,2,1,1,1,2,0
10984,9,4,15,2,12,5,1,0,2,2,1
10985,7,4,11,2,4,0,1,1,1,2,0
10986,6,7,11,4,8,1,1,0,2,2,0
10987,11,4,5,2,8,0,1,1,2,2,0
10988,7,4,15,4,1,3,1,0,2,2,0
10989,5,4,9,4,10,3,1,1,0,2,0
10990,7,4,9,0,10,4,1,1,2,2,0
10991,6,4,15,4,1,3,1,0,2,2,0
10992,5,0,6,4,0,3,1,0,2,2,0
10993,9,4,11,2,4,0,0,1,2,2,0
10994,9,1,9,2,4,0,1,1,2,2,0
10995,9,4,11,3,1,1,0,0,2,2,0
10996,5,4,11,4,8,4,1,0,2,2,0
10997,8,4,15,2,14,0,0,1,3,2,1
10998,7,4,9,4,4,4,0,0,2,0,0
10999,11,4,9,2,1,0,1,1,1,2,0
11000,9,4,12,0,10,1,1,1,2,3,0
11001,8,4,1,2,1,1,1,1,1,4,0
11002,4,4,2,4,1,3,1,0,0,2,0
11003,8,2,15,2,4,0,1,1,2,2,1
11004,9,6,1,0,14,1,1,1,1,2,0
11005,12,4,9,6,3,1,0,0,2,2,0
11006,5,6,11,4,5,3,1,1,2,2,0
11007,10,4,15,2,10,5,1,0,2,2,0
11008,5,4,12,2,10,0,1,1,2,2,1
11009,5,2,11,2,14,0,1,1,2,2,0
11010,8,4,11,2,7,0,0,1,2,2,1
11011,8,4,15,0,4,1,0,0,2,2,0
11012,8,7,9,0,4,1,1,1,2,2,0
11013,8,4,11,0,7,3,1,1,2,2,0
11014,7,4,9,0,10,4,0,0,1,2,0
11015,5,4,15,2,1,5,1,0,0,2,0
11016,7,4,11,2,14,0,1,1,3,2,1
11017,14,5,2,2,5,0,0,1,1,2,0
11018,5,4,15,4,1,3,1,0,2,2,0
11019,9,4,8,4,7,4,0,0,2,2,0
11020,7,4,11,0,14,1,1,1,2,2,0
11021,11,4,15,2,6,0,1,1,1,2,0
11022,4,2,12,4,1,1,1,1,1,2,0
11023,4,4,7,4,3,2,0,1,2,3,0
11024,12,4,12,2,1,5,0,0,1,2,0
11025,7,6,12,0,4,1,1,1,2,2,0
11026,5,4,15,2,12,0,1,1,0,2,1
11027,7,6,9,4,4,1,0,1,2,2,0
11028,6,6,9,4,5,1,1,0,2,2,1
11029,7,7,11,2,1,0,1,1,2,2,1
11030,4,4,11,4,13,3,0,0,2,2,0
11031,5,4,11,4,8,4,0,0,0,2,0
11032,10,4,11,4,12,1,0,0,1,2,0
11033,11,4,5,2,3,0,1,1,1,2,1
11034,11,7,11,2,14,0,1,1,1,2,1
11035,7,4,11,4,3,3,1,1,2,2,0
11036,7,4,4,0,5,4,1,1,2,2,0
11037,6,4,5,2,14,0,0,1,2,4,0
11038,7,4,15,4,8,3,1,0,2,2,0
11039,5,4,11,2,4,0,1,1,2,2,0
11040,7,4,9,4,1,1,1,0,2,2,0
11041,4,2,8,4,11,3,1,0,2,2,0
11042,9,4,15,2,12,0,1,1,2,2,0
11043,6,6,14,2,10,0,1,1,3,2,0
11044,4,4,9,4,12,3,1,0,0,2,0
11045,8,1,7,2,1,0,1,1,4,2,0
11046,6,4,4,4,7,1,0,0,2,0,1
11047,4,7,11,4,13,3,1,1,0,2,0
11048,14,4,11,2,8,0,1,1,1,2,0
11049,7,4,15,0,3,1,1,1,2,1,0
11050,10,7,9,2,10,0,1,1,2,2,0
11051,5,4,11,0,3,1,1,1,1,2,0
11052,9,4,3,4,7,3,0,1,2,2,0
11053,11,6,8,2,8,0,1,1,2,2,0
11054,7,4,0,4,12,1,1,1,2,2,0
11055,8,4,15,0,8,1,1,1,2,2,0
11056,9,4,11,3,12,4,1,0,2,2,0
11057,4,4,11,4,8,3,1,1,2,2,0
11058,8,1,15,2,4,0,1,1,2,2,1
11059,3,4,9,4,10,3,1,1,2,2,0
11060,9,2,9,2,6,0,1,1,2,2,0
11061,9,4,11,2,14,0,1,1,2,2,1
11062,11,0,9,3,0,3,1,0,2,2,0
11063,5,6,9,2,10,0,1,1,2,2,1
11064,4,4,11,4,1,4,1,1,2,2,0
11065,5,4,11,5,8,4,1,0,2,4,0
11066,5,5,15,2,4,0,0,1,2,2,0
11067,6,4,11,2,8,5,1,0,1,2,1
11068,9,5,12,4,4,1,0,0,2,2,0
11069,10,4,11,0,1,1,0,0,1,2,0
11070,11,2,12,2,10,0,0,1,2,2,1
11071,6,4,11,4,1,3,1,0,2,2,0
11072,6,4,15,2,1,2,1,0,2,2,0
11073,4,4,1,4,14,1,1,1,2,2,0
11074,8,4,11,0,3,1,1,1,2,2,1
11075,8,4,11,0,8,3,1,1,2,2,0
11076,5,1,11,2,10,0,1,1,2,2,0
11077,3,4,15,4,7,4,1,0,2,2,0
11078,4,5,8,4,12,1,1,0,2,2,0
11079,6,4,11,4,1,3,1,0,2,2,0
11080,4,4,11,1,14,0,1,1,2,2,1
11081,5,4,11,2,11,0,1,1,0,2,0
11082,3,4,15,4,12,3,1,0,1,2,0
11083,12,4,15,0,12,4,1,1,2,2,0
11084,7,8,7,2,13,0,1,1,2,2,0
11085,7,4,11,2,3,0,1,1,2,2,1
11086,7,4,8,2,12,0,1,1,2,2,1
11087,8,6,11,2,3,0,1,1,2,2,1
11088,7,6,11,2,5,0,1,1,2,2,0
11089,7,4,11,3,1,1,0,1,3,0,0
11090,16,4,15,2,6,0,1,1,1,2,0
11091,9,4,15,2,7,0,1,1,2,2,0
11092,6,4,11,4,3,2,1,1,2,2,0
11093,5,2,11,4,3,1,1,1,2,2,0
11094,10,4,11,2,3,0,1,1,2,2,1
11095,12,4,11,2,1,5,0,0,2,2,0
11096,6,4,15,2,12,5,1,0,2,2,1
11097,8,7,7,0,1,1,1,0,3,2,0
11098,11,2,11,2,1,0,1,1,2,2,0
11099,9,5,9,5,10,2,0,0,1,2,0
11100,7,1,11,2,1,0,1,1,2,2,1
11101,11,4,15,2,3,0,1,1,2,2,0
11102,13,4,15,2,3,0,1,1,0,2,0
11103,10,2,15,2,10,0,1,1,2,2,0
11104,12,4,15,2,8,0,0,1,1,2,1
11105,7,7,15,4,10,3,1,1,2,2,0
11106,6,4,3,0,8,3,1,0,2,2,0
11107,3,4,8,4,8,3,1,0,1,2,0
11108,9,4,11,2,1,5,0,0,2,2,1
11109,9,4,12,2,4,0,1,1,2,2,0
11110,7,4,11,2,12,5,1,0,2,2,1
11111,11,6,9,2,10,0,1,1,2,2,1
11112,10,4,11,2,4,0,1,1,2,2,0
11113,6,4,8,4,8,1,1,1,2,2,0
11114,12,4,5,2,6,0,1,1,2,2,0
11115,12,4,9,2,12,0,0,1,0,2,1
11116,7,4,9,2,4,0,1,1,2,2,0
11117,12,4,11,2,3,0,1,1,2,2,0
11118,9,7,5,3,8,1,1,0,2,2,0
11119,8,4,11,2,3,0,0,1,2,2,0
11120,10,6,9,0,10,1,1,0,2,2,0
11121,11,7,9,6,11,1,0,1,2,2,0
11122,6,4,9,4,10,4,0,0,2,0,0
11123,11,7,8,2,1,5,1,0,2,2,0
11124,9,4,11,2,5,0,1,1,2,2,1
11125,3,4,15,4,10,3,1,1,0,2,0
11126,3,4,7,4,10,2,1,0,1,2,0
11127,14,6,15,0,3,4,1,1,0,2,0
11128,7,6,9,2,10,0,1,1,2,2,1
11129,13,4,1,6,8,4,1,0,0,2,0
11130,11,4,8,2,4,0,1,1,2,2,0
11131,5,4,11,2,6,0,1,1,2,2,0
11132,7,4,1,2,3,0,1,1,2,2,0
11133,9,4,15,0,12,4,1,0,2,2,0
11134,5,4,9,4,8,2,1,0,2,2,0
11135,6,4,11,2,7,0,0,1,2,2,1
11136,10,4,15,2,5,0,0,1,2,2,0
11137,12,4,15,2,12,0,1,1,1,2,1
11138,6,4,15,2,7,0,1,1,1,2,1
11139,5,4,11,4,1,4,0,0,0,2,0
11140,7,4,15,2,4,0,0,1,2,2,1
11141,8,4,2,2,8,0,1,1,2,2,0
11142,4,4,8,4,10,3,0,0,2,2,0
11143,6,4,11,2,5,0,1,1,2,2,0
11144,9,4,11,2,3,0,1,1,2,2,1
11145,7,6,11,2,14,5,1,0,1,2,1
11146,11,4,5,2,8,5,1,0,2,2,1
11147,6,4,15,0,1,4,1,0,2,2,0
11148,5,4,15,2,4,0,1,1,1,2,0
11149,6,4,9,4,1,1,1,0,2,2,0
11150,7,4,11,2,4,5,1,0,2,2,1
11151,7,4,7,2,4,5,0,0,2,2,1
11152,4,4,15,4,1,3,1,1,2,2,0
11153,4,4,9,4,10,1,0,0,2,2,0
11154,9,4,15,0,1,1,1,0,3,0,0
11155,7,4,11,0,14,4,1,1,2,2,1
11156,4,4,15,4,12,2,1,1,2,2,0
11157,6,4,11,4,7,1,1,0,2,2,0
11158,4,4,9,2,4,0,1,1,1,2,0
11159,5,7,15,2,1,0,1,1,2,2,0
11160,4,4,1,4,1,1,1,0,2,1,0
11161,10,8,7,6,13,4,1,0,2,2,0
11162,13,7,10,0,10,3,0,1,1,4,0
11163,4,1,8,4,1,4,1,0,1,2,0
11164,6,4,11,4,12,1,1,0,2,2,0
11165,7,4,11,2,3,0,1,1,2,2,0
11166,11,6,12,2,12,0,1,1,2,2,1
11167,7,4,0,4,7,1,1,0,3,2,0
11168,3,4,15,4,4,4,1,0,1,2,0
11169,14,6,6,2,5,0,1,1,0,2,0
11170,12,4,9,6,4,1,1,0,2,2,0
11171,4,4,11,4,6,3,0,0,1,2,0
11172,6,4,9,4,4,1,1,1,2,2,0
11173,6,4,6,4,10,1,1,1,2,2,0
11174,9,4,15,4,6,1,0,1,4,2,0
11175,6,6,15,4,10,4,1,0,2,2,0
11176,5,4,9,4,12,1,1,0,2,2,0
11177,10,4,11,2,7,0,0,1,2,0,0
11178,9,4,0,4,3,1,1,1,2,2,0
11179,9,6,15,2,5,0,1,1,0,2,0
11180,9,5,9,0,1,1,1,0,2,2,0
11181,7,4,9,0,12,1,1,0,2,2,0
11182,5,4,15,4,3,1,1,1,2,2,0
11183,6,4,15,4,4,2,1,1,2,2,0
11184,6,4,7,4,13,3,1,0,4,2,0
11185,4,4,15,4,1,3,1,0,2,2,0
11186,10,4,9,2,13,0,1,1,3,2,0
11187,8,2,0,2,11,0,1,1,2,2,0
11188,5,4,1,4,3,3,1,1,2,2,0
11189,6,4,9,4,8,4,0,0,2,2,0
11190,12,4,9,2,12,0,1,1,2,2,0
11191,7,4,15,2,8,0,1,1,2,2,1
11192,6,4,11,4,8,1,1,1,2,2,0
11193,4,5,9,4,8,1,1,0,1,2,0
11194,7,2,15,2,11,0,1,1,2,2,0
11195,10,0,11,2,0,0,1,1,2,2,1
11196,5,4,9,4,1,1,1,0,1,2,0
11197,12,6,9,0,12,1,0,1,2,2,0
11198,5,6,11,4,5,1,1,1,2,2,0
11199,8,4,11,2,12,0,1,1,2,2,1
11200,4,4,15,4,1,1,1,0,2,2,0
11201,5,0,11,4,0,1,1,1,2,2,0
11202,4,4,15,4,7,1,1,1,1,2,0
11203,3,4,15,4,12,3,1,0,1,2,0
11204,9,4,15,2,6,0,1,1,2,2,0
11205,5,4,11,4,14,1,1,1,1,2,0
11206,5,4,4,4,7,1,1,1,1,2,0
11207,11,4,9,2,4,0,1,1,2,2,0
11208,3,4,12,4,10,4,1,1,1,2,0
11209,4,4,11,4,4,3,1,0,1,2,0
11210,7,4,9,2,8,0,1,1,2,2,1
11211,9,7,14,2,10,0,1,1,2,2,1
11212,3,4,15,4,8,1,1,0,1,2,0
11213,4,4,9,4,12,3,1,1,1,2,0
11214,8,4,1,0,12,1,1,1,2,2,0
11215,7,4,11,4,7,3,1,1,2,2,0
11216,9,4,11,2,3,0,1,1,2,2,0
11217,5,4,11,2,3,0,1,1,2,2,0
11218,4,4,11,4,3,3,1,1,2,2,0
11219,10,4,10,2,10,0,1,1,2,2,1
11220,7,2,8,2,11,0,1,1,2,2,0
11221,4,4,12,2,12,0,1,1,2,2,1
11222,8,4,15,2,13,0,1,1,2,2,1
11223,6,4,11,4,7,3,1,0,2,2,0
11224,9,4,11,2,7,5,1,0,2,2,0
11225,12,2,8,2,1,0,0,1,2,2,1
11226,10,4,11,2,3,0,1,1,2,2,1
11227,8,4,4,0,6,1,1,1,2,2,0
11228,10,4,11,2,8,0,1,1,2,2,1
11229,9,4,5,2,8,0,1,1,2,2,0
11230,6,4,15,3,3,1,1,1,2,2,0
11231,4,4,11,4,7,4,1,0,1,2,0
11232,6,6,11,2,4,0,1,1,2,2,0
11233,8,4,7,2,14,0,1,1,2,2,1
11234,9,4,8,2,10,0,1,1,2,2,1
11235,5,7,9,4,1,1,1,0,2,2,0
11236,7,4,6,2,8,0,0,1,2,2,1
11237,4,4,11,4,6,1,1,0,3,2,0
11238,7,4,11,2,7,0,1,1,2,2,0
11239,10,6,11,2,14,0,1,1,2,2,0
11240,9,4,11,2,6,0,1,1,2,2,1
11241,9,2,11,2,11,0,1,1,1,2,0
11242,9,4,15,0,4,4,0,0,2,2,0
11243,9,4,11,2,6,0,1,1,2,2,1
11244,5,0,4,2,0,0,1,1,0,2,1
11245,8,6,11,0,12,3,1,1,2,2,0
11246,9,4,15,4,1,3,1,0,2,2,0
11247,12,4,2,6,1,1,1,0,2,2,0
11248,5,4,15,4,4,1,1,1,2,2,0
11249,4,4,12,4,4,1,1,0,2,2,0
11250,4,0,12,4,0,3,1,1,2,2,0
11251,7,4,11,4,7,1,1,1,2,2,0
11252,6,6,11,2,3,0,1,1,2,2,0
11253,7,4,2,0,8,1,1,0,3,2,0
11254,8,4,15,2,3,0,0,1,2,0,0
11255,4,0,15,4,0,1,1,0,2,2,0
11256,5,4,15,4,12,1,1,0,2,2,0
11257,9,6,9,5,10,1,1,1,2,2,0
11258,11,6,11,0,10,1,0,1,2,0,1
11259,7,4,8,4,13,3,0,0,2,2,0
11260,4,4,9,4,12,1,1,1,2,2,0
11261,4,4,11,4,14,1,1,1,2,2,1
11262,10,4,9,2,12,0,0,1,2,2,1
11263,8,2,11,2,6,0,0,1,2,2,0
11264,7,0,9,2,0,0,1,1,2,2,0
11265,7,4,9,2,14,0,1,1,2,2,0
11266,8,2,11,2,3,0,1,1,3,2,0
11267,5,6,9,4,10,1,1,1,4,2,0
11268,6,4,9,0,10,1,1,0,3,2,0
11269,7,4,9,2,10,0,1,1,2,2,0
11270,5,7,9,4,10,1,1,0,2,2,0
11271,8,4,11,2,7,0,1,1,2,3,1
11272,6,4,15,2,3,0,1,1,3,2,0
11273,4,2,15,4,6,3,1,1,0,2,0
11274,8,6,11,4,13,3,1,1,1,2,0
11275,5,4,11,2,3,0,1,1,2,1,0
11276,9,2,11,4,11,3,1,0,2,2,0
11277,10,4,8,2,7,0,1,1,1,2,0
11278,3,4,0,4,14,3,1,0,0,2,0
11279,10,4,11,2,14,0,1,1,2,2,1
11280,7,4,11,5,8,4,0,0,2,0,0
11281,7,4,11,4,8,4,1,0,4,2,0
11282,7,0,11,2,0,0,1,1,2,2,0
11283,4,4,6,4,7,1,1,0,2,2,0
11284,12,4,9,2,8,5,1,0,2,2,1
11285,10,4,8,2,3,0,1,1,2,2,1
11286,13,4,11,2,12,0,1,1,0,2,1
11287,4,4,0,4,8,3,1,1,1,2,0
11288,4,7,11,2,4,0,1,1,2,2,0
11289,13,4,11,6,8,4,1,0,1,2,1
11290,5,4,12,4,12,1,1,0,2,2,0
11291,9,4,15,2,4,0,1,1,2,2,0
11292,4,4,11,4,7,3,1,1,0,2,0
11293,5,0,15,4,0,3,1,0,2,2,0
11294,8,4,9,0,12,3,1,0,2,2,0
11295,6,4,3,2,10,5,1,0,2,2,1
11296,6,4,12,2,4,0,1,1,2,2,1
11297,9,4,15,0,1,4,1,0,2,2,0
11298,7,5,9,6,12,4,0,0,2,4,0
11299,10,4,15,2,8,0,1,1,2,2,1
11300,3,4,5,4,3,2,0,1,1,2,0
11301,7,4,0,4,8,1,1,0,2,2,0
11302,3,6,9,4,4,3,1,1,1,2,0
11303,6,4,11,4,6,1,1,0,2,2,0
11304,8,4,11,2,3,0,1,1,1,2,1
11305,3,2,2,4,1,2,1,0,2,2,0
11306,10,4,9,2,1,0,1,1,2,2,0
11307,8,4,9,5,4,1,1,1,3,2,0
11308,8,4,11,2,3,0,1,1,2,2,0
11309,5,7,15,4,10,1,1,1,2,2,1
11310,7,5,11,0,3,4,0,1,4,2,0
11311,9,4,9,2,10,0,1,1,2,2,1
11312,11,4,15,2,12,0,1,1,2,2,0
11313,13,4,15,2,14,0,1,1,2,2,0
11314,6,4,0,4,8,1,1,0,2,2,0
11315,6,6,11,2,14,0,1,1,2,2,0
11316,6,4,11,2,12,0,1,1,1,2,0
11317,11,4,15,0,3,4,0,0,2,4,1
11318,8,6,11,0,12,1,1,1,3,2,0
11319,5,4,15,4,8,3,1,0,2,2,0
11320,4,5,11,4,12,2,1,1,2,2,0
11321,4,4,11,4,1,1,1,0,2,2,0
11322,7,4,11,0,12,4,1,0,2,2,0
11323,5,4,9,4,10,1,1,1,3,2,0
11324,7,7,9,0,10,1,1,0,2,2,0
11325,7,4,9,2,10,0,1,1,2,2,1
11326,9,2,11,5,10,4,0,0,2,0,0
11327,7,4,6,2,7,0,1,1,3,2,1
11328,5,0,15,4,0,3,1,0,2,2,0
11329,11,7,9,0,10,1,1,0,2,2,0
11330,9,4,2,0,6,1,1,1,2,2,0
11331,4,4,15,4,1,2,1,0,2,2,0
11332,5,2,5,4,11,2,1,1,2,2,0
11333,9,4,14,2,10,0,1,1,2,2,0
11334,8,0,9,2,0,5,1,0,2,2,0
11335,10,4,9,2,10,0,1,1,2,2,1
11336,8,4,9,2,10,0,1,1,2,2,0
11337,7,4,11,2,3,0,1,1,2,2,1
11338,12,4,11,6,12,4,1,1,3,2,0
11339,5,4,15,4,1,3,0,0,2,2,0
11340,4,4,15,4,1,1,1,0,2,1,0
11341,10,4,15,2,10,0,1,1,2,2,0
11342,4,6,11,4,5,1,1,0,1,2,0
11343,8,5,15,4,4,1,1,1,2,2,0
11344,7,4,11,2,14,0,1,1,3,2,0
11345,5,5,8,4,10,1,1,1,2,2,0
11346,11,4,11,2,8,0,1,1,2,2,0
11347,6,0,11,5,0,4,0,0,2,3,0
11348,6,4,9,2,10,0,1,1,2,2,1
11349,7,4,9,2,10,0,1,1,2,2,1
11350,4,4,0,4,8,3,1,1,2,2,0
11351,4,4,12,4,10,3,1,1,2,2,0
11352,7,4,11,2,12,5,1,0,2,2,0
11353,7,4,1,2,12,0,1,1,2,2,1
11354,10,4,12,0,1,4,1,0,2,2,0
11355,7,4,15,0,8,1,1,0,2,2,0
11356,9,4,9,5,14,1,0,1,2,2,0
11357,8,4,11,5,7,4,0,0,1,2,0
11358,8,4,11,2,11,0,1,1,2,2,1
11359,8,4,0,2,14,0,1,1,2,2,1
11360,3,4,9,4,1,3,1,0,2,2,0
11361,7,4,15,0,1,4,1,0,1,2,0
11362,4,4,15,4,1,3,1,0,2,2,0
11363,7,4,11,2,3,0,1,1,2,2,0
11364,6,4,15,2,12,0,1,1,3,2,1
11365,10,4,0,2,14,0,1,1,2,2,0
11366,3,4,11,4,3,1,1,1,0,2,0
11367,8,4,8,2,3,0,1,1,3,2,1
11368,7,6,11,2,3,0,1,1,2,2,0
11369,5,4,7,2,12,0,1,1,2,2,0
11370,11,0,7,2,0,0,1,1,2,2,1
11371,5,6,0,4,8,1,1,1,2,2,0
11372,8,4,8,2,4,0,1,1,1,2,1
11373,4,7,11,4,10,1,1,0,2,2,0
11374,14,4,11,4,3,3,0,1,2,2,0
11375,7,4,11,2,3,0,1,1,2,2,0
11376,12,4,4,2,7,0,1,1,1,2,0
11377,6,5,12,4,10,1,1,1,2,2,1
11378,7,4,0,2,4,0,1,1,2,2,1
11379,3,4,1,4,3,1,1,1,1,2,0
11380,7,4,9,4,1,3,1,1,3,2,0
11381,8,4,11,2,4,0,1,1,2,2,1
11382,9,7,15,0,8,4,0,0,2,2,0
11383,10,4,11,2,6,0,1,1,2,2,0
11384,3,0,11,4,0,4,1,0,0,2,0
11385,4,4,9,4,4,4,0,0,0,2,0
11386,9,2,10,2,10,0,0,1,2,2,1
11387,4,4,11,2,8,0,1,1,1,2,0
11388,9,4,11,0,4,1,0,0,1,2,0
11389,9,2,1,2,5,5,1,0,2,2,1
11390,3,4,9,4,12,3,1,0,1,2,0
11391,10,4,15,2,3,0,1,1,2,2,1
11392,7,4,15,0,4,1,1,0,2,2,1
11393,4,7,8,4,14,1,1,1,1,2,0
11394,3,4,11,4,1,1,1,1,1,2,0
11395,7,4,11,2,12,0,1,1,3,2,0
11396,7,4,11,2,1,5,0,0,2,2,0
11397,6,7,12,2,10,0,1,1,2,2,1
11398,9,4,15,2,8,0,1,1,2,2,0
11399,5,4,2,2,12,0,1,1,2,1,1
11400,15,4,15,2,3,0,1,1,1,2,0
11401,8,4,11,4,12,3,1,0,2,2,0
11402,8,4,11,0,4,3,0,0,4,2,0
11403,11,0,1,5,0,4,1,0,2,2,0
11404,3,4,9,4,6,3,1,1,1,2,0
11405,4,4,9,2,10,0,1,1,2,2,0
11406,5,4,14,4,4,1,1,0,2,2,0
11407,8,4,9,0,1,1,1,1,3,2,0
11408,4,4,1,4,1,4,0,1,2,2,0
11409,10,4,11,2,4,0,1,1,2,2,0
11410,3,4,15,4,12,1,1,0,1,2,0
11411,4,4,7,4,1,1,1,0,3,2,0
11412,3,4,15,4,8,1,1,0,0,2,0
11413,3,7,11,4,10,4,1,0,0,2,0
11414,6,4,7,2,12,0,1,1,2,2,1
11415,5,4,2,4,12,1,1,1,4,2,0
11416,5,4,11,2,3,0,1,1,2,2,1
11417,7,4,11,4,12,1,1,1,2,2,0
11418,7,6,15,2,4,0,1,1,2,2,0
11419,5,6,9,4,12,1,1,0,1,2,0
11420,7,4,11,2,12,0,1,1,3,2,0
11421,7,4,11,4,3,3,1,1,1,2,0
11422,9,4,9,2,4,0,1,1,2,2,1
11423,10,4,10,2,10,0,1,1,2,2,1
11424,4,4,15,2,12,0,1,1,2,2,1
11425,5,6,7,0,13,1,1,1,2,2,0
11426,8,7,12,2,4,0,1,1,1,2,1
11427,3,2,11,4,1,4,1,0,2,2,0
11428,8,4,11,4,8,4,1,0,2,2,0
11429,3,4,9,4,10,3,1,1,1,2,0
11430,5,4,15,4,1,4,0,0,2,2,0
11431,6,4,9,2,10,2,1,1,2,2,0
11432,7,4,11,4,12,2,1,1,2,2,0
11433,10,2,7,5,4,1,1,1,1,2,0
11434,10,4,11,2,12,0,1,1,1,2,0
11435,10,4,11,0,1,1,1,1,2,2,1
11436,7,5,0,0,12,4,1,0,2,2,0
11437,6,4,11,4,12,1,1,1,2,2,0
11438,4,1,15,4,8,3,0,1,0,2,0
11439,7,4,9,2,8,0,1,1,3,2,1
11440,8,6,11,3,3,3,0,1,4,0,0
11441,8,2,15,2,1,5,0,0,3,2,1
11442,9,0,11,2,0,0,1,1,2,2,0
11443,6,4,1,4,5,1,1,0,3,2,1
11444,6,4,5,2,7,0,1,1,1,1,0
11445,13,4,11,2,3,0,1,1,1,2,1
11446,6,2,11,2,11,0,1,1,2,2,0
11447,5,2,1,4,3,3,1,1,2,2,0
11448,9,4,11,2,6,0,1,1,3,2,0
11449,9,4,11,0,1,4,0,0,3,2,1
11450,4,4,11,4,12,1,1,0,2,2,0
11451,9,4,9,2,12,0,1,1,2,2,0
11452,10,4,15,2,12,0,1,1,2,2,0
11453,14,4,9,2,5,0,1,1,2,2,1
11454,4,4,11,4,12,3,1,0,1,2,0
11455,9,4,11,0,14,1,0,1,2,2,0
11456,10,4,11,4,6,1,1,1,2,2,0
11457,9,4,5,2,3,0,1,1,2,2,1
11458,5,4,11,4,3,1,1,1,2,2,0
11459,5,4,11,4,1,1,1,1,2,2,0
11460,13,4,15,2,13,0,1,1,0,2,0
11461,5,4,15,2,1,5,0,0,2,0,0
11462,5,4,2,2,3,0,1,1,4,2,1
11463,6,4,11,2,8,0,1,1,2,2,0
11464,10,4,9,2,10,0,1,1,2,2,1
11465,5,4,11,4,12,1,1,1,2,2,0
11466,5,2,9,4,10,1,1,0,2,2,0
11467,4,4,11,4,7,3,1,0,1,2,0
11468,6,2,11,0,14,1,1,1,2,2,0
11469,10,2,9,2,10,5,1,0,2,2,0
11470,11,4,8,2,12,5,1,0,1,2,1
11471,12,4,11,0,4,1,1,1,1,2,0
11472,5,2,14,2,4,0,1,1,2,2,0
11473,8,0,15,2,0,5,1,0,2,2,1
11474,9,4,7,2,3,0,1,1,0,2,1
11475,6,2,15,0,11,3,1,1,2,2,0
11476,8,5,15,2,4,0,1,1,2,2,1
11477,6,2,10,4,10,3,1,0,1,2,0
11478,10,4,11,2,14,0,1,1,1,2,0
11479,6,4,1,2,5,0,1,1,2,2,0
11480,11,6,15,4,12,3,1,0,2,2,1
11481,9,4,11,5,14,3,1,1,2,2,0
11482,9,4,11,2,12,0,1,1,1,4,1
11483,12,4,9,0,4,1,0,1,0,2,0
11484,6,4,6,2,5,0,1,1,2,2,1
11485,7,6,9,4,10,1,1,1,2,2,1
11486,7,4,11,2,1,0,1,1,2,0,1
11487,10,4,11,2,8,0,1,1,2,2,0
11488,3,7,11,4,1,3,1,1,2,2,0
11489,4,4,11,4,14,1,1,1,0,2,0
11490,8,4,15,2,8,0,0,1,1,2,0
11491,12,4,11,0,9,4,1,0,1,2,0
11492,8,4,12,2,4,0,1,1,2,2,0
11493,6,4,9,4,12,3,1,0,3,2,0
11494,7,4,11,2,8,0,1,1,2,2,0
11495,6,2,11,2,11,0,1,1,2,2,0
11496,10,4,11,2,3,0,1,1,2,2,1
11497,5,6,9,4,3,1,1,1,2,2,1
11498,5,1,14,4,10,2,1,0,0,2,0
11499,6,4,11,2,3,0,1,1,2,2,0
11500,11,4,11,2,3,0,1,1,2,2,1
11501,6,4,15,4,6,3,1,0,2,2,0
11502,6,5,14,2,10,0,1,1,2,2,0
11503,9,4,9,5,12,4,1,0,2,2,0
11504,9,4,3,2,3,0,1,1,2,2,1
11505,7,4,0,0,8,4,0,0,2,2,1
11506,14,6,11,2,10,0,1,1,0,2,0
11507,6,4,11,2,12,0,1,1,2,2,0
11508,6,4,9,4,12,3,1,1,2,2,0
11509,6,4,15,4,13,3,1,0,2,2,0
11510,8,6,11,2,12,0,1,1,2,2,0
11511,10,6,9,4,4,3,1,0,2,2,0
11512,13,4,1,6,8,4,1,0,2,2,0
11513,11,4,11,0,14,1,1,1,2,2,0
11514,6,4,11,2,12,0,0,1,2,0,1
11515,10,4,15,0,12,4,1,0,2,2,0
11516,7,4,6,2,3,0,1,1,2,2,0
11517,3,4,15,4,7,1,1,1,2,2,0
11518,9,4,6,2,14,0,1,1,2,2,1
11519,6,7,15,5,1,2,1,0,2,2,0
11520,10,4,15,2,3,0,1,1,1,2,1
11521,10,0,9,2,0,0,0,1,3,4,1
11522,9,4,15,2,8,0,1,1,2,2,0
11523,10,4,11,2,3,0,0,1,2,2,1
11524,11,1,11,2,1,0,1,1,2,2,0
11525,8,7,9,2,11,0,0,1,2,2,0
11526,9,4,1,2,6,0,1,1,2,2,1
11527,5,4,5,2,6,0,1,1,2,2,0
11528,8,4,15,2,1,0,0,1,2,2,1
11529,6,4,15,4,12,1,1,0,2,2,1
11530,7,4,11,2,3,0,1,1,2,2,1
11531,11,4,15,2,3,3,1,1,1,2,0
11532,6,4,11,0,1,1,1,0,2,2,0
11533,8,0,11,0,0,4,1,0,1,2,0
11534,4,4,15,4,3,3,1,0,1,2,0
11535,11,4,11,2,14,0,1,1,2,2,0
11536,6,4,15,4,12,1,1,0,3,2,0
11537,4,5,12,4,4,1,1,0,2,2,0
11538,6,4,11,4,1,1,1,0,1,2,0
11539,5,7,11,5,7,4,0,1,2,2,0
11540,3,5,11,4,4,1,1,1,1,2,1
11541,6,4,9,0,1,1,1,0,2,2,1
11542,6,4,9,0,3,4,0,0,1,2,0
11543,6,4,15,4,1,1,1,0,3,2,0
11544,6,4,9,2,12,5,1,0,3,2,1
11545,5,4,9,2,4,0,1,1,0,2,0
11546,3,4,11,4,12,1,1,0,1,2,1
11547,7,7,10,2,10,0,1,1,3,2,1
11548,7,6,11,4,3,3,1,1,1,2,0
11549,5,4,9,4,4,3,1,1,2,1,0
11550,5,0,11,2,0,0,1,1,1,2,0
11551,7,4,11,2,3,0,0,1,3,2,0
11552,4,6,8,4,3,1,1,1,2,2,0
11553,12,4,12,2,10,0,1,1,2,1,0
11554,4,4,6,4,8,1,0,1,1,2,0
11555,5,4,11,4,12,3,1,1,2,2,0
11556,5,5,11,4,4,1,0,0,3,2,0
11557,9,4,15,4,4,1,1,1,2,2,0
11558,4,4,11,4,7,3,1,0,2,2,0
11559,3,4,11,4,7,1,1,1,0,4,0
11560,5,2,15,2,8,5,1,0,2,2,0
11561,5,4,8,4,1,3,0,0,2,0,0
11562,7,7,15,0,8,1,1,0,2,2,0
11563,8,0,8,0,0,1,1,0,2,2,0
11564,9,2,11,2,14,0,1,1,2,2,0
11565,12,4,15,2,1,0,1,1,2,2,1
11566,4,0,11,5,0,4,1,0,2,2,0
11567,14,4,7,2,13,0,1,1,1,2,0
11568,10,4,15,2,1,5,1,0,2,2,0
11569,8,4,11,4,3,1,1,1,2,2,0
11570,5,4,15,4,12,1,1,0,2,2,0
11571,6,4,0,2,6,0,1,1,2,2,1
11572,4,4,11,4,12,3,1,0,1,2,0
11573,4,4,11,4,5,1,1,1,2,2,0
11574,4,4,4,0,7,4,1,1,0,2,0
11575,4,4,12,4,10,1,1,0,0,2,0
11576,12,4,15,6,7,4,0,1,1,0,0
11577,8,4,0,5,3,1,1,1,2,2,0
11578,10,7,8,2,10,0,1,1,2,2,1
11579,13,2,7,2,4,0,0,1,1,2,0
11580,11,6,11,6,14,4,1,0,2,2,0
11581,4,4,11,4,1,1,1,0,1,2,0
11582,8,4,15,2,12,0,1,1,2,2,0
11583,10,4,9,0,12,1,1,1,2,2,0
11584,5,4,12,2,4,0,1,1,2,2,1
11585,13,4,7,0,1,1,1,0,0,0,0
11586,11,1,8,2,3,0,1,1,1,2,1
11587,9,4,15,2,3,0,1,1,0,2,0
11588,8,4,11,4,8,3,1,0,2,2,0
11589,5,4,9,0,8,1,0,0,2,2,0
11590,12,2,9,2,10,0,1,1,2,1,1
11591,5,4,12,4,12,4,1,0,2,2,0
11592,6,4,9,2,13,0,1,1,2,2,0
11593,4,1,9,4,10,3,0,1,2,2,0
11594,5,4,9,2,4,5,1,0,2,2,1
11595,6,1,15,2,4,0,1,1,1,2,1
11596,5,4,15,4,3,1,1,1,2,2,0
11597,9,4,11,2,1,5,1,0,2,2,0
11598,10,4,8,0,11,1,1,0,2,2,0
11599,6,5,9,0,1,4,0,1,3,2,0
11600,5,1,12,0,10,1,1,0,2,2,0
11601,5,5,12,2,10,0,1,1,2,4,1
11602,5,4,11,4,1,1,1,0,2,2,0
11603,7,7,11,0,8,4,1,0,2,2,0
11604,5,4,9,4,10,1,1,1,1,2,0
11605,4,4,9,2,4,0,1,1,2,1,1
11606,10,4,11,2,14,0,1,1,2,2,0
11607,10,4,15,2,14,0,1,1,2,2,0
11608,4,5,11,4,12,1,1,1,1,2,0
11609,9,4,15,2,4,0,1,1,3,2,0
11610,12,4,1,2,3,0,1,1,3,2,0
11611,3,4,8,4,10,1,1,1,1,2,0
11612,10,6,15,2,14,0,1,1,2,2,1
11613,4,4,11,4,8,1,1,0,2,2,0
11614,4,4,11,5,1,1,1,1,2,2,0
11615,8,4,11,2,4,0,1,1,2,2,1
11616,9,4,11,0,14,1,1,0,1,2,0
11617,9,0,15,0,0,4,1,0,3,2,0
11618,5,4,11,2,1,0,1,1,1,2,0
11619,8,4,12,2,10,0,1,1,2,4,1
11620,7,4,11,2,14,0,1,1,2,2,0
11621,6,4,15,2,12,0,1,1,2,2,0
11622,9,4,15,2,14,0,1,1,2,2,0
11623,6,4,14,0,10,3,1,0,2,2,0
11624,7,4,15,2,6,0,1,1,3,2,1
11625,5,4,12,4,4,1,1,0,2,2,0
11626,4,4,15,4,12,3,1,1,1,2,0
11627,7,4,7,2,12,0,1,1,2,2,0
11628,7,4,11,3,6,1,1,1,2,2,0
11629,8,1,15,2,4,0,1,1,2,2,0
11630,4,4,0,4,8,1,1,0,3,2,0
11631,4,4,11,4,3,4,1,1,2,2,0
11632,8,4,2,2,8,0,1,1,2,2,1
11633,5,4,15,0,12,1,1,1,2,2,0
11634,5,6,14,2,10,5,1,0,2,2,0
11635,7,4,11,2,3,0,1,1,2,2,0
11636,5,4,15,4,12,2,0,1,2,2,0
11637,8,6,11,2,3,0,1,1,2,2,0
11638,9,2,15,4,8,4,0,0,2,2,0
11639,10,4,9,0,12,1,1,0,1,2,0
11640,7,4,15,2,8,0,1,1,3,2,0
11641,13,4,9,2,10,0,1,1,3,2,1
11642,10,4,11,2,3,0,1,1,2,2,0
11643,10,4,1,2,7,0,1,1,3,2,1
11644,5,4,11,4,7,3,1,1,2,2,0
11645,7,4,11,2,13,0,1,1,1,2,1
11646,15,4,9,2,4,0,1,1,0,2,0
11647,4,6,11,2,12,0,1,1,1,2,0
11648,4,4,11,6,12,1,1,0,1,2,0
11649,14,4,11,6,1,1,1,0,2,2,0
11650,7,1,9,4,4,1,1,1,2,2,0
11651,10,4,9,2,12,0,1,1,1,2,0
11652,3,5,11,4,1,1,1,0,1,2,0
11653,7,4,1,2,3,0,1,1,1,2,0
11654,10,1,11,0,7,1,1,1,2,2,0
11655,10,4,11,2,7,5,1,0,2,1,1
11656,7,5,8,2,10,0,1,1,2,2,1
11657,3,4,15,4,1,3,1,0,1,2,0
11658,4,6,9,4,4,1,1,0,2,2,0
11659,7,4,0,2,14,0,1,1,2,2,0
11660,7,0,8,2,0,0,1,1,2,1,1
11661,3,0,7,4,0,1,0,0,1,2,0
11662,10,4,11,0,3,4,1,1,2,2,0
11663,14,4,11,0,4,1,1,0,0,2,0
11664,9,4,2,2,3,0,1,1,2,2,0
11665,9,4,9,2,4,0,0,1,2,0,1
11666,3,4,1,4,3,3,1,1,1,2,0
11667,9,4,9,0,12,1,1,1,2,2,0
11668,9,4,12,2,4,0,1,1,2,2,1
11669,12,4,15,2,3,2,0,1,1,2,0
11670,9,6,15,4,8,3,1,0,2,2,0
11671,11,4,15,2,3,0,1,1,4,2,0
11672,4,4,2,4,8,1,1,0,2,2,0
11673,10,2,9,2,1,0,1,1,2,2,0
11674,4,4,1,4,8,3,0,0,2,2,0
11675,4,4,15,4,1,1,1,0,0,2,0
11676,4,0,15,4,0,1,0,0,2,0,1
11677,5,4,11,4,12,3,0,1,2,2,0
11678,7,4,9,4,7,1,1,1,2,2,0
11679,9,7,1,2,6,0,1,1,2,2,0
11680,6,4,9,4,4,3,1,0,2,2,0
11681,7,4,15,2,7,0,1,1,2,2,1
11682,9,4,15,0,1,1,1,0,2,2,0
11683,7,4,11,0,1,2,1,0,2,2,0
11684,7,5,9,4,12,3,1,0,3,2,0
11685,4,4,15,2,12,0,1,1,1,2,0
11686,3,4,8,4,10,2,1,1,1,2,0
11687,15,4,0,2,8,0,1,1,1,2,0
11688,7,4,11,2,14,0,1,1,3,2,1
11689,5,4,11,4,4,4,1,1,2,2,0
11690,4,4,9,4,8,1,1,0,0,2,0
11691,8,4,8,2,4,0,1,1,1,1,1
11692,10,5,9,2,12,0,1,1,2,2,0
11693,3,4,15,4,1,1,0,0,0,2,0
11694,6,5,15,4,4,3,1,0,2,1,0
11695,13,7,11,2,1,0,1,1,0,2,0
11696,11,4,5,2,7,0,1,1,2,2,1
11697,5,4,15,0,1,1,1,0,2,2,0
11698,9,4,15,2,7,0,1,1,2,2,0
11699,10,4,12,2,10,0,1,1,2,2,0
11700,5,4,4,2,7,0,1,1,1,2,0
11701,6,7,11,0,13,1,1,1,3,2,0
11702,8,4,15,4,3,3,1,1,2,2,0
11703,14,4,9,4,10,3,0,1,3,2,0
11704,5,4,15,4,4,3,0,1,2,2,0
11705,13,4,11,2,6,0,1,1,3,2,1
11706,12,4,9,0,4,4,1,0,1,2,0
11707,5,4,15,4,12,3,1,0,2,2,0
11708,6,6,12,4,10,3,1,1,2,2,0
11709,6,4,12,2,10,0,1,1,2,1,0
11710,9,4,14,2,10,0,1,1,2,2,0
11711,5,4,11,2,8,0,1,1,2,2,1
11712,4,4,15,4,8,1,1,0,2,2,0
11713,13,4,5,2,3,0,1,1,1,2,0
11714,9,6,7,2,5,0,1,1,2,2,1
11715,12,1,8,0,4,1,1,0,1,2,0
11716,4,4,14,4,10,1,0,1,2,2,0
11717,9,4,8,2,3,0,1,1,2,2,0
11718,9,1,11,2,11,0,1,1,3,2,0
11719,3,2,11,4,8,1,1,0,1,2,0
11720,9,4,11,2,12,0,1,1,2,2,1
11721,8,1,11,0,1,1,0,0,2,0,0
11722,14,4,6,2,14,0,1,1,0,1,1
11723,6,4,15,5,14,4,1,1,2,2,0
11724,8,4,15,3,12,2,1,0,2,2,0
11725,3,2,9,4,10,1,0,1,1,2,0
11726,6,6,8,5,3,1,1,1,3,2,0
11727,8,4,4,0,3,1,1,1,2,2,0
11728,8,0,4,0,0,1,1,1,2,2,0
11729,7,4,15,2,4,0,1,1,0,2,0
11730,8,7,15,0,11,4,1,0,3,2,0
11731,8,4,1,2,14,0,1,1,2,2,0
11732,6,5,12,2,4,0,1,1,2,2,1
11733,6,4,12,2,10,0,1,1,3,2,1
11734,7,6,7,6,10,2,1,0,2,2,0
11735,7,4,15,2,3,0,1,1,2,2,1
11736,9,4,1,2,5,0,1,1,2,2,0
11737,5,2,5,4,8,3,0,0,2,2,0
11738,10,4,11,2,6,0,1,1,2,2,1
11739,3,4,11,4,3,1,1,1,1,2,0
11740,4,4,15,4,1,1,0,0,1,2,0
11741,9,5,12,6,4,1,1,0,2,2,0
11742,11,2,11,0,3,1,0,1,2,2,0
11743,10,4,3,5,7,4,0,0,2,2,0
11744,9,4,9,2,3,0,1,1,2,2,0
11745,4,4,15,0,12,1,0,1,2,2,0
11746,9,6,9,0,4,1,0,0,2,2,0
11747,4,2,15,2,8,5,0,0,2,2,0
11748,8,4,11,5,8,4,1,0,2,2,0
11749,5,4,9,2,4,0,1,1,2,2,0
11750,7,4,9,2,4,0,1,1,2,4,1
11751,5,7,11,2,8,0,1,1,2,2,1
11752,5,4,11,4,4,1,1,0,2,2,0
11753,10,2,11,2,12,0,1,1,2,2,0
11754,5,5,9,2,10,5,1,0,2,2,1
11755,6,4,9,0,10,1,1,1,2,2,0
11756,9,7,15,2,1,5,1,0,1,2,0
11757,4,0,15,4,0,3,1,0,2,2,0
11758,9,4,9,0,13,1,1,0,2,2,0
11759,7,4,2,2,6,0,1,1,2,2,1
11760,4,6,9,4,10,3,0,1,2,2,0
11761,3,4,0,4,1,1,1,0,0,2,0
11762,10,4,9,0,10,1,1,1,2,2,0
11763,11,4,11,2,4,5,1,0,2,2,0
11764,4,4,14,4,4,1,1,1,2,2,1
11765,8,6,2,2,3,0,1,1,2,2,1
11766,5,2,9,2,8,0,1,1,2,2,1
11767,7,4,12,3,10,1,1,0,2,2,0
11768,7,4,12,0,10,2,0,1,2,0,0
11769,4,4,14,4,3,1,1,1,2,2,0
11770,8,6,15,5,4,1,1,1,2,2,0
11771,4,4,11,4,7,1,1,1,2,2,0
11772,12,4,11,2,12,0,1,1,2,2,0
11773,7,4,15,2,4,0,1,1,2,2,1
11774,9,6,15,4,12,3,1,0,2,2,0
11775,10,4,15,2,12,5,0,0,3,2,1
11776,10,1,15,2,10,0,1,1,2,2,1
11777,4,4,15,4,1,1,1,0,2,2,0
11778,7,2,11,4,7,1,1,1,2,2,0
11779,4,4,1,4,12,3,1,0,2,2,0
11780,4,4,15,4,7,3,0,0,2,2,0
11781,5,4,15,4,3,3,1,1,2,2,0
11782,8,6,9,4,1,1,1,0,2,4,0
11783,10,4,15,2,12,0,1,1,3,2,0
11784,9,4,8,0,1,4,1,0,1,2,0
11785,4,4,15,4,8,1,1,1,2,2,0
11786,9,4,11,5,6,4,1,1,2,2,1
11787,7,4,11,2,11,0,1,1,4,2,1
11788,9,4,9,4,10,3,1,1,1,2,0
11789,10,4,14,2,10,0,1,1,2,2,1
11790,6,5,11,4,4,3,1,1,2,2,0
11791,8,5,7,2,12,5,1,0,2,1,0
11792,3,4,6,6,9,4,1,0,2,2,0
11793,3,5,6,4,3,4,1,0,1,2,0
11794,7,4,15,0,3,1,1,1,1,2,0
11795,11,4,1,2,8,0,1,1,2,2,0
11796,10,5,7,5,12,1,1,0,2,2,0
11797,7,4,11,0,7,1,0,1,2,2,0
11798,10,4,9,0,1,1,1,1,1,2,0
11799,8,4,1,4,8,2,1,0,2,2,0
11800,6,4,1,2,3,0,1,1,2,2,0
11801,6,4,15,2,10,0,1,1,2,0,0
11802,12,4,15,2,7,0,1,1,2,2,1
11803,8,4,15,0,6,4,1,0,3,2,0
11804,3,4,1,4,3,2,0,1,0,2,0
11805,12,4,15,6,3,2,1,1,2,2,0
11806,9,4,15,4,3,3,0,1,1,2,0
11807,3,4,4,2,3,0,1,1,1,2,1
11808,4,4,15,4,4,1,1,0,1,2,0
11809,9,4,11,0,12,4,1,0,2,2,0
11810,7,4,15,2,1,5,0,0,2,2,1
11811,8,2,5,0,8,3,1,0,2,2,0
11812,5,6,15,4,10,4,0,0,2,0,1
11813,6,2,15,2,5,0,1,1,3,2,1
11814,4,4,15,4,13,3,1,0,2,2,0
11815,11,4,9,2,10,0,1,1,2,2,1
11816,6,4,11,4,12,1,1,1,0,2,1
11817,4,4,11,4,12,1,1,1,1,2,0
11818,8,4,12,2,12,0,0,1,2,2,1
11819,13,2,11,3,1,4,1,0,0,2,0
11820,7,4,15,2,8,0,1,1,2,2,0
11821,5,6,9,5,10,4,1,0,2,2,0
11822,6,6,15,2,5,0,1,1,1,2,1
11823,10,4,15,0,1,4,0,0,2,2,1
11824,8,4,15,2,14,0,1,1,2,2,0
11825,4,4,11,4,8,3,0,1,2,2,0
11826,13,4,7,6,12,1,1,0,2,2,0
11827,11,7,15,2,11,0,1,1,2,2,1
11828,10,4,1,2,3,0,1,1,2,2,1
11829,10,4,7,2,8,0,1,1,1,2,1
11830,8,4,9,0,10,3,1,0,1,2,1
11831,4,0,15,4,0,3,1,1,1,2,0
11832,4,4,15,4,1,1,0,0,2,2,0
11833,10,1,9,2,4,0,1,1,2,2,1
11834,6,4,4,4,7,1,1,0,2,2,0
11835,6,4,9,4,10,3,0,1,2,2,0
11836,9,4,11,2,8,0,1,1,2,2,0
11837,5,4,11,4,10,3,1,1,1,2,0
11838,9,4,12,0,8,1,1,1,2,2,0
11839,6,4,15,2,10,0,1,1,2,2,1
11840,7,4,11,4,8,1,1,1,1,2,0
11841,8,4,11,2,3,0,1,1,2,2,1
11842,3,6,15,4,11,1,1,0,1,2,1
11843,6,6,11,2,4,0,1,1,0,2,0
11844,3,4,5,4,6,1,1,1,1,2,0
11845,6,4,11,4,12,1,0,0,2,2,1
11846,9,6,11,2,8,5,1,0,3,2,1
11847,9,4,5,2,8,0,1,1,2,2,1
11848,5,4,0,4,12,3,0,1,2,2,0
11849,8,4,1,2,8,5,0,0,2,2,0
11850,6,1,11,2,1,5,1,0,3,1,1
11851,3,4,9,4,10,3,1,0,1,2,0
11852,10,0,15,2,0,0,1,1,2,2,0
11853,4,4,15,4,6,1,1,1,1,2,0
11854,5,4,9,4,1,1,1,0,3,2,0
11855,9,4,0,0,3,4,1,0,1,2,0
11856,11,4,11,2,14,0,1,1,2,2,0
11857,8,4,11,4,7,1,1,1,1,2,0
11858,5,4,11,4,7,2,0,1,2,2,0
11859,6,0,7,5,0,1,1,1,2,2,0
11860,5,4,15,4,12,3,1,1,2,2,0
11861,4,4,11,4,3,3,1,1,2,2,0
11862,12,4,6,0,8,2,0,0,2,2,0
11863,6,4,11,0,7,1,1,1,2,2,0
11864,4,4,15,6,8,4,0,1,2,2,0
11865,7,2,9,2,11,0,1,1,2,2,0
11866,8,4,9,2,4,0,1,1,2,2,0
11867,5,6,6,0,8,4,1,0,3,2,0
11868,9,4,7,2,1,0,1,1,1,2,0
11869,3,4,11,4,8,2,0,0,1,4,0
11870,6,7,11,4,8,1,1,1,2,2,0
11871,8,4,15,2,8,0,1,1,2,2,1
11872,3,4,15,4,1,1,1,1,0,2,0
11873,3,4,11,4,12,3,0,1,2,2,0
11874,5,4,11,4,14,1,1,1,2,2,0
11875,7,6,9,4,5,2,1,1,2,2,0
11876,9,4,11,2,12,0,1,1,2,2,0
11877,12,4,11,2,3,0,1,1,2,2,0
11878,10,6,11,2,14,0,1,1,3,2,1
11879,10,4,7,2,8,0,1,1,2,2,0
11880,7,6,11,2,3,0,1,1,2,2,1
11881,7,4,11,4,6,1,1,0,2,2,0
11882,8,4,7,0,8,4,0,0,2,2,0
11883,11,6,11,2,8,5,1,0,2,2,0
11884,7,6,11,2,12,0,1,1,2,2,1
11885,5,2,11,4,6,3,1,1,2,2,0
11886,8,4,11,2,12,0,1,1,3,2,0
11887,6,4,10,4,4,1,1,1,1,2,0
11888,4,4,0,4,8,1,1,1,2,2,0
11889,5,4,11,4,3,3,1,1,2,2,0
11890,8,5,9,4,4,3,1,1,2,2,0
11891,12,4,15,2,8,0,1,1,2,2,0
11892,8,5,11,4,12,3,1,0,2,2,0
11893,12,4,9,5,12,4,0,0,1,2,0
11894,4,4,15,4,3,3,1,1,2,2,0
11895,10,4,11,2,4,0,1,1,3,2,1
11896,7,4,11,2,12,0,1,1,2,2,0
11897,6,4,15,2,6,0,1,1,2,2,1
11898,8,4,11,2,4,0,1,1,2,2,0
11899,8,4,11,2,1,5,1,0,2,2,1
11900,11,4,9,0,4,4,0,0,2,2,0
11901,7,4,11,0,10,1,1,0,2,2,1
11902,8,5,9,0,4,1,1,1,1,2,0
11903,4,4,15,2,14,0,1,1,2,2,0
11904,4,7,15,4,11,3,1,1,2,2,0
11905,8,4,9,3,13,1,1,1,2,2,0
11906,13,4,11,2,3,0,1,1,2,2,1
11907,5,2,12,4,4,1,1,1,1,2,0
11908,3,4,9,4,3,1,0,1,1,2,0
11909,7,4,11,5,1,4,1,0,2,2,0
11910,3,4,15,4,14,3,1,1,1,2,0
11911,7,5,12,3,4,1,1,0,1,2,1
11912,7,4,12,2,10,0,1,1,2,2,1
11913,5,4,15,4,1,1,1,0,2,2,0
11914,6,4,15,4,8,1,1,0,2,2,0
11915,5,4,9,4,3,2,1,1,3,2,0
11916,11,4,11,2,8,5,1,0,2,2,0
11917,9,6,9,2,3,0,1,1,3,2,0
11918,5,4,15,4,10,4,1,0,2,2,0
11919,11,4,15,2,3,0,0,1,2,0,1
11920,4,4,15,2,3,0,1,1,2,2,1
11921,5,7,8,2,3,0,1,1,4,2,1
11922,5,4,11,4,7,1,1,1,1,2,0
11923,10,4,11,2,6,0,1,1,2,4,0
11924,8,4,8,2,4,0,1,1,2,2,0
11925,9,4,9,2,4,5,1,0,1,2,0
11926,7,4,11,2,3,0,1,1,2,2,1
11927,12,4,15,4,8,4,0,0,1,0,0
11928,5,0,7,2,0,0,1,1,2,2,0
11929,9,4,15,4,3,3,1,1,2,2,0
11930,4,7,9,4,11,3,1,1,0,2,0
11931,5,2,11,0,8,4,1,0,2,2,0
11932,7,6,4,2,5,0,1,1,2,2,0
11933,6,4,11,2,7,0,1,1,2,2,0
11934,6,4,9,2,12,5,1,0,2,2,0
11935,4,4,7,2,3,0,1,1,2,2,0
11936,7,4,11,0,7,1,1,0,2,2,0
11937,4,1,11,4,1,3,1,1,2,2,0
11938,9,4,9,2,7,0,1,1,2,2,0
11939,8,4,9,6,4,1,1,0,1,2,0
11940,7,2,14,2,10,0,1,1,2,2,1
11941,4,6,12,4,10,3,1,0,1,2,0
11942,9,4,11,4,7,3,1,0,2,2,0
11943,11,4,11,6,12,1,1,1,2,2,0
11944,8,4,9,0,12,1,1,1,2,2,0
11945,7,4,4,5,7,1,0,1,2,2,1
11946,7,0,15,4,0,1,1,0,2,2,0
11947,11,4,15,2,5,0,1,1,2,2,1
11948,6,4,7,2,10,0,1,1,2,2,1
11949,4,5,11,4,4,3,1,1,2,2,0
11950,5,4,9,4,3,3,1,1,2,2,0
11951,8,4,11,4,3,3,1,1,2,2,0
11952,9,4,9,0,13,4,1,1,2,2,0
11953,6,4,15,2,13,0,1,1,2,2,0
11954,6,6,9,4,5,1,1,1,2,2,0
11955,7,4,1,0,8,3,1,0,2,2,0
11956,11,4,15,6,12,4,1,1,2,2,0
11957,6,4,8,0,10,1,1,0,3,2,0
11958,11,7,15,3,1,1,0,0,2,2,1
11959,7,4,11,6,4,1,1,1,2,2,0
11960,8,4,11,2,1,0,1,1,2,2,1
11961,10,4,11,0,14,3,0,1,2,2,0
11962,4,4,11,4,7,3,1,1,2,2,0
11963,13,5,15,2,12,0,1,1,0,2,0
11964,4,4,15,4,13,4,0,0,2,4,0
11965,8,2,0,2,11,0,1,1,2,2,0
11966,9,4,15,2,1,5,1,0,2,2,0
11967,14,4,9,2,1,5,1,0,1,2,1
11968,3,0,11,4,0,4,1,0,0,2,0
11969,4,4,11,4,1,3,1,0,1,2,0
11970,5,4,15,4,1,1,1,0,1,2,0
11971,5,4,15,4,1,2,0,0,2,2,0
11972,4,4,15,4,14,1,1,1,2,2,1
11973,4,4,11,4,9,3,1,0,2,2,0
11974,8,4,11,2,7,0,1,1,2,2,0
11975,5,2,12,2,10,0,1,1,2,2,0
11976,6,4,14,4,10,3,1,1,2,2,0
11977,3,4,11,4,7,2,1,1,1,2,0
11978,7,0,11,2,0,0,1,1,2,2,1
11979,9,4,11,2,13,0,1,1,2,2,1
11980,10,4,15,4,13,1,1,1,2,2,0
11981,6,1,15,2,5,0,1,1,2,2,0
11982,6,0,11,2,0,0,1,1,3,2,1
11983,6,4,15,2,1,0,1,1,2,2,0
11984,9,4,12,6,10,4,1,0,2,2,0
11985,11,4,9,2,10,5,1,0,2,2,0
11986,9,2,15,2,7,0,1,1,2,2,0
11987,4,4,11,4,7,3,0,1,2,2,0
11988,10,6,11,2,8,0,1,1,2,2,0
11989,9,4,9,2,4,5,1,0,2,2,0
11990,7,4,11,4,3,1,1,1,2,2,0
11991,6,1,9,5,4,3,1,1,2,4,0
11992,11,4,0,6,8,1,1,0,2,2,0
11993,13,4,11,2,1,0,1,1,1,2,1
11994,11,7,9,2,1,0,1,1,2,2,1
11995,9,2,14,2,10,0,1,1,2,2,1
11996,6,4,9,2,4,0,1,1,2,2,1
11997,10,4,9,2,11,0,1,1,2,2,1
11998,4,4,11,4,3,3,1,1,1,2,0
11999,8,0,11,0,0,4,1,1,3,2,0
12000,9,4,15,5,12,3,0,1,2,2,0
12001,8,2,1,2,10,0,0,1,2,2,0
12002,7,4,7,2,1,0,1,1,2,2,0
12003,9,2,8,2,5,0,1,1,2,2,0
12004,3,4,11,4,3,1,1,1,2,2,0
12005,7,0,15,4,0,3,1,1,2,2,0
12006,7,4,15,2,1,5,1,0,2,2,0
12007,8,4,11,0,1,4,1,0,3,2,0
12008,7,4,8,2,13,0,1,1,2,2,0
12009,5,4,11,4,7,1,1,1,2,2,1
12010,16,4,15,4,8,3,1,1,0,2,0
12011,6,4,9,2,12,5,1,0,1,2,1
12012,6,4,11,4,7,4,1,0,2,2,0
12013,9,7,8,5,10,4,1,0,1,2,0
12014,8,2,9,2,10,0,1,1,1,2,0
12015,15,4,11,2,12,0,1,1,1,2,1
12016,6,4,9,2,12,0,1,1,2,2,1
12017,10,4,0,2,7,0,1,1,2,2,1
12018,5,6,12,4,10,3,1,0,2,2,0
12019,6,4,11,4,1,3,0,1,2,2,0
12020,5,4,14,4,3,3,1,1,2,2,0
12021,8,5,11,2,4,0,1,1,2,2,1
12022,5,4,11,6,4,4,1,0,2,2,0
12023,11,4,9,4,13,4,1,0,1,2,0
12024,12,4,5,2,14,0,1,1,2,2,0
12025,8,0,2,2,0,0,1,1,3,2,0
12026,10,4,5,2,10,0,1,1,3,2,0
12027,4,4,12,4,4,3,1,0,2,2,0
12028,9,4,15,2,4,0,1,1,2,2,1
12029,10,5,0,2,11,0,1,1,2,2,0
12030,6,4,10,2,10,0,1,1,2,2,1
12031,4,4,11,4,3,3,1,0,1,2,0
12032,12,4,5,2,6,0,1,1,2,2,0
12033,4,2,14,4,10,4,1,1,2,2,0
12034,6,4,12,2,10,0,1,1,2,2,1
12035,8,1,12,2,10,5,1,0,2,2,0
12036,12,4,9,2,10,0,1,1,2,2,0
12037,9,4,11,0,8,1,1,0,2,2,0
12038,5,0,15,2,0,0,0,1,2,2,0
12039,8,4,15,2,4,0,1,1,2,2,0
12040,7,4,12,2,10,0,1,1,2,2,1
12041,8,4,11,4,8,1,1,1,3,2,0
12042,6,4,10,2,10,0,1,1,2,2,0
12043,6,5,9,4,4,3,1,0,2,2,0
12044,10,4,9,0,4,4,1,0,2,2,0
12045,4,4,15,4,3,1,1,1,1,2,0
12046,6,2,15,4,11,3,1,1,2,2,0
12047,9,1,15,0,1,4,0,0,2,2,0
12048,5,6,11,4,12,1,1,0,2,2,0
12049,9,4,15,0,1,1,1,0,2,2,0
12050,3,4,11,4,3,4,1,1,0,2,0
12051,4,6,11,4,8,1,1,1,2,2,0
12052,9,2,14,2,10,0,1,1,2,2,0
12053,5,7,9,4,13,3,1,0,1,2,0
12054,8,4,1,4,8,1,1,0,2,2,0
12055,6,1,15,0,1,1,1,0,2,2,0
12056,8,5,9,2,12,0,1,1,2,2,0
12057,8,7,6,4,8,3,1,0,1,2,0
12058,13,4,11,0,3,3,1,1,2,2,0
12059,10,4,15,2,4,0,1,1,2,2,1
12060,6,6,11,4,5,3,1,1,2,2,0
12061,6,4,0,2,5,0,1,1,2,2,0
12062,9,4,2,2,8,0,1,1,2,2,1
12063,7,4,1,2,3,0,0,1,2,2,0
12064,8,0,15,4,0,1,1,0,1,2,0
12065,6,4,8,2,3,0,1,1,3,2,0
12066,12,4,11,2,1,5,1,0,2,2,0
12067,5,4,11,2,13,5,1,0,3,2,0
12068,11,4,11,2,3,0,0,1,2,2,0
12069,7,4,11,0,1,3,1,1,2,2,0
12070,10,4,11,2,3,0,0,1,2,0,1
12071,8,7,11,0,10,1,1,1,1,2,0
12072,5,5,12,4,12,1,1,1,1,2,0
12073,6,4,9,0,12,4,0,0,2,2,0
12074,7,4,1,2,6,0,1,1,1,2,1
12075,8,2,9,2,8,0,1,1,1,2,0
12076,6,0,15,4,0,3,1,0,1,2,0
12077,7,4,11,0,8,4,0,0,2,2,0
12078,10,4,15,2,14,0,0,1,2,2,0
12079,6,4,11,2,1,0,1,1,2,2,0
12080,6,6,9,4,12,3,0,1,2,4,0
12081,10,4,2,0,12,4,1,0,1,2,0
12082,9,4,9,2,4,0,1,1,1,2,1
12083,3,4,5,4,8,3,1,1,1,2,0
12084,6,7,7,2,11,0,1,1,3,2,0
12085,5,6,5,4,12,1,0,1,2,2,0
12086,3,7,9,4,4,3,1,1,2,2,0
12087,4,4,15,4,1,1,1,0,2,2,0
12088,9,2,2,2,14,0,1,1,1,2,0
12089,7,4,15,2,6,0,1,1,2,2,1
12090,8,4,11,0,7,4,0,0,2,2,0
12091,7,4,15,2,4,0,1,1,2,2,0
12092,6,4,9,4,12,1,0,0,3,2,0
12093,7,4,15,2,1,0,1,1,2,2,1
12094,5,4,11,2,7,0,1,1,2,2,0
12095,13,2,11,6,13,1,1,1,1,2,0
12096,7,4,15,2,11,0,1,1,2,2,0
12097,6,4,15,4,4,2,1,0,1,2,0
12098,4,4,11,5,1,1,1,0,2,2,1
12099,3,4,9,4,13,3,1,1,0,2,0
12100,9,4,7,2,3,0,0,1,3,2,1
12101,4,0,15,4,0,2,0,1,2,2,0
12102,9,1,12,2,10,5,1,0,2,2,1
12103,5,4,15,2,1,0,1,1,0,2,0
12104,5,4,15,2,12,0,0,1,2,2,0
12105,7,4,11,4,8,3,1,0,2,2,0
12106,9,4,11,0,7,1,0,1,1,2,0
12107,6,4,15,2,1,0,1,1,3,2,0
12108,4,7,11,4,4,3,1,1,1,2,0
12109,13,4,6,2,3,0,0,1,2,2,0
12110,10,4,15,0,1,1,0,0,2,2,0
12111,3,4,11,4,1,1,1,0,1,2,0
12112,8,6,8,2,5,0,1,1,2,2,0
12113,7,1,15,0,1,1,1,0,1,2,1
12114,5,4,15,4,4,1,1,1,2,2,1
12115,4,4,12,4,10,3,0,0,2,2,0
12116,9,4,11,0,3,4,0,0,1,0,0
12117,11,4,15,0,7,4,1,1,2,2,0
12118,4,4,11,4,1,4,1,0,2,2,0
12119,4,4,11,4,1,2,0,1,1,0,0
12120,6,7,15,2,1,0,1,1,2,2,0
12121,10,4,11,0,8,1,1,0,2,2,0
12122,5,4,11,2,3,0,1,1,2,2,1
12123,5,4,11,4,6,1,1,1,2,2,0
12124,14,4,15,2,6,0,1,1,1,2,0
12125,12,4,15,2,3,0,1,1,1,2,0
12126,9,1,8,2,1,5,1,0,1,2,0
12127,12,4,11,3,3,1,1,1,2,2,0
12128,7,6,12,2,10,0,1,1,2,2,1
12129,4,4,8,4,8,1,0,0,2,2,0
12130,7,4,15,2,13,0,1,1,1,2,0
12131,10,4,11,2,3,5,1,0,2,2,0
12132,4,4,14,4,10,3,1,1,2,2,0
12133,11,4,1,2,7,0,1,1,2,2,0
12134,5,4,0,4,14,1,1,0,2,2,0
12135,5,0,15,0,0,1,1,0,2,2,0
12136,6,4,14,4,10,4,1,0,2,2,0
12137,4,0,0,2,0,5,1,0,2,2,0
12138,5,4,11,2,1,0,1,1,2,2,0
12139,9,4,11,4,14,3,1,1,2,2,0
12140,14,4,15,2,12,0,1,1,0,2,0
12141,8,4,11,2,1,5,1,0,4,2,0
12142,3,4,9,4,1,3,1,0,0,2,0
12143,4,4,9,3,12,1,1,0,2,2,0
12144,8,4,11,0,12,4,1,0,2,2,0
12145,13,4,11,2,5,0,0,1,2,2,0
12146,9,4,12,2,4,0,1,1,1,2,1
12147,5,0,2,4,0,1,1,0,1,2,0
12148,9,1,15,2,3,0,0,1,0,2,1
12149,9,4,11,2,6,0,0,1,1,1,1
12150,5,7,15,4,1,1,1,0,2,2,0
12151,10,4,12,2,10,0,1,1,3,2,0
12152,8,4,0,2,8,0,1,1,2,2,0
12153,8,4,6,4,8,4,1,0,2,2,0
12154,10,6,8,2,10,0,1,1,1,2,0
12155,7,4,11,4,3,2,1,1,1,1,0
12156,6,4,9,0,10,1,0,0,2,2,0
12157,5,4,6,4,7,3,0,1,2,2,0
12158,8,0,15,4,0,1,1,1,2,2,0
12159,9,6,11,2,7,0,1,1,2,2,0
12160,12,5,15,2,4,0,1,1,2,2,1
12161,8,2,5,0,4,1,1,1,2,2,0
12162,6,4,11,2,7,2,0,0,2,2,0
12163,13,4,9,2,4,0,1,1,1,2,0
12164,5,6,15,0,10,3,1,1,1,2,0
12165,7,4,1,2,6,0,1,1,2,2,0
12166,10,4,2,4,12,1,1,1,2,2,0
12167,4,4,8,4,7,4,1,0,1,2,0
12168,10,4,2,0,11,1,1,1,2,2,0
12169,5,4,11,2,3,0,1,1,2,1,0
12170,5,4,15,2,3,0,1,1,2,2,0
12171,9,4,11,6,6,4,0,0,2,2,0
12172,8,4,11,2,7,5,1,0,1,2,0
12173,4,4,15,4,14,1,1,0,2,2,0
12174,7,6,9,4,12,3,1,1,1,2,0
12175,6,6,9,4,3,3,0,1,2,2,0
12176,14,6,11,6,3,1,1,1,2,2,0
12177,3,7,15,4,13,3,0,0,0,2,0
12178,6,4,9,2,10,0,1,1,2,2,0
12179,3,4,9,4,13,3,1,1,2,2,0
12180,12,4,11,2,12,0,1,1,2,2,0
12181,5,2,15,0,1,4,0,0,1,2,0
12182,8,4,11,0,4,2,1,1,2,2,0
12183,7,4,11,4,14,1,1,1,2,2,1
12184,5,4,9,2,4,0,1,1,2,2,0
12185,6,6,9,2,4,0,1,1,2,2,1
12186,6,4,11,5,8,1,1,0,2,2,0
12187,6,4,15,2,6,0,1,1,2,2,1
12188,4,5,5,4,12,3,0,0,2,2,0
12189,8,6,11,0,14,1,1,1,4,2,0
12190,12,4,5,2,8,5,0,0,1,0,0
12191,3,4,11,4,3,3,1,1,1,2,0
12192,9,4,11,4,10,3,1,1,2,2,0
12193,6,4,11,2,3,0,1,1,2,2,0
12194,6,4,15,2,11,0,1,1,2,2,1
12195,4,2,11,3,4,1,1,1,2,2,0
12196,4,4,9,4,13,4,1,0,1,2,0
12197,12,7,15,2,1,0,0,1,1,2,1
12198,7,2,5,2,11,2,0,1,2,2,0
12199,8,4,1,4,12,1,1,0,2,2,0
12200,7,4,11,5,6,1,1,1,2,2,0
12201,4,4,15,4,3,3,1,1,2,2,0
12202,8,4,8,6,3,1,0,1,2,0,1
12203,8,4,15,3,6,4,0,0,2,2,0
12204,8,0,8,2,0,0,1,1,2,2,1
12205,6,7,6,2,6,0,1,1,2,2,1
12206,4,4,11,4,3,1,1,1,2,2,0
12207,6,4,7,2,6,0,1,1,1,2,1
12208,11,2,15,6,10,1,1,1,2,2,0
12209,4,4,15,4,6,1,1,0,1,2,0
12210,8,4,11,2,11,0,1,1,3,2,1
12211,4,4,9,2,12,0,1,1,2,2,1
12212,12,4,11,2,1,0,1,1,1,2,1
12213,4,4,15,4,1,2,1,0,2,2,1
12214,5,4,15,4,3,1,0,1,2,2,0
12215,11,4,15,2,1,0,1,1,2,2,1
12216,5,4,10,4,10,3,1,1,2,2,0
12217,4,0,1,4,0,1,1,0,2,2,0
12218,6,4,11,3,14,4,1,0,2,2,0
12219,7,0,6,2,0,0,1,1,3,2,1
12220,8,4,8,2,3,0,1,1,2,2,0
12221,14,4,9,2,10,0,1,1,1,2,1
12222,10,4,15,2,12,0,1,1,2,2,1
12223,4,4,12,4,10,1,1,0,2,2,0
12224,4,4,15,2,3,0,1,1,2,2,0
12225,6,6,12,2,10,0,1,1,2,2,1
12226,12,4,11,4,7,1,1,0,2,2,0
12227,4,4,15,4,12,1,1,0,0,2,1
12228,7,4,13,4,7,1,1,0,2,2,0
12229,10,4,11,2,7,0,1,1,2,2,0
12230,7,4,11,4,7,4,1,0,2,2,0
12231,6,4,15,4,1,4,0,0,2,2,0
12232,5,2,11,2,12,0,1,1,2,2,0
12233,18,1,15,0,4,1,1,1,2,2,0
12234,5,2,8,4,8,3,1,1,1,2,0
12235,4,4,12,4,10,3,1,0,2,2,0
12236,4,4,9,4,10,3,1,0,0,2,0
12237,11,4,11,2,8,0,1,1,2,2,0
12238,14,2,15,4,11,1,1,1,0,2,0
12239,6,6,11,2,3,0,1,1,2,2,1
12240,6,4,11,2,7,0,1,1,1,2,1
12241,9,4,15,2,1,0,1,1,2,2,1
12242,10,4,11,2,3,0,0,1,2,4,0
12243,7,4,15,2,5,0,1,1,3,2,1
12244,6,4,7,4,1,3,1,0,2,2,0
12245,4,4,15,4,10,2,1,0,2,2,0
12246,8,6,11,2,3,0,1,1,2,2,0
12247,6,4,11,2,6,0,1,1,2,2,0
12248,8,4,11,2,8,0,1,1,2,2,1
12249,7,4,15,2,12,0,1,1,2,2,1
12250,5,6,8,4,3,1,1,1,1,2,0
12251,9,4,11,5,14,3,1,1,3,1,1
12252,8,4,11,2,7,0,1,1,1,2,1
12253,3,2,12,4,10,3,1,1,1,2,0
12254,7,6,8,2,10,0,1,1,2,2,0
12255,9,4,9,2,13,0,1,1,2,2,1
12256,10,4,0,2,3,0,1,1,2,2,0
12257,10,4,2,0,7,1,1,1,2,2,0
12258,9,4,9,0,13,4,1,0,2,2,0
12259,14,5,15,6,5,4,1,0,1,2,0
12260,8,2,6,2,8,0,1,1,3,2,1
12261,4,5,11,4,4,3,1,0,0,2,0
12262,6,4,11,4,1,1,1,0,2,2,0
12263,12,4,11,1,3,1,1,1,2,2,0
12264,9,4,0,2,8,0,1,1,2,4,0
12265,8,1,9,0,13,1,1,0,2,2,0
12266,7,4,8,2,7,0,1,1,2,2,0
12267,7,4,9,0,4,4,1,0,2,2,1
12268,5,4,9,4,4,3,0,1,2,2,0
12269,7,4,15,2,13,0,1,1,2,2,0
12270,10,2,15,2,1,0,1,1,2,2,0
12271,12,4,1,2,14,0,0,1,2,2,0
12272,12,4,1,0,1,4,1,0,2,2,0
12273,11,4,9,0,4,4,1,1,2,2,0
12274,5,4,9,2,3,0,1,1,2,2,1
12275,6,4,11,2,4,0,1,1,2,1,0
12276,6,2,11,4,1,1,1,0,2,2,0
12277,10,7,11,5,8,1,1,0,2,2,0
12278,12,4,0,2,8,3,1,0,2,2,0
12279,7,4,11,2,5,0,0,1,1,2,1
12280,4,4,15,4,7,3,1,1,1,2,0
12281,5,4,11,2,6,0,1,1,2,2,1
12282,10,1,15,4,1,3,0,0,2,2,0
12283,5,4,9,4,4,1,1,1,1,2,0
12284,5,4,11,4,8,3,1,0,2,2,0
12285,4,5,5,4,4,3,0,1,2,2,0
12286,5,4,15,2,12,0,1,1,1,2,0
12287,4,4,1,4,3,3,1,1,1,2,0
12288,10,4,8,2,8,0,1,1,2,2,0
12289,5,6,9,2,10,5,1,0,2,2,1
12290,7,4,15,0,1,4,0,0,2,2,0
12291,7,2,8,2,11,0,1,1,2,2,0
12292,10,4,9,0,3,3,1,1,2,2,0
12293,14,4,7,2,12,5,1,0,2,2,0
12294,11,2,9,6,4,4,1,1,2,2,0
12295,11,4,9,2,10,0,1,1,2,2,0
12296,7,4,11,2,3,0,1,1,2,2,0
12297,11,5,9,2,4,0,1,1,1,2,0
12298,8,4,2,2,7,0,1,1,2,2,1
12299,6,4,15,2,10,5,1,0,2,2,0
12300,5,4,15,2,14,0,1,1,2,2,1
12301,4,4,11,4,3,1,1,1,2,2,0
12302,4,4,11,4,14,1,1,1,2,2,0
12303,10,4,11,2,11,0,1,1,2,2,1
12304,3,5,15,4,14,1,1,1,0,2,0
12305,7,4,7,2,12,5,1,0,4,2,0
12306,11,4,1,2,8,0,1,1,0,2,1
12307,12,4,11,6,3,1,1,1,2,2,1
12308,6,4,15,5,12,1,1,0,1,2,1
12309,5,4,9,4,4,1,1,0,1,2,1
12310,3,4,9,4,13,3,0,0,1,2,0
12311,6,4,15,2,7,0,0,1,2,0,1
12312,5,5,9,4,4,4,1,1,2,2,0
12313,7,4,9,2,10,0,1,1,2,2,0
12314,5,4,1,0,8,1,1,0,3,2,0
12315,5,4,8,4,13,1,1,1,2,2,1
12316,10,4,11,2,3,0,1,1,2,2,0
12317,6,6,11,4,4,4,0,0,2,2,0
12318,10,4,14,2,1,3,0,0,2,2,0
12319,4,4,11,4,3,1,1,1,2,2,0
12320,5,0,11,4,0,3,1,1,2,2,0
12321,8,4,9,2,3,0,1,1,2,2,1
12322,8,4,15,0,10,4,0,0,2,2,0
12323,6,4,11,2,8,0,0,1,2,2,0
12324,8,4,7,0,1,1,1,0,2,2,0
12325,6,0,15,2,0,0,1,1,2,2,1
12326,7,4,11,6,4,1,1,1,2,2,0
12327,9,4,11,0,8,4,0,0,2,2,0
12328,4,6,15,4,13,3,0,0,1,2,0
12329,9,1,12,2,4,0,1,1,2,2,1
12330,8,4,11,0,7,1,1,0,2,2,0
12331,10,4,0,2,3,0,1,1,2,2,1
12332,11,4,8,6,8,1,1,0,1,2,0
12333,7,4,15,2,4,0,1,1,2,2,0
12334,5,1,7,4,1,1,1,0,2,2,0
12335,6,7,12,4,10,4,0,0,1,2,0
12336,12,4,11,2,1,0,1,1,2,2,1
12337,10,4,11,0,12,4,1,0,2,2,0
12338,6,4,15,4,12,1,1,1,2,2,0
12339,9,4,15,0,4,1,1,0,3,2,0
12340,12,4,11,4,14,1,1,1,2,2,0
12341,8,4,11,3,8,3,1,0,2,2,0
12342,5,4,11,4,12,1,0,1,1,2,0
12343,8,4,15,6,6,1,1,1,0,2,0
12344,9,4,11,2,5,0,1,1,3,2,0
12345,6,4,11,2,7,0,1,1,2,2,0
12346,8,4,11,2,13,0,1,1,2,2,0
12347,9,6,9,4,3,4,1,0,2,2,0
12348,6,4,15,4,13,1,1,1,2,1,0
12349,13,4,11,2,3,0,1,1,2,2,1
12350,7,1,8,2,1,0,1,1,2,2,0
12351,10,4,11,2,4,5,1,0,2,2,1
12352,6,0,6,0,0,1,1,1,2,2,0
12353,5,4,15,4,1,3,1,0,2,2,0
12354,3,4,9,4,12,3,1,0,1,2,0
12355,10,4,8,6,7,1,1,0,1,2,0
12356,10,4,12,2,4,0,1,1,2,2,1
12357,8,6,11,2,3,0,1,1,2,2,1
12358,6,4,11,5,9,1,0,0,2,2,0
12359,11,4,11,0,1,1,1,0,1,2,1
12360,5,4,11,2,8,5,1,0,2,2,0
12361,16,5,12,0,4,4,0,0,0,2,0
12362,8,4,6,4,3,4,0,1,2,2,0
12363,8,4,3,0,8,4,1,0,1,2,0
12364,11,4,9,2,12,0,1,1,2,2,0
12365,11,4,6,4,7,3,1,1,3,2,0
12366,10,4,8,0,1,1,1,1,2,2,0
12367,10,4,11,0,8,4,0,0,2,2,0
12368,6,0,9,2,0,0,1,1,2,2,0
12369,8,2,11,2,11,2,1,1,2,2,0
12370,7,4,9,2,4,0,1,1,2,2,1
12371,3,4,8,4,1,3,1,0,0,2,0
12372,7,4,0,0,8,1,1,0,2,2,0
12373,4,4,1,2,8,0,1,1,0,2,1
12374,11,4,12,2,4,0,1,1,2,2,0
12375,4,4,11,4,8,1,1,0,2,2,0
12376,6,0,11,4,0,2,1,0,2,2,1
12377,9,0,15,2,0,0,0,1,2,2,1
12378,7,7,8,4,10,1,1,1,2,2,0
12379,13,4,11,6,8,4,1,0,1,2,0
12380,9,2,9,0,10,1,0,1,1,2,0
12381,7,4,11,2,3,0,1,1,2,2,0
12382,4,4,9,4,13,1,1,1,0,2,0
12383,4,4,15,4,12,1,1,0,1,2,1
12384,9,0,1,0,0,1,1,0,2,2,0
12385,9,4,7,0,3,1,1,1,2,2,1
12386,9,0,7,2,0,0,1,1,2,2,0
12387,7,4,11,2,7,0,1,1,2,2,1
12388,6,4,15,2,1,0,1,1,2,2,0
12389,7,6,15,4,13,3,1,0,2,2,0
12390,9,4,10,4,10,3,0,0,2,2,0
12391,7,2,1,2,6,0,1,1,1,2,0
12392,9,4,9,5,1,4,1,0,2,2,0
12393,7,4,11,2,12,0,1,1,1,2,0
12394,13,4,5,2,7,1,1,1,2,2,0
12395,11,5,11,2,4,0,1,1,2,2,1
12396,3,7,9,4,10,3,1,0,1,2,0
12397,12,4,15,2,14,0,1,1,2,2,1
12398,14,4,6,5,1,1,1,0,2,2,1
12399,6,2,8,4,10,3,1,0,2,2,0
12400,7,7,11,4,14,1,1,1,2,2,0
12401,4,4,15,4,1,3,0,0,1,2,0
12402,15,4,7,2,3,0,1,1,2,2,0
12403,6,4,0,2,3,0,1,1,2,2,0
12404,4,4,11,4,12,3,1,0,1,2,0
12405,8,4,9,2,4,0,1,1,2,2,0
12406,5,4,15,4,8,3,1,0,2,2,0
12407,8,5,15,0,12,1,1,0,2,2,0
12408,10,4,11,0,7,1,1,1,2,2,1
12409,6,4,15,0,1,1,1,0,1,2,0
12410,4,4,2,4,3,1,1,1,1,2,0
12411,5,2,15,4,1,1,1,1,2,2,0
12412,11,4,15,2,3,0,1,1,2,2,1
12413,12,4,15,2,1,0,1,1,2,2,0
12414,7,4,4,2,5,0,1,1,2,2,0
12415,4,4,9,4,4,3,0,1,2,2,0
12416,9,4,2,2,1,0,1,1,2,2,1
12417,5,4,9,4,3,3,0,1,2,2,0
12418,9,4,12,2,12,0,1,1,2,2,0
12419,11,4,12,6,4,1,1,1,1,2,0
12420,6,4,11,4,4,3,1,1,2,2,0
12421,14,5,11,2,4,5,1,0,0,2,0
12422,5,4,8,4,4,1,0,0,1,2,0
12423,4,4,9,2,7,0,0,1,2,2,0
12424,8,2,11,5,8,1,1,0,2,2,0
12425,7,4,9,4,10,1,1,1,2,2,0
12426,6,0,3,2,0,5,1,0,2,2,0
12427,5,2,11,3,1,1,1,0,2,2,0
12428,5,4,9,4,12,4,1,1,1,2,0
12429,4,6,9,4,10,1,1,0,2,2,0
12430,5,4,11,4,12,3,1,0,2,2,0
12431,7,4,11,0,8,4,0,0,2,2,0
12432,8,4,15,0,4,3,1,0,3,2,0
12433,9,4,1,4,1,4,1,0,2,2,0
12434,9,4,11,4,12,3,1,1,1,2,0
12435,4,1,7,4,1,3,0,0,1,2,0
12436,6,4,15,4,9,3,0,0,2,2,0
12437,10,6,12,2,10,0,1,1,2,2,1
12438,6,4,8,2,3,0,1,1,2,2,0
12439,5,4,9,4,1,1,0,0,2,0,0
12440,5,1,15,4,1,1,1,0,2,2,0
12441,4,4,4,4,1,1,0,0,1,2,0
12442,13,4,11,6,9,1,0,0,1,2,0
12443,11,4,9,2,10,0,1,1,2,2,0
12444,6,4,6,2,8,0,1,1,2,2,0
12445,9,4,11,0,3,1,1,1,3,2,0
12446,4,2,15,4,11,1,1,1,3,2,0
12447,7,4,9,2,12,0,1,1,2,1,0
12448,8,6,15,4,10,1,1,1,1,2,0
12449,7,4,8,2,3,0,1,1,2,2,0
12450,6,4,11,2,3,0,0,1,1,0,1
12451,4,4,6,4,3,1,1,1,1,2,0
12452,9,4,9,0,12,4,1,0,2,1,0
12453,7,4,11,2,7,0,1,1,1,2,0
12454,5,4,11,4,6,1,1,1,2,2,0
12455,4,6,15,4,3,1,1,1,2,2,0
12456,7,4,9,0,8,4,1,0,2,2,0
12457,5,6,9,4,12,1,0,0,3,0,0
12458,6,4,8,4,10,2,1,1,1,2,0
12459,5,2,15,2,8,0,1,1,2,2,0
12460,12,6,11,4,3,3,1,1,1,2,0
12461,13,6,11,6,5,1,1,1,2,2,0
12462,12,4,15,2,9,5,0,0,2,2,0
12463,8,4,8,0,7,1,1,0,2,2,0
12464,8,4,11,2,9,5,1,0,1,2,1
12465,5,4,9,4,10,2,1,0,1,2,0
12466,8,4,15,0,8,1,1,1,1,2,0
12467,14,6,11,1,8,5,1,0,2,2,1
12468,14,4,11,2,14,5,1,0,0,1,1
12469,9,4,11,2,3,0,1,1,2,2,0
12470,5,4,7,4,4,1,1,1,2,2,0
12471,8,4,1,2,3,0,1,1,3,2,0
12472,12,4,12,2,10,5,1,0,2,2,0
12473,6,6,0,4,3,3,1,0,2,2,0
12474,10,4,15,4,10,1,1,1,2,2,0
12475,6,4,10,4,10,3,1,0,2,2,0
12476,4,4,15,4,1,4,1,1,2,2,0
12477,9,6,14,4,3,1,1,1,2,2,0
12478,9,6,15,2,8,0,1,1,2,2,0
12479,4,4,11,4,9,4,1,0,2,2,0
12480,6,4,15,3,1,4,1,0,2,2,0
12481,7,4,9,2,8,0,1,1,1,2,1
12482,7,4,15,4,12,3,1,1,2,2,0
12483,3,4,15,4,5,1,1,1,1,2,0
12484,6,4,12,2,10,0,1,1,1,2,1
12485,5,1,11,4,1,1,1,0,2,2,0
12486,6,4,9,4,4,1,1,1,2,2,0
12487,8,4,8,2,10,0,1,1,1,2,1
12488,5,2,12,2,11,2,0,1,1,2,0
12489,5,4,11,5,12,1,1,1,3,2,1
12490,6,4,9,3,11,1,0,1,2,2,0
12491,8,4,11,0,10,1,1,0,2,2,0
12492,4,4,11,4,8,3,0,0,1,2,0
12493,4,4,11,4,1,4,1,1,2,2,0
12494,6,6,11,4,3,3,1,0,2,2,0
12495,4,4,7,2,3,0,1,1,1,2,1
12496,11,4,0,4,8,4,1,0,3,2,1
12497,8,7,9,2,10,0,0,1,2,0,0
12498,6,4,15,0,7,1,1,0,2,2,1
12499,12,4,9,2,4,0,1,1,2,2,0
12500,4,4,1,4,6,3,1,1,2,2,0
12501,6,0,15,2,0,0,1,1,2,2,0
12502,10,4,11,2,3,0,1,1,2,2,0
12503,10,4,11,2,1,5,0,0,2,2,0
12504,9,4,5,2,7,0,1,1,0,2,1
12505,5,4,9,4,1,4,1,0,2,2,1
12506,8,4,1,0,8,1,1,0,2,2,0
12507,5,4,15,4,12,3,1,1,1,2,0
12508,3,0,15,4,0,3,1,1,1,2,0
12509,8,4,15,2,8,0,1,1,3,2,0
12510,12,4,10,6,4,1,0,1,2,2,0
12511,7,4,15,2,8,0,1,1,1,2,0
12512,5,4,8,4,4,4,1,0,2,2,0
12513,5,4,11,0,8,4,0,0,2,2,0
12514,3,4,11,4,6,3,1,1,1,2,0
12515,7,2,4,4,8,1,1,0,2,2,0
12516,7,4,15,4,7,3,1,1,2,2,0
12517,5,4,7,5,7,4,0,0,2,2,0
12518,5,6,11,4,5,3,1,1,2,2,0
12519,11,4,15,2,12,0,1,1,0,2,0
12520,3,4,11,4,12,1,1,0,1,2,0
12521,9,4,15,5,12,4,0,0,2,2,0
12522,12,2,15,6,8,4,0,0,2,2,0
12523,11,4,8,2,3,0,1,1,2,2,0
12524,6,4,1,5,7,4,1,0,2,2,0
12525,8,4,12,2,4,0,0,1,2,2,0
12526,4,6,11,4,12,1,1,0,2,2,0
12527,5,2,7,4,10,1,1,0,2,2,0
12528,8,4,9,0,8,1,1,0,3,2,0
12529,5,4,9,2,13,0,1,1,2,2,1
12530,10,6,9,6,4,1,1,0,1,2,0
12531,5,4,15,4,4,3,1,0,2,2,0
12532,9,4,15,2,10,0,1,1,2,2,0
12533,8,4,4,2,8,0,1,1,2,2,0
12534,12,4,11,0,1,4,1,0,1,2,0
12535,5,4,5,2,5,0,0,1,2,2,1
12536,6,6,11,0,5,1,1,1,2,2,0
12537,4,4,12,4,10,4,1,0,1,2,0
12538,8,4,1,0,12,4,1,0,3,2,0
12539,3,4,9,4,3,1,0,1,1,2,0
12540,10,4,11,0,3,1,1,1,2,2,0
12541,10,0,11,0,0,1,1,1,2,2,0
12542,10,4,12,2,10,0,1,1,2,2,0
12543,9,4,9,0,13,3,1,0,2,2,0
12544,13,4,11,6,8,4,1,0,1,2,1
12545,9,0,1,2,0,0,1,1,1,2,0
12546,4,2,8,4,3,1,1,0,2,2,0
12547,3,4,8,4,13,1,1,0,2,2,0
12548,8,4,11,2,8,0,1,1,1,2,1
12549,7,7,15,2,1,0,1,1,1,2,0
12550,8,4,11,2,8,0,1,1,2,2,1
12551,8,4,7,2,4,0,1,1,2,2,1
12552,4,4,15,4,12,1,1,0,1,2,0
12553,8,4,10,2,3,0,0,1,2,2,1
12554,5,4,9,2,3,0,1,1,2,2,1
12555,5,4,11,4,3,1,1,1,2,2,0
12556,4,4,10,4,10,1,1,0,3,2,0
12557,8,4,15,2,13,0,1,1,3,2,0
12558,5,7,11,4,8,4,1,0,2,2,0
12559,8,4,9,4,10,3,1,0,2,2,0
12560,11,4,11,0,1,4,0,0,2,0,0
12561,10,4,11,2,6,0,1,1,2,2,0
12562,6,4,15,4,3,3,1,1,1,2,0
12563,3,6,9,4,3,3,1,1,0,2,0
12564,4,2,15,4,11,3,1,1,1,2,0
12565,5,4,7,4,1,1,1,1,3,2,0
12566,4,4,0,4,12,4,0,0,0,2,0
12567,11,4,11,2,12,3,1,1,2,2,0
12568,9,4,11,2,14,0,1,1,1,2,1
12569,8,4,9,4,4,3,1,1,1,2,0
12570,7,4,15,2,12,0,1,1,2,2,0
12571,9,4,11,2,6,0,1,1,2,2,0
12572,4,4,15,4,3,1,1,1,2,2,1
12573,12,6,15,2,5,0,1,1,2,2,1
12574,4,4,11,4,11,1,1,1,1,2,0
12575,8,4,9,0,13,1,0,1,2,0,0
12576,10,4,12,0,10,1,1,0,2,2,0
12577,6,4,4,4,8,3,1,0,1,2,0
12578,9,4,11,2,3,0,1,1,2,2,0
12579,6,2,15,2,11,0,1,1,3,2,0
12580,6,4,12,3,13,4,0,0,1,2,0
12581,4,4,7,4,14,3,0,1,1,0,0
12582,4,6,15,4,3,1,1,1,1,2,0
12583,4,2,9,2,11,0,1,1,2,2,0
12584,8,0,1,0,0,1,1,0,2,2,0
12585,9,4,11,2,7,0,1,1,1,2,0
12586,7,4,11,2,14,0,1,1,2,2,0
12587,11,7,15,2,4,0,1,1,2,2,1
12588,10,2,15,0,3,1,1,1,2,2,0
12589,7,2,9,2,11,0,1,1,3,2,0
12590,11,4,11,0,12,4,1,0,0,4,0
12591,5,4,6,2,14,0,1,1,2,2,1
12592,6,4,15,2,4,0,1,1,2,2,0
12593,12,4,9,0,12,2,1,1,2,2,0
12594,5,4,7,2,5,0,1,1,1,2,1
12595,7,4,15,2,6,0,1,1,2,2,0
12596,8,4,11,3,7,4,1,0,1,2,0
12597,8,7,9,2,3,0,1,1,2,2,1
12598,9,4,15,2,4,0,1,1,2,2,0
12599,5,1,11,4,1,1,1,0,2,2,0
12600,6,2,12,4,10,3,1,0,2,2,0
12601,6,4,9,4,11,1,0,1,2,2,1
12602,6,4,1,2,3,0,1,1,2,2,0
12603,10,4,12,2,4,0,1,1,2,2,0
12604,7,0,0,2,0,0,1,1,2,2,0
12605,8,4,12,2,12,0,1,1,2,2,0
12606,9,4,11,2,7,0,1,1,2,2,0
12607,5,2,15,4,11,3,0,1,2,0,0
12608,12,4,9,2,4,0,1,1,2,2,1
12609,5,4,15,2,10,0,1,1,2,2,0
12610,3,4,6,4,6,3,1,1,2,2,0
12611,12,4,9,2,1,5,1,0,3,2,1
12612,10,4,7,2,12,0,1,1,2,2,1
12613,8,4,15,2,3,0,1,1,2,2,0
12614,5,7,15,4,10,3,1,0,2,2,0
12615,8,6,0,2,4,0,1,1,2,2,1
12616,6,4,1,2,3,0,1,1,2,2,0
12617,8,4,11,4,12,3,1,1,1,2,0
12618,12,4,8,2,4,5,1,0,2,2,0
12619,8,6,15,0,10,1,1,1,2,2,0
12620,6,6,11,2,3,0,1,1,2,2,0
12621,9,4,6,2,8,0,1,1,2,2,1
12622,8,4,12,0,4,4,0,0,2,2,0
12623,7,2,9,0,4,1,1,1,2,2,0
12624,9,4,9,2,12,5,1,0,2,2,1
12625,12,2,11,2,13,0,0,1,2,2,0
12626,5,4,12,2,10,0,1,1,2,2,1
12627,13,7,15,6,1,4,1,0,2,2,0
12628,7,7,11,0,3,1,1,1,1,2,0
12629,8,4,11,2,3,0,1,1,2,2,0
12630,4,4,11,4,12,1,1,1,2,2,0
12631,6,4,9,2,10,0,1,1,2,2,0
12632,4,2,9,4,10,3,0,1,1,2,0
12633,10,4,9,0,12,4,1,1,2,2,0
12634,10,7,15,2,10,0,1,1,2,2,0
12635,11,4,1,6,8,1,1,0,2,2,0
12636,5,6,5,4,3,1,1,1,2,2,0
12637,5,0,15,4,0,3,1,1,2,2,0
12638,5,2,9,4,4,3,0,1,2,2,0
12639,11,4,15,2,4,0,1,1,2,2,1
12640,8,4,11,4,14,3,1,1,2,2,0
12641,7,4,0,2,3,0,1,1,2,2,1
12642,4,6,0,4,8,3,1,0,2,2,0
12643,5,4,11,2,12,0,0,1,2,2,0
12644,8,4,11,5,8,1,1,0,2,2,0
12645,9,4,11,0,12,1,1,1,1,2,0
12646,4,5,14,4,4,3,1,1,2,2,0
12647,7,0,15,2,0,5,1,0,2,2,0
12648,11,4,9,0,10,1,1,1,2,2,0
12649,7,4,11,0,8,1,1,0,2,2,0
12650,8,4,15,0,8,3,1,0,2,2,0
12651,4,4,11,4,1,1,1,0,2,2,0
12652,5,4,11,4,1,1,1,0,3,2,0
12653,4,4,11,4,7,3,1,1,1,2,0
12654,7,4,15,4,3,2,1,1,1,2,0
12655,9,4,1,2,4,0,1,1,3,2,0
12656,13,2,12,2,10,0,1,1,2,2,0
12657,5,4,1,4,8,1,1,0,2,2,0
12658,8,4,7,2,1,5,1,0,2,2,1
12659,7,1,11,2,10,0,1,1,2,2,0
12660,4,4,10,4,10,3,1,0,2,2,0
12661,9,4,9,6,10,4,1,0,2,2,0
12662,7,2,11,2,11,0,1,1,2,2,0
12663,6,4,11,2,7,5,1,0,3,2,1
12664,4,4,11,4,7,4,1,0,2,2,0
12665,5,4,1,2,5,0,1,1,2,2,1
12666,7,7,14,4,10,1,1,0,2,2,0
12667,4,4,5,2,7,0,1,1,1,2,1
12668,10,1,9,0,4,4,0,0,2,2,0
12669,7,4,15,4,6,1,0,1,2,2,0
12670,9,4,0,4,8,2,1,0,2,2,0
12671,6,4,0,2,8,0,1,1,2,2,0
12672,11,4,6,2,14,0,0,1,2,2,1
12673,6,7,11,4,1,1,1,0,1,2,1
12674,9,0,11,2,0,0,0,1,1,2,0
12675,8,4,12,2,14,0,1,1,2,1,1
12676,8,6,4,2,5,0,1,1,1,2,1
12677,5,4,15,4,13,3,1,0,2,2,0
12678,7,2,0,0,14,2,1,1,3,2,0
12679,6,4,11,4,8,3,1,0,2,2,0
12680,6,4,15,4,3,1,1,1,2,2,0
12681,6,4,11,4,1,3,0,0,2,2,0
12682,9,4,7,2,4,0,1,1,2,2,0
12683,4,4,11,4,9,2,1,0,2,2,0
12684,4,6,11,4,12,3,0,0,2,2,0
12685,8,2,11,2,8,0,1,1,2,2,1
12686,6,4,12,2,3,0,0,1,2,2,0
12687,8,4,15,2,14,0,1,1,2,2,1
12688,6,4,9,2,13,0,1,1,2,2,0
12689,6,4,11,2,3,0,1,1,1,2,1
12690,5,4,1,4,6,3,1,1,1,2,0
12691,8,2,8,4,1,3,0,0,1,2,0
12692,10,6,15,2,12,0,1,1,3,2,1
12693,11,4,11,2,1,0,1,1,2,2,1
12694,7,1,11,4,3,1,1,1,3,2,0
12695,10,1,7,4,4,1,0,0,2,2,0
12696,5,4,15,0,3,1,1,1,2,2,0
12697,7,6,11,5,14,4,1,1,2,2,0
12698,6,5,9,2,10,0,1,1,2,2,1
12699,9,4,12,0,4,1,1,1,2,2,0
12700,9,4,15,0,3,1,0,1,2,2,0
12701,6,4,12,2,4,0,1,1,0,2,1
12702,4,4,11,4,8,3,1,0,3,2,0
12703,8,4,9,0,12,1,1,1,2,2,0
12704,9,4,11,0,7,1,0,1,2,0,0
12705,8,4,2,2,3,0,1,1,1,2,1
12706,7,4,11,2,12,0,1,1,2,2,0
12707,6,4,11,5,1,4,0,0,2,2,0
12708,9,4,11,4,4,3,0,0,2,2,0
12709,5,4,6,4,7,1,1,1,3,2,0
12710,8,1,15,3,10,3,1,1,2,2,0
12711,7,4,11,4,12,3,0,1,2,2,0
12712,10,4,8,0,8,4,0,0,2,2,0
12713,6,4,8,0,9,3,1,0,2,2,0
12714,5,5,12,4,10,1,1,0,2,2,0
12715,9,2,5,6,7,1,0,1,2,2,0
12716,3,6,12,4,10,3,1,0,0,2,0
12717,15,6,11,6,1,4,1,0,1,2,1
12718,8,4,12,0,10,4,1,0,2,2,0
12719,11,6,11,2,3,0,1,1,2,1,0
12720,6,4,15,4,1,4,0,0,2,2,0
12721,7,4,4,4,14,1,1,1,2,2,0
12722,11,2,12,2,4,0,1,1,2,2,1
12723,7,4,8,4,12,3,1,1,3,2,0
12724,7,6,12,4,4,3,1,1,2,2,0
12725,8,0,0,0,0,4,0,0,1,2,0
12726,10,7,15,2,8,5,1,0,2,2,0
12727,9,0,15,2,0,0,1,1,2,2,1
12728,4,4,15,4,12,3,1,0,2,2,0
12729,11,4,4,6,6,1,1,1,2,2,0
12730,8,4,11,3,1,4,0,0,2,2,0
12731,5,0,8,2,0,0,1,1,2,2,0
12732,5,4,11,6,14,1,1,1,2,2,1
12733,11,4,15,0,12,1,1,0,2,2,1
12734,8,4,11,2,6,0,1,1,2,2,0
12735,8,4,15,2,4,0,1,1,1,2,0
12736,6,4,11,2,6,0,1,1,2,2,1
12737,8,2,15,2,10,0,1,1,2,2,0
12738,11,2,11,0,3,1,1,1,0,2,0
12739,8,4,15,2,7,2,1,1,2,2,0
12740,5,6,9,4,13,4,1,0,2,2,0
12741,7,6,11,2,14,0,1,1,2,2,0
12742,9,4,9,2,4,0,1,1,1,2,0
12743,5,4,5,2,5,0,0,1,2,2,0
12744,7,4,11,2,12,0,1,1,1,2,1
12745,3,2,11,4,8,1,1,0,1,2,0
12746,7,4,15,5,1,4,1,0,2,2,0
12747,9,4,15,2,1,0,1,1,2,2,0
12748,7,4,6,2,5,0,1,1,3,2,0
12749,10,6,9,2,10,0,0,1,2,0,0
12750,8,4,8,2,13,0,1,1,2,2,0
12751,6,4,11,0,1,3,1,1,2,2,0
12752,8,4,12,2,10,0,1,1,2,2,1
12753,4,0,0,4,0,3,1,0,1,2,0
12754,10,0,11,5,0,4,1,1,3,2,0
12755,5,4,2,5,12,4,1,0,2,2,0
12756,12,4,9,6,12,3,1,0,0,2,0
12757,11,4,11,2,6,0,1,1,3,2,0
12758,6,4,9,2,4,0,1,1,2,2,1
12759,4,4,11,2,1,0,1,1,2,2,0
12760,4,2,14,4,10,3,0,0,1,2,1
12761,16,4,9,6,1,4,0,0,2,2,0
12762,7,4,5,4,8,1,1,0,2,2,0
12763,3,4,12,4,12,3,1,0,2,2,0
12764,6,6,1,0,12,4,1,0,2,2,0
12765,8,4,14,2,6,0,1,1,2,2,1
12766,4,4,3,4,8,1,1,0,2,2,0
12767,6,4,11,4,3,3,0,1,2,0,0
12768,8,5,1,0,12,1,1,0,2,2,0
12769,7,6,11,2,3,0,0,1,3,2,0
12770,8,4,11,2,14,0,1,1,2,2,1
12771,7,4,9,0,10,1,1,1,1,2,0
12772,4,4,1,4,7,1,1,0,1,2,0
12773,9,6,9,5,10,1,1,0,2,2,0
12774,7,4,11,0,14,4,1,1,3,2,0
12775,10,4,15,3,8,4,1,0,1,2,0
12776,8,4,15,2,8,0,1,1,4,2,0
12777,5,4,7,4,4,1,1,0,1,2,0
12778,6,4,12,2,10,5,1,0,2,2,0
12779,7,4,9,2,10,0,0,1,2,2,1
12780,7,6,15,2,5,0,1,1,2,2,0
12781,12,4,11,0,1,4,1,0,2,2,0
12782,8,4,9,0,12,4,1,0,2,2,0
12783,4,4,15,2,8,0,1,1,1,2,1
12784,10,4,11,0,3,3,1,1,3,2,0
12785,4,1,12,4,10,3,1,0,2,2,0
12786,11,4,11,2,3,0,1,1,2,2,1
12787,8,4,9,0,12,4,1,0,4,2,0
12788,10,4,11,0,1,1,1,0,2,2,0
12789,6,7,15,4,10,1,1,1,2,2,0
12790,11,4,7,2,1,2,1,0,1,2,0
12791,8,4,6,2,8,0,0,1,2,2,1
12792,13,4,11,2,1,0,1,1,0,2,1
12793,4,4,15,5,1,4,0,0,1,2,0
12794,13,6,6,2,8,0,1,1,2,2,0
12795,8,4,15,2,4,0,1,1,2,2,0
12796,9,4,9,2,12,0,1,1,1,2,0
12797,6,2,12,2,10,5,1,0,1,2,1
12798,8,4,11,2,3,0,1,1,2,2,0
12799,10,4,11,0,4,1,1,1,2,2,0
12800,5,5,9,0,4,1,1,1,2,2,0
12801,3,4,14,4,10,3,1,1,1,2,0
12802,10,4,9,2,4,5,1,0,2,2,0
12803,8,4,11,2,3,0,1,1,2,2,1
12804,4,6,15,4,4,1,1,1,2,2,0
12805,11,4,11,6,8,1,1,1,2,2,0
12806,4,4,15,4,3,1,1,1,1,2,0
12807,10,4,9,4,12,1,1,0,1,2,1
12808,12,4,15,2,11,0,1,1,2,2,0
12809,10,4,11,2,1,5,1,0,2,2,1
12810,4,1,11,4,3,3,1,1,1,2,0
12811,7,5,9,2,4,0,1,1,2,2,0
12812,7,2,14,4,10,1,1,0,2,2,0
12813,14,4,15,6,7,1,1,0,0,2,0
12814,8,2,11,2,11,0,1,1,2,2,1
12815,5,4,8,4,4,3,1,0,2,2,0
12816,4,4,11,2,1,5,1,0,2,2,0
12817,5,4,15,5,1,2,1,0,2,2,0
12818,7,4,11,0,12,4,0,0,2,2,0
12819,6,6,9,2,4,0,1,1,2,2,1
12820,4,4,9,4,4,1,1,0,1,2,0
12821,13,4,11,6,8,4,1,0,1,2,1
12822,9,4,11,2,3,0,1,1,2,2,1
12823,5,4,11,2,8,0,1,1,1,2,0
12824,12,4,9,0,10,1,0,0,0,2,0
12825,8,4,11,0,1,1,1,0,2,2,0
12826,6,4,15,0,3,1,1,1,1,2,0
12827,6,4,11,2,3,0,1,1,2,2,0
12828,7,4,0,2,8,0,1,1,2,2,1
12829,8,6,11,2,5,0,1,1,2,2,0
12830,7,4,9,2,12,0,1,1,2,2,1
12831,9,2,9,2,4,0,1,1,2,2,0
12832,5,4,7,4,12,3,1,0,2,2,0
12833,9,4,15,4,4,1,1,0,2,2,0
12834,10,6,11,0,14,1,1,1,2,2,1
12835,5,4,12,4,12,1,0,0,2,2,0
12836,8,6,11,2,5,0,1,1,2,2,0
12837,4,4,9,4,9,1,1,0,1,2,0
12838,5,4,1,4,6,3,1,0,2,2,0
12839,12,3,11,2,13,5,1,0,2,2,0
12840,7,4,8,2,13,0,1,1,1,2,0
12841,6,1,11,0,1,4,1,0,2,2,0
12842,6,4,8,5,3,1,1,1,2,2,0
12843,6,4,15,2,10,0,1,1,2,2,0
12844,4,2,9,4,10,1,1,0,0,2,0
12845,6,4,15,0,1,4,1,0,3,2,0
12846,9,4,11,2,4,0,1,1,2,2,1
12847,4,4,11,4,12,1,1,1,2,2,0
12848,6,4,15,2,6,0,1,1,2,2,0
12849,9,4,9,2,6,0,1,1,2,2,1
12850,10,4,8,2,1,0,1,1,4,2,1
12851,4,2,9,2,10,0,0,1,2,0,0
12852,8,4,11,0,1,1,1,0,2,2,0
12853,4,2,11,4,10,3,1,1,0,2,0
12854,7,4,12,2,1,0,1,1,2,2,1
12855,8,4,7,4,1,3,1,1,3,2,0
12856,13,4,12,2,12,0,1,1,0,2,0
12857,6,4,15,4,8,4,0,0,2,2,0
12858,12,4,1,6,12,1,1,1,2,2,0
12859,12,4,6,2,6,0,1,1,2,2,1
12860,7,6,15,4,1,3,1,1,2,2,0
12861,13,4,11,2,3,0,1,1,0,2,0
12862,8,4,11,2,6,0,1,1,2,2,1
12863,10,4,8,2,4,0,1,1,2,2,0
12864,8,0,6,2,14,0,1,1,2,2,0
12865,5,4,11,4,1,1,1,1,2,2,0
12866,8,4,11,2,3,0,1,1,2,2,0
12867,9,6,15,2,5,0,1,1,2,2,1
12868,5,4,15,4,7,1,1,1,2,2,0
12869,8,4,11,4,4,1,1,1,2,2,0
12870,7,6,11,2,3,0,1,1,2,2,0
12871,9,4,11,2,7,5,1,0,1,2,1
12872,5,4,12,2,4,0,1,1,2,2,1
12873,4,3,1,4,0,3,1,0,1,2,0
12874,10,2,2,2,4,0,1,1,2,2,1
12875,8,4,11,2,14,0,1,1,2,2,1
12876,14,4,4,6,8,4,1,0,0,2,0
12877,9,4,6,2,3,0,1,1,2,2,0
12878,6,4,15,2,3,0,1,1,2,2,0
12879,5,7,15,4,4,3,1,0,2,2,0
12880,5,4,15,2,6,0,1,1,2,2,0
12881,10,4,9,0,12,4,1,0,2,2,0
12882,8,4,9,2,4,0,1,1,2,2,1
12883,4,4,15,4,1,1,1,0,2,2,0
12884,10,4,7,6,12,4,0,0,2,2,0
12885,7,4,11,4,5,2,1,1,2,2,0
12886,5,4,11,4,7,2,1,0,3,2,0
12887,8,4,9,2,10,0,1,1,3,2,0
12888,6,6,8,2,5,0,1,1,2,2,1
12889,4,4,11,4,12,3,1,1,1,2,0
12890,8,4,9,2,12,0,1,1,2,2,1
12891,10,4,5,2,12,0,0,1,2,2,0
12892,5,1,9,0,10,4,1,0,2,2,0
12893,7,2,9,2,11,0,1,1,2,2,1
12894,10,4,9,2,10,0,1,1,3,2,0
12895,4,4,15,4,8,3,1,1,2,2,0
12896,5,6,9,2,12,0,1,1,2,2,0
12897,7,4,11,2,14,0,1,1,2,2,0
12898,3,4,8,4,8,1,1,0,1,2,0
12899,8,4,15,4,4,2,1,1,2,2,0
12900,6,4,11,2,1,0,1,1,2,2,0
12901,13,4,15,2,14,0,1,1,2,2,0
12902,8,6,11,2,3,0,1,1,2,2,1
12903,5,7,6,4,8,1,0,0,2,2,1
12904,5,5,15,2,3,0,1,1,2,2,0
12905,6,4,8,4,8,4,1,0,1,2,0
12906,3,4,11,4,8,1,1,0,2,2,0
12907,5,0,15,2,0,0,1,1,2,2,0
12908,7,5,11,2,3,0,1,1,2,2,0
12909,9,4,11,0,3,1,1,1,4,2,0
12910,4,4,11,4,14,3,1,1,3,2,0
12911,9,2,15,2,11,0,0,1,2,2,0
12912,6,4,15,2,3,0,1,1,2,2,0
12913,7,6,15,2,5,0,1,1,2,2,1
12914,7,4,11,2,7,0,1,1,2,2,1
12915,6,4,11,4,8,1,0,0,2,2,0
12916,5,4,11,2,3,0,1,1,2,2,1
12917,5,7,11,4,1,3,0,1,2,2,0
12918,3,4,15,4,1,3,1,0,1,2,0
12919,11,0,11,2,0,0,1,1,1,2,1
12920,10,4,11,2,3,0,0,1,2,2,0
12921,5,4,7,0,8,1,1,0,1,2,0
12922,14,4,11,2,3,0,1,1,2,2,1
12923,10,1,11,2,1,0,1,1,2,2,0
12924,9,4,15,0,1,4,1,0,2,2,0
12925,9,4,11,2,7,0,1,1,2,1,1
12926,3,6,11,4,5,3,1,1,1,2,0
12927,6,4,6,4,12,1,1,0,2,2,0
12928,11,4,3,2,14,0,0,1,2,2,1
12929,10,4,15,0,1,1,1,1,1,2,0
12930,6,0,15,2,0,0,1,1,2,2,0
12931,10,2,12,0,10,4,1,1,2,2,0
12932,9,4,8,2,4,0,1,1,3,2,0
12933,6,4,9,0,4,1,1,0,2,2,0
12934,9,4,8,2,3,0,1,1,1,2,1
12935,15,4,12,4,6,1,1,1,2,2,0
12936,3,4,11,4,7,4,1,0,1,2,0
12937,9,4,11,1,3,3,1,1,3,2,0
12938,7,4,13,0,6,1,1,1,3,2,0
12939,5,4,9,0,12,4,1,0,0,2,0
12940,13,5,11,2,3,0,1,1,0,2,0
12941,10,6,11,2,1,0,1,1,2,2,1
12942,8,4,11,2,11,0,0,1,2,1,0
12943,3,4,15,4,12,1,1,1,0,2,0
12944,8,4,11,2,7,0,1,1,1,2,1
12945,15,4,1,4,1,3,1,0,0,2,0
12946,12,4,11,2,3,0,1,1,2,2,1
12947,4,4,11,4,3,3,1,1,1,2,0
12948,4,5,15,5,10,3,1,1,1,2,0
12949,7,4,11,5,4,1,0,1,2,0,0
12950,5,2,11,2,11,0,1,1,2,2,1
12951,11,4,11,4,4,4,1,0,2,2,0
12952,6,4,9,4,10,1,1,1,2,1,0
12953,7,4,11,0,5,1,1,1,1,2,1
12954,11,4,5,0,14,4,1,0,2,2,0
12955,7,6,9,2,4,0,1,1,2,2,1
12956,6,4,9,2,1,0,0,1,2,2,1
12957,4,4,8,4,8,3,1,1,2,2,0
12958,11,4,11,4,11,3,1,1,2,2,0
12959,6,4,4,2,7,0,1,1,2,2,1
12960,4,4,7,5,14,3,1,1,3,2,0
12961,7,4,15,0,6,4,0,0,2,2,0
12962,4,4,11,4,3,1,1,1,2,2,0
12963,7,5,11,2,4,0,1,1,2,2,0
12964,4,4,9,4,10,3,1,0,2,1,0
12965,5,4,1,3,8,1,1,1,2,2,0
12966,8,4,11,2,3,0,1,1,2,2,0
12967,9,4,11,2,3,0,1,1,1,2,0
12968,6,4,11,4,8,1,0,0,1,2,0
12969,10,4,15,0,8,1,1,0,2,2,0
12970,7,4,11,0,8,1,1,0,1,3,1
12971,9,4,11,5,1,1,1,0,2,2,1
12972,9,4,12,2,4,0,1,1,2,2,0
12973,5,4,11,2,7,5,1,0,2,2,0
12974,13,4,11,0,3,4,1,1,2,2,0
12975,10,4,15,2,14,0,1,1,2,2,0
12976,5,4,15,2,4,0,1,1,1,2,1
12977,8,1,11,2,1,5,1,0,2,2,0
12978,5,4,11,4,1,1,0,1,4,2,0
12979,10,4,12,0,10,4,1,0,2,2,0
12980,8,4,15,4,4,1,1,1,2,2,0
12981,8,6,9,4,12,1,0,0,1,2,0
12982,5,6,11,4,8,2,1,0,2,2,0
12983,4,1,9,4,4,3,1,1,1,2,0
12984,8,2,12,0,10,4,0,1,2,2,0
12985,3,0,11,4,0,1,1,0,0,2,0
12986,12,4,9,2,4,0,1,1,1,2,0
12987,11,4,11,2,8,0,1,1,2,2,1
12988,7,4,7,0,13,4,1,0,2,2,0
12989,5,4,9,4,1,1,1,0,2,2,0
12990,9,7,11,4,1,1,1,0,2,2,0
12991,9,4,12,4,10,1,0,0,0,2,0
12992,13,2,0,2,3,0,1,1,2,2,0
12993,7,4,15,2,4,0,1,1,2,2,0
12994,7,4,15,4,8,3,1,0,2,2,0
12995,11,4,11,2,12,0,1,1,2,2,1
12996,14,4,15,2,10,0,1,1,0,2,1
12997,12,4,11,0,1,4,1,0,0,2,0
12998,9,6,11,2,12,0,0,1,2,2,0
12999,4,2,11,4,1,1,1,1,2,2,0
13000,9,7,14,0,1,4,1,0,2,2,0
13001,10,6,9,2,12,0,0,1,2,2,0
13002,10,4,15,0,3,1,0,0,1,2,0
13003,6,4,9,0,12,3,1,1,2,2,0
13004,10,4,0,2,12,0,0,1,1,2,1
13005,4,4,11,4,8,1,1,1,2,0,0
13006,5,4,15,4,13,3,1,0,2,2,0
13007,4,4,11,4,7,3,0,1,2,2,0
13008,4,1,15,4,1,3,0,0,1,0,0
13009,6,0,15,2,0,5,1,0,2,2,1
13010,7,4,9,2,12,0,1,1,0,2,0
13011,4,4,11,4,8,1,1,0,1,2,0
13012,11,6,14,0,10,1,1,0,2,2,0
13013,14,2,15,6,10,4,1,0,0,2,0
13014,7,4,0,2,9,0,1,1,2,2,0
13015,6,4,15,2,13,0,1,1,2,2,0
13016,6,2,15,2,11,0,1,1,2,2,0
13017,10,6,11,2,5,0,1,1,2,2,1
13018,8,4,11,3,7,4,1,1,3,2,0
13019,8,6,15,2,4,0,1,1,2,2,0
13020,8,4,9,0,12,3,1,0,2,2,1
13021,5,4,15,4,12,3,1,1,2,2,0
13022,12,4,11,2,12,0,1,1,2,2,0
13023,7,4,6,4,8,3,1,0,2,2,0
13024,8,4,11,4,1,1,1,0,2,2,0
13025,4,4,15,4,12,3,1,0,1,2,0
13026,6,4,9,2,4,5,1,0,2,2,0
13027,6,4,9,0,1,4,1,0,1,2,0
13028,4,1,11,4,1,1,1,1,2,2,1
13029,10,4,15,2,3,0,1,1,2,2,0
13030,7,4,9,0,4,1,1,0,2,2,0
13031,4,5,15,4,4,1,1,0,2,2,0
13032,3,4,15,4,1,3,1,0,1,2,0
13033,3,4,8,4,13,1,1,1,0,2,0
13034,3,4,11,4,12,3,1,1,1,1,0
13035,5,2,12,4,10,1,1,0,2,2,0
13036,7,4,7,0,3,4,1,0,2,2,0
13037,3,4,11,4,3,3,1,1,2,2,0
13038,7,6,11,2,5,0,1,1,2,2,1
13039,8,4,0,2,8,0,1,1,1,2,1
13040,6,0,15,5,0,4,0,0,2,2,0
13041,8,4,7,4,8,3,1,0,1,2,0
13042,6,4,11,0,3,4,1,0,1,2,0
13043,8,2,15,6,1,1,1,0,2,2,0
13044,5,6,11,2,3,0,1,1,2,2,1
13045,6,4,11,2,3,0,1,1,2,2,1
13046,8,4,11,2,3,0,1,1,2,2,0
13047,7,7,12,4,10,3,0,0,0,2,0
13048,7,4,15,2,4,0,1,1,3,2,0
13049,9,4,11,2,3,0,1,1,1,2,0
13050,5,0,8,5,0,4,1,0,2,2,0
13051,9,4,11,2,12,5,0,0,2,2,0
13052,13,7,0,2,8,5,1,0,2,2,0
13053,7,0,15,2,0,0,0,1,2,2,1
13054,12,0,11,2,0,0,1,1,2,2,0
13055,6,4,15,2,8,0,1,1,2,2,0
13056,12,2,11,2,10,0,1,1,3,2,1
13057,9,4,1,2,3,5,1,0,2,2,1
13058,6,1,12,5,10,1,1,0,2,2,0
13059,9,4,1,2,8,0,1,1,2,2,0
13060,10,1,7,2,8,0,1,1,1,2,0
13061,8,4,11,0,3,1,1,0,3,2,1
13062,11,4,11,2,4,0,0,1,1,2,0
13063,9,4,11,2,3,0,1,1,2,2,1
13064,5,0,11,4,14,1,0,1,2,2,1
13065,4,4,15,4,8,3,0,1,1,2,0
13066,8,4,9,2,3,0,1,1,2,2,0
13067,6,4,11,2,1,0,1,1,2,2,1
13068,11,4,15,2,1,0,1,1,2,2,1
13069,4,4,8,4,13,1,1,1,2,2,0
13070,8,4,1,5,8,4,1,0,1,2,0
13071,4,4,9,4,10,1,0,1,1,0,0
13072,6,4,1,2,12,0,1,1,2,2,0
13073,7,4,3,0,8,1,1,1,2,2,0
13074,14,4,15,6,10,1,1,0,2,2,0
13075,11,4,1,0,12,1,1,1,2,2,0
13076,7,4,9,0,4,1,1,1,1,2,0
13077,4,4,5,2,7,0,1,1,1,2,0
13078,9,7,15,2,3,0,1,1,0,2,0
13079,4,4,12,4,10,3,1,1,2,2,0
13080,10,4,15,0,1,3,1,0,2,2,0
13081,6,4,7,2,13,0,1,1,0,2,0
13082,7,4,15,2,7,0,1,1,2,2,1
13083,4,4,9,4,12,1,1,0,1,2,0
13084,6,4,11,2,5,0,1,1,2,2,1
13085,9,4,9,0,12,3,1,1,2,2,0
13086,6,4,15,2,3,0,0,1,0,0,0
13087,7,2,11,2,3,0,0,1,2,2,0
13088,8,4,9,2,10,0,1,1,2,4,1
13089,5,4,11,4,5,3,1,1,2,2,0
13090,4,4,1,4,6,1,1,1,1,2,0
13091,9,4,12,2,10,5,1,0,1,2,0
13092,6,6,9,2,12,0,1,1,2,2,1
13093,3,4,14,4,4,3,1,1,1,2,0
13094,6,4,11,0,14,4,1,0,2,2,0
13095,4,7,9,4,10,3,1,1,2,2,0
13096,7,4,13,2,1,0,1,1,2,2,0
13097,9,7,11,2,1,0,1,1,2,2,1
13098,3,7,8,4,1,4,1,1,0,2,0
13099,10,4,11,2,12,0,1,1,2,2,1
13100,3,4,8,4,13,2,1,1,0,4,0
13101,13,6,8,6,5,1,1,1,1,2,0
13102,7,4,11,2,13,0,0,1,2,2,0
13103,5,4,11,4,7,3,1,0,2,2,0
13104,9,4,11,4,8,3,1,1,2,2,0
13105,13,4,12,6,10,1,1,1,2,2,0
13106,10,2,9,2,11,0,0,1,2,2,1
13107,10,2,11,2,11,0,1,1,2,2,1
13108,7,7,15,2,1,5,1,0,2,2,0
13109,8,4,11,2,4,0,1,1,2,2,0
13110,7,4,11,2,6,0,1,1,2,2,1
13111,6,5,7,0,12,1,1,0,2,2,0
13112,11,4,0,4,11,3,1,1,2,2,0
13113,5,4,11,2,4,0,1,1,2,2,0
13114,8,5,9,2,10,0,1,1,2,2,1
13115,5,4,11,4,14,2,1,1,3,2,0
13116,10,4,8,2,5,0,1,1,2,2,0
13117,6,4,4,4,8,3,1,0,2,2,0
13118,10,4,9,4,10,3,0,0,2,2,0
13119,7,4,11,2,8,0,1,1,0,2,0
13120,8,4,9,2,4,0,0,1,2,2,1
13121,4,1,7,4,4,1,0,1,2,2,0
13122,8,4,8,0,12,4,0,0,2,2,0
13123,7,6,11,2,5,0,1,1,2,2,0
13124,5,4,0,2,1,0,1,1,4,2,0
13125,10,6,12,2,10,0,1,1,2,2,1
13126,4,4,11,4,1,1,1,0,1,2,1
13127,8,4,9,2,3,0,1,1,2,2,0
13128,8,4,9,2,10,0,1,1,2,2,1
13129,6,4,6,0,13,3,1,1,2,2,0
13130,7,4,11,4,8,3,0,1,2,4,0
13131,5,4,9,0,10,1,1,0,2,2,0
13132,9,4,1,2,14,0,1,1,1,2,0
13133,3,4,1,4,3,3,1,1,1,2,0
13134,8,4,15,2,4,0,1,1,2,2,0
13135,3,0,15,4,0,1,1,1,0,2,0
13136,12,4,15,2,14,0,1,1,2,2,0
13137,5,1,11,4,1,3,1,0,2,2,0
13138,13,4,9,2,12,0,1,1,0,2,0
13139,8,6,12,2,10,0,1,1,2,3,0
13140,8,4,11,2,7,0,1,1,2,2,1
13141,7,4,11,2,6,5,0,0,2,2,0
13142,6,0,15,2,0,0,1,1,2,2,1
13143,13,4,11,2,4,5,1,0,2,1,1
13144,4,4,11,4,8,2,0,0,2,2,0
13145,4,4,7,4,13,1,0,0,2,2,0
13146,11,2,12,2,10,0,1,1,3,2,0
13147,10,7,9,0,1,4,0,0,2,2,0
13148,8,4,15,0,8,1,1,0,2,2,0
13149,4,7,2,5,3,1,1,1,1,2,0
13150,6,0,11,4,0,3,1,0,2,2,0
13151,8,4,11,6,8,1,1,0,1,2,0
13152,7,4,12,2,12,0,1,1,2,2,0
13153,14,4,15,6,3,1,1,1,2,2,0
13154,8,4,1,2,5,0,1,1,2,2,1
13155,11,4,11,2,1,0,1,1,2,0,0
13156,6,6,11,0,3,2,1,1,1,2,0
13157,13,4,2,6,7,1,1,1,3,2,0
13158,6,4,11,2,3,0,1,1,2,2,1
13159,4,4,1,4,8,1,1,1,0,2,0
13160,6,4,9,5,10,1,1,1,2,2,0
13161,4,4,9,4,4,3,1,0,1,2,0
13162,7,4,11,4,3,3,0,1,2,2,0
13163,10,4,11,3,1,1,1,0,2,2,0
13164,7,4,15,2,3,0,1,1,2,2,1
13165,8,4,9,0,10,1,1,1,1,2,0
13166,7,4,2,4,12,1,1,0,2,2,0
13167,7,4,8,0,1,4,1,0,2,2,0
13168,10,4,11,6,12,1,1,0,2,2,0
13169,4,6,11,4,3,1,1,1,2,2,1
13170,8,6,11,0,12,4,0,1,2,2,0
13171,4,4,11,4,7,3,0,1,2,0,0
13172,14,4,11,2,14,0,1,1,2,2,0
13173,7,7,9,2,10,5,1,0,2,4,0
13174,5,6,7,4,4,3,1,1,2,2,0
13175,14,4,1,2,3,0,1,1,2,1,1
13176,7,4,11,2,14,0,1,1,4,2,0
13177,9,5,11,2,5,0,1,1,3,2,1
13178,6,4,11,4,7,4,0,0,2,2,0
13179,7,4,12,2,10,0,1,1,2,2,1
13180,4,6,1,4,10,3,0,0,1,2,0
13181,6,4,9,3,13,4,1,0,2,2,0
13182,6,4,11,2,3,0,1,1,2,2,1
13183,10,2,7,0,4,1,0,0,2,2,0
13184,6,4,15,2,13,0,1,1,2,2,0
13185,6,4,9,0,1,1,1,0,4,2,0
13186,7,6,15,2,12,0,1,1,2,0,0
13187,7,1,11,0,1,1,1,0,1,2,0
13188,7,4,11,4,6,3,1,1,2,2,0
13189,12,6,0,6,3,4,1,1,1,2,0
13190,4,4,11,2,6,0,1,1,1,2,1
13191,7,4,8,2,6,0,1,1,3,2,0
13192,11,4,1,2,3,0,1,1,2,2,0
13193,10,4,5,2,7,5,1,0,1,2,1
13194,9,2,15,2,11,0,0,1,2,2,0
13195,10,4,15,0,1,1,1,0,2,2,1
13196,10,4,11,2,7,0,0,1,1,2,0
13197,11,5,9,2,4,5,1,0,2,2,1
13198,9,7,11,2,7,0,1,1,2,2,0
13199,3,4,9,4,1,1,1,0,0,2,0
13200,5,4,1,4,6,3,1,1,2,2,0
13201,12,4,5,6,3,1,1,1,2,2,0
13202,12,4,9,2,4,0,1,1,2,2,1
13203,11,6,15,0,3,4,1,1,1,2,0
13204,7,4,11,2,3,0,1,1,2,2,1
13205,7,4,7,0,13,4,1,1,2,4,0
13206,9,4,11,2,3,0,1,1,2,2,1
13207,5,4,11,2,7,0,0,1,2,2,0
13208,5,4,15,2,1,0,1,1,2,2,0
13209,9,4,1,2,3,0,1,1,2,2,1
13210,11,4,6,2,3,0,1,1,3,2,1
13211,6,4,9,6,1,1,1,0,2,2,0
13212,4,4,15,4,9,3,1,0,1,2,0
13213,10,4,6,2,7,0,1,1,0,2,0
13214,9,2,10,2,10,0,0,1,2,2,1
13215,8,4,15,2,12,0,1,1,1,2,1
13216,10,7,4,2,3,0,1,1,2,2,0
13217,6,6,1,2,12,0,1,1,1,2,0
13218,9,4,15,2,8,0,1,1,2,2,0
13219,7,4,9,2,8,5,0,0,1,2,1
13220,4,4,10,4,10,1,1,1,1,2,0
13221,6,4,15,4,1,1,1,0,2,2,0
13222,4,4,11,4,12,1,1,1,1,2,0
13223,7,4,11,0,8,1,1,0,2,2,1
13224,5,4,15,4,10,1,1,0,2,2,0
13225,12,4,15,0,7,1,1,1,1,2,0
13226,9,4,11,2,7,0,0,1,2,2,0
13227,7,6,11,2,4,5,0,0,3,2,1
13228,5,4,11,2,12,0,1,1,2,2,0
13229,9,4,2,0,9,1,1,0,2,2,0
13230,4,4,9,4,4,4,0,0,2,2,0
13231,12,6,7,2,3,0,1,1,2,2,1
13232,5,0,15,5,0,4,1,0,1,2,0
13233,6,4,7,4,1,3,1,1,2,2,0
13234,5,4,0,4,8,1,1,0,2,2,0
13235,9,4,12,0,10,4,0,0,2,2,0
13236,5,1,9,4,1,1,1,0,4,2,0
13237,6,4,15,4,4,3,1,1,4,2,0
13238,4,6,11,4,5,3,1,1,1,1,0
13239,9,6,1,0,3,1,1,1,2,2,0
13240,8,4,1,0,3,4,0,1,3,2,0
13241,5,0,8,4,0,3,1,0,2,2,0
13242,9,4,9,0,10,1,1,0,3,2,0
13243,11,4,9,2,4,0,1,1,2,2,1
13244,15,4,15,2,7,0,0,1,1,2,1
13245,5,4,11,2,7,0,1,1,2,2,1
13246,7,4,11,2,3,0,1,1,2,2,1
13247,4,4,9,4,12,3,1,1,1,2,0
13248,11,4,11,5,7,1,0,0,3,2,0
13249,7,0,15,2,0,0,1,1,2,2,0
13250,7,4,11,2,7,0,1,1,3,2,1
13251,9,4,1,2,8,0,0,1,2,2,0
13252,5,4,11,4,14,3,1,1,2,2,0
13253,6,2,9,2,4,5,1,0,0,2,0
13254,5,4,11,4,10,3,0,1,2,0,0
13255,11,4,9,2,9,0,1,1,2,4,0
13256,5,4,15,2,3,0,1,1,2,2,1
13257,10,4,11,2,12,0,1,1,1,2,0
13258,5,6,15,4,12,1,1,1,2,2,0
13259,7,4,12,0,10,1,1,1,1,2,0
13260,6,0,11,5,0,4,1,0,2,2,0
13261,5,4,9,4,1,4,1,0,1,2,0
13262,9,2,15,2,11,0,1,1,2,2,0
13263,8,4,12,2,10,0,1,1,2,2,0
13264,6,0,8,4,0,3,0,1,2,0,0
13265,10,4,11,2,3,0,1,1,1,2,0
13266,4,4,11,4,4,3,1,1,1,2,0
13267,10,4,15,0,8,4,1,1,2,2,0
13268,6,4,1,2,3,0,1,1,2,2,0
13269,8,4,15,2,3,0,1,1,2,2,1
13270,5,4,15,4,6,1,1,1,2,1,0
13271,12,5,12,2,4,0,1,1,2,2,1
13272,11,4,11,2,3,0,1,1,2,2,0
13273,7,6,11,4,4,3,1,1,2,2,0
13274,6,4,11,0,3,3,0,1,2,2,0
13275,9,2,15,2,11,0,1,1,2,2,0
13276,6,4,8,2,3,0,1,1,2,2,0
13277,3,4,12,4,8,4,1,0,0,2,0
13278,7,0,15,0,0,4,1,0,2,2,0
13279,6,7,11,4,3,1,1,1,3,2,0
13280,9,4,15,2,7,0,1,1,3,2,1
13281,3,4,15,4,4,1,1,0,1,2,0
13282,7,6,14,2,10,0,1,1,3,2,1
13283,5,4,11,4,12,1,1,0,3,2,0
13284,10,4,15,0,1,1,1,1,0,2,0
13285,8,4,9,2,10,0,1,1,2,2,1
13286,4,6,15,4,8,4,0,0,0,0,0
13287,4,6,11,4,10,3,1,1,0,2,0
13288,7,4,11,5,12,1,1,0,2,2,0
13289,5,4,9,2,10,0,1,1,0,2,0
13290,8,5,12,2,4,0,1,1,2,2,1
13291,4,2,9,4,4,1,1,1,2,2,0
13292,11,4,8,2,13,0,1,1,2,2,1
13293,7,4,11,0,4,4,1,0,2,2,0
13294,6,4,11,0,7,4,0,0,2,2,0
13295,10,5,8,2,4,0,1,1,2,2,1
13296,8,7,11,2,14,0,1,1,2,2,0
13297,4,6,11,4,5,1,1,1,1,2,0
13298,11,5,11,0,4,4,1,1,2,2,0
13299,4,4,1,4,6,3,1,1,1,2,0
13300,12,5,11,2,4,0,1,1,2,2,0
13301,9,4,11,2,1,0,1,1,2,2,0
13302,8,4,15,2,3,0,1,1,2,2,0
13303,5,7,15,4,11,3,1,0,2,2,0
13304,4,4,5,4,7,1,1,1,2,2,0
13305,7,4,3,3,3,3,0,1,2,2,0
13306,6,4,4,2,8,0,1,1,2,2,1
13307,6,4,9,4,10,1,1,1,2,2,0
13308,5,4,15,4,4,1,1,1,2,2,0
13309,9,4,11,0,8,1,1,0,2,2,0
13310,11,4,11,2,6,0,1,1,2,2,1
13311,9,4,11,2,7,0,1,1,2,2,0
13312,14,4,9,2,10,0,1,1,2,2,0
13313,9,4,8,2,1,5,1,0,2,2,0
13314,6,4,15,4,1,3,1,0,2,2,0
13315,10,4,1,0,6,2,1,1,2,2,0
13316,6,4,3,2,8,0,1,1,1,2,1
13317,4,4,11,4,4,1,1,0,1,2,0
13318,7,6,14,2,10,0,1,1,2,2,0
13319,11,4,15,2,3,0,0,1,2,0,0
13320,7,4,5,5,8,4,0,0,1,2,0
13321,4,4,11,4,6,3,1,1,2,2,0
13322,6,4,11,4,8,3,1,0,1,2,0
13323,7,4,9,2,13,0,1,1,2,2,0
13324,7,4,11,2,8,0,1,1,2,2,1
13325,6,4,11,4,5,3,1,0,2,2,0
13326,6,7,1,2,8,0,1,1,2,2,1
13327,8,4,15,2,10,0,1,1,3,2,0
13328,5,4,11,4,14,1,1,1,2,2,1
13329,9,4,15,2,3,0,1,1,2,2,1
13330,12,4,12,2,4,0,1,1,2,2,1
13331,6,4,11,4,4,2,1,1,2,2,0
13332,5,7,11,4,4,1,1,0,2,2,0
13333,8,2,4,2,3,0,1,1,2,2,1
13334,9,4,11,2,3,0,1,1,1,2,0
13335,9,4,12,2,10,5,1,0,1,2,0
13336,10,4,11,2,6,0,1,1,2,2,1
13337,9,4,15,5,1,1,1,0,2,2,0
13338,4,4,15,4,10,4,1,0,0,2,0
13339,7,7,7,2,7,0,1,1,2,2,0
13340,9,6,9,0,10,1,0,1,2,2,0
13341,7,1,11,2,3,0,1,1,2,2,1
13342,13,4,11,6,9,4,1,0,2,2,0
13343,4,1,13,4,4,2,1,1,2,2,0
13344,4,6,15,2,3,0,1,1,0,2,0
13345,8,4,10,2,10,5,0,0,2,2,0
13346,5,4,9,4,4,1,1,0,1,2,0
13347,11,4,8,0,7,4,1,1,1,2,0
13348,5,4,8,4,3,2,1,1,2,2,0
13349,7,2,9,0,10,4,0,0,2,2,0
13350,10,4,11,4,1,3,1,0,2,2,0
13351,7,2,11,2,14,0,1,1,2,2,1
13352,4,1,11,4,1,3,1,0,1,2,0
13353,9,6,14,2,10,0,0,1,3,2,0
13354,6,0,1,4,0,1,1,1,0,2,0
13355,9,4,5,2,3,0,1,1,2,2,0
13356,6,4,11,4,3,1,1,1,2,2,0
13357,9,4,15,6,8,1,1,0,2,2,1
13358,5,4,9,4,12,1,1,1,2,2,0
13359,9,4,7,4,4,2,1,0,2,2,0
13360,6,4,1,0,8,4,0,0,2,2,1
13361,5,4,9,4,3,4,1,0,2,2,0
13362,5,4,11,4,1,1,1,0,2,2,0
13363,5,6,9,2,4,0,1,1,2,2,1
13364,8,2,9,3,4,1,1,1,2,2,0
13365,10,4,11,2,3,0,1,1,2,3,0
13366,5,4,15,4,3,1,1,1,2,2,0
13367,16,7,12,6,10,4,0,0,0,2,0
13368,12,4,1,1,8,5,0,0,0,2,0
13369,8,4,12,0,10,4,1,1,2,2,1
13370,7,4,2,0,8,4,1,1,2,2,0
13371,14,4,11,2,6,0,1,1,1,2,1
13372,5,4,15,4,8,1,1,0,3,2,0
13373,6,4,0,4,7,3,1,0,2,2,0
13374,5,4,15,4,12,4,0,0,2,2,0
13375,7,7,11,4,4,3,1,0,2,2,0
13376,12,4,11,2,4,0,1,1,4,2,0
13377,9,1,15,2,3,0,0,1,1,2,0
13378,10,4,9,0,4,1,1,0,2,2,0
13379,10,4,11,2,3,0,1,1,2,2,1
13380,3,4,11,4,12,1,1,1,2,2,0
13381,5,4,11,2,5,0,1,1,1,2,0
13382,14,4,15,2,12,0,1,1,2,2,1
13383,4,4,15,4,1,3,1,0,2,2,0
13384,3,4,9,4,10,3,1,1,0,2,0
13385,7,4,5,2,14,0,1,1,2,2,0
13386,12,4,15,2,8,0,1,1,1,2,1
13387,5,4,11,2,3,0,1,1,2,2,1
13388,9,4,11,2,7,0,1,1,2,2,0
13389,5,4,5,0,3,1,1,1,2,2,0
13390,11,4,0,0,8,4,0,0,2,2,0
13391,14,2,9,6,10,1,1,0,0,2,0
13392,7,4,11,2,3,0,0,1,2,0,1
13393,3,4,11,4,1,2,1,0,1,2,0
13394,7,2,9,2,4,0,1,1,2,2,0
13395,8,6,15,2,3,0,1,1,2,2,1
13396,9,7,0,2,3,0,1,1,2,2,0
13397,9,4,11,2,14,0,1,1,2,2,0
13398,11,6,1,2,1,5,0,0,2,4,1
13399,7,4,10,0,10,4,1,0,2,2,0
13400,8,4,5,2,3,0,1,1,2,2,0
13401,9,6,11,4,3,3,0,1,2,2,0
13402,9,4,15,2,10,0,1,1,2,2,0
13403,11,4,11,2,12,0,1,1,2,2,0
13404,5,4,11,4,3,3,1,1,3,2,0
13405,12,4,9,6,3,1,1,1,1,2,1
13406,12,4,11,2,14,0,1,1,1,2,0
13407,6,4,11,2,6,0,1,1,2,2,0
13408,8,4,11,2,3,0,1,1,1,2,0
13409,8,4,15,0,4,4,1,0,2,2,0
13410,12,4,15,2,7,0,1,1,0,2,1
13411,7,4,11,2,8,0,1,1,2,2,0
13412,7,4,0,2,3,0,1,1,2,2,0
13413,6,4,11,4,8,1,1,0,2,2,1
13414,7,4,15,2,3,0,1,1,1,2,1
13415,8,7,12,2,4,0,1,1,3,2,0
13416,6,4,11,4,4,1,1,1,2,2,0
13417,9,4,15,2,8,0,1,1,2,2,1
13418,5,6,15,4,5,4,1,1,2,2,0
13419,6,0,0,4,0,1,1,1,2,2,1
13420,4,7,9,4,10,4,1,0,0,2,0
13421,6,4,11,4,3,3,1,1,2,2,1
13422,9,4,9,4,4,1,0,1,1,2,1
13423,16,4,9,0,12,4,1,0,4,2,0
13424,5,6,11,4,8,1,1,0,4,2,0
13425,9,2,12,0,10,2,1,1,2,2,0
13426,8,4,15,4,1,1,1,1,2,2,0
13427,11,4,2,0,8,1,1,0,1,2,0
13428,6,0,9,2,0,5,1,0,2,2,0
13429,7,4,13,2,3,0,1,1,2,2,1
13430,10,2,10,2,10,0,1,1,1,2,0
13431,5,4,15,4,1,1,1,0,2,2,0
13432,9,0,15,0,0,1,1,1,3,2,0
13433,5,7,11,0,4,1,1,0,3,2,0
13434,9,4,9,5,12,4,1,1,3,2,1
13435,10,4,11,2,7,0,0,1,3,2,0
13436,10,4,11,2,5,0,1,1,2,2,0
13437,9,4,9,2,13,0,1,1,2,2,1
13438,8,4,1,0,1,4,1,0,2,2,0
13439,11,4,15,6,12,1,1,1,2,2,0
13440,6,4,11,2,7,0,1,1,3,2,0
13441,6,4,8,2,3,0,1,1,2,2,0
13442,11,4,8,0,12,1,1,1,2,2,0
13443,7,4,15,2,14,0,1,1,2,2,1
13444,10,4,6,0,8,4,1,0,2,2,0
13445,5,4,8,2,7,0,1,1,2,2,1
13446,8,4,12,2,14,0,1,1,2,2,0
13447,7,4,15,5,12,1,1,1,1,2,0
13448,7,4,12,4,4,1,1,1,1,2,0
13449,8,4,11,2,12,0,1,1,2,2,1
13450,6,4,5,4,14,1,0,1,2,2,0
13451,8,1,2,2,3,3,1,1,2,2,0
13452,10,6,15,2,3,0,1,1,2,2,0
13453,4,7,15,2,4,0,1,1,2,2,0
13454,10,4,8,2,12,0,0,1,2,2,1
13455,5,4,2,4,3,1,1,0,2,2,0
13456,4,4,9,4,8,3,0,0,2,2,0
13457,6,4,15,2,12,0,1,1,3,2,1
13458,5,4,11,4,14,3,1,1,2,2,0
13459,9,4,11,5,8,3,0,1,2,0,1
13460,14,4,11,6,11,1,0,0,0,2,0
13461,11,4,6,0,7,1,0,1,2,2,0
13462,7,4,11,2,4,3,1,0,2,2,0
13463,8,6,11,2,14,0,1,1,1,2,1
13464,11,7,9,2,10,0,1,1,2,2,1
13465,6,4,7,2,3,0,1,1,2,2,0
13466,3,4,11,4,3,3,0,1,1,2,0
13467,4,2,7,4,1,3,1,0,1,2,0
13468,3,4,11,4,3,1,1,1,0,2,0
13469,6,4,9,4,4,4,1,1,2,2,0
13470,7,4,9,0,10,2,1,0,3,2,0
13471,14,4,1,6,10,4,1,0,0,2,1
13472,4,2,9,4,10,3,1,1,2,2,0
13473,10,4,11,0,9,4,1,0,2,2,0
13474,12,4,15,0,5,1,1,1,2,2,0
13475,6,4,11,2,3,0,1,1,1,2,0
13476,4,4,15,4,6,3,1,1,2,2,0
13477,4,0,0,4,0,4,0,1,1,2,0
13478,11,0,15,2,0,0,1,1,2,2,0
13479,4,4,11,4,12,1,1,0,2,2,0
13480,4,1,15,2,4,0,1,1,1,2,1
13481,5,4,15,2,1,5,1,0,2,2,0
13482,6,4,9,2,4,0,1,1,1,2,0
13483,4,6,8,4,3,1,1,0,1,3,0
13484,5,7,9,4,7,3,1,1,1,2,0
13485,10,4,4,5,8,4,0,0,2,2,0
13486,16,6,9,2,4,0,1,1,1,2,1
13487,8,2,12,0,11,3,1,0,2,2,0
13488,4,4,11,4,3,3,1,1,2,2,0
13489,6,4,12,4,4,1,1,1,2,2,0
13490,6,2,12,4,10,3,1,1,2,2,0
13491,9,4,8,0,4,4,1,1,2,2,0
13492,12,4,15,2,12,0,1,1,2,2,0
13493,5,7,9,2,4,0,1,1,2,2,1
13494,6,4,5,2,7,0,1,1,2,2,1
13495,5,4,11,2,8,0,1,1,2,2,1
13496,12,4,9,4,10,1,1,1,2,2,0
13497,6,2,11,2,14,0,1,1,4,2,0
13498,10,6,11,2,5,0,0,1,2,2,0
13499,9,4,15,2,14,0,1,1,3,2,1
13500,8,4,9,2,4,0,1,1,2,2,0
13501,7,1,7,2,1,5,0,0,2,0,0
13502,7,4,1,0,4,3,1,1,0,2,0
13503,7,2,11,0,8,4,0,0,2,2,0
13504,5,4,12,2,12,0,1,1,2,2,1
13505,6,4,12,4,4,3,1,0,3,2,0
13506,3,2,14,4,10,1,1,1,1,2,0
13507,5,4,8,0,7,2,1,0,2,2,0
13508,9,4,11,2,8,0,1,1,2,1,0
13509,10,6,11,2,3,0,1,1,1,2,0
13510,7,4,0,2,6,0,1,1,2,2,0
13511,4,2,15,4,10,3,1,0,2,2,0
13512,7,4,15,0,6,4,0,0,3,2,0
13513,7,4,11,2,4,5,0,0,0,2,0
13514,9,4,11,2,7,0,1,1,2,2,0
13515,7,4,11,2,4,0,1,1,2,2,0
13516,7,4,11,4,4,1,1,0,2,2,0
13517,9,4,9,2,13,0,1,1,2,2,0
13518,6,2,15,0,1,1,0,0,1,2,1
13519,8,4,9,0,4,1,1,1,1,2,1
13520,9,5,9,2,4,0,1,1,2,2,1
13521,8,4,9,4,10,1,1,0,1,2,0
13522,4,4,10,4,10,3,1,1,1,2,0
13523,3,4,11,4,12,1,1,1,1,2,0
13524,12,0,15,2,0,0,1,1,2,2,1
13525,7,4,9,2,10,0,1,1,1,2,0
13526,9,4,9,2,4,0,1,1,2,2,1
13527,10,4,6,2,14,0,0,1,2,2,0
13528,8,6,15,2,5,0,1,1,2,2,0
13529,5,4,7,2,8,0,1,1,2,2,0
13530,6,4,9,4,3,2,1,1,2,2,0
13531,9,4,0,2,8,0,1,1,2,2,0
13532,3,2,9,4,10,1,1,0,1,2,0
13533,8,4,8,0,6,2,1,1,2,2,0
13534,8,4,11,2,5,0,1,1,4,2,0
13535,8,4,15,4,8,1,1,1,1,2,1
13536,3,4,11,4,3,3,0,1,1,2,0
13537,8,4,11,0,3,1,1,1,2,2,0
13538,6,4,11,2,12,5,1,0,3,2,0
13539,6,4,15,2,12,0,1,1,2,2,0
13540,14,4,7,2,8,0,1,1,0,2,1
13541,11,4,11,5,3,2,1,1,3,2,0
13542,8,4,15,2,8,0,1,1,1,2,0
13543,6,4,15,2,14,5,1,0,2,2,1
13544,10,4,15,2,8,5,1,0,2,2,1
13545,5,4,9,4,10,3,1,1,1,4,0
13546,7,6,15,2,12,0,1,1,2,2,0
13547,7,2,9,2,4,0,1,1,2,2,1
13548,5,7,15,4,5,1,1,1,1,2,0
13549,3,4,11,4,6,3,1,1,0,2,0
13550,8,5,9,5,12,4,1,0,2,2,0
13551,8,4,15,0,8,1,1,0,2,2,0
13552,6,2,11,2,3,0,1,1,2,2,0
13553,9,4,15,2,12,0,1,1,2,2,1
13554,6,4,9,5,12,1,1,1,1,2,0
13555,9,4,9,0,12,4,1,0,2,2,0
13556,4,2,11,0,10,1,1,1,2,2,0
13557,11,6,7,6,12,4,1,0,2,2,0
13558,5,4,11,4,4,3,1,1,2,2,0
13559,12,4,11,0,12,2,1,0,0,2,0
13560,5,4,9,4,4,1,1,1,2,2,0
13561,7,4,8,4,8,4,0,0,2,2,0
13562,6,0,11,4,0,1,1,0,2,2,0
13563,8,4,15,2,12,0,1,1,2,2,0
13564,7,4,11,2,8,0,1,1,2,2,1
13565,6,4,6,0,6,1,0,1,2,2,0
13566,12,4,15,2,1,5,0,0,0,2,0
13567,3,4,14,4,1,2,1,0,1,2,0
13568,6,4,15,2,3,0,1,1,2,2,0
13569,5,4,11,0,9,1,1,0,1,1,0
13570,9,4,11,2,3,0,1,1,1,2,0
13571,7,0,8,0,0,1,1,1,1,2,0
13572,5,2,5,0,11,1,1,1,2,2,0
13573,9,4,0,2,8,5,1,0,2,2,1
13574,4,7,10,4,10,3,1,0,2,2,0
13575,7,4,11,4,6,2,1,1,2,2,0
13576,8,4,11,4,12,3,1,0,2,2,0
13577,7,1,11,0,1,1,1,0,2,2,0
13578,9,4,11,2,8,0,1,1,2,2,1
13579,7,7,15,0,10,1,1,0,3,2,0
13580,8,7,15,2,8,0,1,1,2,2,1
13581,3,4,15,4,12,3,0,0,2,2,0
13582,10,7,11,5,10,4,1,0,2,2,0
13583,6,4,7,0,4,4,1,1,2,2,0
13584,10,4,9,2,1,0,1,1,2,2,1
13585,8,4,15,3,13,4,0,0,2,2,0
13586,6,4,9,5,14,3,1,1,2,2,0
13587,7,4,15,0,4,1,1,1,1,2,0
13588,7,4,8,2,11,0,1,1,3,2,1
13589,6,5,8,4,4,3,0,1,1,2,0
13590,8,4,4,2,6,0,0,1,2,2,0
13591,9,4,15,2,4,0,1,1,3,2,0
13592,4,4,9,4,12,1,1,0,2,2,0
13593,4,2,0,4,8,1,1,1,2,2,0
13594,11,6,15,2,12,0,1,1,2,2,1
13595,4,4,11,4,3,2,1,1,2,2,0
13596,6,4,9,4,4,3,0,1,1,2,0
13597,11,4,11,2,7,0,1,1,1,2,0
13598,12,4,15,2,12,0,1,1,2,2,0
13599,4,4,15,4,1,1,1,0,2,4,0
13600,6,4,1,0,7,2,1,0,2,2,0
13601,12,6,15,2,14,0,1,1,0,2,0
13602,9,4,8,4,3,3,1,1,2,2,0
13603,11,1,12,2,4,5,1,0,2,2,1
13604,4,4,11,4,6,4,1,1,2,2,1
13605,4,7,6,4,9,4,1,0,2,2,0
13606,10,1,15,0,13,4,1,0,2,2,0
13607,6,4,15,0,12,4,0,1,2,4,0
13608,8,6,8,5,3,1,1,1,1,2,1
13609,5,4,9,4,3,3,1,1,2,2,0
13610,6,4,8,2,12,0,1,1,2,2,0
13611,3,7,10,4,10,3,1,0,0,2,0
13612,5,4,9,4,10,1,1,0,2,2,0
13613,9,7,10,2,10,5,1,0,2,2,0
13614,12,2,15,6,10,4,1,0,2,2,0
13615,4,4,11,2,4,0,1,1,2,2,0
13616,4,4,15,4,1,3,1,1,1,2,1
13617,8,4,8,5,13,1,1,0,2,2,0
13618,7,4,9,2,10,0,1,1,2,2,0
13619,6,4,15,5,12,1,1,1,2,2,0
13620,8,4,11,2,7,0,1,1,2,2,0
13621,4,4,11,4,4,2,1,1,1,2,0
13622,5,2,11,2,4,0,1,1,2,2,1
13623,9,4,9,2,4,0,1,1,2,2,1
13624,8,4,11,0,7,1,1,1,3,2,1
13625,6,5,5,4,5,1,1,0,2,2,1
13626,7,4,9,4,10,3,1,0,2,2,0
13627,8,2,11,4,11,1,1,1,2,2,0
13628,8,4,9,2,10,0,1,1,2,2,0
13629,6,7,15,0,1,1,1,0,2,2,0
13630,4,4,9,4,4,3,1,0,2,2,0
13631,8,4,15,2,1,0,1,1,2,2,1
13632,8,4,7,0,7,1,1,1,2,2,0
13633,7,4,11,4,3,1,1,1,2,2,1
13634,11,4,11,0,7,4,1,0,2,2,0
13635,8,4,15,2,3,0,1,1,2,2,1
13636,9,4,0,2,7,0,1,1,2,2,0
13637,3,6,11,4,12,3,0,1,1,2,0
13638,8,4,0,2,8,5,1,0,2,2,0
13639,5,4,0,4,12,1,1,1,2,2,0
13640,13,4,8,6,8,1,1,1,1,2,0
13641,10,4,11,2,7,1,1,0,2,2,0
13642,10,4,15,6,1,1,1,0,0,2,1
13643,4,4,12,4,4,3,1,1,2,2,0
13644,9,4,11,2,3,1,1,1,3,2,0
13645,6,0,12,0,0,4,0,0,2,0,0
13646,4,7,11,4,7,1,0,1,3,2,0
13647,5,0,3,4,0,1,1,0,2,2,1
13648,11,4,1,3,3,3,1,1,3,2,0
13649,12,4,11,2,1,0,1,1,2,2,0
13650,6,2,14,2,10,0,1,1,0,2,1
13651,6,4,9,2,4,0,1,1,2,2,1
13652,8,4,15,4,1,3,0,0,1,2,0
13653,11,4,0,2,3,0,1,1,1,2,1
13654,4,4,11,4,13,3,1,0,2,2,0
13655,3,4,14,4,10,3,1,0,1,2,0
13656,6,6,11,2,5,0,1,1,2,2,0
13657,4,4,11,4,3,1,1,1,1,2,0
13658,8,4,15,2,7,0,1,1,1,2,0
13659,7,4,15,2,1,0,1,1,1,2,0
13660,8,4,15,2,3,0,1,1,2,2,0
13661,5,4,15,5,1,4,0,0,2,0,0
13662,11,5,9,2,4,5,0,0,2,2,1
13663,9,4,9,0,1,1,1,1,1,2,0
13664,10,4,15,2,6,0,1,1,1,2,0
13665,6,5,15,2,12,0,0,1,2,2,0
13666,4,4,11,4,8,4,1,0,1,2,0
13667,5,4,9,2,12,0,0,1,1,0,0
13668,7,4,11,2,4,0,0,1,2,2,0
13669,11,4,5,0,5,1,1,1,2,4,0
13670,4,1,7,4,11,1,1,1,2,2,0
13671,8,4,7,0,1,4,1,0,2,2,0
13672,5,2,10,2,10,0,1,1,2,2,1
13673,10,1,8,2,10,0,1,1,2,2,0
13674,12,5,12,2,10,0,1,1,2,2,0
13675,6,4,11,4,8,1,0,0,2,2,0
13676,9,4,11,0,8,4,1,0,2,2,0
13677,3,4,9,4,12,1,0,1,2,2,0
13678,4,6,15,4,1,1,1,0,2,2,0
13679,5,4,15,4,3,3,1,1,1,2,0
13680,4,4,12,2,10,0,1,1,2,2,1
13681,6,6,12,4,12,3,1,1,2,2,0
13682,9,4,15,0,7,1,1,1,1,2,0
13683,10,4,15,2,3,0,1,1,2,2,1
13684,7,4,9,2,13,0,1,1,2,2,0
13685,6,4,11,2,8,0,0,1,2,2,0
13686,8,2,9,2,10,0,1,1,1,2,1
13687,10,4,7,2,3,0,1,1,2,2,0
13688,9,4,11,2,3,0,1,1,2,2,1
13689,10,7,11,2,11,0,1,1,2,2,1
13690,4,2,11,4,6,1,0,1,2,2,0
13691,10,6,15,2,3,0,1,1,2,2,1
13692,4,4,11,2,12,0,1,1,2,2,0
13693,12,4,11,0,1,1,1,0,2,2,0
13694,4,4,9,2,4,5,1,0,2,2,0
13695,5,4,12,4,10,3,1,1,3,2,0
13696,8,4,15,2,8,0,1,1,2,2,1
13697,7,4,9,2,4,0,1,1,2,2,0
13698,5,4,15,0,4,1,1,1,2,2,0
13699,10,4,11,2,4,0,1,1,2,2,0
13700,5,1,9,2,13,0,1,1,2,2,0
13701,6,4,11,4,12,3,1,0,3,2,0
13702,7,4,11,4,3,2,1,1,2,2,1
13703,4,4,1,0,12,4,1,0,2,2,0
13704,7,2,11,2,1,0,1,1,2,2,0
13705,7,4,1,2,14,0,1,1,4,2,0
13706,10,4,11,2,1,5,0,0,1,2,0
13707,7,4,9,2,4,0,1,1,2,2,0
13708,6,4,11,2,4,0,1,1,2,2,1
13709,4,4,15,4,5,1,1,1,1,2,0
13710,11,0,5,2,0,0,1,1,2,2,1
13711,12,4,9,2,4,0,0,1,2,2,1
13712,5,5,15,4,3,3,1,1,1,2,0
13713,10,6,11,2,10,0,1,1,2,2,0
13714,8,4,10,0,10,4,1,0,2,2,0
13715,6,4,11,4,12,1,1,0,3,2,0
13716,11,4,9,4,10,1,0,0,2,2,0
13717,6,4,15,2,4,0,1,1,2,2,1
13718,6,4,11,2,12,0,1,1,2,2,1
13719,9,2,11,2,11,0,0,1,2,2,1
13720,7,0,11,4,0,3,1,1,1,2,0
13721,8,4,8,0,13,4,1,0,2,2,1
13722,7,2,7,2,11,0,1,1,2,2,0
13723,6,4,8,2,8,0,1,1,2,2,0
13724,9,4,11,2,3,0,0,1,2,2,1
13725,6,5,11,4,8,1,0,0,1,2,0
13726,6,4,9,4,1,3,0,0,2,2,0
13727,9,2,0,2,5,0,1,1,2,4,1
13728,4,5,15,4,4,3,1,1,1,2,0
13729,10,4,11,2,3,0,1,1,1,2,1
13730,8,4,11,4,12,3,1,1,2,2,0
13731,8,2,9,4,10,1,1,0,2,2,0
13732,8,4,7,4,1,3,1,1,3,2,0
13733,8,7,11,2,3,0,1,1,2,2,0
13734,5,4,11,2,3,0,1,1,2,2,0
13735,10,6,9,0,4,1,1,0,2,2,1
13736,5,6,15,4,8,1,1,0,2,2,0
13737,7,4,2,2,8,0,1,1,2,2,0
13738,7,4,2,2,7,0,1,1,2,2,0
13739,9,4,15,2,3,0,0,1,2,2,1
13740,3,4,11,4,14,3,1,1,2,2,0
13741,6,5,12,4,4,1,1,0,2,2,0
13742,9,4,1,2,12,0,1,1,3,2,1
13743,10,4,9,3,12,2,1,1,2,2,1
13744,10,7,12,0,10,4,0,0,2,2,0
13745,6,4,7,2,8,0,1,1,2,2,0
13746,8,1,10,2,4,0,1,1,1,2,0
13747,10,4,0,2,12,5,1,0,2,2,1
13748,3,6,8,4,13,1,1,0,2,2,0
13749,10,4,11,2,8,5,0,0,1,0,0
13750,7,4,11,2,3,0,1,1,2,2,1
13751,7,4,2,2,6,0,0,1,1,0,0
13752,7,6,15,2,8,0,1,1,1,2,1
13753,6,6,11,4,12,3,0,0,3,2,0
13754,9,4,12,2,13,0,1,1,2,2,0
13755,5,1,9,4,4,3,1,0,2,2,0
13756,4,1,7,2,10,0,1,1,2,2,0
13757,5,1,15,3,1,1,1,0,2,2,0
13758,12,4,6,2,14,0,1,1,2,2,0
13759,7,4,11,4,3,1,1,1,2,2,0
13760,6,2,7,0,10,1,1,1,2,2,0
13761,8,2,11,2,8,0,1,1,2,2,0
13762,5,4,15,4,1,1,1,0,3,2,0
13763,9,4,11,2,14,0,1,1,2,2,1
13764,10,4,12,2,10,0,1,1,2,2,0
13765,4,4,15,4,1,3,1,1,2,2,0
13766,6,4,9,2,4,0,1,1,0,2,0
13767,3,6,11,4,3,1,1,1,2,2,0
13768,8,6,0,2,3,0,1,1,3,2,1
13769,4,6,11,2,14,0,1,1,2,2,0
13770,4,4,8,2,8,0,1,1,2,2,0
13771,6,0,11,0,0,3,1,1,1,2,0
13772,8,4,12,0,4,1,1,1,2,2,0
13773,10,1,1,2,6,0,1,1,3,2,0
13774,4,4,9,4,10,3,1,0,2,2,0
13775,10,7,8,2,10,0,1,1,2,2,0
13776,4,4,8,4,7,1,1,1,2,2,0
13777,4,4,15,4,4,3,1,1,2,2,0
13778,9,4,9,5,4,4,1,0,1,2,0
13779,3,4,11,4,10,1,1,0,1,2,0
13780,7,2,8,2,11,0,1,1,2,2,0
13781,13,4,11,6,3,1,1,1,2,2,0
13782,5,4,15,4,12,3,1,0,1,2,0
13783,4,4,11,4,3,3,0,1,2,2,0
13784,6,2,11,2,3,0,1,1,1,2,1
13785,5,4,12,4,13,1,1,0,2,2,0
13786,6,4,11,2,12,0,0,1,3,2,0
13787,3,2,9,4,10,1,1,1,1,2,1
13788,7,4,0,2,3,0,1,1,2,2,1
13789,5,7,11,0,8,3,0,0,2,2,1
13790,4,4,11,4,4,3,1,1,1,2,1
13791,5,6,15,2,5,0,1,1,2,2,0
13792,5,4,7,4,11,2,1,1,2,2,0
13793,7,4,9,2,12,0,1,1,2,2,1
13794,9,2,14,2,10,5,0,0,2,2,1
13795,4,4,9,4,12,1,1,0,2,2,0
13796,4,7,9,4,4,1,1,1,2,0,0
13797,9,4,8,2,1,5,1,0,2,2,1
13798,3,6,9,4,10,1,0,0,4,2,0
13799,9,2,15,4,4,1,1,1,2,2,0
13800,4,4,11,4,1,3,1,0,1,2,0
13801,6,4,11,2,3,0,1,1,2,2,1
13802,3,4,15,4,1,3,1,0,1,2,0
13803,4,4,15,4,1,3,1,0,2,2,0
13804,7,4,12,2,10,0,1,1,2,2,0
13805,4,4,9,4,1,1,0,0,2,2,0
13806,5,4,11,0,8,1,0,0,2,2,0
13807,6,4,9,2,12,0,1,1,2,2,0
13808,6,5,15,0,10,1,1,0,2,2,0
13809,5,4,11,4,14,1,1,1,2,2,0
13810,8,4,11,2,7,0,1,1,2,2,0
13811,7,4,11,2,14,0,0,1,1,2,0
13812,10,4,11,6,8,1,1,0,2,2,0
13813,8,6,7,2,4,0,1,1,2,2,1
13814,5,4,15,4,9,1,1,0,1,2,1
13815,9,4,0,0,6,1,1,1,2,2,0
13816,9,4,15,0,6,1,1,0,2,2,0
13817,7,4,9,2,12,0,1,1,2,2,1
13818,7,0,11,2,0,0,1,1,1,2,0
13819,9,7,15,0,1,4,1,0,2,2,0
13820,4,4,12,4,4,1,1,1,2,2,0
13821,12,4,0,2,6,0,0,1,2,0,1
13822,12,6,15,2,5,0,0,1,2,2,1
13823,9,6,7,2,5,0,1,1,2,2,0
13824,6,4,2,2,6,0,1,1,2,2,1
13825,10,4,11,2,1,0,1,1,3,2,0
13826,6,4,11,2,7,0,1,1,2,2,1
13827,4,2,8,4,1,1,1,0,2,2,1
13828,7,4,12,5,4,1,1,1,2,1,0
13829,10,4,11,2,1,0,0,1,2,2,1
13830,12,0,15,6,0,4,1,0,2,2,0
13831,7,4,15,2,8,5,1,0,2,2,1
13832,5,4,11,4,14,3,1,1,2,2,0
13833,6,4,11,4,5,1,1,1,2,2,0
13834,7,4,12,2,12,0,0,1,2,2,0
13835,10,4,1,2,4,0,1,1,2,2,0
13836,8,4,7,2,4,0,1,1,2,2,0
13837,10,4,11,2,3,0,1,1,2,2,0
13838,7,4,12,2,4,0,1,1,2,4,1
13839,9,4,10,2,14,0,1,1,2,2,1
13840,4,0,11,4,0,1,1,0,2,2,1
13841,7,4,11,2,4,0,1,1,2,2,0
13842,3,6,15,4,3,1,0,1,1,2,0
13843,6,4,9,2,4,0,1,1,1,2,1
13844,6,4,6,2,6,0,1,1,2,2,0
13845,4,4,0,4,8,3,1,0,2,2,0
13846,8,4,15,2,8,0,1,1,1,2,0
13847,9,4,9,2,4,0,1,1,2,2,1
13848,14,4,15,0,1,1,1,0,1,2,0
13849,10,4,15,2,1,0,1,1,2,2,1
13850,5,4,11,2,7,0,1,1,2,0,0
13851,6,0,7,4,0,1,0,1,2,2,0
13852,4,7,0,4,3,3,1,1,2,2,0
13853,5,4,9,2,12,0,1,1,2,2,1
13854,3,4,11,4,13,2,1,0,0,2,0
13855,9,6,11,2,5,0,1,1,2,2,0
13856,14,1,12,6,4,2,1,1,0,2,0
13857,8,4,12,2,10,0,1,1,2,2,0
13858,8,4,11,2,1,0,1,1,2,2,1
13859,5,4,11,4,14,3,1,1,2,2,0
13860,9,4,9,2,3,0,1,1,1,2,0
13861,4,4,15,2,12,0,1,1,2,2,0
13862,5,4,15,2,8,0,1,1,2,2,0
13863,5,5,9,4,12,1,1,0,4,2,0
13864,7,4,11,0,4,1,1,0,2,2,0
13865,5,4,11,4,8,1,1,1,2,2,0
13866,10,4,11,2,12,0,1,1,3,2,0
13867,7,4,11,3,14,1,1,1,2,2,0
13868,5,0,9,5,0,4,1,0,2,2,0
13869,8,4,9,0,1,4,1,0,1,2,0
13870,7,4,11,2,1,0,1,1,2,2,1
13871,5,4,15,4,1,3,1,0,2,1,0
13872,10,4,1,2,6,0,1,1,2,2,1
13873,7,4,10,2,7,0,1,1,2,2,1
13874,10,4,11,6,1,3,1,0,2,2,0
13875,9,4,8,2,1,0,1,1,2,2,0
13876,7,4,9,2,14,0,1,1,2,2,0
13877,8,6,11,2,5,5,0,0,2,2,0
13878,5,4,11,4,12,1,1,0,3,2,0
13879,6,4,14,2,10,0,1,1,2,2,1
13880,6,2,14,4,1,3,1,0,2,2,0
13881,5,4,5,2,6,0,1,1,1,2,1
13882,7,2,10,0,10,4,0,0,4,0,0
13883,4,4,11,4,4,1,1,1,2,2,0
13884,12,4,15,2,4,0,1,1,2,2,1
13885,6,4,5,4,1,3,1,1,2,2,0
13886,5,4,0,4,7,3,0,0,2,0,0
13887,5,4,12,2,10,0,1,1,2,2,1
13888,6,4,15,0,3,4,1,1,2,2,0
13889,12,4,9,2,4,0,1,1,1,2,0
13890,4,4,9,4,6,1,1,0,2,2,0
13891,8,4,11,2,3,0,1,1,2,2,0
13892,4,4,11,4,8,3,1,0,2,2,0
13893,7,4,1,2,1,0,1,1,4,2,0
13894,4,6,9,4,10,1,1,1,2,2,0
13895,5,4,5,4,3,3,1,1,2,2,0
13896,10,1,11,2,1,5,0,0,2,2,1
13897,5,4,11,2,12,0,1,1,2,2,0
13898,8,4,1,2,6,0,1,1,2,2,0
13899,8,4,11,2,3,0,1,1,2,2,0
13900,11,1,9,4,10,3,1,1,1,2,0
13901,7,1,11,0,1,4,1,0,2,1,0
13902,5,4,11,2,3,0,1,1,0,2,0
13903,11,4,11,2,8,0,1,1,2,2,0
13904,9,4,8,0,4,4,0,1,2,2,0
13905,13,4,12,2,4,0,1,1,2,2,1
13906,12,2,9,0,10,1,1,0,0,2,0
13907,5,4,7,4,10,1,1,1,2,2,0
13908,8,4,9,5,12,4,1,0,2,2,0
13909,12,4,11,2,3,0,1,1,2,2,1
13910,12,4,15,2,1,0,1,1,2,2,0
13911,5,6,9,4,10,1,1,1,2,2,0
13912,7,4,2,2,7,0,1,1,2,2,0
13913,6,5,8,2,3,0,1,1,2,2,1
13914,7,4,9,0,12,4,1,0,4,2,0
13915,5,4,9,4,10,1,1,1,2,2,0
13916,5,4,11,2,8,0,1,1,2,2,0
13917,9,4,8,2,12,5,1,0,2,2,0
13918,9,4,15,0,4,1,1,1,1,2,0
13919,12,4,11,2,6,0,1,1,2,2,1
13920,9,4,8,2,1,0,1,1,2,2,0
13921,9,4,9,2,4,0,1,1,2,1,0
13922,7,4,15,2,3,0,1,1,2,2,0
13923,9,4,8,2,3,0,1,1,2,2,0
13924,6,4,11,4,7,3,0,0,2,2,0
13925,8,7,9,2,10,5,1,0,2,2,1
13926,10,4,11,2,5,0,1,1,2,2,0
13927,11,2,9,2,10,0,1,1,2,2,1
13928,9,4,11,4,10,1,1,0,2,2,0
13929,7,4,15,2,13,0,1,1,0,2,0
13930,3,6,9,4,12,1,1,1,2,2,1
13931,6,4,15,2,12,0,1,1,2,2,0
13932,9,1,11,0,1,1,0,1,2,0,0
13933,9,4,15,2,8,5,1,0,2,2,1
13934,9,4,6,3,12,1,1,1,2,2,0
13935,4,4,15,4,4,1,1,0,2,2,0
13936,10,2,9,2,10,5,1,0,2,2,1
13937,7,2,11,2,11,0,1,1,2,2,0
13938,9,7,12,2,4,0,1,1,2,2,0
13939,3,6,11,4,12,3,1,1,1,2,0
13940,4,4,11,2,7,0,1,1,2,2,1
13941,5,4,15,4,8,3,1,1,3,2,0
13942,13,7,15,2,3,0,1,1,2,2,1
13943,11,4,12,2,4,0,1,1,2,2,1
13944,5,4,5,4,3,1,1,1,2,2,0
13945,5,2,11,0,9,4,0,0,2,2,0
13946,9,6,8,2,3,0,1,1,3,2,0
13947,10,4,12,2,12,0,1,1,2,2,0
13948,5,2,9,2,10,0,1,1,2,2,1
13949,7,2,12,4,10,1,1,0,2,2,1
13950,10,4,8,2,4,0,1,1,2,2,1
13951,11,4,9,6,7,1,1,1,2,2,1
13952,5,4,9,2,4,0,1,1,2,2,1
13953,9,7,12,0,10,4,1,0,2,2,0
13954,9,4,15,2,12,0,1,1,1,2,1
13955,6,4,6,2,14,0,1,1,2,2,0
13956,8,2,9,2,3,0,1,1,2,2,1
13957,4,4,11,2,14,0,1,1,1,2,1
13958,9,4,11,2,3,0,0,1,2,2,1
13959,11,4,15,4,12,1,1,0,1,2,1
13960,6,4,9,2,3,0,1,1,2,2,1
13961,7,4,11,5,7,4,1,1,2,2,0
13962,4,2,11,2,11,0,1,1,0,2,1
13963,8,4,11,0,8,1,1,0,2,2,0
13964,6,4,11,5,8,4,1,0,1,2,0
13965,8,4,12,2,7,0,1,1,3,2,1
13966,3,6,11,4,12,3,1,0,0,2,0
13967,16,4,6,2,14,0,1,1,2,2,0
13968,3,4,11,4,12,3,1,1,2,2,0
13969,9,4,9,2,3,3,1,1,1,2,0
13970,6,4,12,2,10,0,1,1,3,2,0
13971,6,4,14,4,1,1,1,0,2,2,0
13972,9,4,11,4,7,3,1,0,2,2,0
13973,5,4,11,4,6,1,1,0,2,2,0
13974,5,4,10,2,4,0,0,1,2,2,1
13975,9,4,15,5,4,4,1,0,2,2,0
13976,4,4,5,4,5,1,1,1,2,4,0
13977,4,4,11,4,8,3,0,1,2,0,0
13978,10,4,10,2,10,0,1,1,2,2,1
13979,3,4,11,4,3,3,1,1,1,2,0
13980,9,2,15,2,8,0,1,1,2,2,1
13981,4,4,9,5,4,1,0,0,1,2,0
13982,9,4,11,0,8,1,1,0,2,2,0
13983,13,3,12,2,10,0,1,1,0,2,0
13984,11,4,11,2,1,0,1,1,1,2,0
13985,10,4,11,4,3,3,1,1,1,2,0
13986,8,6,9,0,10,4,1,0,3,2,0
13987,4,4,11,2,12,0,1,1,2,2,1
13988,7,4,12,0,10,1,1,1,2,2,0
13989,8,4,15,2,1,0,1,1,2,2,0
13990,6,4,9,2,10,0,1,1,2,2,1
13991,10,4,11,5,1,4,1,0,3,1,0
13992,8,4,0,0,3,1,1,1,1,2,0
13993,12,6,11,4,3,1,1,1,0,2,0
13994,7,0,7,2,0,0,1,1,2,2,1
13995,12,4,11,2,5,0,1,1,2,2,1
13996,10,6,11,0,8,1,1,0,2,2,0
13997,9,2,9,0,10,4,1,0,2,2,0
13998,9,4,15,0,7,1,1,1,2,2,0
13999,12,4,11,2,1,5,1,0,2,2,1
14000,7,4,8,4,4,3,1,1,2,2,0
14001,12,1,15,0,12,1,1,1,2,2,0
14002,7,7,11,2,11,0,1,1,2,2,1
14003,10,4,3,2,5,0,1,1,1,4,0
14004,6,2,0,2,1,0,1,1,2,1,0
14005,3,4,11,4,4,3,1,0,2,2,0
14006,8,4,15,2,13,0,1,1,2,2,0
14007,3,0,8,4,0,3,1,1,0,2,0
14008,7,4,15,2,12,0,1,1,1,2,1
14009,3,4,12,4,4,1,1,0,0,2,0
14010,7,7,14,2,10,0,1,1,2,2,0
14011,5,4,11,4,3,3,1,1,2,1,0
14012,8,6,12,2,4,0,1,1,2,2,1
14013,9,4,8,0,5,1,0,1,2,2,0
14014,7,6,11,0,3,1,1,1,2,2,0
14015,5,0,15,4,0,1,1,1,2,2,0
14016,8,4,11,2,13,0,1,1,2,2,1
14017,5,4,12,4,10,1,1,1,2,2,0
14018,13,4,12,6,12,4,1,1,1,2,0
14019,5,4,11,4,13,3,1,1,0,1,0
14020,10,4,7,2,3,0,0,1,2,2,1
14021,8,4,15,4,1,1,1,0,2,2,0
14022,5,5,9,4,12,2,0,0,2,2,0
14023,4,4,15,4,1,1,1,0,2,2,0
14024,9,0,9,2,0,0,1,1,2,2,1
14025,6,4,15,4,12,1,1,0,2,2,0
14026,10,4,9,2,10,0,1,1,2,2,1
14027,8,4,9,0,6,4,0,1,2,2,1
14028,9,4,15,2,12,0,1,1,2,2,0
14029,7,0,15,2,0,0,1,1,2,2,1
14030,4,4,0,4,3,1,1,0,2,2,0
14031,6,4,15,3,3,1,1,1,2,2,0
14032,3,2,1,4,8,3,1,1,1,0,0
14033,5,4,15,4,7,1,1,1,2,2,0
14034,9,4,11,4,1,3,1,1,1,2,0
14035,4,4,11,4,14,1,1,1,1,2,0
14036,3,4,11,4,8,2,0,0,1,2,0
14037,3,4,11,4,1,1,1,0,1,2,1
14038,5,4,6,4,9,4,1,0,2,2,0
14039,9,4,15,2,1,0,1,1,2,2,1
14040,6,4,9,2,10,0,1,1,2,2,0
14041,9,4,11,2,7,0,1,1,2,2,1
14042,13,2,14,3,10,1,1,0,2,2,0
14043,5,4,9,4,4,1,1,0,1,2,0
14044,7,4,12,2,1,0,1,1,2,2,1
14045,6,2,11,4,8,1,1,0,1,2,0
14046,6,4,5,2,7,0,1,1,2,2,1
14047,7,4,15,2,5,0,1,1,2,1,0
14048,5,4,11,4,4,1,1,0,2,2,0
14049,10,2,11,0,10,4,0,0,2,2,0
14050,14,4,15,2,6,0,1,1,1,2,1
14051,6,6,8,2,10,0,1,1,3,2,1
14052,6,4,5,4,7,3,1,1,2,2,0
14053,7,6,9,2,5,0,1,1,2,2,0
14054,6,2,15,2,11,0,0,1,2,2,0
14055,6,6,11,4,8,2,0,0,3,2,0
14056,6,5,8,2,4,0,1,1,1,2,0
14057,7,0,1,2,0,0,1,1,2,2,0
14058,6,4,15,4,6,3,1,1,2,2,0
14059,7,4,11,4,7,3,1,1,4,2,0
14060,3,4,15,4,3,3,1,1,1,2,0
14061,5,4,15,0,7,4,1,0,2,2,0
14062,7,4,11,0,8,1,1,1,2,2,0
14063,5,4,9,4,4,1,1,0,2,2,0
14064,6,4,5,2,7,0,1,1,1,2,0
14065,9,4,1,2,6,0,0,1,2,2,0
14066,12,4,11,2,14,0,1,1,2,2,1
14067,9,4,9,2,5,0,1,1,2,2,0
14068,6,5,15,0,12,4,0,0,2,2,0
14069,7,4,9,2,10,0,1,1,2,2,0
14070,10,1,8,0,10,1,1,1,2,2,0
14071,4,4,15,4,3,3,1,1,3,2,0
14072,6,4,11,2,10,0,1,1,2,2,1
14073,5,4,11,2,1,0,1,1,2,2,0
14074,10,4,0,2,7,0,1,1,2,2,0
14075,7,4,11,2,6,0,1,1,1,2,0
14076,5,1,11,4,1,1,1,1,2,2,0
14077,9,4,0,5,8,4,0,0,2,2,1
14078,11,4,15,2,7,0,1,1,2,2,1
14079,12,4,11,0,12,1,1,1,2,2,0
14080,8,4,8,2,12,0,1,1,3,2,1
14081,13,4,11,5,7,1,1,1,0,2,0
14082,6,4,11,2,7,0,1,1,2,2,0
14083,12,4,15,6,1,4,0,0,2,2,0
14084,7,4,14,4,10,1,1,0,2,2,0
14085,6,4,8,2,14,0,1,1,2,2,0
14086,4,4,8,2,6,0,1,1,2,2,1
14087,7,4,11,2,1,0,1,1,2,2,0
14088,5,4,11,4,7,1,1,1,2,2,0
14089,12,6,15,6,12,1,0,0,2,2,0
14090,6,0,11,5,0,1,1,1,2,2,0
14091,12,6,9,0,10,1,1,0,2,2,0
14092,5,4,11,4,4,3,1,0,2,2,0
14093,4,4,11,4,3,3,1,1,2,2,0
14094,6,4,15,4,12,1,0,1,2,4,0
14095,6,4,7,2,1,0,1,1,2,2,0
14096,6,4,0,2,12,5,1,0,2,2,0
14097,10,4,9,0,12,1,1,1,2,3,0
14098,3,4,15,4,14,1,0,1,0,2,0
14099,8,4,15,2,14,0,1,1,2,2,1
14100,6,4,8,2,13,0,1,1,2,2,0
14101,7,4,7,4,1,2,0,0,1,0,0
14102,11,4,15,2,12,5,1,0,2,2,0
14103,7,4,11,0,8,4,1,0,2,2,0
14104,10,4,11,2,7,5,1,0,2,3,1
14105,9,6,9,2,10,0,1,1,2,2,0
14106,8,4,9,0,13,4,1,1,2,2,0
14107,4,6,8,4,5,1,1,1,1,2,0
14108,11,4,11,0,8,1,1,0,1,2,0
14109,9,4,9,2,4,0,1,1,2,2,0
14110,9,4,11,2,3,0,1,1,2,2,0
14111,5,4,11,5,3,1,1,1,2,2,0
14112,3,4,15,4,1,1,1,0,0,3,1
14113,10,0,15,2,0,0,1,1,2,2,1
14114,8,2,9,0,11,4,1,0,2,2,0
14115,8,4,9,0,1,4,0,0,1,0,0
14116,5,4,11,2,1,2,1,0,2,2,0
14117,7,4,8,2,14,0,1,1,2,2,0
14118,8,4,11,2,3,0,1,1,2,2,0
14119,8,6,11,2,12,0,0,1,2,2,0
14120,7,4,11,2,5,0,1,1,2,2,1
14121,9,4,11,2,13,0,1,1,2,2,0
14122,4,4,11,2,3,0,1,1,2,2,0
14123,6,4,11,2,14,0,1,1,2,2,1
14124,12,7,11,2,8,0,1,1,2,2,0
14125,7,4,10,4,13,4,1,1,2,2,0
14126,7,4,15,0,4,1,0,0,2,4,0
14127,6,4,9,4,10,3,0,0,0,2,0
14128,10,4,11,2,8,0,1,1,2,2,0
14129,3,4,15,4,3,3,1,1,1,2,0
14130,8,4,11,2,8,0,1,1,2,2,0
14131,7,4,11,2,13,0,0,1,2,2,1
14132,9,4,9,2,10,5,1,0,2,2,1
14133,10,4,11,2,4,0,1,1,2,2,0
14134,8,4,11,2,14,0,0,1,2,2,0
14135,5,4,15,4,1,3,1,1,2,2,0
14136,5,2,9,2,1,5,0,0,3,2,1
14137,6,4,15,2,4,5,1,0,2,2,0
14138,6,5,10,0,10,1,1,1,2,2,0
14139,5,4,11,4,3,3,1,1,1,2,0
14140,8,2,9,2,1,0,1,1,2,2,1
14141,5,4,9,4,10,3,0,1,2,2,0
14142,4,4,7,4,12,1,1,0,2,2,0
14143,5,6,11,4,3,1,1,1,1,2,0
14144,9,4,15,4,1,1,0,0,1,2,0
14145,11,4,11,2,4,0,1,1,2,2,0
14146,11,4,2,2,3,0,1,1,0,2,0
14147,3,1,7,4,1,1,1,0,1,2,0
14148,3,6,12,4,4,4,1,0,0,2,0
14149,3,4,15,4,14,1,1,1,0,2,0
14150,5,6,15,4,10,3,0,0,2,2,0
14151,6,4,11,2,4,0,1,1,2,2,0
14152,10,4,11,0,7,4,1,1,2,2,0
14153,6,4,15,5,12,3,1,0,0,2,0
14154,6,1,9,4,4,1,1,0,2,2,1
14155,5,2,15,4,11,1,1,1,2,2,0
14156,8,1,11,5,1,4,1,1,2,2,0
14157,6,4,9,2,4,0,0,1,2,2,0
14158,11,4,11,6,1,4,1,0,2,2,0
14159,10,0,15,2,0,0,1,1,2,2,0
14160,11,4,15,6,12,1,1,1,0,2,0
14161,7,4,8,2,5,0,0,1,2,2,1
14162,9,5,15,0,5,4,1,1,2,2,0
14163,10,4,8,0,12,3,1,1,2,2,0
14164,7,6,15,0,10,1,1,1,2,2,0
14165,7,4,15,2,12,0,1,1,2,2,0
14166,8,4,11,4,1,1,1,0,2,2,0
14167,7,4,9,2,10,0,1,1,3,2,1
14168,5,6,11,2,12,0,1,1,2,2,0
14169,11,2,9,6,10,1,1,1,2,2,0
14170,8,4,11,2,7,0,0,1,2,0,1
14171,9,4,11,2,4,0,1,1,2,2,0
14172,7,4,1,4,12,4,1,0,2,2,0
14173,9,4,5,2,3,0,1,1,2,4,0
14174,4,4,1,4,5,1,1,1,2,2,0
14175,10,6,11,2,3,0,1,1,2,2,0
14176,10,6,11,2,8,0,0,1,2,0,1
14177,7,2,11,2,11,0,1,1,2,2,0
14178,7,6,15,2,3,0,0,1,2,0,0
14179,5,4,11,4,8,4,1,0,2,4,0
14180,7,7,15,2,8,0,1,1,2,2,0
14181,4,4,7,4,12,1,1,1,2,2,0
14182,7,4,12,2,12,0,1,1,3,1,1
14183,6,4,15,0,1,3,1,0,2,2,0
14184,5,4,11,2,14,0,1,1,2,2,0
14185,6,4,9,2,4,0,1,1,2,2,1
14186,7,4,9,2,4,0,1,1,3,2,0
14187,6,2,9,0,10,4,1,0,2,2,0
14188,11,4,9,4,10,4,1,0,2,2,0
14189,7,4,15,0,8,4,0,1,2,2,0
14190,4,4,15,2,3,0,1,1,2,2,0
14191,3,4,6,4,5,1,1,0,1,2,0
14192,5,4,11,4,1,4,1,0,2,2,0
14193,10,1,7,6,1,4,0,0,2,2,0
14194,10,6,1,2,5,0,1,1,2,2,0
14195,5,7,11,2,4,0,1,1,2,2,0
14196,5,4,15,4,1,1,1,0,2,2,0
14197,5,4,7,4,1,4,1,1,3,2,0
14198,9,4,9,2,4,0,1,1,3,2,0
14199,6,4,9,2,12,5,1,0,2,2,0
14200,4,4,15,4,12,3,0,0,2,2,0
14201,11,4,1,0,6,1,1,0,2,2,0
14202,4,4,11,4,3,1,0,1,2,2,0
14203,3,4,11,4,8,3,0,1,1,0,0
14204,8,4,9,2,4,0,1,1,2,2,0
14205,6,4,15,0,6,3,1,0,1,2,0
14206,5,4,1,4,6,1,0,0,1,2,0
14207,4,4,9,4,3,3,1,1,2,2,0
14208,8,0,1,4,0,3,1,1,1,2,0
14209,11,4,11,2,6,0,1,1,2,2,1
14210,4,4,15,4,1,3,1,0,2,2,0
14211,4,4,15,4,4,1,1,1,1,2,0
14212,10,4,8,2,7,0,1,1,3,2,1
14213,5,4,10,5,10,4,1,0,3,2,0
14214,6,4,9,4,4,1,1,1,3,2,0
14215,6,0,8,0,0,4,1,0,2,2,0
14216,18,4,12,2,4,0,1,1,2,2,0
14217,5,4,15,4,4,1,1,0,2,2,1
14218,7,6,0,2,8,0,1,1,2,2,0
14219,8,4,11,2,3,0,1,1,2,2,0
14220,10,6,8,0,10,4,1,0,2,2,0
14221,5,4,8,4,8,2,1,1,2,2,0
14222,8,2,9,3,10,1,1,1,2,2,1
14223,10,6,12,2,10,0,1,1,2,2,1
14224,9,6,9,0,4,4,1,1,1,2,0
14225,4,4,7,4,1,1,1,0,0,2,0
14226,8,4,15,5,1,1,1,1,2,2,0
14227,8,4,11,0,5,4,0,1,2,2,0
14228,7,4,6,2,8,0,1,1,2,2,1
14229,4,5,15,4,4,3,1,0,2,2,0
14230,3,4,15,4,8,3,1,0,1,2,0
14231,9,4,9,2,10,0,1,1,2,2,0
14232,8,4,11,2,14,0,1,1,2,2,1
14233,4,4,9,2,4,0,1,1,1,2,0
14234,5,4,11,4,7,3,1,0,2,2,0
14235,5,5,7,4,10,3,1,1,3,2,0
14236,3,4,11,4,12,1,1,1,0,2,0
14237,10,4,11,2,1,0,1,1,1,2,1
14238,8,4,15,6,1,1,1,0,2,2,0
14239,4,4,12,4,4,3,1,0,2,2,0
14240,4,6,11,4,14,3,1,1,0,2,0
14241,12,7,14,6,4,4,1,0,1,2,0
14242,7,4,11,2,12,0,1,1,2,2,0
14243,9,4,11,2,1,3,0,0,3,2,0
14244,6,4,11,2,3,0,1,1,2,2,0
14245,3,2,6,4,14,3,1,1,2,2,0
14246,7,4,11,0,13,1,1,0,2,2,1
14247,6,4,15,4,3,1,1,1,2,2,0
14248,8,4,5,2,14,0,1,1,4,2,0
14249,5,4,11,2,10,0,1,1,2,2,1
14250,6,4,1,2,3,0,1,1,2,2,0
14251,11,4,11,2,4,0,1,1,2,2,0
14252,6,2,9,0,10,1,0,0,2,2,0
14253,4,5,11,4,4,3,1,1,2,2,0
14254,9,0,11,0,0,4,1,0,3,2,0
14255,5,4,4,4,7,1,0,1,2,2,0
14256,7,1,15,5,1,4,1,0,2,2,0
14257,12,4,9,0,4,4,1,0,2,2,0
14258,3,4,11,4,3,1,1,1,0,2,1
14259,5,4,15,0,8,1,1,0,2,2,0
14260,10,4,11,2,8,0,1,1,2,2,1
14261,7,4,15,0,7,1,1,1,2,2,0
14262,9,4,1,2,4,0,1,1,2,2,0
14263,8,4,0,2,6,0,1,1,1,2,1
14264,5,2,15,4,1,1,1,0,2,2,0
14265,6,4,11,0,12,4,1,0,2,2,0
14266,5,0,15,0,0,1,1,1,2,2,0
14267,3,6,7,4,10,1,1,1,1,2,1
14268,7,4,15,2,12,0,0,1,2,2,1
14269,4,4,7,4,12,1,1,0,2,2,0
14270,10,6,11,0,4,4,1,1,2,2,0
14271,9,7,8,0,1,1,1,0,2,2,0
14272,4,4,8,4,8,1,1,0,2,2,0
14273,16,4,9,0,12,2,1,1,1,2,0
14274,4,2,7,4,11,4,1,0,2,2,0
14275,8,4,8,2,13,0,1,1,1,2,0
14276,6,4,9,2,4,0,1,1,2,2,0
14277,13,4,11,2,11,0,1,1,0,2,1
14278,8,4,11,2,5,0,1,1,2,2,0
14279,3,4,14,4,10,3,1,0,1,2,0
14280,11,4,11,2,13,0,1,1,2,2,0
14281,8,4,3,2,1,5,1,0,2,2,1
14282,6,4,15,4,8,4,1,0,2,1,0
14283,5,4,15,4,3,1,1,1,2,2,0
14284,8,2,12,2,10,0,1,1,2,2,0
14285,4,2,10,4,11,1,0,1,1,2,0
14286,8,4,9,4,10,3,1,1,1,2,0
14287,12,4,15,2,8,0,1,1,2,1,1
14288,5,4,15,4,1,4,0,0,2,2,0
14289,8,4,11,4,3,1,0,1,2,2,0
14290,8,7,9,2,4,5,0,0,2,2,0
14291,4,4,15,4,4,3,1,0,1,2,0
14292,9,4,11,2,3,0,1,1,2,2,1
14293,6,4,15,4,1,3,1,1,2,2,1
14294,11,4,9,4,10,1,1,1,1,2,0
14295,4,4,11,4,8,1,1,0,1,2,0
14296,13,6,9,2,5,0,1,1,1,2,0
14297,5,4,15,4,1,3,1,0,1,2,0
14298,9,4,9,2,1,0,1,1,2,2,0
14299,9,7,15,2,3,0,1,1,2,2,0
14300,12,4,0,2,12,0,1,1,2,2,1
14301,7,4,11,2,14,0,1,1,2,2,0
14302,8,4,0,2,8,0,1,1,2,2,1
14303,4,5,7,4,12,3,1,0,2,2,0
14304,6,4,11,4,6,1,1,1,2,2,0
14305,12,4,10,2,10,0,1,1,3,2,0
14306,6,4,11,2,5,0,0,1,2,2,0
14307,10,5,3,5,8,4,1,0,2,2,0
14308,7,4,15,2,3,0,1,1,2,2,1
14309,6,4,11,4,5,3,1,1,2,2,0
14310,3,4,6,4,14,1,0,1,1,0,0
14311,6,4,12,4,4,1,0,1,2,0,0
14312,10,4,15,0,14,1,1,1,3,2,0
14313,7,4,11,2,1,0,1,1,2,2,1
14314,4,4,11,4,11,1,1,1,1,2,0
14315,11,1,9,6,4,4,0,0,2,2,0
14316,8,4,11,6,3,1,1,1,2,2,0
14317,8,4,11,2,3,0,1,1,3,2,1
14318,7,4,9,0,12,4,0,1,2,2,0
14319,5,4,11,2,3,0,1,1,2,2,0
14320,9,4,11,6,3,1,1,0,2,2,0
14321,4,4,1,4,8,4,1,0,1,2,0
14322,3,5,7,4,1,1,1,0,1,2,0
14323,15,4,14,2,10,5,1,0,1,2,1
14324,10,4,9,2,10,0,1,1,2,2,1
14325,12,7,12,2,4,0,1,1,2,2,0
14326,9,4,1,2,12,0,1,1,2,2,0
14327,6,4,15,4,14,1,1,1,2,2,0
14328,8,2,10,2,4,5,1,0,2,2,0
14329,12,4,0,2,3,0,1,1,1,2,0
14330,10,4,11,0,1,3,1,1,2,2,0
14331,6,4,15,2,13,3,1,0,2,2,0
14332,7,4,11,2,6,0,0,1,2,2,0
14333,8,4,11,2,12,0,1,1,2,2,1
14334,5,4,11,4,1,1,1,0,2,2,0
14335,9,4,11,0,8,3,1,1,2,2,0
14336,4,4,15,4,3,3,1,1,2,2,0
14337,5,4,11,2,3,0,1,1,2,2,0
14338,4,4,9,4,8,4,0,1,2,2,0
14339,3,4,9,4,4,1,1,1,1,4,0
14340,13,4,15,2,8,0,1,1,1,2,1
14341,6,4,11,4,7,4,1,0,2,4,0
14342,7,4,15,0,11,1,1,1,2,2,0
14343,8,4,15,0,3,1,0,1,3,0,0
14344,4,4,11,2,8,0,1,1,2,2,0
14345,11,4,15,6,10,1,1,0,2,2,1
14346,6,0,11,2,0,5,1,0,2,2,1
14347,11,5,11,4,4,1,1,1,2,2,1
14348,3,4,15,4,10,3,1,1,1,2,0
14349,5,4,11,0,14,4,0,0,2,0,0
14350,5,6,11,4,4,1,1,1,2,2,0
14351,12,4,11,6,7,1,1,0,2,2,0
14352,6,4,12,2,10,5,1,0,2,2,0
14353,7,4,11,2,4,0,1,1,0,2,0
14354,4,7,14,4,10,1,1,0,2,2,0
14355,3,4,7,4,3,4,1,1,2,2,1
14356,6,6,15,4,12,3,1,1,2,2,0
14357,7,4,11,2,8,0,1,1,2,1,0
14358,11,4,12,4,10,3,1,0,2,2,0
14359,10,4,11,4,1,3,1,0,2,2,0
14360,10,4,15,2,7,5,0,0,2,2,1
14361,12,4,15,2,10,0,0,1,2,0,0
14362,8,4,8,2,12,0,1,1,2,2,0
14363,4,4,15,4,1,3,1,0,2,2,0
14364,11,1,9,2,10,0,1,1,1,2,0
14365,11,1,15,0,13,1,1,1,1,2,0
14366,9,4,9,2,12,0,1,1,2,2,1
14367,4,4,1,2,3,0,1,1,0,2,0
14368,5,3,2,0,0,1,1,0,2,2,0
14369,3,1,5,4,3,1,1,1,2,2,0
14370,6,4,9,2,1,0,1,1,2,2,1
14371,3,1,14,4,10,3,1,0,1,2,0
14372,5,7,11,4,8,1,1,0,2,2,0
14373,10,6,11,2,3,0,1,1,2,2,0
14374,9,4,9,2,1,0,1,1,3,2,1
14375,5,4,15,2,13,0,1,1,2,2,0
14376,3,4,15,6,1,4,1,0,2,2,0
14377,9,0,8,0,0,1,0,0,2,2,0
14378,14,4,11,6,7,1,1,0,1,2,0
14379,4,7,11,4,11,1,1,0,2,2,1
14380,7,6,7,0,3,2,1,1,1,2,0
14381,7,4,7,4,12,1,1,1,2,2,0
14382,7,4,15,0,1,1,1,0,2,2,0
14383,6,6,11,4,12,3,1,0,2,2,0
14384,5,4,9,4,10,4,1,0,1,2,0
14385,4,4,11,4,6,4,1,0,1,2,0
14386,11,4,9,6,1,4,0,0,2,2,0
14387,8,4,8,0,3,1,1,1,2,2,0
14388,3,4,12,6,10,1,1,0,1,2,0
14389,10,4,15,0,4,4,1,0,2,2,0
14390,4,4,10,4,4,1,1,0,2,2,0
14391,11,4,15,2,13,0,1,1,2,0,1
14392,7,4,11,0,14,1,1,1,2,2,0
14393,11,4,11,2,3,0,1,1,2,2,0
14394,4,4,11,2,14,0,1,1,1,2,1
14395,4,4,9,4,10,4,0,0,2,2,1
14396,5,4,11,2,12,0,1,1,2,2,0
14397,4,4,11,5,1,4,1,0,2,2,0
14398,11,4,9,2,3,0,1,1,3,2,0
14399,5,4,9,5,12,4,0,0,3,2,0
14400,8,4,12,5,10,1,1,0,2,2,0
14401,4,1,15,4,1,1,1,1,2,2,0
14402,4,4,15,4,1,3,0,1,2,2,0
14403,11,4,11,2,12,0,1,1,1,2,0
14404,5,4,15,0,3,1,0,1,2,2,0
14405,5,6,11,4,14,3,0,1,2,2,0
14406,8,4,15,0,12,4,1,0,2,2,0
14407,6,4,9,2,4,0,1,1,2,2,0
14408,7,4,12,4,10,3,1,0,2,2,0
14409,6,4,15,4,1,1,1,1,2,2,0
14410,11,4,15,6,8,1,1,0,2,2,0
14411,5,4,11,4,3,3,1,1,2,2,0
14412,5,2,11,4,3,1,1,1,2,2,0
14413,4,4,1,4,14,3,1,1,1,2,0
14414,8,5,0,2,4,0,0,1,2,2,0
14415,4,4,10,2,4,0,1,1,1,2,1
14416,8,5,14,2,10,5,1,0,2,2,0
14417,5,4,15,2,3,0,1,1,2,2,1
14418,7,4,11,2,3,0,1,1,2,2,1
14419,5,4,0,4,14,3,1,1,1,2,0
14420,5,0,15,4,0,3,1,1,2,2,0
14421,4,0,8,4,0,3,1,0,1,2,0
14422,9,6,9,0,12,1,1,0,3,2,0
14423,5,4,11,2,12,0,1,1,2,2,1
14424,10,4,2,2,6,0,1,1,1,2,1
14425,4,2,9,4,10,1,1,1,3,2,0
14426,8,0,11,4,0,1,1,1,2,2,0
14427,6,5,11,2,12,0,1,1,1,2,0
14428,7,0,1,4,0,1,1,1,1,2,0
14429,6,4,11,2,8,0,1,1,2,2,0
14430,11,4,4,3,8,3,1,1,2,2,0
14431,4,4,11,2,13,0,1,1,1,2,1
14432,8,6,11,2,14,0,0,1,2,3,0
14433,16,6,11,2,3,0,1,1,1,2,1
14434,6,6,7,2,10,0,1,1,1,2,1
14435,6,4,11,2,1,0,1,1,3,2,1
14436,9,6,15,0,5,4,1,1,2,2,0
14437,11,2,14,2,10,0,1,1,2,2,0
14438,8,6,1,2,5,0,0,1,2,0,1
14439,8,5,15,2,4,0,0,1,2,0,0
14440,8,6,11,0,8,4,1,0,2,2,0
14441,7,4,7,2,1,0,0,1,4,2,1
14442,7,4,15,2,4,5,1,0,2,2,1
14443,8,2,15,0,13,1,1,0,2,2,0
14444,7,0,9,2,0,0,1,1,2,2,0
14445,8,4,11,2,3,0,0,1,0,2,1
14446,5,4,11,4,8,1,1,0,2,2,0
14447,8,4,11,4,1,4,1,0,2,2,0
14448,6,4,14,0,10,4,1,0,2,2,0
14449,5,6,9,4,12,1,1,0,2,2,0
14450,10,4,9,2,3,0,1,1,2,2,0
14451,8,4,15,2,8,5,0,0,1,2,0
14452,8,4,11,2,8,0,1,1,1,2,0
14453,7,4,11,0,3,1,1,1,2,2,0
14454,10,4,15,4,1,2,1,0,2,2,0
14455,4,4,0,2,1,0,1,1,2,2,0
14456,6,5,9,2,4,0,1,1,2,2,0
14457,6,0,11,4,0,3,1,0,1,2,0
14458,8,4,11,2,3,0,1,1,2,2,0
14459,6,4,15,4,4,3,1,1,2,2,0
14460,12,4,12,6,4,2,1,1,2,2,0
14461,9,4,15,2,3,0,1,1,2,2,1
14462,8,4,14,2,10,0,1,1,3,2,1
14463,7,7,9,4,10,1,0,0,2,2,1
14464,8,4,15,0,11,1,1,1,2,2,1
14465,10,5,9,2,4,0,1,1,2,2,1
14466,6,4,11,2,7,0,1,1,2,2,0
14467,4,4,9,4,4,3,1,1,2,2,0
14468,13,4,15,2,3,0,0,1,1,2,0
14469,9,4,11,0,12,4,1,0,2,2,0
14470,3,4,11,4,14,2,1,1,0,2,0
14471,4,4,11,4,8,1,1,0,2,2,0
14472,10,4,0,3,7,3,0,0,1,2,0
14473,8,2,11,2,14,0,1,1,2,2,1
14474,4,4,15,4,12,1,1,1,2,2,0
14475,7,4,5,2,12,0,1,1,2,2,0
14476,6,4,11,4,1,3,1,0,2,2,0
14477,9,4,11,2,12,0,1,1,2,2,0
14478,12,6,15,2,8,0,1,1,2,2,0
14479,8,4,11,2,12,5,1,0,2,2,1
14480,6,1,11,4,1,4,1,1,3,2,0
14481,7,4,15,4,7,3,1,0,1,2,0
14482,14,4,15,2,7,0,1,1,1,2,1
14483,6,4,11,5,3,1,1,1,2,2,0
14484,5,4,11,4,8,1,1,0,2,2,1
14485,8,7,9,2,13,0,1,1,1,2,1
14486,8,4,12,0,12,4,0,0,2,2,0
14487,6,6,11,2,3,0,1,1,2,2,0
14488,12,4,15,4,3,3,1,1,3,2,0
14489,8,4,11,2,1,0,1,1,2,2,1
14490,4,4,15,4,3,1,1,1,2,2,0
14491,11,4,7,2,1,0,1,1,2,2,0
14492,5,4,9,4,4,1,1,0,2,2,0
14493,3,4,15,4,7,1,1,0,1,2,0
14494,7,4,11,0,8,1,1,0,1,2,1
14495,8,4,11,0,5,1,1,1,2,2,0
14496,5,4,11,0,4,1,1,1,0,2,0
14497,7,4,11,0,12,1,1,0,2,2,0
14498,10,4,9,0,10,4,1,0,2,2,0
14499,4,4,6,4,6,1,1,1,1,2,1
14500,9,4,14,0,10,1,1,1,2,2,1
14501,7,4,10,2,10,0,0,1,2,2,1
14502,7,4,11,2,3,0,1,1,2,2,1
14503,10,4,11,2,3,0,1,1,4,2,1
14504,3,4,11,4,3,2,0,1,2,2,0
14505,3,4,1,4,6,3,1,1,2,2,0
14506,9,5,9,0,4,4,1,0,2,2,0
14507,7,4,8,4,1,3,1,0,2,2,0
14508,4,4,9,4,12,3,1,0,2,2,0
14509,4,0,15,2,0,5,1,0,1,2,0
14510,10,4,11,5,12,4,1,0,1,2,0
14511,5,4,9,4,1,3,1,0,2,2,0
14512,4,4,9,4,4,1,1,0,2,1,0
14513,10,4,11,2,14,0,1,1,2,2,1
14514,7,4,11,2,3,0,1,1,2,2,1
14515,5,4,11,2,3,0,0,1,2,2,1
14516,6,4,11,4,14,3,1,1,2,2,0
14517,6,7,11,4,3,3,1,0,2,2,0
14518,3,7,9,4,10,4,0,0,0,2,0
14519,3,4,0,4,8,3,1,1,1,2,0
14520,9,4,11,2,3,0,1,1,2,2,1
14521,8,4,11,0,1,3,1,0,2,2,0
14522,9,0,15,4,0,1,0,1,2,2,0
14523,4,4,11,4,7,3,1,1,1,2,0
14524,8,4,9,2,10,0,1,1,2,2,0
14525,3,4,11,4,12,1,1,1,0,2,0
14526,7,4,11,0,3,4,1,0,2,2,1
14527,10,6,9,2,11,0,0,1,1,2,1
14528,9,6,15,0,5,1,1,1,1,2,1
14529,6,4,9,5,4,1,0,1,2,2,0
14530,11,4,6,2,5,0,1,1,2,2,1
14531,6,4,9,4,3,3,1,1,2,2,0
14532,7,4,9,2,7,0,1,1,2,2,1
14533,8,4,9,2,12,2,1,0,3,4,0
14534,10,6,8,2,3,0,1,1,2,2,0
14535,7,6,14,4,10,3,1,0,2,2,0
14536,4,4,8,4,8,4,1,0,2,2,0
14537,5,6,15,0,4,1,1,1,2,2,0
14538,6,5,15,4,12,3,1,0,2,2,0
14539,6,4,8,4,3,3,0,1,2,2,0
14540,7,5,0,4,12,1,1,0,3,2,0
14541,10,4,11,2,3,0,1,1,2,2,0
14542,8,2,11,0,1,4,0,0,2,2,0
14543,7,6,12,2,10,0,1,1,2,2,0
14544,12,2,11,2,10,0,1,1,0,2,0
14545,6,4,11,2,8,0,1,1,2,2,1
14546,7,4,11,2,8,0,1,1,2,2,0
14547,9,4,11,2,14,0,1,1,2,2,0
14548,7,4,15,2,7,0,1,1,2,2,1
14549,9,4,15,6,4,1,1,1,2,2,0
14550,10,5,9,4,4,1,1,1,2,2,0
14551,7,4,11,5,7,1,0,1,1,0,0
14552,12,4,5,2,6,0,0,1,2,2,1
14553,5,4,8,4,6,3,1,0,2,2,0
14554,4,5,15,4,4,3,0,0,2,2,0
14555,11,4,9,2,9,5,1,0,2,2,1
14556,12,5,11,2,4,0,1,1,2,2,1
14557,6,2,15,4,10,1,1,1,2,2,0
14558,8,6,8,0,10,1,1,1,2,2,0
14559,5,4,14,0,4,1,1,0,2,2,0
14560,7,4,6,0,8,4,1,0,2,2,0
14561,14,1,15,6,1,2,1,0,1,2,0
14562,5,4,11,4,8,1,0,0,2,2,0
14563,8,4,11,0,8,1,1,1,2,2,0
14564,8,2,11,5,10,1,1,0,2,2,0
14565,7,6,9,4,4,1,1,1,2,2,0
14566,14,4,8,6,1,1,1,0,2,2,0
14567,6,7,11,4,13,3,1,0,2,2,0
14568,3,4,12,4,10,1,1,0,0,2,0
14569,5,4,1,4,10,3,1,1,2,2,0
14570,4,4,12,2,10,5,1,0,2,2,1
14571,6,4,11,4,12,1,1,0,2,2,0
14572,8,2,11,0,1,4,1,0,2,2,0
14573,10,4,9,2,13,5,1,0,1,2,1
14574,6,7,14,2,10,0,1,1,2,2,0
14575,8,4,12,0,10,1,1,1,2,2,0
14576,4,5,3,4,5,3,1,1,1,2,0
14577,3,6,9,4,4,2,0,1,2,2,0
14578,10,6,14,4,10,3,1,0,2,2,0
14579,5,4,2,4,1,2,1,0,2,2,0
14580,4,4,11,4,4,3,1,0,2,2,0
14581,5,4,15,4,3,3,1,1,1,2,0
14582,4,4,15,4,7,1,1,1,1,2,0
14583,5,4,15,4,4,1,1,1,2,2,0
14584,6,2,15,2,12,0,1,1,2,2,1
14585,7,4,9,2,12,0,1,1,2,2,1
14586,7,6,12,2,10,0,1,1,1,2,1
14587,18,4,10,6,4,4,1,0,4,2,0
14588,7,4,15,2,4,0,1,1,2,2,1
14589,8,6,5,2,5,0,1,1,2,2,1
14590,7,4,8,4,13,4,0,0,2,2,0
14591,7,6,9,2,4,0,1,1,3,2,0
14592,6,4,15,5,8,4,0,0,2,2,0
14593,8,4,9,2,4,0,1,1,2,2,0
14594,8,4,15,2,12,0,1,1,1,2,1
14595,8,2,15,2,4,0,1,1,2,2,1
14596,9,4,13,2,6,0,1,1,2,1,0
14597,10,2,9,4,10,4,1,0,3,2,0
14598,4,4,11,4,8,1,1,0,2,2,0
14599,6,4,15,2,8,5,1,0,2,2,1
14600,12,4,15,2,3,0,1,1,2,2,0
14601,7,4,9,4,10,1,0,0,2,2,0
14602,10,5,12,4,10,4,1,0,2,2,0
14603,6,5,9,0,12,1,1,1,2,2,0
14604,3,5,11,4,12,3,1,0,1,2,0
14605,6,6,14,2,10,0,1,1,2,2,1
14606,14,6,15,6,12,1,1,0,2,2,0
14607,12,6,9,0,10,4,0,0,1,2,0
14608,8,4,11,2,14,0,1,1,2,2,0
14609,7,4,11,5,9,1,0,0,2,2,1
14610,9,7,9,0,10,1,1,0,2,2,0
14611,8,4,11,2,3,0,1,1,2,2,0
14612,15,4,5,2,13,0,1,1,3,2,0
14613,5,4,11,4,4,3,1,1,2,2,0
14614,4,4,11,4,12,3,0,1,1,2,0
14615,7,0,0,5,0,4,1,0,2,2,0
14616,8,4,9,2,3,0,1,1,2,2,1
14617,3,4,11,4,14,3,0,1,1,2,0
14618,3,4,15,4,3,3,1,1,1,2,0
14619,13,4,11,0,1,1,1,0,0,2,0
14620,6,2,11,2,14,0,1,1,2,2,0
14621,7,2,15,0,1,4,1,0,2,2,0
14622,14,4,11,6,8,1,1,0,0,2,1
14623,8,4,1,2,3,0,1,1,0,2,1
14624,15,4,1,6,8,1,0,0,0,0,0
14625,9,1,15,2,1,0,1,1,2,2,0
14626,4,2,10,2,5,0,1,1,1,2,0
14627,7,7,15,4,10,1,1,0,3,2,0
14628,8,4,10,6,10,2,1,1,3,2,0
14629,8,2,7,0,10,4,1,0,2,1,0
14630,4,4,15,4,7,3,1,1,2,2,0
14631,3,4,15,4,6,3,1,1,0,2,0
14632,10,4,11,0,8,4,1,0,2,2,0
14633,12,6,15,4,4,3,1,0,0,2,0
14634,11,4,9,2,4,0,1,1,2,2,1
14635,13,4,15,2,8,0,1,1,2,2,1
14636,9,4,15,4,12,1,1,0,2,2,0
14637,5,4,11,2,12,0,1,1,2,2,1
14638,7,4,15,2,1,5,1,0,1,2,0
14639,5,4,15,4,3,3,1,1,1,2,0
14640,8,4,9,2,11,0,1,1,2,2,1
14641,10,4,11,2,4,0,1,1,0,2,0
14642,6,7,9,2,10,0,1,1,2,2,0
14643,6,7,11,2,1,5,1,0,2,2,0
14644,11,4,9,2,4,0,1,1,2,1,1
14645,5,4,6,4,12,1,1,1,2,2,0
14646,7,4,15,4,1,4,1,1,2,2,0
14647,9,4,15,4,8,1,1,0,2,2,0
14648,12,4,15,4,3,1,1,1,2,2,0
14649,7,7,15,2,4,0,1,1,2,2,1
14650,7,4,11,2,7,0,0,1,2,2,1
14651,7,4,11,4,8,1,1,0,2,2,0
14652,11,6,1,6,4,4,0,1,2,2,0
14653,11,4,11,2,10,0,1,1,1,2,0
14654,7,5,15,0,10,3,1,1,2,2,0
14655,6,4,11,0,1,1,1,0,2,2,1
14656,4,4,11,4,3,1,1,1,2,2,0
14657,9,6,11,2,3,0,1,1,2,2,1
14658,6,7,15,4,10,3,1,0,3,2,1
14659,7,5,2,0,12,1,1,0,3,2,0
14660,14,4,1,2,7,0,0,1,2,2,1
14661,10,4,13,2,7,0,1,1,2,1,0
14662,13,6,9,2,4,0,1,1,0,2,1
14663,4,4,11,4,6,4,1,0,2,2,0
14664,4,4,0,2,3,0,1,1,2,2,0
14665,4,4,12,4,10,3,0,1,1,2,0
14666,9,6,12,2,10,0,1,1,2,2,0
14667,6,6,15,2,3,0,1,1,2,2,0
14668,9,4,15,2,12,0,1,1,2,2,1
14669,7,4,0,2,8,0,1,1,2,2,0
14670,4,4,5,4,8,4,0,0,2,4,0
14671,5,4,11,4,3,3,1,1,2,2,0
14672,11,4,9,0,10,1,1,0,1,2,0
14673,6,4,15,2,8,5,1,0,2,2,1
14674,5,2,10,2,10,5,1,0,2,2,0
14675,4,4,9,4,4,1,0,0,2,2,0
14676,12,4,11,2,6,0,1,1,3,2,0
14677,13,4,9,2,4,0,1,1,2,2,0
14678,8,4,11,0,4,1,1,0,2,0,0
14679,10,4,15,2,1,5,1,0,2,2,0
14680,5,4,11,4,12,3,0,1,0,2,0
14681,9,4,12,0,4,1,1,1,1,2,0
14682,7,4,15,2,12,5,1,0,3,2,1
14683,14,4,11,2,7,0,1,1,1,2,0
14684,5,4,11,2,8,5,1,0,2,2,1
14685,6,4,15,0,12,4,1,1,2,2,0
14686,6,4,11,2,6,0,1,1,2,2,0
14687,6,4,8,4,1,1,1,0,2,2,0
14688,12,4,1,2,3,0,1,1,2,2,1
14689,12,4,11,2,1,0,1,1,1,2,1
14690,12,4,0,2,1,0,1,1,1,2,0
14691,5,4,11,0,12,4,0,0,1,4,0
14692,7,6,11,2,4,0,1,1,2,1,0
14693,5,4,11,4,6,1,1,0,0,2,0
14694,5,4,15,4,7,3,1,1,2,2,0
14695,4,4,11,4,7,3,1,0,1,2,0
14696,6,4,8,0,3,3,1,1,2,2,0
14697,7,6,11,2,8,0,1,1,1,2,0
14698,4,6,4,4,5,1,1,1,1,2,0
14699,6,2,11,2,14,0,1,1,2,2,1
14700,7,4,9,4,3,3,1,1,3,2,0
14701,3,4,1,4,1,1,0,0,1,2,0
14702,7,4,1,2,8,0,0,1,2,0,1
14703,7,4,11,2,4,0,1,1,2,2,0
14704,7,4,11,2,7,0,1,1,2,2,0
14705,5,7,15,2,1,5,1,0,0,2,0
14706,5,4,11,2,1,5,1,0,2,2,0
14707,9,4,4,2,7,0,0,1,2,2,0
14708,8,4,11,4,3,3,1,1,2,3,0
14709,12,4,9,2,7,0,1,1,2,2,1
14710,10,4,15,6,10,4,1,0,2,2,0
14711,9,4,15,0,4,1,1,0,2,2,0
14712,10,4,15,2,14,0,1,1,2,2,1
14713,3,4,8,4,12,3,0,0,2,2,0
14714,12,4,7,0,1,1,1,0,2,2,0
14715,7,4,3,0,3,1,1,1,2,2,0
14716,5,1,9,5,4,1,1,1,1,2,0
14717,4,4,11,2,7,0,1,1,1,2,1
14718,8,4,11,2,1,5,1,0,3,2,1
14719,6,4,15,2,7,0,1,1,2,2,1
14720,6,4,11,2,4,0,1,1,2,2,0
14721,8,4,11,4,4,1,1,1,2,2,0
14722,8,4,7,2,3,0,1,1,2,2,0
14723,10,5,9,2,4,0,1,1,2,2,1
14724,9,0,11,2,0,0,1,1,2,2,1
14725,4,7,15,4,12,1,1,1,1,2,1
14726,4,2,14,4,10,4,0,1,1,2,0
14727,6,4,11,5,8,4,1,0,2,2,0
14728,13,2,11,2,14,0,1,1,1,2,1
14729,8,4,9,2,12,0,1,1,1,2,0
14730,10,2,12,2,10,0,1,1,2,2,1
14731,5,4,0,2,14,0,1,1,2,2,1
14732,7,5,11,2,14,0,1,1,2,2,0
14733,8,4,9,2,4,0,1,1,2,2,0
14734,8,4,11,0,1,1,0,0,2,2,0
14735,8,4,9,0,10,1,1,1,2,2,0
14736,9,4,9,2,10,0,1,1,2,0,1
14737,6,4,12,4,12,4,1,0,2,2,0
14738,4,2,15,4,10,3,0,0,2,2,0
14739,13,4,11,2,7,0,1,1,1,2,1
14740,6,4,9,4,1,3,1,0,2,2,0
14741,6,4,9,2,4,0,0,1,2,2,1
14742,9,4,11,0,1,1,1,0,2,2,0
14743,15,4,15,6,4,4,0,1,1,2,0
14744,9,6,9,2,12,0,1,1,2,2,1
14745,8,4,11,2,8,0,1,1,2,2,0
14746,11,6,9,2,4,0,1,1,1,2,0
14747,10,6,11,2,3,0,1,1,2,2,0
14748,7,4,11,2,8,0,0,1,2,2,0
14749,12,4,11,2,8,0,1,1,0,2,1
14750,3,2,15,3,1,4,1,0,0,2,0
14751,4,6,15,4,5,4,1,0,2,2,0
14752,7,4,15,5,8,4,0,1,2,2,0
14753,3,2,11,4,4,3,1,1,0,2,0
14754,7,4,15,2,14,0,0,1,2,2,1
14755,11,4,11,6,14,1,0,1,4,2,0
14756,9,0,8,2,0,0,1,1,3,2,1
14757,11,2,11,2,1,0,1,1,2,2,0
14758,6,4,11,0,1,4,0,0,2,2,0
14759,7,7,9,2,1,0,1,1,1,2,1
14760,8,4,11,2,12,0,1,1,2,2,1
14761,4,4,15,2,8,0,1,1,2,2,1
14762,8,4,15,5,4,3,1,1,1,2,0
14763,10,6,15,0,12,4,1,1,2,2,1
14764,9,4,11,2,12,0,1,1,2,2,0
14765,4,4,1,4,8,1,1,1,1,2,0
14766,4,4,12,4,10,1,1,0,3,2,0
14767,4,4,15,4,11,3,1,1,2,2,0
14768,7,4,11,2,7,0,1,1,2,2,1
14769,9,2,11,2,3,0,1,1,2,2,1
14770,8,4,11,0,8,4,1,0,2,4,0
14771,9,4,11,2,7,5,1,0,2,2,0
14772,4,4,11,4,8,1,1,0,2,2,0
14773,6,6,11,2,8,0,1,1,2,2,0
14774,6,2,9,4,1,3,1,0,2,2,0
14775,8,5,6,4,12,1,1,0,3,2,1
14776,9,5,9,2,12,0,0,1,3,2,0
14777,8,6,11,0,12,1,1,1,2,2,0
14778,5,4,11,3,4,1,1,1,2,2,0
14779,4,4,15,4,4,2,0,0,1,2,0
14780,5,7,8,4,13,3,1,1,2,2,0
14781,12,2,12,0,10,4,1,0,1,2,0
14782,7,4,9,0,12,3,1,0,2,2,0
14783,8,4,15,2,4,0,1,1,1,2,0
14784,9,4,1,4,8,1,1,1,3,4,0
14785,4,2,11,2,9,5,1,0,2,2,0
14786,11,4,1,4,9,1,1,1,0,2,0
14787,6,4,9,2,1,0,0,1,0,2,0
14788,5,4,8,2,8,0,0,1,1,2,1
14789,5,0,15,0,0,1,1,1,1,2,0
14790,9,4,9,0,12,1,1,1,2,2,0
14791,8,7,11,2,4,0,1,1,2,2,0
14792,8,2,11,0,1,1,0,1,2,2,0
14793,5,2,11,4,3,1,1,1,4,2,0
14794,7,4,11,0,1,1,0,0,2,2,0
14795,13,4,11,6,3,1,1,1,1,2,0
14796,5,4,15,4,12,1,0,1,3,0,0
14797,9,4,11,2,7,0,1,1,3,2,1
14798,4,4,11,4,3,3,1,1,1,2,0
14799,6,4,15,2,6,0,1,1,2,2,1
14800,6,0,11,4,0,1,1,0,1,2,0
14801,13,4,15,2,7,0,1,1,0,2,0
14802,7,6,11,4,3,3,0,1,0,2,0
14803,6,4,15,2,1,5,1,0,3,2,0
14804,7,4,11,2,14,0,1,1,2,2,0
14805,5,4,11,2,4,0,1,1,2,1,1
14806,4,1,15,2,4,0,1,1,2,2,1
14807,7,4,9,4,10,1,1,1,0,2,0
14808,6,4,11,0,3,4,1,0,2,2,0
14809,6,0,9,2,0,5,1,0,2,2,0
14810,10,5,11,2,3,0,1,1,1,2,1
14811,9,4,11,4,8,3,1,0,1,2,0
14812,3,6,11,4,12,1,1,0,0,2,0
14813,5,2,11,4,4,2,0,1,2,2,0
14814,11,4,11,2,3,0,1,1,1,2,1
14815,7,4,11,5,1,4,1,0,2,2,0
14816,12,2,0,2,3,0,1,1,0,2,1
14817,10,4,9,2,1,0,1,1,2,2,1
14818,18,4,11,4,3,3,1,1,2,2,0
14819,16,4,15,0,4,1,1,0,2,2,1
14820,7,4,11,4,8,1,1,0,2,2,0
14821,8,4,15,2,6,0,1,1,1,2,0
14822,6,5,4,4,12,2,1,1,2,2,0
14823,6,4,9,3,4,1,1,1,1,2,0
14824,6,4,11,2,7,0,1,1,2,2,0
14825,9,6,0,0,5,2,0,1,2,2,0
14826,5,4,15,0,5,1,1,1,1,2,0
14827,3,4,11,4,4,1,0,1,1,2,0
14828,13,4,9,2,8,0,1,1,2,2,0
14829,11,4,11,2,7,0,1,1,2,2,1
14830,8,4,12,5,10,4,1,0,2,2,0
14831,6,6,0,2,14,0,1,1,3,2,0
14832,5,4,14,2,10,0,1,1,2,2,0
14833,6,7,9,2,4,0,1,1,2,2,0
14834,6,4,15,2,4,0,1,1,2,2,1
14835,6,4,0,2,8,0,1,1,2,2,1
14836,5,2,15,4,10,4,1,0,2,0,0
14837,5,4,15,0,12,1,1,0,2,2,0
14838,4,4,3,4,7,1,1,1,1,2,1
14839,4,4,11,4,3,1,1,1,2,2,0
14840,4,4,11,4,7,1,1,1,1,2,0
14841,8,7,11,4,8,3,1,1,2,2,0
14842,7,4,11,4,14,3,1,1,2,2,0
14843,5,4,11,4,8,1,1,0,2,2,1
14844,7,4,11,2,14,0,1,1,1,2,0
14845,6,4,15,4,7,1,1,0,2,2,0
14846,7,4,15,4,10,3,0,1,2,2,0
14847,15,4,15,6,1,4,0,0,0,2,0
14848,7,4,2,2,7,0,1,1,1,2,1
14849,9,4,15,2,8,0,1,1,2,2,0
14850,5,4,15,4,12,4,1,0,2,2,0
14851,7,4,11,2,1,0,1,1,2,2,1
14852,10,4,8,6,1,4,1,1,2,2,0
14853,9,4,11,2,3,0,1,1,2,2,0
14854,5,0,9,4,0,1,1,0,2,2,0
14855,11,4,11,3,7,1,1,0,2,2,0
14856,11,4,15,0,4,1,1,1,1,2,0
14857,7,4,2,4,4,3,1,1,2,2,0
14858,7,4,12,0,4,4,1,1,2,2,0
14859,11,4,9,3,4,2,1,1,2,2,0
14860,7,4,15,2,13,5,1,0,2,2,1
14861,8,4,7,0,1,4,1,0,2,2,0
14862,8,4,15,4,4,1,1,1,2,2,0
14863,10,4,4,2,7,0,0,1,2,2,1
14864,5,4,11,2,12,0,1,1,1,2,0
14865,6,4,13,4,6,1,1,1,2,2,0
14866,4,4,11,4,3,1,1,1,1,2,0
14867,5,4,11,4,14,1,0,1,1,2,0
14868,8,4,8,2,10,0,0,1,2,0,1
14869,6,6,15,4,3,1,1,1,2,2,1
14870,9,4,15,2,3,0,1,1,2,2,0
14871,4,4,15,4,12,1,1,0,2,2,0
14872,6,4,9,2,4,0,0,1,3,2,0
14873,9,4,4,2,7,0,1,1,2,2,1
14874,6,7,15,2,10,0,1,1,2,2,0
14875,8,5,11,2,4,0,1,1,1,2,0
14876,13,4,11,6,12,4,1,0,2,2,0
14877,5,4,2,2,7,0,1,1,2,2,1
14878,14,4,11,2,7,0,1,1,1,2,1
14879,11,7,10,4,10,3,1,0,3,2,0
14880,10,4,5,2,7,0,1,1,2,2,0
14881,9,4,11,2,6,0,1,1,2,2,0
14882,5,4,11,2,12,0,1,1,3,2,0
14883,9,2,12,2,10,0,1,1,0,2,1
14884,6,4,9,2,10,0,1,1,2,2,0
14885,8,4,0,2,7,5,1,0,2,2,0
14886,7,6,12,5,4,1,1,1,2,2,0
14887,4,4,15,4,6,1,0,1,2,2,0
14888,6,2,11,0,0,1,1,0,1,2,0
14889,7,4,11,2,7,0,1,1,1,2,1
14890,8,4,11,2,8,0,1,1,2,2,0
14891,3,5,9,4,12,3,1,1,0,2,0
14892,4,6,11,4,10,3,1,1,2,2,0
14893,12,4,12,5,4,4,1,0,2,2,0
14894,13,4,15,2,13,0,1,1,1,2,0
14895,6,1,15,4,13,1,0,1,1,2,0
14896,10,4,11,4,1,4,1,0,3,2,1
14897,9,4,11,4,12,3,1,0,2,2,0
14898,12,1,11,2,4,0,1,1,1,2,0
14899,9,7,11,5,1,4,1,0,2,4,0
14900,9,4,11,2,7,0,1,1,2,2,1
14901,7,4,1,2,3,2,0,1,1,2,0
14902,5,4,9,2,7,0,1,1,0,2,1
14903,4,4,15,4,1,1,1,1,0,2,0
14904,4,4,9,4,12,3,1,0,2,2,0
14905,5,4,15,4,10,1,1,1,1,2,0
14906,5,4,11,2,13,0,1,1,2,2,1
14907,11,4,11,6,12,4,1,0,2,2,0
14908,12,4,15,2,3,0,1,1,2,2,1
14909,11,4,15,4,13,4,1,1,2,2,0
14910,10,4,15,2,4,0,1,1,2,2,0
14911,9,4,15,6,13,1,1,0,2,2,0
14912,7,4,15,4,1,3,1,0,2,2,0
14913,5,2,15,4,1,4,1,0,1,2,1
14914,5,4,11,2,3,0,1,1,2,2,0
14915,3,6,15,4,12,4,1,0,2,2,0
14916,5,2,7,4,1,1,1,1,3,2,0
14917,6,4,11,0,9,1,1,0,2,2,1
14918,8,4,15,2,6,0,1,1,2,2,1
14919,8,4,11,2,12,0,0,1,1,2,1
14920,8,4,2,0,9,4,1,0,1,2,0
14921,8,4,11,2,12,5,1,0,2,2,1
14922,7,4,9,2,12,0,1,1,1,2,1
14923,4,6,15,4,3,3,1,1,1,2,0
14924,5,6,7,4,4,3,1,0,1,2,0
14925,4,2,15,4,4,3,1,0,2,2,0
14926,8,4,12,2,10,0,1,1,2,2,0
14927,5,4,15,5,12,4,1,0,2,2,0
14928,7,6,7,2,10,0,0,1,2,2,0
14929,4,4,9,4,4,1,1,1,1,2,0
14930,4,4,12,2,13,0,1,1,0,2,1
14931,6,2,15,2,11,0,1,1,2,2,0
14932,12,4,0,2,3,0,1,1,1,2,1
14933,7,6,8,0,4,4,1,1,2,2,0
14934,8,4,11,2,8,5,1,0,2,2,0
14935,9,4,11,0,3,1,0,1,1,2,0
14936,6,4,15,4,4,3,1,1,2,2,0
14937,4,6,2,4,12,1,1,1,1,2,0
14938,10,4,11,3,7,4,1,0,3,2,0
14939,6,5,15,4,4,3,1,1,2,2,0
14940,7,4,2,4,8,3,1,0,2,2,0
14941,7,4,11,0,1,4,0,0,2,2,0
14942,3,4,4,4,6,1,1,1,0,2,0
14943,3,4,11,4,7,1,1,0,0,2,1
14944,10,6,1,0,8,3,1,0,2,2,0
14945,10,4,11,2,6,5,1,0,2,2,0
14946,9,4,11,2,6,0,1,1,2,2,0
14947,5,4,9,4,12,1,1,1,2,2,0
14948,12,5,7,6,4,1,1,1,2,1,0
14949,7,4,11,2,3,0,1,1,2,2,0
14950,9,4,11,0,8,4,1,0,1,2,0
14951,6,4,15,5,4,4,1,1,2,2,0
14952,13,6,4,2,5,0,0,1,0,2,1
14953,11,4,15,5,3,3,1,1,1,1,0
14954,4,4,9,4,10,1,1,0,1,2,0
14955,10,5,9,2,5,0,1,1,2,2,0
14956,3,4,11,4,1,1,1,1,0,2,1
14957,8,4,15,0,6,4,0,1,2,4,0
14958,4,4,11,4,6,3,1,1,2,2,0
14959,7,4,1,5,7,3,1,1,2,2,0
14960,8,4,11,2,8,0,0,1,1,2,1
14961,10,6,9,2,4,0,1,1,2,2,1
14962,7,2,15,2,4,0,1,1,2,2,1
14963,10,0,15,2,0,0,1,1,2,2,0
14964,4,4,11,4,1,1,1,0,2,2,0
14965,9,0,11,4,0,2,0,1,2,2,1
14966,6,2,9,2,11,0,1,1,2,2,0
14967,10,4,11,2,12,0,1,1,2,2,0
14968,11,0,15,2,0,0,1,1,3,2,0
14969,6,4,15,2,13,0,1,1,1,2,1
14970,7,4,11,5,1,1,1,0,2,2,0
14971,3,0,15,4,0,3,1,1,0,2,0
14972,7,2,11,0,1,1,1,0,2,2,0
14973,9,4,15,0,14,1,1,1,1,2,0
14974,10,4,14,0,10,3,1,1,1,2,0
14975,8,4,15,2,8,0,1,1,0,2,1
14976,9,4,11,2,7,0,0,1,2,2,1
14977,10,4,9,0,1,1,1,0,2,2,0
14978,6,4,1,2,4,0,1,1,2,2,0
14979,5,6,8,2,1,5,1,0,2,2,1
14980,9,4,11,6,6,4,1,0,2,2,0
14981,3,2,9,4,1,2,0,0,2,2,0
14982,7,4,11,0,3,1,1,0,2,2,1
14983,8,4,15,2,12,0,0,1,2,2,1
14984,11,2,15,2,1,0,1,1,2,2,1
14985,8,2,9,2,10,0,1,1,2,2,1
14986,5,4,1,2,7,0,1,1,2,2,1
14987,4,4,15,4,1,1,0,0,2,2,0
14988,10,4,11,2,14,0,1,1,2,2,0
14989,12,4,15,2,10,0,1,1,0,2,1
14990,7,6,11,2,7,0,1,1,2,2,1
14991,7,4,15,6,1,1,1,0,2,2,0
14992,8,4,11,0,3,1,1,0,2,2,0
14993,8,4,11,2,1,5,1,0,2,2,0
14994,12,4,11,2,4,0,1,1,1,2,1
14995,9,4,11,3,3,1,1,1,2,2,0
14996,5,4,12,2,10,0,1,1,2,2,0
14997,10,4,15,2,1,0,1,1,2,2,0
14998,3,0,11,4,0,3,1,0,0,2,0
14999,8,4,11,4,8,1,0,1,2,2,0
15000,6,4,11,4,3,1,1,1,2,2,0
15001,11,4,15,2,7,0,1,1,2,2,1
15002,6,4,3,2,3,0,0,1,2,2,1
15003,11,1,9,4,1,3,1,0,2,2,0
15004,5,6,12,4,10,1,1,0,1,2,1
15005,8,4,11,0,1,1,1,0,1,2,0
15006,12,4,11,6,1,4,0,1,2,0,0
15007,10,4,15,2,8,0,0,1,1,2,1
15008,7,4,9,0,12,1,0,0,2,2,0
15009,6,2,11,2,11,0,1,1,0,2,1
15010,6,0,12,4,0,3,1,0,2,2,0
15011,8,6,11,2,3,0,1,1,2,2,0
15012,4,4,8,4,1,3,0,1,1,2,0
15013,4,4,15,4,12,1,1,0,1,2,0
15014,6,4,11,0,8,1,1,0,2,2,0
15015,13,1,15,2,5,0,1,1,2,2,1
15016,5,5,11,2,12,5,1,0,2,2,0
15017,14,4,11,2,3,0,1,1,2,2,1
15018,8,5,10,5,10,1,0,0,2,2,0
15019,3,4,11,4,9,3,1,0,1,2,0
15020,7,4,0,0,12,1,1,0,2,1,0
15021,11,4,6,0,9,4,1,0,2,2,0
15022,12,4,9,6,1,1,1,1,1,2,0
15023,5,4,2,2,6,0,1,1,2,2,0
15024,6,4,11,2,8,0,1,1,2,2,1
15025,7,4,15,2,10,5,1,0,2,2,0
15026,5,4,14,4,10,4,1,0,2,2,0
15027,8,4,8,2,13,0,1,1,2,2,1
15028,10,1,12,2,10,0,1,1,2,2,1
15029,12,4,11,2,12,0,0,1,1,2,0
15030,4,4,15,4,7,1,1,0,2,2,0
15031,3,1,9,4,10,1,1,0,2,2,0
15032,4,4,9,4,12,3,1,0,1,2,0
15033,5,2,8,2,10,0,1,1,2,2,1
15034,7,5,9,4,4,1,1,1,2,2,1
15035,10,4,9,2,1,5,1,0,1,2,0
15036,5,4,9,5,1,4,1,0,1,2,0
15037,11,2,12,2,10,0,1,1,1,2,0
15038,4,4,9,4,4,2,0,1,1,2,0
15039,4,4,7,4,10,1,1,1,2,2,0
15040,10,4,10,2,10,0,1,1,2,2,1
15041,7,4,9,2,10,0,1,1,2,2,1
15042,4,4,11,4,4,3,1,1,1,2,0
15043,6,4,12,2,10,0,1,1,2,2,1
15044,8,7,11,0,8,1,1,0,1,2,0
15045,5,4,1,0,6,1,1,1,2,4,0
15046,7,4,9,2,10,0,1,1,2,2,1
15047,8,4,11,4,3,2,1,1,2,2,0
15048,6,2,12,2,4,0,1,1,2,2,1
15049,3,4,15,4,1,1,1,0,1,2,0
15050,7,2,12,2,10,0,1,1,2,2,1
15051,16,4,11,1,8,5,0,0,1,2,0
15052,4,4,9,4,10,1,1,0,2,2,0
15053,4,4,15,4,4,3,1,0,2,2,0
15054,7,2,1,3,10,1,1,0,2,2,0
15055,10,4,11,2,8,0,1,1,0,2,0
15056,15,4,9,6,10,1,1,1,2,2,0
15057,7,4,7,2,1,0,0,1,3,2,1
15058,5,2,15,4,4,1,1,1,2,1,0
15059,12,4,15,2,12,0,1,1,2,2,1
15060,7,6,9,5,3,3,1,1,3,2,0
15061,5,7,11,2,3,0,1,1,1,4,1
15062,11,4,15,0,7,2,1,1,2,2,0
15063,5,4,11,4,12,3,1,1,2,2,0
15064,11,4,11,0,1,4,0,0,2,2,0
15065,9,4,3,0,6,1,1,1,2,2,0
15066,4,4,9,4,7,3,1,0,1,2,0
15067,9,4,6,4,12,1,1,0,2,2,0
15068,11,1,0,2,4,0,1,1,2,2,0
15069,7,4,11,2,3,0,1,1,2,2,0
15070,9,4,8,2,8,0,1,1,2,2,0
15071,12,0,11,1,0,5,1,0,2,2,1
15072,6,4,11,2,12,0,0,1,1,2,0
15073,8,4,15,4,8,1,1,0,2,2,1
15074,11,4,11,2,7,0,1,1,4,2,1
15075,4,4,15,4,4,1,1,1,2,2,0
15076,5,4,11,0,12,3,0,0,2,2,0
15077,7,5,9,0,12,3,1,1,2,1,0
15078,6,4,11,2,12,0,1,1,2,2,0
15079,9,4,9,2,10,0,1,1,2,2,0
15080,10,5,15,2,3,0,1,1,2,2,0
15081,4,4,15,4,12,3,1,0,1,2,0
15082,15,4,7,3,12,4,1,1,0,1,0
15083,7,4,9,6,12,1,1,1,2,2,0
15084,6,4,9,4,4,1,1,0,2,2,1
15085,8,4,11,0,12,4,1,0,2,2,0
15086,9,4,15,2,8,0,1,1,2,2,0
15087,10,6,12,2,4,0,1,1,2,2,1
15088,4,4,15,4,8,3,1,0,2,2,0
15089,9,4,15,5,1,3,1,1,2,2,0
15090,9,4,15,2,1,5,1,0,3,2,1
15091,13,4,8,6,10,4,1,0,2,2,0
15092,7,4,12,4,10,1,1,1,2,2,1
15093,7,4,11,4,1,1,1,0,2,2,0
15094,3,4,11,4,12,1,0,1,2,2,1
15095,5,7,15,4,8,1,1,1,2,2,0
15096,5,4,11,3,7,1,1,0,3,3,0
15097,9,7,9,2,4,0,1,1,3,2,0
15098,9,4,11,2,12,0,1,1,2,2,1
15099,8,7,12,2,4,0,1,1,2,2,1
15100,8,4,15,4,1,3,1,0,2,2,0
15101,3,4,9,4,13,4,1,0,1,2,0
15102,9,4,11,4,7,3,1,0,0,2,0
15103,7,4,11,0,6,1,1,1,2,2,0
15104,6,4,15,2,7,0,1,1,3,2,0
15105,10,4,1,2,3,0,0,1,2,2,0
15106,10,6,15,2,4,0,1,1,3,2,1
15107,3,6,10,4,10,3,1,0,1,2,0
15108,3,4,4,4,7,1,1,0,1,2,0
15109,8,2,15,2,3,0,1,1,1,2,1
15110,12,4,15,2,12,5,1,0,3,2,0
15111,5,4,0,5,9,4,1,0,2,2,0
15112,5,4,11,2,1,0,1,1,2,2,1
15113,9,4,9,0,10,1,1,1,1,2,0
15114,4,4,8,4,1,1,1,1,2,2,0
15115,4,4,15,4,1,1,1,0,1,2,0
15116,6,1,9,2,13,0,1,1,2,2,0
15117,5,2,9,4,10,1,1,1,2,2,1
15118,10,4,9,2,12,0,1,1,2,2,1
15119,4,4,9,2,12,0,1,1,3,2,0
15120,13,4,9,6,10,1,1,0,2,2,0
15121,11,7,12,2,10,0,1,1,2,2,0
15122,9,4,9,2,10,0,1,1,2,2,1
15123,4,4,9,4,10,1,1,1,2,2,0
15124,4,4,11,4,8,3,1,1,1,2,0
15125,10,4,15,0,1,1,1,1,2,2,0
15126,10,2,10,2,10,0,1,1,2,2,0
15127,6,7,9,2,4,0,1,1,2,2,0
15128,7,4,12,0,4,1,1,1,0,2,0
15129,11,4,15,2,4,0,1,1,3,2,1
15130,10,4,9,2,12,0,1,1,3,2,0
15131,7,4,12,2,12,0,1,1,2,2,1
15132,5,4,11,4,7,1,1,0,1,2,1
15133,10,6,11,2,3,0,1,1,2,2,1
15134,5,4,7,4,1,3,1,1,3,2,0
15135,3,4,9,4,4,1,1,0,3,2,0
15136,4,4,11,2,12,0,1,1,2,2,0
15137,7,4,11,2,6,0,1,1,2,2,1
15138,6,4,15,6,8,1,1,0,1,2,0
15139,5,4,1,2,6,0,1,1,2,2,1
15140,7,4,9,2,3,0,1,1,2,2,0
15141,7,4,11,4,1,1,0,0,2,2,0
15142,4,4,9,4,13,3,1,1,0,2,0
15143,13,4,11,2,5,0,1,1,2,2,1
15144,8,5,9,2,12,0,1,1,2,2,1
15145,7,4,15,2,12,0,1,1,2,2,1
15146,8,7,15,0,5,1,1,1,4,2,1
15147,6,2,15,4,1,1,1,0,4,2,0
15148,7,4,8,2,13,0,1,1,3,2,0
15149,3,4,11,4,8,3,1,1,1,2,0
15150,8,4,9,2,4,0,1,1,2,2,0
15151,4,4,15,4,12,3,1,1,2,2,0
15152,4,2,11,2,11,0,0,1,1,2,1
15153,7,2,9,4,10,2,1,0,2,2,0
15154,5,6,15,4,12,3,1,0,2,2,0
15155,7,4,11,2,4,0,1,1,3,2,0
15156,5,5,12,4,4,1,1,0,1,2,0
15157,9,4,11,2,1,5,1,0,2,2,0
15158,3,4,9,4,1,1,1,0,0,2,0
15159,9,4,9,2,1,0,0,1,2,2,0
15160,8,4,3,0,14,1,1,1,2,2,0
15161,6,6,9,0,4,1,1,1,3,2,0
15162,3,4,11,4,9,1,1,0,1,2,0
15163,8,6,11,2,3,0,1,1,3,2,1
15164,8,4,11,0,7,4,1,0,2,2,0
15165,11,4,12,2,10,0,1,1,2,2,0
15166,7,4,11,2,12,0,1,1,2,2,0
15167,7,4,11,2,7,0,1,1,2,2,1
15168,7,4,12,2,10,0,1,1,1,2,0
15169,5,4,11,4,3,3,1,1,2,2,0
15170,5,4,11,4,14,2,0,0,2,0,0
15171,4,4,11,4,4,1,1,0,2,2,1
15172,4,4,9,4,4,1,1,1,1,2,0
15173,7,4,15,2,1,5,1,0,2,2,0
15174,6,0,9,4,0,1,1,0,1,2,0
15175,6,4,12,2,4,5,1,0,2,2,0
15176,6,2,9,4,10,3,1,0,2,2,0
15177,3,2,9,4,10,3,1,1,2,2,0
15178,11,1,11,2,3,0,1,1,2,2,0
15179,6,4,11,4,3,3,1,1,2,2,0
15180,11,4,12,2,4,0,1,1,2,2,1
15181,7,4,11,4,11,1,1,1,1,2,0
15182,6,5,9,2,12,0,1,1,2,2,0
15183,12,4,6,2,5,0,1,1,2,2,0
15184,3,4,9,4,10,3,1,1,1,2,0
15185,5,6,11,4,3,1,1,1,2,2,0
15186,5,2,11,0,1,1,1,0,2,2,0
15187,8,5,11,2,12,0,1,1,1,2,0
15188,7,4,8,2,3,0,1,1,2,2,0
15189,10,4,14,2,13,0,1,1,2,2,0
15190,4,4,11,4,1,3,0,0,2,2,0
15191,9,4,9,2,11,0,1,1,2,2,1
15192,4,4,11,4,4,3,1,1,1,2,0
15193,11,4,11,2,3,0,1,1,2,2,1
15194,4,4,1,4,3,4,1,1,2,2,0
15195,12,4,12,0,8,1,1,0,2,2,0
15196,8,4,11,0,3,1,1,1,2,2,0
15197,11,4,12,2,4,0,0,1,2,2,1
15198,5,4,11,0,12,4,1,0,2,1,0
15199,4,4,2,4,12,3,1,0,2,3,0
15200,6,4,11,2,1,5,1,0,2,2,1
15201,3,4,8,2,12,0,1,1,2,2,0
15202,5,2,10,2,10,0,1,1,2,2,1
15203,9,4,5,2,6,0,1,1,2,2,1
15204,5,4,11,2,3,0,1,1,2,2,1
15205,8,2,12,2,10,5,1,0,2,2,1
15206,10,7,8,2,1,0,1,1,2,2,0
15207,13,4,11,0,14,2,1,1,4,2,0
15208,10,4,5,2,3,0,1,1,2,2,1
15209,7,4,11,5,13,1,1,1,2,2,0
15210,4,4,11,4,14,3,1,0,2,2,0
15211,9,4,11,2,12,0,1,1,1,2,1
15212,7,4,11,2,5,0,1,1,3,2,0
15213,8,4,11,2,8,5,0,0,3,2,0
15214,12,4,15,2,3,0,1,1,2,2,0
15215,4,4,7,5,12,4,1,1,1,2,0
15216,4,2,15,4,10,1,1,1,2,2,1
15217,5,6,12,2,5,0,0,1,2,2,1
15218,6,5,15,0,3,4,0,1,2,2,0
15219,3,4,0,4,6,3,0,0,2,2,0
15220,13,4,0,0,8,1,1,1,3,2,0
15221,13,4,11,4,3,1,1,1,2,2,0
15222,9,6,11,2,3,0,1,1,3,2,1
15223,7,4,11,4,1,3,1,1,2,2,0
15224,4,4,9,4,10,3,1,0,1,2,0
15225,10,1,9,2,10,0,1,1,2,2,1
15226,12,6,7,2,12,0,1,1,2,2,0
15227,4,4,9,4,10,3,1,0,2,2,0
15228,5,4,15,2,7,0,1,1,3,2,0
15229,7,4,11,0,8,4,1,0,0,2,1
15230,10,6,11,2,12,0,1,1,2,2,0
15231,4,4,12,4,10,3,1,1,2,2,0
15232,6,1,11,4,6,1,0,0,0,2,0
15233,7,4,11,6,8,4,1,0,2,2,0
15234,5,4,11,4,1,1,1,0,2,2,0
15235,7,4,12,2,4,0,1,1,2,2,1
15236,7,4,15,4,8,1,1,0,2,2,0
15237,11,4,11,2,12,0,0,1,2,2,0
15238,11,4,11,2,6,0,1,1,1,2,1
15239,3,4,11,4,8,1,1,0,0,2,1
15240,5,0,15,4,0,3,1,1,2,2,0
15241,5,2,11,5,4,1,1,0,4,2,0
15242,10,4,14,0,10,4,0,0,2,2,0
15243,8,2,11,0,3,1,1,1,2,2,1
15244,5,6,9,4,10,3,1,0,1,2,0
15245,6,4,11,2,7,0,0,1,2,2,1
15246,4,1,11,4,3,3,1,1,2,2,0
15247,8,7,15,0,1,1,0,1,2,0,0
15248,4,4,12,4,10,3,0,0,1,2,0
15249,5,6,15,4,14,3,1,1,2,2,0
15250,6,4,11,2,7,0,1,1,2,2,0
15251,10,4,11,2,12,0,1,1,1,2,1
15252,7,4,11,2,14,0,1,1,2,2,1
15253,14,4,11,2,7,0,1,1,2,2,0
15254,8,2,15,0,1,3,1,0,2,2,0
15255,6,4,1,2,6,0,1,1,1,2,0
15256,7,4,9,4,12,1,1,1,2,2,1
15257,5,7,9,4,10,3,1,1,1,2,0
15258,9,1,15,2,14,0,1,1,3,2,0
15259,12,4,12,2,4,5,1,0,2,2,0
15260,5,0,15,4,0,3,1,0,2,2,0
15261,4,4,11,4,5,2,1,1,2,2,0
15262,13,4,11,2,3,0,1,1,1,2,0
15263,7,2,11,2,1,0,1,1,2,2,1
15264,13,4,9,2,4,0,1,1,2,2,0
15265,9,4,11,4,1,1,1,0,2,1,0
15266,5,4,15,2,5,0,1,1,0,2,0
15267,8,4,4,0,6,1,1,1,2,2,0
15268,5,7,11,5,14,1,1,1,2,2,0
15269,4,5,9,4,4,3,1,1,2,2,1
15270,13,4,11,6,3,4,1,1,2,2,0
15271,10,6,11,2,14,0,1,1,2,2,0
15272,9,5,11,5,12,4,1,0,0,2,0
15273,8,6,6,4,5,3,0,1,2,2,0
15274,10,4,11,4,5,1,1,1,2,2,0
15275,6,4,15,2,12,0,0,1,2,2,1
15276,6,4,11,0,3,1,1,0,2,2,0
15277,3,4,9,4,12,1,1,0,1,2,0
15278,6,2,8,4,13,3,1,1,2,2,0
15279,4,4,11,4,14,3,1,1,1,2,0
15280,10,6,15,2,8,0,1,1,2,2,1
15281,5,0,15,4,0,1,1,0,2,2,0
15282,8,4,12,2,10,1,1,0,2,2,0
15283,5,4,15,4,4,1,1,0,1,2,0
15284,8,4,8,0,8,4,1,0,2,2,0
15285,7,4,11,4,3,3,1,1,0,2,0
15286,4,4,11,4,12,3,1,1,2,2,0
15287,3,4,15,4,11,1,0,1,2,2,0
15288,9,4,8,4,8,3,1,0,2,2,0
15289,5,4,15,4,1,1,1,1,3,2,1
15290,3,0,11,4,0,3,1,0,1,2,0
15291,8,4,1,2,12,5,1,0,4,2,0
15292,9,4,14,2,10,0,1,1,2,2,1
15293,7,4,12,0,10,4,1,1,2,2,0
15294,8,6,4,3,8,2,1,0,3,2,0
15295,5,4,11,2,12,0,1,1,1,2,0
15296,5,4,15,2,1,0,1,1,2,2,1
15297,7,2,9,2,4,0,1,1,2,2,0
15298,14,4,2,5,8,1,0,0,1,2,0
15299,5,0,15,4,0,1,1,1,2,2,1
15300,14,5,8,2,4,0,1,1,1,2,0
15301,7,2,11,2,11,0,1,1,2,2,0
15302,3,0,1,4,0,1,1,0,2,2,0
15303,8,4,11,4,6,1,1,1,2,2,0
15304,5,4,11,4,3,3,1,1,2,2,0
15305,3,4,11,4,1,4,1,0,1,2,0
15306,9,4,8,4,5,1,1,1,1,2,0
15307,12,4,11,0,3,1,1,1,1,2,0
15308,3,4,11,4,1,4,0,1,0,3,0
15309,7,4,11,4,6,3,0,1,2,2,0
15310,10,4,11,2,7,5,1,0,1,2,0
15311,8,4,6,2,8,5,1,0,2,0,1
15312,9,4,15,2,4,0,1,1,0,2,0
15313,4,4,15,4,8,3,1,0,0,2,0
15314,12,0,15,2,0,5,0,0,2,0,0
15315,3,5,8,4,11,3,1,1,2,2,0
15316,3,4,11,4,6,3,0,1,1,2,0
15317,10,4,9,2,3,0,1,1,2,2,0
15318,11,4,15,5,1,1,1,0,2,2,0
15319,10,4,2,0,14,1,1,1,2,2,0
15320,14,4,15,2,8,0,1,1,1,2,0
15321,5,4,7,4,8,2,0,1,3,2,0
15322,5,4,1,4,3,3,0,0,2,0,0
15323,3,4,11,4,8,3,0,1,1,4,0
15324,15,4,12,0,10,4,1,1,1,2,0
15325,5,6,9,2,10,5,1,0,3,2,1
15326,3,4,15,4,3,3,0,1,1,0,0
15327,13,6,9,2,5,0,1,1,2,2,1
15328,9,4,9,2,13,2,0,1,2,2,0
15329,4,2,15,2,8,5,1,0,2,2,0
15330,7,1,9,2,1,0,1,1,4,2,1
15331,14,4,8,1,8,4,1,0,0,2,0
15332,10,7,1,2,10,0,1,1,1,2,1
15333,6,4,12,0,12,4,0,1,2,2,0
15334,6,2,7,0,4,4,1,0,2,2,0
15335,9,4,5,2,7,0,1,1,2,2,0
15336,7,4,7,2,3,0,1,1,2,2,1
15337,7,6,11,2,5,0,1,1,2,2,1
15338,9,0,1,2,0,0,1,1,2,2,0
15339,6,4,15,0,7,1,0,0,2,2,1
15340,4,4,9,4,12,3,1,0,2,2,0
15341,8,6,11,0,3,1,1,1,2,2,0
15342,6,1,9,2,12,5,1,0,3,2,1
15343,7,4,11,5,14,4,0,0,2,2,0
15344,5,4,9,4,4,3,1,1,1,2,0
15345,7,4,15,2,1,0,0,1,1,2,0
15346,11,4,5,3,10,4,1,0,2,2,0
15347,5,6,15,2,12,0,0,1,2,2,1
15348,4,2,7,4,10,2,1,0,1,2,0
15349,6,4,0,2,12,0,1,1,2,2,1
15350,7,4,15,2,3,0,0,1,2,0,1
15351,8,4,9,0,1,1,1,0,2,2,0
15352,10,4,0,2,8,0,1,1,2,2,0
15353,8,2,15,0,11,4,0,0,2,2,0
15354,5,0,2,5,0,4,1,1,1,2,0
15355,7,4,15,0,1,4,1,0,2,2,0
15356,9,6,9,2,12,5,0,0,2,2,0
15357,7,2,15,2,13,0,1,1,2,2,0
15358,5,4,6,4,14,3,1,1,1,2,0
15359,9,2,14,2,10,0,1,1,2,2,1
15360,4,4,9,4,10,3,1,0,1,2,0
15361,4,6,4,4,8,2,1,0,1,2,0
15362,7,4,7,2,8,5,1,0,2,2,0
15363,5,4,15,4,4,1,1,0,2,2,0
15364,7,6,2,0,3,1,1,1,2,2,0
15365,10,4,9,2,1,0,1,1,2,2,0
15366,10,4,5,2,3,0,1,1,3,2,0
15367,8,4,8,2,1,5,1,0,2,2,0
15368,4,4,7,4,4,1,1,0,2,2,0
15369,12,6,11,2,14,0,1,1,2,2,1
15370,13,4,15,2,12,0,1,1,3,2,1
15371,4,2,8,4,11,3,1,0,1,2,0
15372,9,4,11,2,3,0,1,1,2,2,0
15373,6,4,12,4,12,3,1,1,2,2,0
15374,7,4,11,2,7,0,1,1,2,2,1
15375,9,4,15,6,8,2,0,1,2,2,0
15376,7,4,9,2,10,0,1,1,2,2,1
15377,6,2,11,2,3,0,1,1,2,2,0
15378,11,0,11,2,0,0,1,1,2,2,1
15379,11,2,9,2,10,0,1,1,2,2,1
15380,10,4,0,2,8,5,1,0,2,2,0
15381,5,4,11,2,7,0,1,1,2,2,1
15382,6,4,9,4,10,1,1,1,2,2,0
15383,5,0,9,4,0,1,1,1,2,2,0
15384,4,4,9,4,10,3,1,0,1,2,0
15385,4,2,11,4,14,3,1,1,2,2,0
15386,8,7,0,2,1,0,1,1,2,2,1
15387,10,6,9,2,5,0,1,1,1,2,0
15388,6,5,1,2,5,0,1,1,2,2,1
15389,7,1,9,2,10,0,1,1,2,1,1
15390,7,7,15,4,1,3,0,0,2,2,0
15391,6,4,8,2,6,0,1,1,2,2,0
15392,6,4,12,0,4,1,1,0,2,2,0
15393,7,4,5,2,3,0,1,1,2,2,1
15394,7,4,15,0,8,4,1,1,2,2,1
15395,8,4,15,0,12,4,1,0,0,2,0
15396,10,7,11,2,1,5,1,0,1,2,1
15397,6,7,0,2,7,0,1,1,2,2,0
15398,12,4,12,2,10,5,1,0,2,2,1
15399,8,4,15,0,4,1,1,1,2,2,0
15400,10,7,1,2,6,0,1,1,2,2,1
15401,8,4,15,2,3,0,1,1,2,2,1
15402,8,5,11,5,14,1,1,0,2,2,0
15403,4,4,15,4,3,1,1,0,1,2,0
15404,4,1,9,4,13,4,0,1,2,2,0
15405,7,4,1,2,3,0,1,1,2,2,0
15406,4,4,11,4,4,1,1,0,2,2,1
15407,8,4,9,0,1,4,1,0,2,2,0
15408,3,4,7,4,1,3,1,1,2,2,0
15409,5,0,4,4,0,3,1,0,2,2,0
15410,7,4,2,2,6,0,1,1,2,2,0
15411,3,4,11,4,3,3,1,1,0,2,0
15412,9,4,11,4,4,2,0,1,2,2,0
15413,4,4,11,4,1,3,1,0,2,2,0
15414,7,4,9,2,4,0,1,1,4,2,0
15415,7,4,7,0,3,1,1,1,2,4,0
15416,5,4,9,2,12,0,1,1,2,2,0
15417,5,4,15,2,13,0,1,1,2,2,0
15418,5,4,11,2,8,3,1,0,1,1,0
15419,4,4,15,4,7,3,1,1,0,2,0
15420,10,4,11,2,3,0,1,1,2,1,0
15421,9,4,11,0,6,3,0,1,2,2,0
15422,6,4,0,2,7,0,1,1,2,2,1
15423,8,6,11,0,12,1,1,0,2,2,0
15424,9,4,9,2,10,0,1,1,2,2,0
15425,15,4,1,4,10,4,1,0,0,2,0
15426,4,4,15,2,4,5,1,0,2,4,0
15427,4,2,7,4,11,3,1,0,2,2,0
15428,6,4,7,2,8,0,1,1,2,2,0
15429,6,4,11,2,6,0,1,1,2,2,0
15430,6,4,9,3,1,2,0,0,3,2,0
15431,9,4,11,2,1,0,1,1,2,2,0
15432,8,4,11,0,3,1,0,1,3,2,0
15433,6,4,7,2,4,0,1,1,2,2,0
15434,11,4,15,4,8,3,1,0,3,2,0
15435,10,4,15,2,13,0,1,1,3,2,0
15436,9,4,7,2,4,0,1,1,2,2,0
15437,10,4,12,2,1,0,1,1,2,2,1
15438,7,4,15,0,10,1,1,0,2,2,0
15439,7,0,4,4,0,1,1,0,1,2,0
15440,7,4,9,0,14,1,1,0,1,2,0
15441,6,4,11,4,14,1,1,1,2,2,0
15442,6,4,6,2,6,0,0,1,2,2,0
15443,5,4,15,2,4,0,1,1,2,2,1
15444,5,4,11,4,3,3,1,1,2,2,0
15445,11,4,1,4,6,4,1,1,1,2,0
15446,7,0,15,2,0,0,1,1,2,2,1
15447,6,4,15,2,10,0,1,1,2,2,1
15448,6,5,15,2,8,0,1,1,2,2,0
15449,4,4,12,4,1,1,1,0,1,2,0
15450,8,4,11,4,6,1,1,1,2,2,0
15451,9,5,11,2,14,0,1,1,4,2,0
15452,10,4,9,2,10,3,1,0,1,2,0
15453,10,4,2,2,12,0,0,1,2,2,0
15454,11,2,9,3,10,1,1,1,2,2,0
15455,11,2,11,2,8,0,1,1,2,2,0
15456,9,6,9,2,4,0,1,1,2,2,1
15457,7,4,1,4,6,3,1,1,2,2,0
15458,5,4,11,2,3,0,1,1,2,2,0
15459,9,4,9,3,4,4,1,0,2,2,1
15460,10,4,11,2,3,5,0,0,2,2,1
15461,14,4,10,6,13,1,0,0,0,2,0
15462,10,4,5,2,3,0,1,1,2,2,0
15463,6,4,11,0,1,1,1,0,1,2,0
15464,7,4,5,2,10,0,1,1,2,2,1
15465,11,4,11,2,7,0,0,1,2,4,0
15466,8,4,15,2,1,0,1,1,2,2,1
15467,14,4,11,6,6,1,1,1,0,2,0
15468,8,4,1,4,8,3,1,0,2,2,0
15469,6,4,8,4,12,3,1,1,2,2,0
15470,5,4,11,2,14,3,0,1,0,2,0
15471,7,4,9,2,1,0,1,1,2,2,0
15472,10,4,15,2,6,0,0,1,2,2,0
15473,6,6,7,6,4,4,0,1,2,2,0
15474,11,4,15,2,10,0,1,1,2,2,0
15475,4,4,0,4,1,3,1,0,2,2,0
15476,6,2,9,2,10,0,1,1,2,2,1
15477,10,1,11,2,12,0,1,1,2,2,0
15478,11,4,15,4,1,2,1,0,2,2,0
15479,11,4,15,5,12,4,0,0,2,2,0
15480,7,4,4,4,7,1,1,1,3,2,0
15481,4,4,8,4,1,1,1,1,2,2,0
15482,12,4,7,2,4,0,0,1,1,2,0
15483,9,4,11,0,7,1,1,0,2,0,0
15484,8,2,11,4,11,1,1,1,2,2,0
15485,6,4,11,2,11,0,0,1,2,2,1
15486,6,4,7,4,8,1,1,1,2,2,0
15487,4,4,7,4,12,1,1,0,2,2,0
15488,4,2,9,4,8,1,1,1,2,2,0
15489,9,4,9,2,1,5,1,0,2,2,1
15490,7,4,15,2,4,0,1,1,2,2,0
15491,8,4,15,2,1,5,1,0,4,2,1
15492,6,4,4,5,8,4,0,0,4,2,0
15493,7,5,11,0,4,1,1,1,3,2,0
15494,9,4,9,2,13,0,1,1,2,2,1
15495,3,4,11,4,12,4,1,1,0,2,0
15496,5,4,15,2,7,0,1,1,2,2,1
15497,5,2,15,2,8,0,1,1,2,2,1
15498,7,6,2,0,5,4,1,1,2,2,0
15499,6,6,7,4,10,1,1,1,2,2,0
15500,3,4,11,4,8,3,1,1,1,2,0
15501,4,4,7,4,4,3,1,0,1,2,0
15502,4,5,11,4,12,3,1,0,1,2,0
15503,12,4,11,0,8,4,1,0,2,2,0
15504,6,5,12,2,4,0,1,1,2,2,1
15505,6,4,10,2,10,0,1,1,2,2,1
15506,4,4,11,4,12,1,1,1,1,2,0
15507,6,4,11,4,8,1,1,0,2,2,0
15508,3,4,15,4,8,3,0,1,1,0,0
15509,5,4,7,4,12,3,1,0,2,2,0
15510,4,4,15,4,13,3,1,1,2,2,0
15511,9,4,9,0,4,1,1,0,2,2,0
15512,5,4,12,4,10,3,1,1,2,2,0
15513,10,4,10,2,10,0,1,1,3,2,0
15514,4,4,9,3,13,2,1,0,2,2,0
15515,8,4,9,2,4,0,1,1,2,2,1
15516,18,4,11,4,14,1,1,1,1,2,0
15517,5,4,9,4,13,1,1,1,1,2,1
15518,7,4,11,2,7,0,1,1,3,2,0
15519,6,2,11,2,7,0,1,1,1,2,1
15520,4,4,9,4,10,2,0,0,1,2,0
15521,8,4,11,2,12,5,1,0,2,2,1
15522,6,4,13,2,5,0,1,1,2,2,0
15523,5,4,6,2,12,5,1,0,2,2,0
15524,7,4,11,0,8,1,1,0,2,2,0
15525,4,4,11,4,8,3,1,0,2,2,0
15526,12,4,11,2,3,0,1,1,2,0,0
15527,9,7,7,0,10,4,0,0,2,2,0
15528,10,4,11,2,12,0,1,1,2,2,0
15529,7,4,15,2,12,0,1,1,2,2,1
15530,8,4,0,2,7,0,1,1,2,2,0
15531,10,4,9,2,12,0,1,1,1,2,0
15532,8,4,9,2,8,0,1,1,2,2,0
15533,7,4,4,4,7,2,0,0,1,2,0
15534,8,4,9,2,6,0,1,1,2,2,1
15535,7,4,12,0,10,1,1,0,2,2,0
15536,7,6,15,2,3,0,1,1,1,2,0
15537,9,4,15,4,8,3,1,0,2,2,0
15538,12,4,2,2,8,5,1,0,2,1,1
15539,8,4,5,2,14,0,0,1,2,2,0
15540,4,6,9,4,4,3,1,1,1,2,0
15541,11,4,8,6,12,4,1,1,2,1,0
15542,5,4,8,4,3,1,1,1,2,2,0
15543,4,4,9,4,1,1,1,0,2,2,0
15544,11,2,9,6,10,1,1,0,2,2,0
15545,5,7,15,2,1,0,0,1,1,2,0
15546,9,4,10,4,10,4,1,0,2,2,0
15547,9,5,11,2,3,0,1,1,2,2,1
15548,5,7,15,0,3,1,1,1,2,2,0
15549,6,4,9,4,10,1,1,1,2,2,0
15550,3,5,7,4,4,1,1,0,1,2,0
15551,13,4,11,6,8,4,1,0,4,2,0
15552,6,0,15,4,0,3,1,0,1,2,0
15553,5,4,6,2,8,5,1,0,2,2,0
15554,4,1,9,4,10,1,1,0,1,2,0
15555,7,4,11,0,3,4,0,1,1,2,0
15556,7,4,15,2,8,0,1,1,3,2,0
15557,4,6,9,4,4,3,0,1,1,2,0
15558,11,0,15,2,0,0,1,1,1,2,1
15559,6,0,11,2,0,0,0,1,2,2,1
15560,9,4,15,2,12,0,1,1,2,2,0
15561,9,6,15,0,3,1,1,1,1,2,0
15562,8,4,12,2,10,0,1,1,2,2,1
15563,4,4,9,4,10,4,1,0,1,2,1
15564,7,4,11,2,3,0,1,1,3,4,1
15565,12,6,0,0,5,1,1,1,2,2,0
15566,10,4,15,2,3,0,1,1,1,2,1
15567,9,4,9,0,7,3,1,1,2,2,0
15568,6,4,11,0,3,3,1,1,2,2,0
15569,9,6,9,0,4,4,0,0,2,2,0
15570,11,4,12,2,10,0,1,1,2,2,0
15571,9,4,11,2,12,0,1,1,2,2,0
15572,5,7,11,4,1,4,1,0,2,2,0
15573,8,4,11,2,4,0,1,1,1,2,0
15574,5,4,5,4,8,1,1,0,2,2,0
15575,8,4,11,4,1,1,1,0,1,2,0
15576,7,7,8,5,1,1,1,0,1,2,0
15577,8,4,12,4,10,3,1,0,2,2,0
15578,6,6,9,5,4,1,1,1,2,2,0
15579,3,6,14,4,10,4,1,0,1,2,0
15580,8,4,0,2,8,5,1,0,2,2,0
15581,5,4,15,2,7,5,1,0,2,2,1
15582,8,4,15,0,14,4,1,1,2,2,0
15583,6,4,11,4,3,1,1,1,2,2,1
15584,10,4,5,2,3,0,1,1,2,2,0
15585,5,7,9,2,3,0,1,1,1,2,0
15586,13,4,8,6,12,1,1,0,2,2,0
15587,8,4,15,4,4,1,1,0,2,2,0
15588,6,4,15,4,7,3,1,0,2,2,0
15589,6,4,7,2,13,0,1,1,2,2,0
15590,10,4,11,2,3,0,1,1,0,2,1
15591,7,1,11,2,1,2,1,0,2,2,0
15592,5,7,11,4,8,3,1,1,2,1,0
15593,11,4,11,0,4,1,1,1,2,2,0
15594,4,4,11,2,1,2,1,0,2,2,0
15595,9,4,15,2,1,5,1,0,1,2,1
15596,9,4,11,0,8,4,1,0,2,2,0
15597,8,4,15,2,4,0,1,1,2,2,1
15598,8,4,1,2,4,0,1,1,3,2,0
15599,9,4,11,2,7,0,1,1,2,2,0
15600,6,4,11,2,12,0,1,1,3,2,1
15601,13,4,8,2,3,0,1,1,2,2,1
15602,12,4,11,6,1,3,1,1,2,2,0
15603,9,4,11,4,1,1,1,0,1,2,0
15604,4,4,12,4,1,2,1,0,2,2,0
15605,5,4,1,4,7,3,1,1,2,2,0
15606,5,7,15,2,4,5,1,0,1,2,0
15607,9,4,11,6,14,1,1,1,2,2,0
15608,11,4,11,2,3,0,1,1,2,2,1
15609,8,4,15,4,12,1,1,0,1,2,0
15610,10,4,5,2,3,0,1,1,2,2,1
15611,7,4,15,0,12,4,0,0,3,2,0
15612,4,4,7,4,1,3,1,0,2,2,0
15613,11,4,11,0,6,4,1,1,2,2,0
15614,9,4,11,2,13,0,1,1,2,2,1
15615,9,4,6,2,12,0,0,1,2,2,1
15616,7,0,12,4,0,3,0,0,2,2,0
15617,8,6,11,2,3,0,1,1,2,2,0
15618,3,4,11,4,1,3,1,0,0,2,0
15619,9,4,15,2,13,0,1,1,2,2,1
15620,9,4,0,2,5,0,1,1,2,2,0
15621,9,4,15,0,12,1,1,1,4,2,0
15622,8,4,9,2,4,0,0,1,1,2,1
15623,7,4,11,0,8,1,1,1,2,2,0
15624,10,4,11,3,14,3,1,1,2,2,0
15625,8,4,11,0,12,4,0,0,2,2,0
15626,5,7,9,4,10,3,1,0,2,2,0
15627,3,4,11,4,7,1,1,0,2,2,0
15628,8,4,11,2,4,0,1,1,2,2,0
15629,9,4,9,2,10,0,1,1,2,2,1
15630,7,4,5,5,7,1,1,1,2,2,0
15631,7,4,15,0,6,1,1,1,2,2,0
15632,6,6,9,4,8,2,1,1,2,2,0
15633,11,7,15,2,8,0,1,1,2,2,1
15634,8,4,11,2,6,0,1,1,2,2,0
15635,12,4,9,2,8,0,1,1,3,2,1
15636,8,4,11,0,3,1,0,1,2,0,0
15637,4,4,15,4,4,3,1,1,2,2,0
15638,6,4,9,2,1,5,1,0,2,2,0
15639,9,4,15,0,1,4,1,0,1,2,0
15640,8,5,9,0,10,1,1,1,2,2,0
15641,10,4,1,2,3,0,1,1,2,2,1
15642,3,7,13,4,5,3,1,1,1,2,0
15643,11,4,11,4,6,4,1,0,2,2,0
15644,5,4,0,6,3,4,1,1,1,2,1
15645,6,4,12,0,10,1,1,0,2,2,0
15646,12,6,8,2,3,0,1,1,0,2,1
15647,8,6,9,0,12,1,1,1,2,2,0
15648,7,4,6,2,3,0,1,1,2,2,1
15649,5,4,11,2,3,0,1,1,2,2,1
15650,5,2,11,4,1,1,1,1,2,2,0
15651,7,4,12,0,4,4,0,0,2,2,0
15652,4,4,11,2,3,0,1,1,2,2,1
15653,13,4,9,4,1,3,0,0,2,0,0
15654,11,4,11,0,12,4,1,0,1,2,0
15655,12,4,15,0,11,1,1,1,2,2,0
15656,6,6,11,0,3,1,1,0,2,2,0
15657,6,5,9,2,10,5,1,0,2,2,0
15658,10,4,9,0,14,1,0,1,2,2,0
15659,7,4,11,2,1,0,1,1,2,2,0
15660,4,4,11,4,12,3,1,1,2,2,0
15661,10,4,1,2,7,5,0,0,2,2,1
15662,7,4,6,2,9,5,1,0,2,2,0
15663,7,6,6,2,3,0,1,1,2,2,0
15664,11,4,5,0,7,1,1,1,2,2,0
15665,10,4,15,4,4,3,1,0,2,2,0
15666,3,4,7,4,1,1,1,0,1,2,0
15667,7,7,9,4,10,3,1,1,2,2,0
15668,11,4,11,2,1,0,1,1,2,2,1
15669,8,4,7,2,12,0,1,1,2,2,1
15670,10,4,15,2,7,0,1,1,2,2,1
15671,6,4,15,2,14,0,1,1,2,2,0
15672,10,4,15,2,4,0,1,1,2,2,1
15673,9,4,11,2,6,0,1,1,2,2,1
15674,8,4,11,2,11,0,1,1,2,1,0
15675,8,4,9,2,12,0,1,1,2,2,1
15676,7,4,15,2,1,0,1,1,2,2,0
15677,13,4,9,2,8,0,1,1,2,2,1
15678,11,4,15,2,12,2,1,0,2,2,0
15679,5,4,14,4,10,1,1,0,2,2,0
15680,8,4,15,0,3,1,1,1,2,2,0
15681,6,4,1,4,8,3,1,1,2,2,0
15682,6,5,11,4,12,1,1,1,2,2,0
15683,7,4,9,4,1,1,0,0,2,2,0
15684,8,4,11,2,3,3,1,1,3,2,0
15685,10,4,11,2,3,0,1,1,3,2,1
15686,5,6,5,2,5,0,1,1,3,2,1
15687,4,6,11,4,4,3,1,0,2,2,0
15688,5,4,11,4,6,1,1,1,2,2,0
15689,10,7,15,6,1,2,1,0,3,4,0
15690,6,4,15,2,12,0,1,1,1,2,0
15691,5,4,4,2,5,0,1,1,2,2,1
15692,6,4,0,2,3,0,1,1,2,2,1
15693,8,4,9,5,12,4,1,0,2,2,0
15694,3,2,11,4,1,1,1,0,2,2,1
15695,12,1,10,2,5,0,1,1,2,2,1
15696,8,4,11,2,5,0,0,1,1,2,1
15697,5,4,11,4,12,1,1,1,2,2,0
15698,6,4,11,4,12,1,1,0,2,2,0
15699,6,4,15,4,12,3,1,1,2,2,0
15700,8,4,9,2,12,0,1,1,2,2,0
15701,3,2,9,4,10,1,1,0,0,2,0
15702,6,4,8,2,4,0,1,1,2,2,1
15703,4,4,11,4,7,1,1,0,1,2,0
15704,8,4,11,0,3,1,1,1,2,2,0
15705,3,2,9,4,10,1,1,1,1,2,0
15706,9,4,9,4,4,3,1,0,2,2,0
15707,8,6,11,4,3,1,1,1,3,2,0
15708,10,4,11,2,14,0,1,1,1,2,1
15709,3,2,12,4,4,3,1,1,1,2,0
15710,3,4,12,4,10,3,1,0,1,2,0
15711,9,4,8,2,11,0,1,1,2,2,0
15712,4,4,15,2,12,0,1,1,2,2,1
15713,14,4,8,2,3,0,1,1,2,2,0
15714,7,4,15,0,8,1,1,1,2,1,0
15715,5,4,7,4,12,3,1,1,2,2,0
15716,7,4,15,2,8,0,1,1,0,2,0
15717,8,4,9,0,10,1,1,1,2,2,0
15718,11,4,15,0,8,1,1,0,2,2,0
15719,11,4,15,2,7,0,1,1,2,2,1
15720,6,6,9,4,12,3,1,1,2,2,0
15721,14,4,11,2,3,0,1,1,1,2,0
15722,4,4,7,0,12,1,1,1,1,2,1
15723,6,4,11,2,8,0,0,1,2,2,0
15724,5,4,15,4,12,1,1,1,2,2,0
15725,4,4,15,4,1,1,0,0,2,2,1
15726,6,4,0,2,8,5,1,0,2,2,1
15727,8,6,9,0,10,1,1,0,2,2,0
15728,5,5,0,4,3,4,1,1,2,1,0
15729,8,4,11,3,1,2,1,0,3,2,0
15730,5,4,1,4,8,3,1,1,2,2,0
15731,11,4,11,4,4,1,0,0,2,0,0
15732,11,4,15,2,3,0,1,1,1,2,1
15733,7,4,15,0,6,4,1,0,2,2,1
15734,9,4,8,5,13,4,1,1,2,2,0
15735,8,4,8,4,10,3,0,0,2,2,0
15736,11,4,9,4,12,1,1,0,2,2,0
15737,4,4,14,4,1,3,1,0,3,2,0
15738,4,4,2,4,8,3,1,0,1,2,0
15739,7,4,9,0,1,4,0,0,2,2,0
15740,11,4,11,2,7,0,1,1,2,2,0
15741,6,4,11,2,3,0,1,1,2,2,0
15742,10,4,7,4,12,3,1,0,1,2,0
15743,4,4,8,4,4,3,1,1,2,2,0
15744,13,7,15,2,10,0,1,1,0,2,0
15745,10,4,0,0,8,1,1,1,3,2,0
15746,6,4,15,4,8,1,1,0,2,2,0
15747,3,4,11,4,14,1,1,1,2,2,0
15748,3,0,11,4,0,1,1,0,0,2,0
15749,13,4,9,2,14,0,1,1,2,2,0
15750,8,4,9,0,4,1,0,1,2,2,0
15751,6,4,6,0,12,4,0,0,3,2,0
15752,5,6,15,2,12,0,1,1,3,2,0
15753,5,4,2,0,12,1,1,1,2,2,0
15754,8,4,11,2,14,0,1,1,1,2,0
15755,9,4,15,2,12,0,1,1,2,2,0
15756,4,4,11,4,3,1,1,1,0,2,1
15757,9,4,11,4,3,1,1,1,3,2,0
15758,7,1,9,2,1,0,1,1,2,2,1
15759,4,4,9,4,4,1,1,1,2,2,0
15760,11,4,15,2,5,0,1,1,1,2,1
15761,8,4,15,0,1,1,0,0,2,2,0
15762,7,4,11,2,8,0,1,1,2,2,1
15763,6,2,15,2,8,0,1,1,1,2,0
15764,4,6,9,4,10,4,1,0,1,2,0
15765,10,2,8,2,1,0,1,1,2,2,1
15766,9,4,15,0,8,4,1,1,2,2,0
15767,5,4,8,2,3,0,1,1,2,2,0
15768,5,4,1,2,8,0,1,1,2,2,0
15769,7,4,15,2,13,0,1,1,2,2,0
15770,4,1,9,4,4,4,1,0,1,2,0
15771,10,4,9,2,12,0,1,1,3,2,0
15772,7,6,2,4,3,3,1,1,2,2,0
15773,8,4,15,2,4,0,1,1,2,2,0
15774,3,4,11,4,1,3,1,0,1,2,0
15775,8,4,11,2,8,0,1,1,2,2,1
15776,6,4,1,4,7,1,1,1,3,2,1
15777,6,4,9,2,12,5,1,0,2,2,1
15778,7,2,9,0,10,1,1,1,2,2,0
15779,4,4,15,4,13,1,1,1,2,2,0
15780,8,4,0,2,8,0,1,1,2,2,0
15781,9,4,15,2,3,0,0,1,2,2,1
15782,4,4,15,4,3,3,1,1,1,2,0
15783,5,4,15,4,11,1,0,1,2,2,0
15784,6,1,11,4,3,1,1,1,2,2,0
15785,7,4,11,0,8,4,1,0,2,2,0
15786,6,7,15,5,10,4,1,0,2,4,0
15787,10,4,15,2,3,0,1,1,2,2,0
15788,7,4,11,0,1,4,1,0,2,2,0
15789,6,4,15,2,10,5,1,0,1,2,1
15790,5,4,1,4,8,3,1,0,2,2,0
15791,5,4,1,4,12,2,1,1,2,2,0
15792,10,0,9,4,0,1,1,1,2,2,1
15793,8,4,11,0,12,1,1,1,2,2,0
15794,7,4,1,2,12,0,1,1,2,2,0
15795,7,4,15,2,10,5,1,0,2,2,0
15796,11,4,8,2,12,0,1,1,2,2,0
15797,12,4,1,2,7,0,1,1,1,2,1
15798,8,4,1,4,12,3,1,1,1,2,0
15799,7,4,15,2,3,0,1,1,2,2,0
15800,7,4,1,5,8,4,1,1,2,2,0
15801,9,0,11,2,0,0,1,1,2,2,0
15802,4,0,11,4,0,2,0,0,2,2,0
15803,4,4,9,4,4,4,0,1,1,2,0
15804,6,4,9,2,4,3,1,0,3,1,0
15805,7,6,9,4,10,3,1,0,2,2,0
15806,9,6,9,2,4,0,1,1,2,2,0
15807,3,2,9,4,10,1,1,0,2,2,0
15808,10,4,8,4,14,3,0,1,2,2,0
15809,11,4,11,0,1,1,0,0,2,2,0
15810,8,0,15,6,0,4,0,1,2,2,0
15811,3,4,9,4,1,1,1,0,1,2,0
15812,7,4,11,2,14,0,1,1,2,2,1
15813,16,4,7,2,6,0,1,1,1,2,0
15814,8,6,15,2,3,0,1,1,2,2,0
15815,7,4,15,2,1,0,1,1,2,2,0
15816,5,7,12,2,10,0,1,1,2,2,0
15817,8,4,9,2,4,0,1,1,2,2,0
15818,10,4,11,2,8,0,1,1,2,2,1
15819,4,4,8,4,4,3,1,1,2,2,0
15820,6,7,7,2,10,0,0,1,3,2,0
15821,6,4,9,6,12,4,1,0,2,2,0
15822,5,4,11,0,4,1,1,1,2,2,0
15823,3,4,15,4,1,3,0,0,0,2,0
15824,4,4,15,4,3,3,1,1,1,2,0
15825,5,4,0,4,6,1,1,1,2,2,0
15826,4,4,9,4,10,3,1,1,2,2,0
15827,8,4,11,0,3,1,0,1,2,2,0
15828,7,4,15,2,4,0,1,1,3,2,0
15829,5,6,0,0,3,1,1,1,2,2,0
15830,6,1,11,4,3,1,1,0,1,2,0
15831,4,4,6,4,6,1,1,1,2,2,0
15832,7,4,5,4,7,1,1,1,2,2,0
15833,10,2,11,2,3,0,1,1,2,2,0
15834,6,4,15,2,14,0,1,1,2,2,1
15835,6,7,11,2,4,0,1,1,2,2,1
15836,5,4,15,4,1,1,1,0,2,2,0
15837,4,4,11,0,3,1,1,1,1,2,0
15838,7,0,8,4,0,3,0,0,2,0,0
15839,3,4,15,4,1,1,1,0,1,2,0
15840,3,4,14,4,10,1,1,1,1,2,0
15841,11,4,15,4,12,3,1,0,2,2,0
15842,5,6,8,4,3,3,1,1,1,2,0
15843,8,4,11,0,8,4,0,0,2,2,0
15844,4,4,15,4,4,3,1,1,2,2,0
15845,9,4,12,2,10,0,1,1,2,2,1
15846,13,4,13,0,7,1,1,0,2,2,0
15847,10,4,13,2,1,0,1,1,2,2,1
15848,8,4,5,0,14,1,1,1,3,2,0
15849,3,4,9,4,1,3,0,0,2,2,0
15850,6,4,11,4,6,1,0,1,2,2,0
15851,5,4,7,0,4,4,1,1,3,2,1
15852,6,4,11,0,1,4,1,0,2,2,0
15853,4,4,11,4,7,3,1,1,2,2,0
15854,4,4,5,4,7,3,1,1,2,2,0
15855,4,4,15,4,4,2,1,0,2,2,0
15856,11,4,11,2,3,0,1,1,0,2,0
15857,10,4,11,0,4,4,1,0,2,0,0
15858,12,0,9,5,0,4,1,0,1,2,0
15859,8,7,8,0,7,4,1,0,2,2,0
15860,10,4,15,0,1,1,1,0,2,2,0
15861,8,1,9,0,4,1,1,0,2,2,0
15862,10,4,11,2,3,0,1,1,2,2,0
15863,4,4,15,2,3,0,1,1,1,2,1
15864,6,2,9,0,4,1,1,1,2,2,0
15865,6,4,15,2,7,0,1,1,2,2,0
15866,9,4,0,0,1,1,1,0,2,2,0
15867,9,4,12,2,12,5,1,0,3,2,1
15868,4,6,8,4,3,1,0,1,1,2,0
15869,8,4,15,0,12,1,0,1,2,2,0
15870,8,4,0,2,14,0,1,1,2,2,0
15871,10,4,5,2,3,0,1,1,2,2,1
15872,8,4,11,2,12,0,1,1,2,2,0
15873,3,4,11,4,14,3,1,1,0,2,0
15874,4,4,7,4,12,1,1,0,1,2,0
15875,9,4,15,5,1,4,1,0,0,2,0
15876,4,4,15,4,12,1,1,0,2,2,0
15877,12,4,9,6,12,1,1,1,2,2,0
15878,4,2,11,4,8,3,1,1,1,2,0
15879,10,4,9,0,4,1,1,0,3,2,0
15880,5,4,11,4,1,3,1,0,2,2,0
15881,9,4,9,2,4,0,1,1,2,2,1
15882,12,4,11,0,14,1,0,1,2,2,0
15883,5,1,15,4,1,3,0,1,2,0,0
15884,5,4,11,4,14,3,1,1,2,2,0
15885,5,4,15,5,1,4,1,0,0,2,0
15886,14,2,15,2,8,0,1,1,2,2,1
15887,5,4,5,4,7,3,1,0,1,2,0
15888,4,0,11,4,0,4,0,0,1,2,0
15889,9,2,12,2,10,5,1,0,2,2,0
15890,5,6,12,2,13,0,1,1,2,2,1
15891,7,4,3,2,8,5,1,0,2,2,1
15892,11,2,10,0,10,4,0,1,2,0,0
15893,10,4,15,2,14,0,1,1,2,2,0
15894,8,4,15,2,7,0,1,1,1,2,1
15895,6,4,1,2,10,0,0,1,2,2,1
15896,7,4,15,2,13,0,1,1,1,2,1
15897,8,4,15,2,5,0,1,1,2,2,1
15898,9,4,1,2,3,0,1,1,1,2,1
15899,10,2,11,2,8,0,1,1,3,2,1
15900,6,2,9,2,10,0,1,1,2,2,1
15901,10,4,15,5,4,4,1,1,2,2,0
15902,5,2,9,4,10,3,1,0,0,4,0
15903,7,4,15,4,1,3,1,0,2,2,0
15904,10,4,9,2,4,0,1,1,2,2,1
15905,4,4,14,4,10,3,1,0,1,2,0
15906,4,4,0,4,1,1,1,0,1,2,0
15907,6,4,15,4,14,3,0,1,2,2,0
15908,9,6,15,2,3,0,1,1,2,2,0
15909,9,4,11,0,3,1,1,1,2,2,0
15910,8,5,8,5,4,1,1,1,2,2,1
15911,6,4,9,5,10,2,0,0,3,2,0
15912,9,5,9,6,10,1,0,1,2,2,0
15913,8,6,11,2,5,0,1,1,2,2,1
15914,6,4,11,0,3,1,0,1,2,2,0
15915,7,4,3,4,9,1,1,0,2,2,0
15916,5,4,11,4,8,4,1,0,2,2,0
15917,3,4,15,4,1,3,1,0,1,2,0
15918,9,4,15,2,3,0,1,1,2,2,0
15919,3,4,9,4,1,3,1,0,1,2,0
15920,3,4,15,4,3,4,0,1,1,2,0
15921,4,0,10,2,0,5,0,0,1,2,0
15922,11,7,15,2,13,0,1,1,2,2,1
15923,9,7,12,6,10,4,0,0,2,2,0
15924,5,4,11,4,4,2,0,1,2,2,0
15925,10,6,9,4,4,3,0,0,2,2,0
15926,12,4,15,2,10,0,0,1,1,2,1
15927,5,4,11,6,5,2,1,1,2,2,0
15928,11,4,15,2,3,0,1,1,2,2,0
15929,6,2,15,4,10,1,1,0,2,2,0
15930,8,2,11,2,14,0,0,1,2,2,0
15931,6,4,15,4,1,1,1,0,2,2,0
15932,8,5,9,0,10,3,1,1,2,2,0
15933,7,4,11,4,4,4,1,0,2,2,0
15934,11,4,7,2,10,0,1,1,2,2,1
15935,4,0,11,4,0,1,0,1,2,0,0
15936,5,0,9,3,0,2,0,1,2,2,0
15937,9,4,11,2,14,0,1,1,2,2,0
15938,8,8,1,2,0,0,1,1,2,2,1
15939,3,4,0,4,12,3,1,1,0,2,0
15940,3,4,11,4,7,3,1,1,0,2,0
15941,3,4,9,4,11,3,1,1,1,2,0
15942,9,4,11,2,5,0,0,1,2,2,0
15943,7,4,8,4,13,1,1,0,1,2,0
15944,11,4,9,2,10,0,1,1,1,2,0
15945,6,4,11,4,7,1,0,1,3,2,0
15946,8,4,15,0,1,3,1,0,2,2,0
15947,5,4,11,0,1,1,1,0,1,2,0
15948,6,7,11,4,8,1,0,1,2,2,0
15949,9,5,15,2,10,0,1,1,2,2,1
15950,9,4,11,0,7,4,1,1,2,2,0
15951,5,4,6,2,7,0,1,1,2,2,1
15952,11,4,15,0,1,4,1,0,2,2,0
15953,10,4,15,2,12,0,1,1,2,2,1
15954,6,4,11,2,3,0,1,1,1,1,0
15955,3,4,11,4,12,3,1,1,1,2,0
15956,7,4,11,2,8,0,1,1,0,2,1
15957,7,4,11,0,1,4,0,0,2,2,0
15958,10,4,15,4,6,1,1,1,2,2,1
15959,5,4,11,4,8,3,1,0,2,2,1
15960,7,4,11,3,12,1,1,1,2,2,0
15961,5,4,11,4,12,3,1,1,3,2,0
15962,8,4,15,2,3,0,1,1,3,2,0
15963,8,4,9,4,10,1,1,1,4,1,0
15964,4,4,15,4,1,3,1,0,1,2,0
15965,4,4,8,4,10,1,0,1,1,2,0
15966,5,4,15,4,3,3,1,1,3,2,0
15967,8,0,15,0,0,4,0,0,2,2,0
15968,8,7,11,0,8,1,1,0,2,2,0
15969,5,0,15,2,0,0,1,1,2,2,1
15970,8,2,12,2,1,0,1,1,2,2,0
15971,10,4,11,2,14,0,1,1,2,2,1
15972,9,6,9,2,10,0,1,1,2,2,0
15973,4,4,5,4,14,1,0,1,2,2,0
15974,5,5,9,4,4,3,1,1,2,2,0
15975,7,6,3,4,5,4,1,1,2,2,0
15976,4,4,9,4,4,3,1,0,2,2,0
15977,5,4,11,4,8,3,1,1,0,2,0
15978,7,7,11,0,1,4,1,0,2,2,0
15979,5,4,9,4,1,3,1,0,2,2,0
15980,6,4,11,2,7,0,1,1,2,2,0
15981,12,4,11,2,1,0,1,1,2,2,1
15982,9,4,11,5,12,1,1,1,3,2,0
15983,7,4,15,2,8,5,1,0,2,2,0
15984,8,4,11,2,7,0,1,1,2,2,0
15985,4,2,12,4,10,3,1,1,1,2,0
15986,7,6,1,4,12,3,1,1,2,2,0
15987,8,2,9,2,10,0,1,1,2,2,0
15988,7,4,15,2,5,0,1,1,2,2,0
15989,4,4,7,4,1,4,0,0,1,2,0
15990,6,4,15,0,13,1,1,0,2,2,0
15991,7,4,11,0,14,1,1,1,3,2,1
15992,7,6,11,2,3,3,1,1,2,2,0
15993,3,4,6,4,12,3,0,0,0,2,0
15994,5,4,15,4,1,1,1,0,1,2,0
15995,7,4,11,2,10,0,1,1,3,2,1
15996,4,4,15,4,10,1,1,0,2,2,0
15997,9,4,11,2,12,0,1,1,1,2,1
15998,6,5,15,2,3,0,1,1,3,2,0
15999,7,0,11,0,0,3,0,1,2,2,0
16000,7,4,0,2,14,0,1,1,2,2,0
16001,4,4,9,4,1,1,1,1,1,2,1
16002,8,6,11,4,3,2,0,1,2,2,0
16003,10,4,11,4,14,1,1,1,2,2,0
16004,9,4,10,5,10,4,1,0,1,2,0
16005,12,7,10,2,10,0,0,1,0,2,0
16006,6,4,15,2,12,0,0,1,2,0,1
16007,3,4,0,4,7,3,1,1,1,2,0
16008,14,4,11,6,8,1,1,0,2,2,0
16009,5,4,15,4,1,3,1,0,2,2,0
16010,5,6,8,2,10,5,1,0,3,2,0
16011,6,4,11,4,1,3,1,0,2,1,0
16012,8,1,15,0,1,1,1,0,3,2,0
16013,10,0,11,2,0,0,1,1,1,2,0
16014,5,4,15,0,12,4,1,0,2,2,0
16015,12,4,15,2,7,0,1,1,0,2,0
16016,8,4,11,2,8,2,0,0,2,2,0
16017,3,6,15,4,4,3,1,1,0,2,0
16018,9,4,9,2,12,0,1,1,3,2,0
16019,5,4,5,2,7,0,1,1,2,2,1
16020,9,4,1,2,14,0,0,1,2,2,0
16021,5,5,11,0,7,1,1,1,2,2,0
16022,6,4,9,0,4,1,1,1,2,2,0
16023,6,6,9,2,4,0,1,1,3,2,0
16024,9,0,11,2,0,0,1,1,2,2,1
16025,6,4,15,2,3,0,0,1,2,0,1
16026,7,4,9,0,1,4,1,0,2,2,0
16027,6,4,11,2,3,0,1,1,2,2,1
16028,11,1,7,2,3,0,0,1,2,2,1
16029,6,6,15,2,12,5,1,0,2,2,1
16030,4,4,0,4,8,3,1,1,1,4,0
16031,7,4,12,2,4,0,1,1,3,2,0
16032,5,4,15,2,1,5,1,0,2,2,1
16033,6,4,11,2,1,0,1,1,2,2,0
16034,8,4,11,2,11,0,1,1,2,1,1
16035,3,4,15,4,4,1,1,1,1,2,0
16036,8,2,1,2,10,0,1,1,2,2,1
16037,12,4,8,2,4,0,1,1,2,2,0
16038,11,6,8,2,4,0,1,1,2,2,1
16039,4,6,9,4,12,1,0,1,1,2,1
16040,7,4,6,4,8,2,1,1,2,2,0
16041,8,6,12,2,10,0,1,1,2,2,1
16042,5,4,0,4,5,1,1,1,2,2,0
16043,6,4,9,2,1,2,1,1,1,2,0
16044,6,7,8,2,8,5,1,0,2,2,0
16045,3,4,5,4,3,1,1,1,1,2,1
16046,3,4,15,4,12,3,0,1,2,2,0
16047,8,1,11,2,10,0,1,1,2,2,1
16048,9,4,11,0,1,1,1,0,2,2,0
16049,13,4,11,6,1,4,0,0,2,2,0
16050,9,4,2,2,12,0,1,1,2,2,0
16051,12,4,1,0,5,1,1,1,1,2,0
16052,6,4,11,4,3,3,1,1,2,2,0
16053,10,4,11,2,7,3,1,0,2,2,0
16054,11,4,11,6,8,4,1,0,2,2,0
16055,6,6,8,2,4,0,1,1,2,2,0
16056,10,0,15,2,0,0,1,1,2,2,0
16057,9,4,11,2,3,0,1,1,3,2,1
16058,7,4,14,2,12,0,1,1,2,2,0
16059,4,7,15,4,1,3,1,0,1,2,0
16060,8,4,9,2,10,5,1,0,2,2,1
16061,4,6,12,4,10,3,1,0,1,2,0
16062,6,4,15,0,8,1,1,0,2,2,0
16063,9,7,15,2,1,0,1,1,2,2,1
16064,8,4,15,2,12,0,0,1,1,2,1
16065,7,4,11,2,1,5,1,0,2,2,1
16066,5,6,14,0,10,4,1,0,2,2,0
16067,6,4,5,4,8,1,1,0,2,2,0
16068,6,4,8,2,3,0,1,1,2,2,1
16069,9,4,6,2,7,0,1,1,2,2,1
16070,9,4,11,2,8,0,1,1,2,2,1
16071,6,4,10,2,10,0,1,1,2,2,1
16072,8,4,9,2,13,5,1,0,2,2,1
16073,7,4,11,2,6,0,1,1,2,2,1
16074,8,1,12,2,4,0,1,1,3,2,0
16075,6,4,11,5,13,4,1,0,2,2,0
16076,6,4,7,4,3,1,1,1,1,2,0
16077,11,4,11,2,3,0,1,1,2,2,0
16078,12,4,9,2,3,0,1,1,0,2,0
16079,7,4,9,2,10,0,1,1,2,2,0
16080,11,4,11,2,1,0,1,1,1,2,1
16081,5,4,11,4,6,1,1,1,1,2,0
16082,8,4,11,2,3,0,1,1,2,2,1
16083,7,4,11,0,8,1,1,0,1,4,0
16084,10,4,11,2,3,0,1,1,2,2,0
16085,5,1,15,2,11,0,1,1,2,2,1
16086,7,6,12,2,10,0,1,1,2,2,0
16087,13,4,1,2,12,0,1,1,0,2,1
16088,5,4,11,4,7,1,1,0,2,2,1
16089,9,4,11,0,10,1,1,1,2,2,0
16090,8,4,7,2,4,0,1,1,2,2,1
16091,6,4,9,2,12,5,1,0,2,2,1
16092,9,4,15,0,4,1,1,0,2,2,0
16093,7,4,12,2,13,0,1,1,2,2,1
16094,13,4,15,2,1,0,1,1,1,2,0
16095,3,4,11,4,8,4,0,1,1,2,0
16096,9,4,3,2,14,0,1,1,2,2,0
16097,14,4,11,2,7,0,1,1,0,2,1
16098,8,4,11,5,12,1,1,0,3,2,0
16099,14,4,11,0,8,3,1,0,1,2,0
16100,7,4,11,2,6,0,1,1,2,2,0
16101,4,0,11,4,0,2,1,1,0,2,1
16102,5,2,11,2,10,0,1,1,2,2,1
16103,7,6,8,4,5,3,1,1,2,2,0
16104,6,4,15,4,8,3,1,0,4,2,0
16105,9,4,9,2,11,0,1,1,2,2,0
16106,6,6,11,0,4,1,1,0,1,2,0
16107,7,4,9,2,5,0,0,1,2,2,1
16108,5,4,8,2,1,0,1,1,2,2,0
16109,6,4,15,2,13,0,1,1,2,2,0
16110,13,6,14,6,10,1,1,1,0,2,0
16111,10,4,1,2,8,0,1,1,2,2,0
16112,9,4,0,2,3,0,1,1,2,2,0
16113,3,4,11,4,3,3,1,1,1,2,0
16114,6,4,15,2,14,0,1,1,3,2,0
16115,9,4,11,2,3,0,1,1,2,2,0
16116,6,0,8,2,0,0,1,1,2,2,0
16117,13,4,15,2,1,5,1,0,2,2,0
16118,4,1,7,4,13,3,1,0,1,2,0
16119,4,4,11,4,5,3,1,1,1,2,1
16120,6,2,9,2,10,0,1,1,2,2,0
16121,7,2,5,2,7,0,1,1,3,2,1
16122,4,6,9,4,12,3,1,1,2,2,0
16123,4,2,11,4,8,1,1,0,1,2,0
16124,7,4,8,2,4,0,1,1,2,2,0
16125,9,4,11,0,1,1,1,0,2,2,0
16126,3,4,15,4,1,3,1,0,2,2,0
16127,12,4,11,4,3,1,1,1,1,2,0
16128,8,4,1,4,5,4,1,1,2,2,0
16129,7,4,15,2,3,0,1,1,4,2,1
16130,7,4,7,0,1,4,1,0,2,2,0
16131,8,4,15,2,11,0,1,1,3,2,1
16132,10,4,11,2,8,0,1,1,1,2,0
16133,4,4,11,4,11,3,0,1,2,0,0
16134,5,4,9,2,4,0,1,1,2,2,0
16135,9,2,9,0,10,4,1,0,2,2,0
16136,4,2,9,4,11,1,1,0,3,2,0
16137,7,4,7,2,1,5,1,0,1,2,0
16138,12,6,15,2,3,0,1,1,2,2,1
16139,11,4,11,6,8,1,1,0,0,2,1
16140,8,4,9,2,1,0,1,1,3,2,0
16141,8,4,1,4,6,1,1,1,2,2,0
16142,4,1,9,4,1,3,1,1,1,2,0
16143,14,4,11,2,6,0,1,1,2,2,0
16144,5,4,9,2,10,0,1,1,3,2,0
16145,7,4,5,0,7,4,0,0,2,4,0
16146,4,4,15,4,11,3,1,1,1,2,0
16147,6,6,11,2,3,0,1,1,1,2,1
16148,5,4,11,0,14,2,1,0,2,2,1
16149,10,4,11,2,1,5,1,0,2,2,1
16150,3,4,9,4,12,3,1,1,0,2,0
16151,8,4,14,2,10,5,1,0,2,2,0
16152,4,6,11,4,14,3,1,1,1,2,0
16153,7,4,11,0,3,1,1,1,2,2,0
16154,15,4,9,2,12,0,1,1,0,2,0
16155,6,4,15,0,10,4,1,0,2,2,0
16156,12,4,9,2,13,5,1,0,2,2,0
16157,11,4,1,2,6,0,1,1,2,2,0
16158,18,7,11,0,8,4,1,0,2,2,0
16159,7,4,11,2,3,0,1,1,2,4,0
16160,11,4,11,3,6,3,1,1,2,2,0
16161,11,4,5,2,6,0,1,1,1,2,0
16162,5,4,9,4,4,3,1,1,1,2,0
16163,7,6,11,2,13,0,1,1,3,2,1
16164,11,4,9,0,1,4,0,0,2,2,0
16165,7,4,11,2,3,0,1,1,2,2,1
16166,7,6,14,4,10,1,1,1,2,2,0
16167,5,4,9,0,4,1,0,1,2,2,0
16168,6,7,5,2,11,0,1,1,2,2,0
16169,11,6,11,4,12,1,1,0,2,2,1
16170,7,4,9,2,13,0,1,1,3,2,0
16171,8,4,11,2,5,0,1,1,2,2,0
16172,9,2,9,2,11,0,1,1,2,2,0
16173,5,4,9,0,1,1,1,0,2,2,0
16174,4,4,11,4,12,1,1,1,2,2,0
16175,11,4,8,5,7,4,0,0,1,2,0
16176,5,4,9,2,4,0,1,1,2,1,0
16177,8,6,11,0,5,4,0,0,1,2,1
16178,8,0,4,0,0,4,1,1,2,2,0
16179,14,4,9,2,12,0,1,1,0,2,0
16180,10,4,11,6,12,1,1,1,2,2,0
16181,7,0,4,2,0,5,1,0,2,1,0
16182,5,4,11,2,12,0,1,1,0,4,1
16183,8,4,11,2,14,0,1,1,2,2,1
16184,7,2,14,4,10,3,0,1,2,0,0
16185,5,4,1,2,14,0,1,1,2,2,0
16186,11,4,8,2,5,0,1,1,2,2,0
16187,5,6,12,4,10,2,1,0,3,2,1
16188,4,2,15,4,10,1,0,0,1,2,0
16189,5,4,6,2,14,0,1,1,2,0,1
16190,11,6,14,2,4,0,1,1,2,2,1
16191,8,4,11,0,1,1,1,1,2,2,0
16192,7,4,11,2,6,0,1,1,1,2,1
16193,5,4,15,4,7,1,1,1,1,2,0
16194,4,4,11,4,8,1,1,1,2,2,0
16195,9,6,12,4,4,1,1,1,2,2,0
16196,6,4,15,4,12,3,1,0,2,2,0
16197,5,4,9,2,12,0,1,1,2,4,0
16198,7,0,11,5,0,1,1,0,2,2,0
16199,13,4,5,6,9,1,1,0,0,2,0
16200,7,4,11,2,12,0,1,1,2,2,1
16201,5,4,15,0,13,4,1,0,2,2,0
16202,11,4,6,2,3,0,1,1,2,2,0
16203,11,1,15,2,11,0,1,1,2,1,0
16204,12,4,11,4,3,1,1,1,2,2,0
16205,12,0,1,6,0,1,1,1,2,2,0
16206,9,4,15,2,12,5,1,0,2,2,1
16207,8,4,8,2,4,0,1,1,1,2,0
16208,9,4,11,0,1,4,1,1,2,2,0
16209,12,7,11,2,4,0,1,1,2,2,0
16210,7,4,8,3,4,3,1,0,1,2,0
16211,5,4,15,2,3,0,1,1,2,2,1
16212,8,2,6,3,1,3,1,0,2,2,0
16213,4,4,0,4,7,1,1,0,1,2,0
16214,6,2,11,5,8,4,1,0,0,2,0
16215,6,0,4,4,0,1,1,0,2,2,0
16216,8,2,12,2,10,0,1,1,2,2,0
16217,5,4,15,2,1,0,1,1,2,2,1
16218,9,4,11,2,1,0,1,1,2,2,0
16219,7,4,9,2,10,0,1,1,2,2,1
16220,4,6,11,4,3,1,0,0,1,2,1
16221,10,4,9,2,1,5,1,0,2,2,0
16222,7,4,14,0,10,4,1,0,2,2,0
16223,4,5,0,4,5,1,1,1,1,2,0
16224,3,4,11,4,8,3,1,1,1,2,0
16225,9,1,11,0,4,2,0,1,2,0,0
16226,8,4,11,4,7,3,0,1,4,2,0
16227,4,6,15,2,5,0,1,1,1,2,0
16228,12,4,9,4,1,3,1,1,2,2,0
16229,3,4,15,4,14,3,1,1,1,2,0
16230,7,4,1,4,12,1,1,1,1,2,0
16231,5,4,11,4,5,1,1,1,2,2,0
16232,8,4,11,0,1,1,0,0,2,2,0
16233,4,4,0,4,8,1,1,1,0,2,1
16234,12,4,11,6,7,1,1,1,2,2,0
16235,6,2,11,4,8,1,1,0,1,2,0
16236,7,4,15,2,3,0,1,1,2,2,0
16237,8,7,6,2,8,0,1,1,2,2,1
16238,11,4,11,2,7,0,1,1,2,2,0
16239,14,4,4,2,3,0,1,1,1,2,0
16240,7,4,9,2,10,0,0,1,2,2,0
16241,12,0,1,2,0,0,1,1,2,2,1
16242,8,4,12,2,10,0,1,1,2,2,0
16243,4,6,11,4,4,3,1,0,1,2,0
16244,12,2,0,0,8,1,1,0,2,2,0
16245,13,6,15,2,10,0,1,1,0,2,0
16246,5,4,15,3,12,3,1,0,2,2,0
16247,5,0,4,4,0,3,1,0,2,2,0
16248,5,4,11,2,14,0,1,1,2,2,1
16249,10,6,7,2,14,0,1,1,1,2,1
16250,7,4,11,0,8,2,1,0,3,2,0
16251,4,4,11,4,7,4,1,0,2,2,0
16252,5,0,9,4,0,1,1,0,2,2,0
16253,7,0,11,2,0,0,1,1,0,2,0
16254,13,7,11,6,1,1,1,0,1,4,0
16255,5,4,11,2,1,0,1,1,2,2,1
16256,3,2,15,4,4,1,1,1,0,2,0
16257,6,4,15,4,12,4,0,0,2,2,0
16258,6,4,15,0,8,4,0,0,2,2,0
16259,6,4,15,2,4,0,1,1,1,2,0
16260,5,4,15,4,7,1,1,1,2,2,0
16261,4,6,15,2,4,0,1,1,2,2,1
16262,6,4,9,0,4,4,0,0,2,2,0
16263,3,4,11,4,9,1,1,0,0,2,0
16264,8,0,11,6,0,1,1,1,2,2,0
16265,4,2,11,4,1,1,0,0,1,2,0
16266,8,4,11,0,3,1,1,1,0,2,0
16267,5,4,11,4,1,3,1,0,2,2,0
16268,5,4,9,4,1,1,1,0,2,2,0
16269,4,4,1,4,3,4,0,0,1,2,0
16270,4,0,11,4,0,1,1,0,2,2,0
16271,11,4,11,4,7,1,1,0,2,2,1
16272,11,2,15,0,10,4,1,0,2,2,0
16273,10,4,15,2,4,0,0,1,2,2,0
16274,3,7,9,4,10,3,1,1,1,2,0
16275,5,4,14,6,4,1,1,0,3,2,0
16276,6,4,8,0,13,1,0,0,2,2,0
16277,7,4,11,4,3,1,1,1,2,2,0
16278,3,4,11,4,14,1,0,1,1,2,1
16279,8,1,15,2,4,0,1,1,2,2,1
16280,12,5,15,2,3,0,0,1,1,0,1
16281,4,4,12,4,10,1,0,1,2,2,0
16282,7,4,15,0,12,4,1,0,2,2,1
16283,10,4,11,2,3,0,1,1,2,2,1
16284,6,4,15,2,12,0,1,1,2,2,0
16285,9,4,11,2,8,0,0,1,3,2,1
16286,4,4,14,4,10,3,1,1,2,2,0
16287,11,2,12,2,10,0,1,1,2,2,0
16288,3,6,12,4,10,1,1,0,0,2,1
16289,9,2,0,2,1,5,1,0,2,2,1
16290,4,4,11,2,12,5,1,0,2,2,1
16291,7,4,12,4,10,3,0,0,2,2,0
16292,9,4,8,2,7,0,1,1,4,2,1
16293,12,4,5,2,9,5,0,0,1,2,0
16294,3,4,11,4,1,1,1,0,1,2,1
16295,12,4,9,2,4,0,1,1,1,2,1
16296,3,2,12,4,10,3,1,0,0,2,0
16297,5,0,6,2,0,0,1,1,2,2,0
16298,6,7,15,2,8,5,1,0,3,2,0
16299,5,4,15,0,10,1,0,0,2,2,0
16300,7,5,5,2,12,5,1,0,2,2,0
16301,5,4,11,4,3,3,1,1,2,1,0
16302,7,2,11,4,1,4,1,0,2,2,0
16303,10,6,11,2,3,0,1,1,2,2,1
16304,9,4,15,2,12,3,1,0,2,2,1
16305,6,4,11,4,14,1,0,1,2,4,1
16306,9,0,3,4,0,1,0,1,1,2,0
16307,5,4,11,2,11,0,1,1,2,2,1
16308,7,4,1,4,6,3,1,1,2,2,0
16309,12,4,11,0,1,1,1,0,2,2,0
16310,5,4,9,4,4,2,1,1,1,2,0
16311,5,4,8,2,13,5,0,0,3,2,0
16312,5,6,11,4,4,4,1,1,3,2,0
16313,10,4,15,0,4,1,1,1,2,2,0
16314,6,4,12,4,10,3,1,0,2,2,0
16315,9,7,15,2,8,0,1,1,2,2,1
16316,6,4,11,0,1,1,0,0,0,0,0
16317,13,0,12,6,0,4,1,0,4,2,0
16318,3,4,8,4,12,3,1,1,0,2,0
16319,4,1,12,4,4,3,1,0,1,2,0
16320,4,4,15,4,1,4,0,0,1,2,0
16321,4,2,12,2,10,0,1,1,1,2,1
16322,7,4,11,5,1,1,1,0,2,2,0
16323,14,4,9,0,4,1,1,1,2,2,0
16324,10,2,15,4,8,1,1,0,2,2,0
16325,7,4,9,2,4,0,1,1,2,2,1
16326,10,4,15,2,10,0,1,1,2,2,0
16327,7,4,7,0,12,4,1,0,3,2,0
16328,9,7,8,0,4,1,1,1,1,2,0
16329,5,2,12,2,10,2,0,1,2,0,0
16330,9,4,9,2,10,0,1,1,1,2,0
16331,15,4,8,4,3,1,1,1,0,2,0
16332,9,2,11,0,10,1,0,0,2,2,0
16333,6,4,1,2,3,0,1,1,2,2,1
16334,8,4,11,5,5,1,1,1,2,2,1
16335,4,4,1,0,4,1,1,0,2,2,0
16336,8,4,15,0,4,1,1,1,2,2,0
16337,6,2,8,2,10,0,1,1,1,2,0
16338,13,4,9,2,10,0,1,1,2,2,0
16339,5,4,11,2,3,0,1,1,2,2,1
16340,9,4,4,2,6,0,1,1,1,2,0
16341,6,4,11,4,3,3,1,1,2,2,0
16342,5,4,11,0,5,1,1,1,2,2,0
16343,8,4,15,2,8,0,1,1,1,2,0
16344,11,4,15,2,10,0,1,1,2,2,1
16345,12,4,9,2,1,0,0,1,2,2,0
16346,10,4,11,0,12,4,1,0,1,2,0
16347,7,4,11,2,1,0,1,1,2,2,0
16348,6,4,15,0,8,1,1,0,1,2,0
16349,7,4,15,2,14,0,1,1,1,2,0
16350,9,4,7,0,1,4,0,0,2,2,0
16351,9,4,11,2,3,0,1,1,2,2,0
16352,4,2,11,4,14,4,1,1,1,2,0
16353,10,0,15,0,0,1,1,0,2,2,0
16354,9,5,11,2,14,0,1,1,3,2,1
16355,7,5,15,2,12,0,0,1,1,2,1
16356,4,4,8,4,10,3,0,1,2,2,0
16357,6,4,11,4,7,3,0,1,2,2,0
16358,6,6,11,4,14,1,1,0,2,2,0
16359,8,4,11,2,6,0,1,1,2,2,0
16360,5,4,11,4,7,3,1,1,1,2,0
16361,7,4,15,4,4,2,0,1,2,2,0
16362,5,6,11,2,7,0,1,1,1,2,1
16363,3,3,9,4,4,1,0,0,1,2,0
16364,9,2,15,2,5,0,1,1,2,2,0
16365,4,4,11,2,4,0,1,1,2,2,0
16366,3,4,9,4,1,4,0,0,1,0,0
16367,10,5,15,2,12,0,1,1,3,4,0
16368,6,4,0,2,6,0,1,1,2,2,1
16369,4,2,15,4,4,3,1,1,2,2,0
16370,5,4,9,0,12,4,1,1,3,2,0
16371,5,4,15,4,3,3,1,1,2,2,0
16372,6,4,9,2,10,0,0,1,2,2,1
16373,9,4,1,2,7,0,0,1,2,2,1
16374,8,4,9,2,8,5,1,0,2,2,1
16375,10,6,9,0,12,3,1,1,0,2,0
16376,10,4,12,2,4,0,1,1,2,2,1
16377,8,4,15,5,1,1,0,1,2,2,0
16378,8,4,7,2,10,5,1,0,2,1,1
16379,4,6,15,4,3,3,1,1,1,2,0
16380,7,4,9,4,10,1,1,0,2,2,0
16381,5,4,15,5,10,4,0,0,2,2,0
16382,6,4,11,2,8,0,1,1,2,2,0
16383,8,2,15,2,8,0,1,1,2,2,0
16384,7,4,15,4,4,1,1,0,2,2,0
16385,7,4,15,5,12,4,0,0,2,2,0
16386,8,4,11,2,14,0,1,1,2,2,0
16387,13,8,9,2,13,0,1,1,0,2,0
16388,9,5,11,6,4,1,1,1,3,2,0
16389,6,6,11,4,3,3,1,1,2,2,0
16390,9,4,11,2,4,0,1,1,2,2,1
16391,6,4,11,4,8,3,1,0,0,2,0
16392,3,4,7,4,10,1,0,0,1,4,0
16393,8,4,11,2,12,0,1,1,2,2,0
16394,8,4,15,0,6,1,1,0,2,2,0
16395,9,4,8,2,8,5,1,0,2,2,0
16396,9,4,0,2,3,0,1,1,2,2,0
16397,6,4,15,2,4,0,1,1,2,2,1
16398,5,6,15,4,8,1,1,0,1,2,0
16399,7,4,11,2,1,5,1,0,2,2,0
16400,6,4,9,2,4,0,1,1,2,2,0
16401,8,7,15,0,8,1,1,1,2,2,0
16402,6,4,0,4,12,2,1,0,1,2,0
16403,10,6,11,2,8,5,1,0,2,2,0
16404,9,4,3,4,8,4,1,0,2,2,0
16405,5,4,11,2,10,0,1,1,2,2,0
16406,6,0,1,5,0,4,1,1,2,2,0
16407,4,5,11,4,4,3,1,0,1,2,0
16408,15,4,15,2,3,0,1,1,1,2,1
16409,11,7,11,4,8,1,1,1,0,2,0
16410,3,7,8,4,13,1,1,1,2,2,0
16411,5,4,11,4,1,3,1,0,2,2,0
16412,7,4,15,4,1,1,1,0,2,2,0
16413,4,4,15,4,1,1,1,1,1,2,0
16414,6,4,11,1,4,4,1,0,1,2,0
16415,11,4,11,4,7,1,1,1,1,2,0
16416,5,1,11,2,3,0,1,1,2,2,1
16417,8,4,11,0,4,1,1,1,3,2,1
16418,9,2,15,2,1,0,0,1,2,2,1
16419,7,4,11,2,7,0,1,1,1,2,0
16420,11,7,8,2,3,0,1,1,2,2,1
16421,11,2,15,2,11,0,0,1,2,0,0
16422,7,4,9,4,10,3,1,0,2,2,0
16423,5,6,11,4,14,3,1,1,2,2,0
16424,6,4,11,0,1,4,1,0,2,2,0
16425,3,6,11,4,5,1,0,1,1,0,0
16426,9,2,15,2,3,0,1,1,1,2,1
16427,11,6,10,2,10,0,1,1,1,2,0
16428,12,4,11,2,7,0,1,1,1,2,1
16429,4,4,11,4,1,1,1,0,0,2,0
16430,9,4,15,2,8,0,1,1,2,2,0
16431,4,4,15,4,10,4,0,0,2,0,0
16432,9,4,3,2,8,0,1,1,2,2,0
16433,8,4,1,2,8,0,1,1,2,2,0
16434,11,4,9,2,10,0,1,1,2,2,0
16435,6,6,15,2,5,0,1,1,2,2,1
16436,9,4,15,0,6,1,1,0,2,2,0
16437,4,4,9,4,1,3,1,0,2,2,0
16438,6,7,15,4,10,3,1,1,2,2,0
16439,7,4,9,2,10,0,1,1,2,2,1
16440,8,4,11,2,8,5,0,0,2,2,1
16441,11,0,11,4,12,1,1,1,2,2,0
16442,12,4,6,0,7,4,1,0,2,2,0
16443,5,4,15,2,3,0,1,1,2,2,1
16444,7,7,11,2,14,0,1,1,1,2,0
16445,7,1,11,4,1,2,0,0,3,2,0
16446,11,4,1,5,8,2,1,0,1,2,1
16447,4,4,7,4,4,2,1,0,1,2,0
16448,6,4,11,2,3,0,1,1,2,2,1
16449,8,4,15,2,3,0,1,1,2,2,1
16450,3,4,11,4,8,1,0,0,2,2,0
16451,10,4,5,2,8,5,1,0,2,2,1
16452,11,4,11,2,3,0,1,1,1,2,1
16453,9,4,7,2,11,0,1,1,2,2,0
16454,9,4,1,2,12,5,1,0,2,2,0
16455,6,6,4,5,5,1,1,1,2,2,0
16456,3,4,11,4,8,1,0,0,1,2,0
16457,3,4,9,4,1,1,1,0,0,2,0
16458,7,7,15,4,4,1,1,1,2,2,0
16459,8,4,8,2,3,0,1,1,2,2,0
16460,4,2,15,4,3,3,1,1,2,2,0
16461,3,2,9,4,10,3,0,1,0,0,0
16462,6,4,11,2,8,0,1,1,1,2,0
16463,10,4,15,2,1,0,1,1,1,2,1
16464,6,7,12,0,10,1,1,1,2,2,0
16465,13,4,9,6,4,1,1,1,2,2,0
16466,8,4,9,6,12,1,1,0,3,2,0
16467,9,6,11,2,14,0,0,1,2,2,1
16468,7,4,9,2,4,5,0,0,2,2,0
16469,13,7,8,2,3,0,1,1,3,2,0
16470,5,4,9,2,13,0,1,1,2,2,0
16471,8,4,5,4,8,1,1,1,2,2,0
16472,6,1,8,4,13,3,1,0,2,2,0
16473,9,4,15,2,12,0,1,1,2,2,1
16474,5,4,15,4,3,3,1,1,2,2,0
16475,4,4,1,4,7,3,1,1,1,2,0
16476,5,0,1,4,0,3,1,1,0,2,0
16477,5,4,15,4,12,3,1,0,2,2,0
16478,4,4,4,4,8,3,1,0,2,2,0
16479,4,4,8,4,5,3,1,0,2,2,0
16480,12,4,1,0,1,1,1,0,2,2,0
16481,7,4,9,2,7,0,1,1,2,2,0
16482,9,4,8,2,3,0,1,1,2,2,1
16483,8,4,11,0,3,4,0,1,2,2,0
16484,3,5,11,4,8,4,1,0,1,2,0
16485,6,4,11,2,14,0,1,1,0,2,1
16486,3,4,15,4,12,1,0,1,1,2,0
16487,8,4,1,0,6,1,0,1,1,0,0
16488,4,4,9,4,8,4,1,0,2,2,0
16489,11,4,11,2,14,0,1,1,3,2,0
16490,8,4,11,0,1,1,1,0,2,2,0
16491,9,4,15,2,12,0,1,1,2,2,0
16492,8,4,9,2,10,0,1,1,1,2,0
16493,7,4,11,2,3,0,1,1,2,2,0
16494,5,4,11,4,12,3,1,0,2,2,0
16495,5,4,4,4,6,2,0,1,1,2,0
16496,4,6,9,4,3,3,1,1,1,2,0
16497,10,4,9,0,13,1,1,1,3,2,0
16498,7,4,15,2,3,0,1,1,2,2,0
16499,7,4,3,2,4,3,1,1,2,2,0
16500,8,4,9,2,12,0,1,1,0,2,0
16501,9,5,10,4,10,1,1,0,2,1,0
16502,7,4,11,2,1,0,1,1,2,2,0
16503,9,4,1,2,3,0,1,1,2,2,1
16504,4,4,15,4,3,3,1,1,1,2,0
16505,9,4,4,0,12,3,1,1,2,2,0
16506,6,4,7,2,12,0,1,1,2,2,1
16507,6,0,11,2,0,0,1,1,2,2,0
16508,4,0,15,4,0,1,1,1,0,2,0
16509,6,4,15,0,3,1,1,1,2,2,1
16510,5,4,11,4,7,2,1,0,2,2,0
16511,4,4,0,5,8,3,1,0,2,2,0
16512,9,4,15,3,4,4,1,0,2,2,0
16513,8,4,11,2,1,0,0,1,2,2,0
16514,10,4,11,2,3,0,1,1,2,2,0
16515,8,2,12,2,10,0,0,1,1,0,1
16516,8,4,15,2,3,0,1,1,2,2,0
16517,7,4,15,2,10,0,1,1,1,2,0
16518,9,4,11,2,7,0,0,1,2,2,0
16519,5,4,11,2,6,0,0,1,2,2,1
16520,10,4,15,2,3,0,1,1,2,2,0
16521,7,0,2,4,0,3,1,0,1,1,0
16522,5,2,9,4,12,3,0,0,2,2,0
16523,11,6,9,2,10,0,1,1,0,2,1
16524,8,6,11,2,5,0,1,1,2,2,1
16525,4,4,9,4,10,3,1,1,1,2,0
16526,5,6,8,4,4,1,1,0,4,2,0
16527,13,4,9,2,6,0,1,1,2,2,0
16528,3,4,9,4,4,1,0,1,1,2,0
16529,4,4,9,4,5,1,1,1,3,2,0
16530,14,4,11,6,4,1,1,0,2,2,0
16531,8,7,9,4,10,3,1,1,2,2,0
16532,9,7,12,0,10,4,1,1,2,2,0
16533,6,4,9,2,10,0,1,1,2,2,1
16534,6,4,9,2,4,0,1,1,2,2,1
16535,8,4,11,2,7,0,1,1,3,2,1
16536,7,4,11,0,12,1,1,1,2,2,0
16537,11,6,9,5,8,1,1,1,0,2,0
16538,8,7,15,2,10,0,1,1,2,2,1
16539,9,4,11,2,14,0,1,1,2,2,1
16540,8,4,11,2,7,0,1,1,2,2,0
16541,10,4,11,4,1,3,1,0,2,2,0
16542,8,4,15,4,1,3,1,0,2,2,0
16543,9,4,1,2,12,0,1,1,1,2,0
16544,10,4,0,0,6,1,1,1,2,2,0
16545,13,4,15,0,13,1,1,0,2,2,0
16546,7,4,9,0,12,4,1,0,2,2,0
16547,11,4,15,2,12,0,1,1,2,2,0
16548,3,4,0,4,7,2,1,1,1,2,0
16549,5,4,11,2,14,0,1,1,2,2,0
16550,9,4,8,2,1,0,1,1,2,2,0
16551,6,4,11,4,9,2,0,0,2,2,0
16552,5,4,15,2,12,0,1,1,2,2,1
16553,8,4,9,2,10,2,1,0,2,2,0
16554,6,4,5,4,14,1,1,1,2,2,0
16555,6,4,11,2,3,0,1,1,3,2,1
16556,7,4,11,0,7,4,1,0,1,2,0
16557,9,4,0,2,5,0,1,1,2,2,0
16558,6,4,8,2,3,0,1,1,2,2,0
16559,4,4,11,4,8,1,0,0,2,2,0
16560,6,4,11,2,3,0,1,1,2,2,1
16561,10,4,11,0,1,1,1,0,2,2,0
16562,12,2,12,0,10,1,0,0,2,2,0
16563,7,4,11,0,1,4,0,0,2,2,0
16564,5,2,11,0,6,4,1,1,2,2,0
16565,10,4,15,2,1,5,1,0,2,2,0
16566,6,2,11,4,3,1,1,1,2,2,0
16567,9,4,11,2,10,0,1,1,2,2,1
16568,12,4,11,2,8,0,1,1,1,2,0
16569,7,5,15,4,4,3,0,0,2,2,0
16570,11,4,9,2,4,0,1,1,1,2,0
16571,8,4,11,2,10,0,1,1,1,2,1
16572,6,4,8,2,5,0,1,1,2,2,1
16573,4,4,11,4,1,1,1,0,2,4,0
16574,11,4,8,6,10,4,0,0,2,2,0
16575,5,4,3,3,8,1,1,0,1,2,0
16576,8,4,7,4,10,3,1,1,2,2,0
16577,6,4,7,4,10,1,1,1,2,2,0
16578,6,7,9,2,12,0,1,1,2,2,0
16579,3,7,2,4,8,2,0,1,1,2,0
16580,4,4,9,4,4,1,1,0,1,2,0
16581,10,4,9,2,10,0,1,1,1,2,0
16582,8,4,1,2,6,0,1,1,2,2,0
16583,12,4,9,2,6,0,0,1,2,2,0
16584,9,0,5,0,0,4,1,0,2,2,0
16585,8,6,11,2,12,0,1,1,2,2,0
16586,7,4,15,4,4,1,1,1,2,2,0
16587,4,4,9,4,10,3,1,1,1,2,0
16588,9,6,11,2,3,0,1,1,2,2,1
16589,11,4,12,2,10,0,1,1,2,2,0
16590,10,6,11,0,4,1,1,1,2,2,1
16591,6,6,15,4,3,1,1,1,2,2,0
16592,7,4,11,2,8,0,1,1,2,2,1
16593,8,4,15,0,1,4,1,0,2,2,0
16594,3,4,11,4,6,3,1,1,1,2,0
16595,11,4,11,2,3,0,1,1,1,2,0
16596,10,4,11,2,3,0,1,1,2,2,0
16597,11,1,11,6,1,4,1,0,2,2,0
16598,6,4,15,0,9,3,1,0,2,2,0
16599,10,4,9,2,12,0,1,1,2,2,1
16600,9,7,9,0,1,1,1,0,2,2,1
16601,6,6,11,2,5,0,1,1,1,2,0
16602,7,4,9,6,10,4,0,1,1,2,0
16603,4,0,11,4,0,1,1,1,2,2,0
16604,12,4,15,2,10,0,1,1,2,2,1
16605,4,2,11,4,1,4,1,0,2,2,0
16606,8,4,11,2,7,0,1,1,2,2,0
16607,6,6,15,4,5,3,0,1,1,2,0
16608,7,5,8,2,8,0,1,1,2,2,1
16609,10,2,12,2,10,0,1,1,2,2,1
16610,12,4,9,2,10,0,1,1,1,2,1
16611,6,5,9,4,10,1,1,1,2,2,0
16612,7,0,15,2,0,0,1,1,2,2,0
16613,3,4,9,4,1,3,1,0,2,2,0
16614,6,4,11,4,1,1,0,0,2,2,0
16615,6,4,11,2,4,0,1,1,2,2,1
16616,7,4,0,4,3,3,1,1,2,2,0
16617,7,4,11,2,14,0,1,1,3,2,1
16618,9,7,15,2,13,0,1,1,2,2,0
16619,6,4,0,0,9,4,0,0,2,2,0
16620,4,4,2,4,14,1,1,1,2,2,0
16621,11,4,15,2,12,0,1,1,2,2,1
16622,5,4,11,4,1,3,1,0,2,2,0
16623,11,0,11,2,0,0,1,1,2,2,1
16624,4,4,9,0,4,1,1,0,2,2,0
16625,5,6,7,4,10,1,1,1,2,2,0
16626,7,4,11,2,7,0,0,1,2,2,0
16627,8,4,8,0,13,2,0,0,2,0,0
16628,6,7,12,0,1,1,0,0,2,2,0
16629,5,4,9,4,4,1,0,1,2,2,0
16630,9,4,11,6,12,4,1,1,2,4,0
16631,8,4,15,0,4,1,1,1,2,2,0
16632,14,4,11,2,1,0,1,1,1,2,0
16633,12,1,11,6,13,1,1,0,2,2,0
16634,9,4,9,3,1,3,1,0,2,2,0
16635,8,4,8,2,3,0,1,1,2,2,0
16636,13,6,15,2,4,2,0,1,1,2,0
16637,10,4,1,0,7,3,1,0,1,2,0
16638,4,4,9,4,12,1,1,1,1,2,0
16639,8,4,7,2,8,0,0,1,2,2,1
16640,6,4,9,4,4,3,1,1,2,2,0
16641,9,4,9,2,12,0,1,1,2,2,1
16642,5,0,15,4,0,1,1,0,2,2,0
16643,4,4,11,2,3,0,1,1,0,2,0
16644,7,4,9,2,4,5,0,0,1,0,1
16645,7,4,15,5,12,3,1,1,2,2,0
16646,13,4,15,2,6,0,1,1,2,2,0
16647,9,2,15,2,4,0,1,1,2,2,1
16648,6,2,15,4,1,3,1,1,2,2,0
16649,7,4,7,2,3,0,1,1,1,2,1
16650,7,4,11,4,8,3,1,1,2,2,0
16651,12,4,11,4,1,1,1,0,2,2,1
16652,9,4,8,2,13,0,1,1,2,2,0
16653,9,4,11,2,6,0,1,1,2,2,1
16654,15,7,9,0,10,1,1,1,2,2,0
16655,5,1,15,2,3,0,0,1,2,2,1
16656,11,4,3,2,5,0,0,1,2,2,1
16657,6,6,7,2,12,0,1,1,2,2,0
16658,6,4,8,4,3,1,1,1,2,2,0
16659,10,4,11,2,1,0,1,1,1,2,0
16660,8,4,1,6,3,1,1,1,1,2,0
16661,5,4,11,2,12,5,1,0,2,2,1
16662,10,4,11,0,5,2,1,1,1,2,0
16663,8,4,7,2,7,0,1,1,1,2,1
16664,4,4,6,4,9,4,0,0,2,2,0
16665,7,6,12,2,10,0,1,1,2,4,1
16666,9,4,11,2,4,0,1,1,1,2,1
16667,10,4,11,2,14,0,1,1,2,2,1
16668,7,4,9,2,13,0,1,1,2,2,0
16669,8,4,8,0,8,4,1,0,2,2,0
16670,10,0,0,2,0,0,0,1,2,2,1
16671,6,4,11,0,8,4,1,0,4,2,0
16672,7,4,11,0,13,4,0,0,2,2,0
16673,6,4,15,4,12,1,1,0,2,2,0
16674,6,3,15,5,13,4,1,0,3,2,0
16675,9,2,6,2,14,0,1,1,0,2,1
16676,3,4,11,4,4,4,1,0,2,2,0
16677,5,6,15,4,12,1,1,1,2,2,0
16678,6,7,5,5,10,4,1,0,2,2,0
16679,11,4,11,0,7,1,1,1,2,2,0
16680,6,2,11,2,7,0,0,1,2,2,0
16681,6,0,9,4,0,1,1,1,3,2,0
16682,4,4,11,4,3,3,1,1,2,2,0
16683,6,4,15,4,1,1,1,0,1,1,0
16684,8,4,11,4,3,3,1,1,2,2,0
16685,11,4,11,2,3,0,1,1,2,2,1
16686,13,7,9,0,4,1,1,0,2,2,0
16687,7,4,7,4,10,3,1,1,1,2,0
16688,6,4,11,4,12,1,1,0,2,2,0
16689,11,1,8,5,13,4,0,0,2,2,1
16690,6,1,12,2,10,0,1,1,2,2,0
16691,8,4,15,2,4,0,1,1,2,2,0
16692,4,4,14,4,10,3,1,0,1,2,0
16693,8,4,11,2,5,0,1,1,2,2,0
16694,6,4,15,2,12,0,1,1,2,2,0
16695,10,4,12,2,10,0,1,1,2,2,0
16696,13,5,9,0,12,1,1,0,2,2,0
16697,3,4,12,4,10,1,1,1,0,2,0
16698,9,7,15,4,4,1,1,1,3,2,0
16699,9,2,12,2,10,0,1,1,2,2,1
16700,11,5,15,2,4,0,1,1,1,2,1
16701,4,4,9,4,12,3,1,0,1,2,0
16702,5,4,11,0,8,1,0,0,2,2,0
16703,8,4,11,2,4,0,1,1,1,2,0
16704,8,4,11,4,7,3,1,1,1,2,0
16705,10,4,11,6,6,2,1,1,2,2,0
16706,11,4,11,2,7,0,1,1,2,2,0
16707,10,6,11,0,10,4,0,0,1,2,1
16708,7,4,11,5,1,4,1,0,2,2,1
16709,10,5,12,2,10,0,1,1,1,2,0
16710,10,4,15,5,12,4,0,0,1,2,0
16711,3,4,14,4,10,1,1,1,0,2,0
16712,10,4,10,2,10,0,0,1,2,4,1
16713,9,4,1,0,12,4,1,1,2,2,0
16714,6,4,9,4,10,1,1,1,2,2,0
16715,9,4,9,2,6,0,1,1,3,2,0
16716,12,4,15,2,4,0,1,1,2,2,0
16717,10,4,11,2,7,0,1,1,2,2,1
16718,7,4,15,2,7,0,1,1,1,2,0
16719,7,1,9,2,13,0,1,1,1,2,1
16720,5,4,9,4,5,3,0,1,2,2,0
16721,7,4,11,2,6,0,1,1,2,2,1
16722,6,4,9,2,3,0,1,1,2,2,1
16723,6,4,7,2,12,0,1,1,2,2,1
16724,8,1,14,2,10,0,0,1,0,2,1
16725,3,7,11,4,11,1,1,1,1,2,1
16726,7,4,11,0,1,4,1,0,2,2,0
16727,9,4,15,2,12,0,1,1,2,2,0
16728,3,4,11,4,8,2,0,1,2,2,0
16729,15,4,11,2,1,0,1,1,1,2,0
16730,7,4,12,2,4,0,1,1,2,2,1
16731,8,4,11,2,6,0,1,1,2,2,0
16732,10,4,15,2,13,0,1,1,2,2,1
16733,11,1,9,0,4,4,1,0,2,2,0
16734,6,2,9,4,10,4,0,0,2,2,0
16735,5,4,11,2,12,0,1,1,2,2,1
16736,10,2,8,2,11,0,1,1,3,2,0
16737,4,4,15,4,12,1,1,1,0,2,0
16738,9,4,0,2,14,0,1,1,4,2,0
16739,7,4,6,4,14,3,1,1,1,2,0
16740,8,6,11,2,3,0,1,1,2,2,1
16741,4,2,9,2,8,0,0,1,3,2,0
16742,10,4,9,2,1,0,1,1,2,2,0
16743,8,2,15,2,10,0,1,1,0,2,1
16744,5,2,12,2,10,0,1,1,1,2,0
16745,8,4,9,2,12,0,1,1,2,2,0
16746,17,4,6,6,12,4,1,0,2,2,0
16747,4,4,0,4,14,3,1,1,1,2,0
16748,11,4,15,0,1,1,1,1,3,2,0
16749,8,6,11,4,3,3,1,1,3,2,0
16750,5,1,4,2,3,2,1,1,2,2,1
16751,4,2,15,4,3,2,0,1,2,2,1
16752,5,4,13,2,8,0,1,1,1,2,1
16753,5,4,11,2,3,0,1,1,2,2,0
16754,7,2,8,0,10,1,1,0,2,2,0
16755,5,2,12,4,8,1,1,0,1,2,1
16756,9,2,15,0,10,1,1,1,2,2,0
16757,7,4,15,2,4,0,1,1,2,1,0
16758,11,4,11,0,12,4,1,0,2,2,0
16759,5,4,14,4,4,3,1,1,1,2,0
16760,11,4,11,2,10,0,1,1,2,2,1
16761,11,4,11,0,8,1,1,1,1,2,0
16762,7,2,11,0,8,1,1,1,2,2,0
16763,7,4,15,0,12,4,1,1,2,2,0
16764,10,4,9,2,4,0,1,1,2,2,1
16765,6,0,15,1,0,5,1,0,2,2,0
16766,6,2,15,2,13,3,1,1,2,2,0
16767,9,4,9,2,10,0,1,1,2,2,1
16768,8,6,12,2,5,0,1,1,2,2,0
16769,7,7,11,2,1,5,1,0,2,2,1
16770,5,4,11,4,14,1,1,1,2,2,0
16771,6,4,11,2,3,0,0,1,2,2,1
16772,6,4,11,2,3,0,1,1,2,2,0
16773,9,4,12,0,1,4,0,0,2,0,0
16774,8,4,11,4,4,1,1,1,2,2,0
16775,6,4,11,4,12,3,0,0,2,2,0
16776,7,5,9,2,10,0,1,1,2,2,0
16777,6,6,12,4,4,3,0,1,2,0,0
16778,5,4,6,4,7,3,1,1,2,2,0
16779,7,4,15,4,4,1,1,1,2,2,0
16780,5,4,11,2,1,5,1,0,2,2,1
16781,7,4,11,0,1,1,0,0,2,2,0
16782,7,2,15,2,3,0,1,1,1,2,1
16783,4,6,11,2,14,0,1,1,1,2,0
16784,7,2,15,4,8,3,1,1,2,2,0
16785,8,0,11,2,0,0,1,1,3,2,0
16786,6,4,15,2,12,0,1,1,2,2,1
16787,5,2,12,4,4,1,1,0,2,2,0
16788,4,4,12,4,12,1,1,1,2,2,0
16789,3,4,5,4,14,4,1,1,1,2,0
16790,9,0,1,2,0,0,1,1,1,2,1
16791,6,4,9,2,4,0,1,1,2,2,0
16792,8,4,11,2,14,0,1,1,2,2,1
16793,9,4,15,6,12,4,1,1,2,2,0
16794,4,4,15,4,12,1,1,1,1,2,0
16795,6,2,9,4,10,1,1,1,2,2,0
16796,4,4,11,4,4,1,1,1,1,2,0
16797,8,4,12,2,10,0,1,1,2,2,1
16798,3,6,9,4,3,1,1,1,1,2,0
16799,8,4,9,2,4,0,1,1,0,2,0
16800,6,4,15,2,8,0,1,1,2,2,0
16801,4,5,11,4,3,4,1,1,2,2,0
16802,6,4,11,4,3,3,1,1,1,2,0
16803,7,4,9,4,4,1,0,1,3,2,0
16804,7,4,15,0,12,4,0,0,1,2,0
16805,7,5,15,2,4,0,1,1,2,2,1
16806,4,4,8,4,3,1,0,1,3,2,0
16807,6,4,9,2,1,0,1,1,0,2,0
16808,5,4,15,4,1,1,1,0,2,2,0
16809,4,2,11,4,5,4,0,1,1,2,0
16810,8,4,14,2,10,5,1,0,3,2,0
16811,4,4,11,4,1,1,1,0,1,2,0
16812,6,6,9,2,12,0,1,1,2,2,1
16813,6,4,15,4,1,2,1,1,2,2,0
16814,12,4,11,2,5,0,1,1,1,2,1
16815,8,5,11,5,12,4,1,0,2,2,0
16816,5,1,11,2,5,0,1,1,2,2,1
16817,5,5,11,4,4,3,1,1,2,2,0
16818,11,4,9,2,4,0,1,1,1,2,1
16819,12,7,9,0,10,1,1,0,3,2,1
16820,3,4,9,4,3,3,1,1,1,2,0
16821,6,4,6,2,3,0,0,1,2,0,0
16822,8,4,15,0,8,1,1,0,2,2,0
16823,6,4,9,2,12,0,1,1,2,2,1
16824,4,5,9,4,10,1,1,1,1,2,0
16825,8,4,8,5,4,1,1,1,2,2,0
16826,11,4,15,0,10,4,1,0,2,2,0
16827,10,5,9,2,3,0,1,1,2,2,0
16828,8,4,8,5,8,4,1,0,1,2,0
16829,4,0,0,3,0,3,0,0,2,0,0
16830,11,2,11,0,1,1,1,0,2,2,0
16831,13,4,1,2,1,5,1,0,2,2,1
16832,4,4,1,4,3,3,1,1,2,2,0
16833,5,0,1,4,0,1,1,1,2,2,0
16834,12,6,11,2,5,0,1,1,1,2,1
16835,5,4,3,2,3,0,1,1,2,2,0
16836,10,4,9,0,4,4,0,1,1,2,1
16837,5,4,0,4,1,1,1,0,1,2,0
16838,7,4,12,0,4,1,1,1,2,2,0
16839,5,4,15,2,8,0,0,1,2,0,1
16840,8,4,9,2,4,0,1,1,2,2,1
16841,4,4,11,4,6,1,1,1,0,2,0
16842,12,4,11,2,3,0,1,1,3,2,0
16843,5,4,15,4,8,3,1,0,2,1,0
16844,10,4,0,2,3,0,1,1,2,2,0
16845,6,2,14,0,1,1,1,0,2,2,0
16846,5,4,15,4,13,3,0,1,1,2,0
16847,5,4,9,2,10,0,1,1,2,1,0
16848,4,4,11,4,8,1,1,0,1,2,0
16849,3,4,15,4,1,3,1,0,0,2,0
16850,4,4,11,4,8,3,1,1,1,2,0
16851,4,4,15,4,8,1,1,0,2,2,0
16852,6,7,15,4,14,1,1,1,2,2,0
16853,9,5,15,2,4,0,1,1,2,2,1
16854,7,6,4,0,3,4,0,1,2,0,0
16855,7,1,11,4,1,4,1,0,2,2,0
16856,10,4,15,2,4,0,1,1,2,2,0
16857,9,4,0,2,8,5,1,0,2,2,0
16858,12,4,15,4,1,3,1,0,0,2,0
16859,4,4,9,4,1,1,0,0,3,2,0
16860,3,6,7,4,5,1,1,1,2,2,0
16861,5,2,15,4,4,4,1,0,1,2,0
16862,9,4,11,2,7,0,1,1,2,2,1
16863,6,1,9,4,4,2,1,1,3,2,0
16864,9,6,11,2,3,0,1,1,2,2,1
16865,4,4,8,0,1,4,1,0,1,1,0
16866,4,2,15,4,1,3,1,1,2,2,0
16867,9,4,12,2,10,0,1,1,2,2,1
16868,5,2,8,4,1,2,1,0,2,2,0
16869,5,4,1,2,14,0,1,1,2,2,0
16870,12,2,9,4,10,3,1,1,2,2,0
16871,5,2,12,2,11,0,1,1,2,2,1
16872,7,2,9,4,1,1,1,0,1,2,0
16873,11,4,11,2,14,0,1,1,2,2,0
16874,6,4,15,2,12,0,1,1,1,2,0
16875,3,2,8,3,1,1,1,0,1,2,0
16876,12,6,9,0,5,1,1,1,2,2,0
16877,7,4,15,0,7,4,1,0,2,2,0
16878,5,4,11,4,3,1,1,1,2,2,0
16879,4,4,11,2,1,0,1,1,2,2,0
16880,10,6,6,2,5,0,1,1,2,2,0
16881,9,4,15,2,3,0,1,1,3,2,0
16882,7,4,9,0,4,1,1,1,2,2,0
16883,7,1,11,4,1,1,1,0,1,2,0
16884,4,0,11,4,0,3,1,1,1,2,0
16885,8,4,15,2,7,0,1,1,2,2,1
16886,8,4,5,2,12,0,1,1,2,2,1
16887,6,4,11,2,12,0,1,1,2,2,1
16888,8,2,11,2,8,0,0,1,2,2,0
16889,3,4,10,4,10,3,1,1,2,2,0
16890,7,6,11,0,12,1,1,1,2,2,0
16891,11,4,9,2,10,5,0,0,1,2,1
16892,10,4,11,2,12,0,1,1,2,2,1
16893,6,4,15,2,3,0,1,1,2,2,1
16894,6,4,8,4,13,1,1,0,2,2,0
16895,7,1,12,2,10,5,0,0,2,0,0
16896,3,1,15,4,13,3,1,1,1,2,0
16897,7,4,7,2,1,0,1,1,2,2,0
16898,5,4,9,4,14,3,1,0,2,3,0
16899,4,4,12,4,4,1,0,1,1,2,0
16900,6,4,9,2,4,5,1,0,2,2,1
16901,6,6,8,2,10,0,1,1,2,2,1
16902,4,4,8,4,7,1,1,0,2,2,0
16903,5,4,11,2,6,0,1,1,2,2,0
16904,4,4,9,4,10,1,1,0,2,2,0
16905,5,4,2,0,8,4,1,0,2,2,0
16906,5,4,11,4,3,3,1,1,2,2,0
16907,3,2,10,4,10,2,0,0,2,2,0
16908,10,2,11,2,10,5,0,0,3,2,0
16909,7,6,11,4,4,2,0,1,2,0,0
16910,4,1,11,4,1,4,1,0,1,2,0
16911,8,4,12,0,13,2,0,1,2,2,0
16912,7,4,15,0,12,4,0,0,3,2,0
16913,6,4,15,2,3,0,1,1,2,2,0
16914,8,5,11,0,14,1,1,1,2,2,0
16915,6,6,11,0,3,1,1,1,2,2,0
16916,9,6,11,2,3,0,1,1,2,2,0
16917,10,4,11,2,3,0,1,1,1,2,1
16918,16,4,11,2,7,0,1,1,0,2,1
16919,9,6,9,0,4,1,1,0,2,2,0
16920,11,0,11,0,0,4,0,0,2,2,0
16921,4,4,4,4,8,3,1,0,2,2,0
16922,4,4,15,4,1,4,1,0,2,2,0
16923,10,1,11,2,6,0,1,1,3,2,1
16924,5,4,9,4,4,3,1,1,2,2,0
16925,6,4,11,4,7,1,1,1,2,2,0
16926,4,0,9,5,0,1,0,1,1,2,0
16927,3,4,7,4,1,2,1,0,1,2,0
16928,5,4,11,4,14,3,1,1,2,2,0
16929,5,4,11,2,3,0,0,1,2,2,0
16930,3,4,15,4,1,1,1,1,0,2,0
16931,5,4,11,2,12,0,1,1,2,2,0
16932,7,1,11,4,1,3,0,1,2,2,0
16933,4,4,11,4,3,1,0,1,2,2,0
16934,11,4,11,6,7,1,0,0,2,0,0
16935,7,4,8,2,7,0,1,1,2,2,0
16936,4,4,15,4,1,1,0,0,2,2,0
16937,10,4,15,4,3,1,0,1,2,2,0
16938,4,0,15,4,0,1,0,0,2,2,1
16939,15,4,15,2,1,0,1,1,2,2,1
16940,5,4,9,2,10,0,1,1,2,2,1
16941,11,4,15,0,12,1,1,1,1,2,0
16942,8,2,1,0,8,1,1,0,3,2,0
16943,12,4,15,2,8,5,1,0,2,2,1
16944,4,4,11,4,4,2,1,1,2,2,0
16945,5,4,4,2,7,2,0,1,2,0,0
16946,6,5,9,4,12,1,1,1,2,2,0
16947,5,4,0,2,3,0,1,1,2,2,1
16948,8,4,15,3,4,4,1,0,3,2,0
16949,5,4,15,4,12,3,1,0,2,2,0
16950,4,4,11,4,8,3,1,0,2,2,0
16951,12,4,4,5,8,4,1,0,2,2,0
16952,11,0,11,2,14,0,1,1,3,3,1
16953,4,2,14,4,10,3,0,0,1,2,0
16954,6,4,7,4,1,3,0,0,1,2,0
16955,8,4,6,4,9,3,1,0,2,2,0
16956,7,4,15,5,3,1,1,1,2,2,0
16957,7,6,6,2,3,0,1,1,3,2,0
16958,9,4,11,4,7,2,1,1,2,2,0
16959,5,4,9,4,12,3,1,0,2,2,0
16960,4,0,15,4,0,3,0,0,1,2,0
16961,8,7,8,2,8,5,1,0,2,2,1
16962,8,4,14,0,10,4,0,1,3,2,0
16963,6,4,11,2,14,3,1,1,2,2,0
16964,12,4,11,0,1,1,1,0,2,2,0
16965,10,4,11,2,4,0,0,1,3,2,1
16966,9,4,11,2,1,0,1,1,0,2,1
16967,4,4,15,4,12,3,1,0,1,2,0
16968,9,4,11,2,12,0,1,1,2,2,0
16969,3,4,9,4,12,1,1,0,1,2,0
16970,6,4,11,2,12,0,1,1,2,2,1
16971,9,4,9,2,4,0,1,1,2,2,1
16972,10,4,9,6,12,1,1,0,2,2,0
16973,7,4,2,5,4,4,0,0,3,2,0
16974,9,4,11,2,4,5,1,0,2,2,1
16975,6,4,12,2,10,5,1,0,2,2,0
16976,9,6,12,2,10,0,1,1,1,2,1
16977,10,4,8,6,3,1,1,1,3,2,0
16978,3,4,7,4,10,1,1,0,0,2,0
16979,6,4,15,4,1,1,0,0,2,2,0
16980,3,1,15,4,1,3,1,0,0,2,0
16981,9,4,15,0,8,1,1,1,3,2,0
16982,6,2,15,2,3,0,1,1,2,2,0
16983,4,4,11,4,13,3,1,1,2,2,0
16984,5,7,11,0,1,4,1,0,3,2,0
16985,9,1,9,2,4,5,1,0,2,2,1
16986,9,4,9,2,4,0,1,1,2,2,1
16987,8,4,15,2,1,0,1,1,2,2,0
16988,10,4,11,2,7,0,1,1,2,2,0
16989,6,4,9,2,6,0,1,1,2,2,1
16990,4,4,9,4,12,3,1,1,2,2,0
16991,4,4,8,4,4,2,1,1,2,2,0
16992,6,4,9,2,13,0,1,1,1,2,1
16993,6,4,10,5,10,4,1,0,1,2,0
16994,8,4,11,2,3,0,1,1,2,2,0
16995,4,5,11,2,10,0,1,1,1,2,1
16996,5,7,15,2,1,5,0,0,0,4,1
16997,5,4,11,4,6,3,1,1,2,2,0
16998,5,4,15,2,10,0,1,1,2,2,0
16999,8,4,9,4,8,3,1,1,0,2,0
17000,13,7,7,4,1,3,1,1,0,2,0
17001,6,4,11,4,12,3,1,1,3,2,0
17002,4,0,1,4,0,1,1,0,1,2,0
17003,8,4,15,0,8,1,0,0,2,0,0
17004,7,4,11,2,7,0,1,1,2,2,0
17005,6,5,12,4,12,1,1,1,2,2,0
17006,9,4,11,2,4,0,1,1,2,2,0
17007,7,4,3,2,8,5,0,0,2,2,0
17008,8,4,9,4,5,1,1,1,2,2,1
17009,9,4,9,2,13,0,1,1,3,2,0
17010,8,4,9,4,4,2,1,1,1,2,0
17011,8,4,11,2,3,0,1,1,1,2,1
17012,10,4,0,6,8,1,1,0,2,2,0
17013,6,4,15,2,1,0,1,1,1,2,0
17014,12,4,12,6,10,1,1,1,2,2,1
17015,6,2,12,2,10,0,1,1,2,2,0
17016,6,4,11,4,7,1,1,0,2,2,0
17017,12,4,11,0,3,1,1,1,2,2,0
17018,10,4,15,6,8,1,1,0,2,2,0
17019,10,4,11,2,14,0,1,1,2,2,1
17020,12,4,7,4,7,2,0,1,2,2,0
17021,5,4,11,4,7,3,1,1,2,2,0
17022,6,4,7,4,1,1,1,0,3,2,0
17023,10,4,11,2,7,0,0,1,2,2,1
17024,9,4,12,5,4,3,0,1,2,2,0
17025,3,4,15,4,12,3,0,0,2,2,0
17026,10,4,7,2,10,0,1,1,2,2,0
17027,4,4,11,2,4,0,0,1,1,2,0
17028,9,4,8,4,4,1,1,1,1,2,0
17029,11,4,11,3,4,1,1,1,2,2,0
17030,6,4,9,0,12,4,1,0,1,2,0
17031,6,4,15,2,14,0,1,1,2,2,0
17032,15,0,15,2,0,0,1,1,3,2,0
17033,10,4,1,0,1,3,1,0,1,2,0
17034,9,4,9,2,10,0,1,1,2,2,0
17035,10,0,12,2,0,0,1,1,2,2,1
17036,8,4,14,0,10,4,1,0,2,2,0
17037,5,4,15,4,12,4,1,1,2,2,0
17038,4,4,15,4,1,1,1,1,2,1,0
17039,9,0,15,2,0,0,1,1,3,2,1
17040,5,4,11,4,14,3,0,1,2,2,0
17041,11,4,7,2,4,0,1,1,2,2,1
17042,8,7,9,4,11,1,1,0,2,2,0
17043,4,4,15,4,12,1,1,0,1,2,1
17044,5,1,9,4,1,3,0,1,1,2,0
17045,6,4,9,4,4,1,1,0,2,2,0
17046,10,4,11,2,7,0,1,1,2,2,1
17047,12,4,9,0,10,1,0,0,1,2,0
17048,10,4,9,0,1,1,1,0,2,2,0
17049,5,4,11,4,14,1,1,1,2,2,1
17050,9,4,11,4,3,3,1,1,2,2,0
17051,7,0,11,0,0,4,1,0,3,2,0
17052,7,2,12,2,8,0,1,1,2,2,1
17053,11,5,11,2,3,0,1,1,2,2,0
17054,7,6,11,0,8,4,1,0,2,2,1
17055,7,4,9,4,3,4,1,0,2,2,0
17056,7,6,8,0,5,1,1,1,2,2,0
17057,14,4,11,2,1,0,1,1,1,2,1
17058,10,4,15,2,3,0,1,1,2,2,1
17059,6,4,11,2,1,5,1,0,2,2,1
17060,7,4,1,2,8,3,1,1,2,2,0
17061,11,4,11,2,14,0,1,1,0,2,1
17062,8,4,14,2,10,0,1,1,2,2,1
17063,12,2,0,2,14,0,0,1,2,0,0
17064,10,4,11,2,3,0,1,1,2,2,0
17065,8,4,11,2,4,0,1,1,1,2,0
17066,10,4,11,5,6,2,1,1,2,4,0
17067,10,4,11,0,4,3,0,0,3,2,0
17068,11,4,11,2,14,0,1,1,2,2,0
17069,6,5,9,4,10,3,1,0,1,1,0
17070,11,4,11,0,1,4,1,0,2,2,0
17071,7,4,15,2,12,0,0,1,2,2,0
17072,7,4,11,2,6,0,1,1,3,2,0
17073,8,4,15,2,12,0,1,1,2,2,1
17074,7,1,10,2,4,0,0,1,2,2,0
17075,8,4,9,2,4,0,1,1,2,2,1
17076,5,4,11,3,1,1,1,0,2,2,0
17077,7,6,2,2,5,0,0,1,2,2,0
17078,6,4,8,2,13,0,1,1,2,2,0
17079,7,4,15,2,7,0,1,1,2,2,0
17080,8,4,11,0,12,4,1,1,2,2,0
17081,5,4,11,2,13,5,1,0,2,2,0
17082,11,7,11,2,14,0,1,1,2,2,0
17083,7,7,9,0,4,1,0,1,3,2,0
17084,4,1,10,4,10,1,1,0,2,1,1
17085,8,7,15,2,4,0,1,1,2,2,1
17086,13,6,8,2,3,0,1,1,2,2,1
17087,9,4,10,2,4,0,1,1,2,2,1
17088,8,4,12,0,4,1,1,0,2,2,0
17089,6,2,11,4,11,1,1,1,2,2,0
17090,9,4,8,2,3,0,1,1,1,2,1
17091,6,4,1,2,6,0,1,1,2,2,0
17092,10,5,9,0,4,1,0,0,2,2,0
17093,3,4,11,4,8,4,0,0,2,2,0
17094,14,6,15,6,4,1,1,1,0,2,0
17095,3,6,12,4,4,1,1,1,2,2,0
17096,5,4,11,4,7,1,1,1,2,2,0
17097,3,6,9,4,4,1,0,1,1,2,0
17098,4,2,12,4,10,3,1,0,2,2,0
17099,4,4,11,2,8,0,1,1,0,1,0
17100,6,4,11,4,1,1,1,0,2,2,0
17101,4,6,11,4,5,1,1,1,2,2,0
17102,3,4,11,4,3,1,1,1,0,2,0
17103,7,4,1,2,7,0,1,1,2,2,0
17104,3,6,7,4,3,2,1,1,1,2,0
17105,8,4,9,0,13,1,1,0,2,2,0
17106,10,4,11,2,3,2,1,1,2,2,0
17107,7,4,12,2,10,0,1,1,2,2,1
17108,8,4,11,2,5,0,1,1,2,2,0
17109,5,4,11,4,14,3,1,1,0,2,0
17110,14,4,11,6,7,1,1,1,3,2,0
17111,5,6,11,4,8,1,1,0,2,2,0
17112,8,4,11,2,7,0,1,1,1,2,1
17113,9,4,12,2,10,0,0,1,2,2,0
17114,12,4,11,6,7,1,1,0,2,2,0
17115,6,6,9,2,4,0,1,1,1,2,0
17116,8,1,12,2,10,0,1,1,1,2,1
17117,5,4,9,4,1,3,0,0,0,2,0
17118,5,6,9,4,10,3,1,0,2,4,0
17119,6,4,9,2,13,0,1,1,1,2,1
17120,9,4,9,4,12,1,1,1,2,2,0
17121,12,4,1,0,8,4,0,0,2,0,0
17122,10,4,12,2,10,0,1,1,3,2,0
17123,10,4,5,2,5,0,1,1,2,2,0
17124,9,4,11,0,4,4,1,0,2,2,0
17125,10,4,7,6,1,1,1,0,2,2,0
17126,4,7,15,2,4,0,1,1,1,2,1
17127,11,4,11,0,6,4,0,0,2,2,0
17128,7,4,15,2,3,0,1,1,2,2,1
17129,8,5,2,2,12,5,1,0,3,2,1
17130,7,7,9,0,10,3,1,1,2,2,0
17131,5,4,10,2,12,0,1,1,2,2,1
17132,9,4,1,5,3,4,1,1,2,2,0
17133,8,4,11,2,1,0,1,1,2,2,1
17134,7,6,15,0,10,4,1,0,1,2,0
17135,8,4,15,0,12,4,0,0,2,2,0
17136,6,4,11,2,7,0,1,1,2,2,1
17137,9,0,7,0,0,1,1,1,2,2,0
17138,6,7,11,2,4,0,1,1,2,2,1
17139,11,4,2,2,6,0,1,1,2,2,1
17140,4,2,15,4,11,3,1,1,2,2,0
17141,8,4,11,2,14,0,1,1,1,2,1
17142,7,6,8,2,12,0,1,1,2,2,0
17143,4,4,9,4,4,3,1,0,1,2,0
17144,4,4,11,2,3,0,1,1,0,2,1
17145,18,4,15,4,8,1,1,0,3,2,0
17146,10,4,8,4,5,3,1,1,2,2,0
17147,9,4,4,2,6,0,1,1,2,2,1
17148,8,1,9,0,1,1,1,0,2,2,0
17149,4,4,15,4,8,3,1,0,2,2,0
17150,8,4,11,2,14,0,1,1,1,2,0
17151,9,4,5,2,7,0,1,1,2,2,1
17152,5,4,12,2,10,0,1,1,2,2,0
17153,9,4,1,2,3,0,1,1,2,2,1
17154,7,6,7,2,3,0,1,1,2,2,0
17155,13,4,11,2,3,0,1,1,2,2,0
17156,8,4,11,0,8,1,1,0,2,2,0
17157,7,4,11,2,12,0,1,1,2,2,0
17158,8,4,11,2,8,0,1,1,2,2,0
17159,3,4,15,4,12,1,0,1,0,2,0
17160,6,4,11,0,1,4,0,0,1,2,0
17161,12,4,11,2,8,0,1,1,2,2,1
17162,10,6,0,2,12,0,1,1,3,2,0
17163,7,4,12,2,10,0,1,1,2,2,1
17164,5,4,11,4,6,1,1,1,3,2,0
17165,6,6,5,4,5,3,1,1,2,2,0
17166,6,4,9,2,4,0,1,1,2,2,0
17167,9,4,15,2,7,0,1,1,2,2,1
17168,10,4,15,0,6,1,1,1,2,2,0
17169,10,4,0,2,3,0,1,1,2,2,1
17170,9,4,11,2,1,5,1,0,2,2,0
17171,5,4,15,2,8,0,1,1,2,2,1
17172,9,5,11,2,6,0,1,1,2,0,0
17173,10,4,9,5,4,4,0,1,2,2,0
17174,3,4,11,4,1,3,1,0,0,2,0
17175,4,4,11,4,7,1,1,1,2,2,0
17176,11,7,7,4,1,1,1,0,1,2,0
17177,11,1,15,2,1,5,1,0,2,2,0
17178,9,4,11,2,3,0,1,1,2,2,0
17179,10,6,15,2,5,0,1,1,2,2,1
17180,5,4,9,5,1,1,1,0,2,2,0
17181,11,4,1,2,7,0,1,1,2,2,0
17182,10,4,1,2,8,0,1,1,1,2,0
17183,5,4,11,2,6,0,1,1,2,2,0
17184,5,4,9,4,10,1,0,0,2,0,0
17185,5,4,9,4,3,2,1,1,2,2,1
17186,5,4,11,4,8,1,1,0,2,2,0
17187,8,6,9,2,5,0,1,1,1,2,0
17188,11,2,9,2,10,0,0,1,2,2,0
17189,6,4,11,0,7,4,0,1,2,2,1
17190,6,4,11,4,1,1,1,1,2,2,0
17191,4,4,1,4,12,1,1,0,1,4,0
17192,9,2,5,0,3,1,1,1,2,2,0
17193,4,4,8,4,1,3,1,1,1,2,0
17194,12,0,0,2,0,0,1,1,2,2,1
17195,4,4,12,4,10,3,1,0,1,2,0
17196,4,4,9,4,1,3,1,0,2,2,0
17197,8,6,6,2,5,0,1,1,2,2,1
17198,7,4,15,2,3,0,1,1,2,2,1
17199,6,4,10,2,14,0,1,1,2,2,0
17200,10,2,12,0,10,4,1,0,1,2,0
17201,11,4,11,0,1,4,0,0,0,2,0
17202,9,4,11,2,8,0,1,1,2,2,0
17203,11,4,0,2,6,0,1,1,2,2,0
17204,8,4,9,2,12,0,1,1,1,2,0
17205,9,4,12,2,4,5,1,0,2,2,0
17206,6,1,15,4,10,2,0,1,2,2,0
17207,11,4,11,2,8,0,1,1,2,2,1
17208,12,2,15,2,11,0,1,1,2,2,1
17209,12,4,8,6,1,4,1,0,2,2,0
17210,4,4,11,4,6,1,1,1,2,2,0
17211,11,4,11,0,8,3,1,0,2,2,0
17212,13,4,15,6,7,2,1,1,0,4,0
17213,14,4,11,2,4,0,0,1,0,2,1
17214,6,4,11,4,12,3,1,0,2,2,0
17215,7,4,11,2,14,0,1,1,2,1,0
17216,5,4,9,4,3,1,1,1,2,2,0
17217,10,4,11,2,6,0,1,1,4,2,0
17218,3,4,10,4,10,3,0,1,1,2,0
17219,3,4,1,4,8,2,1,1,1,2,0
17220,9,4,11,6,12,1,1,0,2,2,0
17221,7,5,9,2,10,0,1,1,2,2,0
17222,7,4,15,4,4,1,1,1,2,2,0
17223,3,0,11,4,0,1,1,0,1,2,0
17224,9,4,11,2,4,0,1,1,2,2,0
17225,10,7,12,2,10,0,1,1,2,2,0
17226,4,4,11,4,1,4,1,0,3,2,0
17227,11,4,2,6,6,4,0,0,1,2,0
17228,9,2,11,4,8,4,1,0,1,2,0
17229,12,0,8,2,0,0,1,1,2,2,0
17230,5,4,11,2,1,5,1,0,2,2,0
17231,6,4,11,2,3,0,1,1,2,2,1
17232,6,4,14,0,10,4,1,0,2,2,0
17233,11,4,12,0,10,4,0,0,2,2,0
17234,4,0,15,4,0,1,1,0,2,2,0
17235,8,4,0,2,4,5,1,0,2,2,0
17236,8,5,11,2,3,0,1,1,1,2,0
17237,7,4,11,2,3,0,1,1,3,2,0
17238,3,4,11,4,1,2,0,0,0,2,0
17239,4,4,11,4,3,3,1,1,2,2,0
17240,11,4,11,4,8,1,1,1,2,2,0
17241,6,4,15,2,8,5,1,0,1,2,1
17242,6,2,9,2,10,5,1,0,2,2,1
17243,7,4,15,2,4,0,1,1,2,2,1
17244,3,4,15,4,4,3,1,1,2,2,0
17245,8,4,15,2,12,0,1,1,2,2,1
17246,11,4,11,6,8,1,1,1,1,2,1
17247,6,4,15,2,12,0,1,1,2,2,0
17248,8,4,11,0,0,4,1,0,2,2,0
17249,5,4,12,3,4,1,1,1,2,2,1
17250,10,6,11,2,3,0,1,1,1,2,0
17251,5,4,15,2,4,0,1,1,1,2,1
17252,5,4,11,4,13,1,1,1,2,2,0
17253,10,4,9,2,10,0,1,1,2,2,1
17254,10,6,11,0,4,4,1,0,2,2,0
17255,5,4,9,2,10,0,1,1,1,2,1
17256,9,4,11,2,4,5,1,0,2,2,0
17257,7,4,8,4,13,1,1,1,2,1,0
17258,8,0,9,2,0,0,1,1,1,2,0
17259,7,6,15,2,13,0,1,1,2,2,1
17260,7,4,9,4,8,1,1,1,2,2,0
17261,9,4,11,0,7,1,1,0,2,2,0
17262,8,1,0,4,8,4,0,0,2,2,0
17263,11,4,11,2,3,0,1,1,2,2,0
17264,11,4,9,2,12,5,0,0,2,2,1
17265,10,4,2,2,14,0,1,1,2,2,0
17266,12,4,12,2,14,0,1,1,2,2,1
17267,4,4,1,4,8,1,1,1,2,2,0
17268,8,4,11,2,3,0,1,1,4,2,0
17269,9,7,1,0,1,4,1,1,3,2,0
17270,11,4,4,2,8,0,1,1,2,0,0
17271,9,6,15,0,12,4,1,0,2,2,0
17272,7,4,1,0,6,3,1,1,2,2,0
17273,9,6,6,2,5,0,1,1,2,2,0
17274,4,4,10,4,10,3,1,0,2,2,0
17275,6,4,11,4,4,1,0,1,2,2,0
17276,4,1,0,4,8,1,0,0,0,2,0
17277,6,4,9,4,12,3,1,1,2,2,0
17278,12,4,8,2,4,0,1,1,2,2,0
17279,5,4,15,4,3,3,1,1,2,2,1
17280,8,4,11,6,3,1,1,1,2,2,0
17281,9,2,15,2,1,0,1,1,2,2,1
17282,4,4,7,4,4,2,1,0,2,2,0
17283,10,4,15,2,1,0,1,1,2,2,0
17284,6,4,9,0,4,4,1,1,2,2,1
17285,11,4,11,2,3,0,1,1,3,2,1
17286,8,6,15,3,4,1,1,1,2,2,0
17287,10,4,8,2,3,0,1,1,2,2,1
17288,6,4,11,2,11,0,1,1,1,2,1
17289,9,4,15,2,7,0,1,1,3,2,0
17290,6,4,15,0,1,1,1,0,1,2,0
17291,7,6,12,2,5,0,1,1,2,2,1
17292,10,1,15,0,1,1,0,0,2,2,0
17293,5,4,1,2,6,0,1,1,2,2,1
17294,10,4,11,3,12,1,1,0,2,2,0
17295,6,4,11,4,14,1,0,1,2,0,0
17296,7,2,15,2,10,0,1,1,2,2,0
17297,7,4,11,4,8,2,1,0,2,2,0
17298,4,1,9,4,4,3,0,0,2,2,0
17299,11,4,15,2,5,0,1,1,2,2,1
17300,4,4,9,4,10,3,1,1,2,2,0
17301,8,4,7,2,6,0,1,1,3,2,1
17302,9,5,9,6,10,1,1,1,2,2,0
17303,4,4,11,4,14,3,1,1,0,2,0
17304,5,4,11,0,14,1,0,1,2,2,0
17305,8,6,9,2,4,0,1,1,3,2,1
17306,8,2,11,2,10,0,1,1,2,2,1
17307,10,5,15,0,12,1,0,0,2,0,0
17308,10,4,11,0,7,1,1,0,2,2,0
17309,10,6,11,2,12,0,1,1,2,2,0
17310,5,4,9,4,12,1,1,0,3,2,0
17311,10,4,15,0,1,1,1,1,2,2,0
17312,6,4,11,2,3,0,1,1,2,2,0
17313,8,4,9,4,12,1,1,1,2,2,0
17314,13,0,11,2,0,0,1,1,2,2,0
17315,8,4,5,2,7,0,1,1,2,2,1
17316,6,4,15,2,12,0,1,1,2,2,0
17317,4,1,14,4,4,3,1,1,1,2,0
17318,5,4,4,2,7,0,1,1,3,2,0
17319,11,1,9,2,10,0,1,1,2,2,0
17320,9,1,15,0,11,3,0,1,2,2,0
17321,4,4,15,4,1,1,1,0,1,2,0
17322,8,4,7,5,13,1,0,0,2,0,0
17323,4,1,7,4,3,4,1,1,2,2,1
17324,11,0,1,2,0,0,0,1,3,2,1
17325,9,4,15,0,4,1,1,1,2,2,0
17326,11,4,15,2,14,0,1,1,2,2,0
17327,5,4,15,4,12,3,1,0,2,2,0
17328,4,4,9,4,6,1,1,1,1,2,0
17329,6,2,15,2,10,5,1,0,2,2,0
17330,9,4,11,0,4,1,1,0,1,2,0
17331,5,4,11,4,8,4,0,0,2,2,0
17332,8,4,8,0,10,1,0,0,2,2,0
17333,11,4,11,2,12,0,0,1,2,4,1
17334,7,4,0,4,8,4,1,0,2,2,0
17335,7,1,12,2,1,5,1,0,1,2,0
17336,11,4,11,2,8,5,1,0,2,2,1
17337,8,4,11,2,4,0,1,1,0,2,1
17338,7,4,15,2,3,0,1,1,2,2,0
17339,8,4,9,0,12,4,0,1,4,2,0
17340,7,4,15,2,12,0,1,1,2,2,1
17341,7,4,15,2,12,0,1,1,2,2,0
17342,5,4,15,3,3,4,0,1,1,2,0
17343,5,4,15,4,1,1,0,0,3,2,0
17344,4,4,1,4,6,2,1,1,1,2,0
17345,9,4,1,0,14,0,1,1,2,2,0
17346,12,4,9,2,10,0,1,1,2,2,0
17347,7,4,14,2,10,0,1,1,3,2,0
17348,6,4,8,2,3,0,1,1,2,2,1
17349,4,4,0,4,8,2,1,0,1,2,0
17350,8,1,9,0,4,1,1,1,2,2,0
17351,4,4,9,4,1,1,1,0,1,2,1
17352,8,4,15,2,1,5,1,0,0,2,0
17353,4,6,9,4,10,4,1,0,2,2,0
17354,7,6,9,2,10,0,1,1,3,2,0
17355,9,2,12,5,10,1,1,0,2,2,0
17356,5,4,7,0,3,1,1,1,2,2,0
17357,9,6,11,2,10,0,1,1,2,2,0
17358,8,4,15,2,4,0,1,1,2,2,0
17359,5,7,15,2,1,0,1,1,2,2,0
17360,12,6,9,5,12,0,1,1,1,2,0
17361,7,4,15,2,3,0,1,1,2,2,1
17362,5,6,15,4,5,2,1,1,2,2,0
17363,4,4,15,2,12,0,1,1,2,2,1
17364,8,2,11,0,11,1,1,1,2,2,1
17365,7,4,11,4,7,3,1,0,2,4,0
17366,11,6,9,2,4,0,1,1,2,2,0
17367,7,4,11,4,7,1,1,0,2,2,0
17368,12,5,2,2,12,0,1,1,2,2,1
17369,6,4,1,2,7,0,1,1,2,2,0
17370,5,4,15,4,1,2,1,0,2,1,0
17371,3,4,15,4,1,3,1,0,1,2,0
17372,6,4,11,2,4,0,1,1,1,2,0
17373,6,4,11,2,8,0,1,1,3,2,1
17374,3,1,2,4,7,1,1,0,0,2,1
17375,7,4,15,4,4,3,1,1,2,2,0
17376,6,6,11,2,5,0,1,1,2,2,0
17377,11,4,12,2,4,0,1,1,2,2,0
17378,8,2,11,4,11,1,1,0,0,2,0
17379,5,4,11,2,6,0,1,1,2,2,0
17380,5,4,11,4,7,4,1,0,2,2,0
17381,4,2,12,4,4,1,1,0,2,2,0
17382,10,4,9,6,10,1,1,1,1,2,0
17383,11,4,12,2,10,5,1,0,2,2,0
17384,7,4,8,4,1,1,1,0,2,2,0
17385,8,1,11,4,3,1,1,1,2,2,0
17386,6,7,2,2,8,5,0,0,1,2,0
17387,3,4,9,4,4,3,1,1,1,3,0
17388,5,4,14,2,4,0,1,1,2,2,0
17389,5,4,4,4,7,3,0,1,2,2,0
17390,4,4,1,4,6,3,1,1,1,2,0
17391,4,4,14,4,10,2,1,0,2,2,0
17392,7,4,15,0,4,1,1,1,2,2,0
17393,3,4,11,4,1,3,1,1,1,2,0
17394,11,4,11,2,3,0,1,1,3,2,0
17395,8,4,11,0,14,4,1,1,2,2,0
17396,11,2,4,2,5,0,1,1,3,2,1
17397,9,4,11,2,3,0,1,1,1,2,0
17398,11,4,11,2,3,0,1,1,2,2,1
17399,8,4,10,4,4,1,1,1,2,2,0
17400,7,6,8,0,10,1,1,0,2,2,0
17401,3,4,11,4,1,1,1,0,1,2,0
17402,7,4,15,2,10,0,1,1,2,2,1
17403,4,4,0,4,12,2,1,1,1,2,0
17404,3,4,9,4,10,1,1,1,1,0,0
17405,9,4,9,2,1,5,1,0,2,2,1
17406,6,4,1,2,3,0,1,1,2,2,0
17407,4,4,11,4,3,3,1,1,2,2,0
17408,6,0,15,2,0,0,1,1,2,2,0
17409,10,4,9,2,12,0,1,1,2,2,0
17410,4,4,11,4,1,1,0,0,2,2,1
17411,4,0,5,4,0,4,0,0,2,2,0
17412,3,4,15,4,1,1,1,1,2,2,0
17413,3,4,11,4,7,1,1,1,1,2,0
17414,5,4,11,4,14,1,0,1,3,2,0
17415,10,4,9,4,12,3,1,1,2,2,0
17416,5,4,11,2,12,0,1,1,0,2,0
17417,8,4,1,4,8,1,1,0,3,2,0
17418,6,4,11,0,3,1,1,1,3,2,0
17419,10,4,11,2,7,0,1,1,2,2,0
17420,6,6,1,4,12,1,0,0,2,4,0
17421,8,4,11,2,4,0,1,1,2,2,0
17422,10,2,11,0,14,1,1,1,1,2,0
17423,9,0,9,2,0,0,0,1,0,2,1
17424,7,4,12,5,4,4,1,0,2,2,0
17425,16,4,15,4,8,3,0,0,1,2,0
17426,11,4,9,5,4,1,1,0,3,2,0
17427,4,4,11,4,8,1,1,0,2,2,0
17428,6,4,11,4,7,4,0,0,2,2,0
17429,11,4,11,2,3,0,1,1,2,2,0
17430,7,4,2,5,9,1,1,0,0,2,0
17431,11,4,11,2,6,5,0,0,2,2,0
17432,9,4,9,2,10,0,1,1,2,2,0
17433,10,4,15,2,14,0,1,1,2,2,1
17434,6,4,12,2,4,0,1,1,2,2,0
17435,4,2,9,4,3,3,0,1,1,2,0
17436,9,4,11,4,7,1,1,0,2,2,1
17437,7,4,11,2,1,0,1,1,0,2,1
17438,8,4,11,5,8,1,1,0,2,2,0
17439,6,4,11,4,8,1,1,0,1,2,1
17440,6,4,9,5,1,4,0,0,2,2,0
17441,5,4,15,4,8,3,1,0,4,2,0
17442,5,4,11,4,5,1,1,1,1,2,0
17443,10,4,12,4,10,1,1,1,2,2,0
17444,4,6,7,4,10,4,1,0,2,2,0
17445,4,4,9,2,12,0,1,1,2,2,1
17446,8,4,12,4,4,3,1,1,2,2,0
17447,8,6,15,4,10,4,1,0,2,2,0
17448,4,4,15,4,1,1,1,0,1,2,0
17449,8,4,1,2,12,0,1,1,2,2,0
17450,10,1,15,4,1,4,0,0,2,2,0
17451,11,0,15,2,0,0,1,1,2,2,0
17452,5,4,1,4,13,1,0,0,2,2,0
17453,6,1,15,2,1,0,1,1,1,2,1
17454,5,4,11,2,6,0,1,1,2,2,0
17455,16,4,9,0,8,4,0,0,1,2,0
17456,6,4,9,4,12,1,1,0,2,2,0
17457,5,4,11,4,8,1,1,1,2,2,0
17458,9,2,15,0,10,4,1,0,2,2,0
17459,6,1,15,4,6,4,1,0,2,2,0
17460,8,4,11,2,4,2,0,1,2,2,0
17461,5,4,11,4,5,3,1,1,1,2,0
17462,10,5,9,2,12,0,1,1,2,2,1
17463,6,4,9,2,7,0,1,1,2,2,0
17464,11,4,15,5,12,3,0,1,2,2,0
17465,8,0,15,4,0,1,1,0,2,2,0
17466,4,1,10,4,4,1,1,1,2,2,0
17467,12,4,7,0,1,4,1,0,2,2,0
17468,11,4,1,2,6,0,1,1,3,2,1
17469,5,4,15,4,11,1,1,0,2,2,0
17470,4,4,15,4,8,1,0,0,2,2,1
17471,4,0,15,4,0,3,1,0,2,1,0
17472,8,5,11,3,12,1,1,0,2,1,0
17473,5,4,15,2,7,0,1,1,2,2,1
17474,10,4,2,0,7,3,1,0,2,2,0
17475,10,2,12,2,10,5,0,0,0,2,1
17476,9,4,11,0,1,4,0,0,2,2,0
17477,5,6,11,4,5,3,1,1,2,2,0
17478,12,4,11,2,1,5,1,0,2,2,0
17479,12,6,11,0,12,1,1,0,1,2,0
17480,4,4,0,4,7,3,1,0,2,2,0
17481,6,4,11,2,8,0,0,1,2,2,1
17482,9,4,9,2,10,0,1,1,1,2,1
17483,14,6,1,6,3,1,1,1,2,2,1
17484,12,2,15,2,11,0,1,1,2,2,0
17485,5,6,9,4,4,1,0,1,2,0,0
17486,7,4,11,2,12,0,1,1,2,2,0
17487,3,4,9,4,10,3,1,1,1,2,0
17488,9,4,15,2,7,0,1,1,2,2,1
17489,5,4,9,4,4,1,1,1,2,2,0
17490,11,4,7,2,12,0,1,1,0,2,0
17491,11,4,11,4,12,3,1,1,2,2,0
17492,5,1,9,0,10,4,1,0,2,2,0
17493,3,4,15,4,3,1,1,1,2,2,0
17494,10,4,2,6,12,1,1,1,0,2,0
17495,7,2,14,2,10,5,1,0,2,2,1
17496,7,4,15,0,8,1,1,0,2,2,0
17497,11,2,0,2,1,0,1,1,2,2,1
17498,8,2,9,2,10,0,0,1,2,2,0
17499,6,4,9,2,3,0,1,1,2,2,1
17500,8,4,15,4,8,2,1,1,1,2,0
17501,7,4,9,2,13,0,1,1,1,2,1
17502,7,6,9,2,12,0,1,1,2,2,1
17503,5,2,8,2,1,0,0,1,2,0,1
17504,12,4,8,2,4,0,1,1,2,2,0
17505,3,7,6,4,5,4,1,1,1,2,0
17506,9,4,10,2,10,0,1,1,3,2,1
17507,4,4,11,4,12,1,1,0,0,2,0
17508,3,4,4,4,14,3,1,1,1,2,0
17509,3,4,6,4,1,3,1,0,1,2,0
17510,9,2,11,2,1,0,1,1,2,2,1
17511,7,4,9,0,10,1,0,0,2,2,0
17512,7,2,11,5,11,1,1,0,3,2,0
17513,5,1,15,4,12,3,1,0,2,2,0
17514,5,4,15,4,12,3,1,0,2,2,0
17515,7,7,9,4,4,1,1,0,2,2,0
17516,8,0,9,4,0,3,1,0,2,2,0
17517,7,4,11,2,14,0,1,1,2,2,0
17518,5,4,2,2,3,0,1,1,2,2,0
17519,6,4,15,2,8,5,0,0,2,0,0
17520,8,4,15,2,7,0,1,1,2,2,0
17521,6,4,9,2,10,0,1,1,2,2,1
17522,10,4,11,2,3,0,1,1,2,2,0
17523,9,4,9,2,4,5,1,0,2,2,0
17524,4,7,9,3,10,4,1,0,2,2,0
17525,9,4,9,4,9,1,1,0,3,2,1
17526,4,4,11,4,7,1,1,0,2,2,0
17527,10,4,15,0,8,3,1,0,2,3,0
17528,6,4,7,4,1,1,1,1,2,2,0
17529,4,4,15,4,4,2,1,0,2,2,0
17530,3,4,15,4,7,3,1,0,0,2,0
17531,9,4,11,0,13,1,1,0,2,2,0
17532,6,4,11,4,6,3,1,1,1,2,0
17533,15,4,15,2,12,0,1,1,2,2,1
17534,4,6,11,4,3,1,1,1,2,2,0
17535,13,4,15,2,7,5,1,0,2,2,0
17536,8,4,11,0,9,4,1,0,1,1,0
17537,5,4,7,4,4,3,1,1,1,2,0
17538,7,6,0,2,5,0,1,1,1,2,1
17539,10,6,11,2,12,0,1,1,2,2,0
17540,3,4,1,4,12,3,1,1,1,2,0
17541,8,4,11,0,12,1,1,1,1,2,0
17542,3,4,11,6,12,1,1,0,1,2,0
17543,4,4,15,4,3,1,0,1,2,2,0
17544,8,4,11,2,3,0,1,1,2,2,1
17545,6,4,11,0,9,4,1,0,2,2,0
17546,7,4,11,2,6,0,1,1,2,2,1
17547,10,4,11,2,6,0,1,1,1,2,0
17548,10,4,15,6,4,1,0,1,2,2,0
17549,6,6,11,0,3,1,1,1,2,2,0
17550,9,4,11,0,7,3,1,1,2,2,0
17551,8,4,11,2,7,0,1,1,2,2,0
17552,10,4,11,0,12,4,0,0,2,2,0
17553,10,4,1,6,8,1,1,0,2,2,1
17554,4,4,11,4,3,4,1,1,1,2,0
17555,12,4,11,0,8,1,1,1,2,2,0
17556,6,0,4,0,0,4,1,0,2,2,0
17557,3,4,15,4,1,1,1,0,1,2,0
17558,5,4,15,2,11,0,1,1,2,2,1
17559,4,5,11,4,4,1,1,1,2,2,0
17560,9,5,12,2,4,0,1,1,2,3,1
17561,8,4,9,2,4,0,1,1,2,2,0
17562,4,4,15,4,10,1,1,1,3,2,0
17563,6,4,5,4,8,4,0,0,1,0,1
17564,4,2,8,4,10,1,1,0,2,2,1
17565,6,5,11,5,8,4,1,0,2,2,0
17566,8,4,9,2,10,0,1,1,1,2,1
17567,3,6,11,4,3,3,1,1,1,2,0
17568,8,0,11,2,0,0,0,1,2,2,0
17569,5,4,15,4,4,3,1,1,2,2,0
17570,13,4,12,2,4,0,1,1,1,2,1
17571,5,5,5,2,5,0,1,1,1,2,1
17572,10,4,9,2,3,0,1,1,2,2,1
17573,13,4,11,4,13,3,1,1,2,2,0
17574,10,4,11,2,5,0,1,1,2,2,0
17575,4,4,11,0,1,4,1,0,2,2,0
17576,9,4,15,0,4,3,1,0,2,4,0
17577,10,4,15,2,3,0,1,1,2,2,0
17578,11,4,9,2,12,2,1,0,1,2,0
17579,6,5,11,2,10,0,1,1,1,2,0
17580,12,6,12,2,13,0,1,1,2,2,0
17581,6,4,15,4,1,3,1,1,3,2,0
17582,5,4,6,2,14,0,1,1,2,2,0
17583,5,4,15,2,1,0,1,1,2,2,1
17584,10,4,9,2,12,0,1,1,3,2,1
17585,10,7,9,2,10,0,1,1,3,2,1
17586,5,4,12,4,4,2,0,0,1,2,0
17587,9,4,12,2,10,0,1,1,2,2,0
17588,6,4,15,2,3,0,1,1,2,2,1
17589,6,2,15,2,14,0,1,1,2,2,0
17590,5,6,5,4,3,3,1,1,2,2,0
17591,9,0,1,2,0,0,1,1,1,2,1
17592,8,4,9,2,12,0,0,1,2,2,1
17593,5,4,5,2,8,0,1,1,2,2,0
17594,5,4,1,4,3,1,0,1,3,2,0
17595,4,7,15,3,4,1,1,1,2,2,0
17596,8,4,9,0,7,3,1,0,2,2,0
17597,5,4,9,2,12,0,1,1,2,1,0
17598,12,4,11,0,8,4,0,0,2,2,0
17599,9,4,12,2,12,0,1,1,2,2,0
17600,4,4,15,5,3,4,0,1,2,2,0
17601,7,2,11,4,7,4,0,0,2,2,1
17602,4,7,15,4,10,1,1,0,1,2,0
17603,8,5,9,2,12,5,1,0,2,2,1
17604,9,7,8,2,4,0,1,1,2,2,0
17605,3,4,9,4,10,3,0,1,2,2,0
17606,4,4,15,4,12,3,1,1,2,2,0
17607,6,4,15,2,4,0,1,1,2,2,0
17608,10,1,7,2,11,0,1,1,1,2,1
17609,8,0,4,2,0,5,1,0,2,2,1
17610,8,7,15,0,4,4,0,0,2,2,0
17611,5,1,15,3,1,4,0,0,2,0,0
17612,5,4,14,4,10,1,1,1,2,2,0
17613,4,2,15,4,8,3,0,1,1,2,0
17614,9,4,15,0,12,1,1,1,1,2,0
17615,7,4,11,2,10,0,1,1,0,2,0
17616,11,4,11,0,5,1,1,1,3,2,0
17617,4,5,11,4,4,3,1,1,1,2,0
17618,13,4,9,2,4,0,1,1,2,2,0
17619,12,6,7,3,12,1,1,0,0,2,1
17620,6,5,9,4,4,1,1,0,2,2,1
17621,8,4,7,2,6,0,1,1,2,2,0
17622,9,4,12,2,13,0,1,1,2,2,1
17623,10,4,15,2,3,0,1,1,1,2,0
17624,8,4,10,4,10,1,1,1,2,2,0
17625,7,4,11,2,3,0,1,1,2,2,1
17626,8,4,9,2,10,1,1,1,2,2,0
17627,4,6,11,4,8,1,1,0,2,2,0
17628,9,7,12,0,10,4,1,0,3,2,0
17629,10,0,15,2,0,3,0,1,1,2,0
17630,4,4,11,4,3,1,1,0,2,2,0
17631,9,4,11,0,14,1,1,1,2,2,0
17632,5,4,10,4,10,1,1,0,2,2,0
17633,9,2,12,2,10,0,1,1,1,2,0
17634,7,4,15,0,4,4,1,0,2,2,1
17635,8,4,12,2,13,0,1,1,2,2,0
17636,7,6,9,2,12,0,1,1,2,2,0
17637,9,4,15,2,6,0,1,1,2,2,1
17638,5,4,15,4,4,1,1,0,2,2,0
17639,10,7,11,0,8,1,1,0,2,2,0
17640,8,4,15,2,5,0,1,1,2,2,1
17641,8,4,11,2,3,0,1,1,1,2,0
17642,6,4,11,2,14,0,1,1,2,2,0
17643,3,4,15,4,4,4,1,0,1,2,0
17644,4,4,9,4,4,1,1,0,2,2,0
17645,5,4,11,4,8,3,1,0,2,2,0
17646,12,4,11,0,1,4,1,0,2,2,0
17647,5,4,11,4,7,3,1,1,2,2,0
17648,4,4,11,4,7,1,1,1,1,2,0
17649,11,7,9,2,1,5,1,0,2,2,0
17650,10,2,15,2,3,0,1,1,2,2,1
17651,7,4,11,2,1,0,1,1,4,3,0
17652,5,4,7,4,12,1,1,1,2,2,0
17653,14,6,12,2,10,0,1,1,3,2,0
17654,8,4,11,2,8,5,1,0,2,2,1
17655,6,4,0,4,8,4,1,0,2,2,0
17656,7,4,15,2,6,0,1,1,2,2,1
17657,6,5,7,2,4,0,0,1,2,2,1
17658,7,4,7,4,10,3,1,0,2,2,0
17659,7,4,8,0,8,1,0,0,2,2,0
17660,3,4,15,4,12,3,0,1,2,0,0
17661,12,4,11,2,1,0,1,1,2,2,0
17662,5,4,11,2,1,0,1,1,2,2,0
17663,5,4,0,4,8,3,1,0,0,2,0
17664,5,4,9,4,12,4,0,0,1,2,0
17665,5,4,15,4,7,2,1,1,2,2,0
17666,6,4,9,4,12,3,1,1,3,2,0
17667,9,7,15,0,8,1,1,0,2,2,0
17668,7,4,9,2,12,0,1,1,3,2,0
17669,11,2,11,2,7,0,1,1,2,2,1
17670,5,0,15,2,0,0,1,1,2,2,1
17671,10,6,14,2,10,0,1,1,2,2,1
17672,5,4,12,2,8,0,1,1,2,2,1
17673,5,4,11,0,1,1,1,0,2,2,0
17674,6,4,9,4,12,3,1,0,2,2,0
17675,9,6,0,5,3,4,0,1,2,2,0
17676,10,4,11,2,14,0,1,1,2,2,1
17677,10,4,15,6,8,4,1,0,2,2,0
17678,5,4,11,4,8,4,1,1,2,2,0
17679,11,4,11,2,4,0,1,1,3,2,0
17680,5,4,8,0,13,1,0,0,1,2,0
17681,8,0,15,2,0,0,1,1,2,2,1
17682,6,4,11,2,6,0,1,1,2,2,0
17683,11,4,15,0,14,1,1,1,2,2,0
17684,9,4,15,0,1,4,1,0,2,2,0
17685,3,4,12,4,10,3,1,0,0,2,0
17686,7,4,9,2,4,0,1,1,2,2,0
17687,8,5,9,4,4,3,1,1,2,2,0
17688,5,0,15,4,0,3,1,1,2,2,0
17689,6,4,0,2,6,0,1,1,2,2,0
17690,8,2,11,2,11,0,1,1,2,2,0
17691,7,4,11,0,7,4,1,0,2,2,1
17692,4,4,11,4,12,1,1,0,2,2,0
17693,7,4,11,2,14,2,0,1,1,2,0
17694,9,4,15,2,3,0,0,1,1,2,1
17695,10,4,15,4,1,3,0,1,2,2,0
17696,7,4,11,4,1,1,1,1,2,2,0
17697,9,4,15,2,5,0,1,1,3,2,0
17698,11,4,7,3,1,1,1,0,1,2,0
17699,7,6,11,2,14,0,1,1,2,2,1
17700,11,4,12,2,4,0,0,1,2,2,0
17701,5,4,2,4,14,2,1,1,2,2,0
17702,6,4,11,2,7,0,1,1,2,2,0
17703,4,4,7,4,10,3,1,1,2,2,0
17704,9,1,1,4,14,3,1,1,2,2,0
17705,5,6,11,4,12,4,1,0,1,2,0
17706,5,4,7,2,8,0,1,1,1,2,0
17707,9,0,11,4,0,3,0,0,1,4,0
17708,4,6,11,2,3,0,1,1,2,2,1
17709,8,4,15,4,1,4,1,0,2,2,0
17710,11,4,15,6,12,0,0,1,2,2,1
17711,7,4,15,2,1,3,1,0,2,2,0
17712,10,4,7,2,13,0,1,1,2,2,0
17713,11,4,12,2,10,0,1,1,3,2,0
17714,6,1,15,4,1,1,1,0,1,2,0
17715,8,6,11,0,12,1,1,0,3,2,0
17716,6,2,8,2,11,0,1,1,3,2,1
17717,7,4,11,2,1,0,1,1,2,2,0
17718,3,4,15,4,4,4,1,0,2,2,0
17719,6,5,9,4,12,4,1,0,2,2,0
17720,10,4,9,2,10,0,1,1,1,2,0
17721,9,5,9,0,12,1,1,1,2,2,0
17722,6,4,7,0,1,1,1,0,2,2,0
17723,4,2,11,4,10,3,0,1,1,2,0
17724,5,5,11,4,12,3,0,0,1,0,0
17725,10,4,14,0,10,1,1,0,3,2,0
17726,5,4,8,4,8,1,1,0,2,1,0
17727,12,4,11,0,1,4,0,0,2,2,0
17728,6,4,8,3,13,1,1,1,2,2,0
17729,12,4,15,2,14,0,1,1,2,2,1
17730,9,4,11,4,12,1,0,0,2,2,0
17731,10,4,1,2,14,0,1,1,2,2,1
17732,8,7,9,0,10,3,1,1,2,2,0
17733,5,4,6,4,3,3,1,1,2,2,0
17734,3,1,11,4,13,1,1,1,0,2,0
17735,4,2,12,4,10,3,1,0,0,2,0
17736,4,1,9,4,13,3,0,1,1,2,0
17737,6,4,9,4,8,3,1,1,2,2,0
17738,9,4,1,2,12,0,1,1,2,2,1
17739,10,6,15,0,13,1,1,0,1,2,0
17740,7,7,11,4,1,3,1,0,1,2,0
17741,11,4,11,2,14,0,1,1,2,2,1
17742,10,4,15,2,12,0,1,1,3,2,0
17743,10,4,2,2,6,0,1,1,3,2,1
17744,5,4,11,4,7,3,1,0,2,2,0
17745,6,4,0,2,3,0,1,1,1,2,1
17746,7,4,15,2,4,0,0,1,2,2,0
17747,10,4,15,2,3,0,1,1,2,2,1
17748,5,0,11,4,0,1,1,0,1,2,0
17749,3,4,15,4,4,3,1,0,1,2,0
17750,4,4,11,4,4,1,1,0,1,2,1
17751,10,4,5,2,7,0,1,1,2,2,1
17752,6,0,5,2,0,5,1,0,2,2,0
17753,12,4,11,2,7,0,1,1,2,2,1
17754,6,1,11,0,13,1,0,0,2,2,0
17755,5,7,15,2,14,0,1,1,2,2,1
17756,11,4,11,0,3,1,0,1,2,2,0
17757,5,7,9,2,11,0,1,1,2,2,1
17758,9,4,15,4,4,2,0,0,2,2,0
17759,5,4,11,2,12,0,1,1,2,2,1
17760,9,5,15,0,4,1,1,1,2,2,0
17761,5,4,12,4,4,4,0,0,2,2,0
17762,9,4,11,2,4,0,1,1,2,2,1
17763,8,7,9,4,13,1,1,1,2,2,0
17764,4,4,9,4,4,3,1,0,2,2,0
17765,6,4,9,5,4,1,1,1,2,2,0
17766,5,5,12,4,10,1,1,1,2,2,0
17767,10,4,11,0,7,1,1,1,1,2,0
17768,4,4,11,4,3,3,1,1,2,2,0
17769,9,4,9,0,4,4,1,0,2,2,0
17770,9,4,9,2,10,0,1,1,2,2,0
17771,8,4,3,4,11,3,0,1,2,2,0
17772,14,4,9,6,4,2,1,1,1,2,0
17773,10,2,8,2,5,0,1,1,3,2,1
17774,8,4,5,4,3,1,1,1,2,2,0
17775,11,4,15,2,12,0,1,1,2,4,0
17776,3,4,15,4,3,1,1,1,2,2,0
17777,5,4,11,2,7,0,1,1,2,2,0
17778,12,4,3,2,6,0,1,1,2,2,0
17779,6,4,10,0,1,1,1,0,2,2,0
17780,10,4,11,5,6,1,1,1,2,2,0
17781,8,6,9,2,12,0,1,1,2,2,1
17782,4,4,0,4,8,4,0,0,2,2,1
17783,5,4,12,2,13,0,1,1,2,2,0
17784,3,4,12,4,10,3,1,0,1,2,0
17785,6,4,11,4,7,1,1,1,2,2,0
17786,6,4,15,2,5,0,1,1,2,2,1
17787,8,4,11,2,12,0,1,1,2,2,1
17788,7,1,11,2,14,0,1,1,2,2,0
17789,7,6,9,2,4,0,0,1,2,2,1
17790,7,4,6,2,8,0,1,1,2,2,0
17791,9,4,15,2,1,0,0,1,1,0,0
17792,8,5,15,4,14,1,1,1,1,2,1
17793,8,4,1,2,4,0,1,1,2,2,0
17794,8,6,11,2,3,0,1,1,2,2,1
17795,10,4,1,0,8,1,1,1,1,2,0
17796,8,6,15,0,8,4,1,0,2,2,0
17797,7,4,11,2,1,0,1,1,2,2,0
17798,9,1,9,0,1,1,1,0,3,2,0
17799,4,4,2,4,9,1,1,0,2,2,1
17800,4,4,9,4,1,1,1,0,2,2,0
17801,11,4,9,2,11,0,1,1,2,2,0
17802,3,4,11,4,1,3,0,1,1,2,0
17803,4,6,11,4,3,3,1,1,1,2,0
17804,9,4,15,4,3,3,1,1,2,2,0
17805,6,4,15,2,1,5,1,0,1,2,0
17806,12,4,12,2,1,5,1,0,1,2,0
17807,8,2,11,2,6,0,1,1,2,2,1
17808,10,7,9,2,4,0,1,1,2,2,1
17809,7,4,11,5,8,1,0,1,1,2,0
17810,8,6,15,2,14,0,1,1,2,2,1
17811,9,4,11,0,12,1,1,0,2,2,0
17812,8,4,11,2,3,0,1,1,1,2,1
17813,3,0,11,4,0,3,1,1,0,2,0
17814,9,6,8,2,3,0,1,1,2,2,0
17815,11,4,9,2,13,0,1,1,2,2,1
17816,5,6,9,4,5,1,1,1,1,2,1
17817,6,4,2,2,6,0,1,1,2,1,0
17818,8,4,11,2,4,0,1,1,2,4,1
17819,13,4,15,4,4,1,1,1,0,2,0
17820,4,4,9,4,4,1,1,1,1,2,1
17821,11,4,2,2,3,0,1,1,2,2,1
17822,10,4,9,2,10,0,1,1,2,2,1
17823,5,4,8,4,13,2,1,1,2,2,0
17824,12,4,9,2,4,0,1,1,1,1,0
17825,11,4,9,2,6,0,1,1,1,2,0
17826,6,4,8,4,1,3,0,1,2,0,0
17827,6,4,14,3,10,1,1,1,0,2,1
17828,7,4,11,2,3,0,1,1,2,2,0
17829,3,1,2,4,8,4,0,0,1,2,0
17830,6,4,11,2,3,0,1,1,2,2,1
17831,8,6,11,2,14,0,1,1,2,2,0
17832,6,4,9,4,1,4,0,0,2,2,0
17833,3,4,11,4,12,1,1,0,2,2,0
17834,8,4,8,0,1,1,1,0,2,2,0
17835,6,2,14,0,10,4,1,0,3,2,0
17836,11,2,11,6,3,1,1,1,1,2,0
17837,6,7,9,5,1,1,0,0,2,2,0
17838,7,4,12,4,12,4,1,0,2,2,0
17839,4,4,15,4,6,3,0,1,1,0,0
17840,8,4,11,2,3,0,0,1,1,2,1
17841,5,4,1,4,1,4,0,0,2,2,0
17842,9,4,9,2,10,0,1,1,2,2,0
17843,10,4,11,4,6,3,0,1,2,2,0
17844,10,4,15,2,1,5,1,0,3,2,1
17845,9,4,15,2,1,0,1,1,2,2,0
17846,4,4,1,4,6,3,1,0,1,2,0
17847,10,6,8,4,10,4,1,0,2,2,0
17848,7,6,9,0,12,4,1,1,2,2,0
17849,5,4,14,2,10,5,1,0,2,2,1
17850,6,4,12,2,8,0,1,1,2,2,0
17851,3,4,11,4,6,4,1,1,0,2,0
17852,8,5,9,2,4,0,1,1,2,2,0
17853,5,0,6,4,0,4,1,0,2,2,0
17854,11,4,12,0,10,1,0,1,0,4,0
17855,9,4,11,2,8,5,0,0,3,2,0
17856,5,4,11,2,1,0,1,1,2,2,1
17857,8,4,15,2,12,0,1,1,2,2,0
17858,5,4,11,2,14,0,1,1,3,2,0
17859,8,4,11,2,14,0,1,1,2,2,1
17860,6,4,15,2,3,0,1,1,2,2,1
17861,5,2,10,4,10,3,1,1,2,2,0
17862,13,4,6,6,6,1,1,1,2,2,1
17863,10,2,11,4,11,3,1,1,3,2,0
17864,6,4,11,5,4,1,1,1,2,2,0
17865,7,2,14,0,10,1,1,1,2,2,1
17866,8,2,12,0,10,1,1,0,2,2,0
17867,10,7,11,4,10,1,1,0,2,2,1
17868,7,4,2,4,1,1,1,0,2,2,0
17869,9,4,11,2,1,0,1,1,3,2,0
17870,6,4,9,0,4,4,1,0,2,2,0
17871,3,4,15,4,8,3,1,0,2,2,0
17872,5,4,8,4,6,1,1,1,0,2,0
17873,6,4,15,2,6,0,1,1,2,2,0
17874,11,1,11,5,1,4,1,0,2,2,0
17875,9,4,2,2,3,0,1,1,2,2,0
17876,5,4,11,2,4,0,1,1,2,2,1
17877,6,6,9,4,10,1,1,0,2,2,0
17878,9,4,9,0,4,4,1,0,2,2,0
17879,5,4,11,4,10,1,1,1,2,2,0
17880,5,6,11,2,5,0,1,1,2,2,0
17881,3,4,1,3,12,3,1,0,1,2,0
17882,10,0,15,4,0,3,1,0,2,2,0
17883,5,4,15,4,12,2,1,1,3,2,0
17884,5,4,1,4,3,3,1,1,2,2,0
17885,4,4,11,4,8,2,1,0,1,2,0
17886,9,4,15,2,12,0,1,1,2,2,0
17887,6,4,11,4,8,4,1,0,2,4,0
17888,3,4,8,4,4,1,0,0,1,2,0
17889,3,4,11,4,12,4,0,0,2,2,0
17890,6,4,9,2,10,0,1,1,2,2,1
17891,15,4,15,2,6,0,1,1,1,2,1
17892,9,4,15,2,4,0,0,1,2,2,1
17893,6,4,15,0,1,4,1,0,2,2,0
17894,6,0,15,2,0,0,1,1,2,2,0
17895,10,5,0,2,12,0,1,1,2,2,1
17896,13,4,9,2,10,0,1,1,0,2,1
17897,4,4,11,4,8,1,1,0,1,2,0
17898,11,4,9,2,12,0,1,1,2,2,0
17899,6,5,9,2,4,5,1,0,2,2,0
17900,12,4,11,2,1,3,1,0,2,2,0
17901,9,4,15,5,12,4,0,0,2,4,0
17902,4,8,9,4,10,3,1,1,2,2,0
17903,8,4,7,0,13,4,1,0,2,2,0
17904,5,4,11,4,3,3,1,1,1,2,0
17905,5,2,15,4,8,4,1,0,2,2,0
17906,7,4,1,2,14,0,0,1,3,2,0
17907,4,4,15,4,10,1,1,1,2,2,0
17908,4,4,9,4,10,3,1,0,2,2,0
17909,4,1,1,4,5,1,1,1,2,2,0
17910,10,4,9,2,7,0,1,1,1,2,0
17911,9,4,15,2,1,0,1,1,2,2,1
17912,4,4,12,4,10,3,1,0,3,2,0
17913,7,2,12,2,10,0,1,1,2,2,0
17914,7,6,11,2,3,0,1,1,2,2,1
17915,4,4,6,4,8,1,1,0,2,2,0
17916,5,4,15,4,1,1,1,1,2,2,0
17917,8,4,8,3,4,1,1,1,2,2,0
17918,7,6,9,0,5,3,1,1,1,2,0
17919,6,2,15,4,1,3,1,0,2,2,0
17920,3,4,8,4,13,1,1,1,1,2,0
17921,4,4,11,4,7,4,1,0,2,2,0
17922,7,4,12,4,4,2,1,0,3,2,0
17923,7,2,11,2,3,0,1,1,2,2,0
17924,10,4,2,2,1,0,0,1,0,2,1
17925,7,4,1,2,5,0,1,1,2,2,1
17926,4,4,15,4,8,3,1,1,2,2,0
17927,7,2,1,4,8,1,1,1,2,2,0
17928,12,6,11,2,5,0,1,1,2,2,0
17929,7,4,15,2,5,0,1,1,2,2,0
17930,13,4,11,0,8,4,0,0,2,0,0
17931,11,6,15,2,3,0,1,1,2,2,0
17932,9,4,12,2,10,0,0,1,1,2,0
17933,4,7,11,4,4,1,1,1,2,2,0
17934,11,4,7,6,13,1,1,0,2,2,0
17935,3,0,15,4,0,3,1,0,1,2,0
17936,6,5,15,2,10,0,1,1,1,4,0
17937,7,4,15,2,8,0,1,1,2,2,0
17938,9,2,11,2,11,0,1,1,2,2,1
17939,11,4,15,2,12,0,1,1,3,2,1
17940,9,4,11,2,3,0,1,1,2,2,1
17941,10,4,11,4,8,3,1,1,3,2,0
17942,6,2,11,0,4,4,1,0,2,2,0
17943,6,7,11,2,10,5,1,0,1,3,1
17944,10,4,9,2,4,0,1,1,2,2,1
17945,3,4,7,4,12,3,1,1,1,2,0
17946,3,4,15,4,10,4,1,0,1,2,0
17947,10,6,0,2,5,0,1,1,2,2,1
17948,7,4,11,0,1,4,1,0,2,2,0
17949,6,4,11,4,8,1,1,0,2,2,0
17950,12,7,15,0,10,4,1,1,1,2,0
17951,5,4,9,4,12,1,1,0,2,2,0
17952,7,4,11,2,3,0,1,1,2,2,1
17953,11,7,15,2,4,0,1,1,2,2,1
17954,4,4,12,4,4,1,0,1,1,2,0
17955,6,4,13,2,3,0,1,1,2,2,0
17956,9,4,11,0,6,4,1,1,2,2,0
17957,6,4,8,2,7,0,1,1,2,2,1
17958,6,4,15,2,1,0,1,1,2,2,1
17959,6,0,15,4,0,3,1,0,1,2,0
17960,5,4,11,4,5,1,1,1,3,2,0
17961,4,4,11,4,7,3,0,1,2,4,0
17962,13,4,11,6,8,1,0,1,3,2,0
17963,7,4,15,2,8,5,1,0,2,2,0
17964,10,5,9,4,4,1,1,1,2,2,0
17965,7,5,11,0,5,4,1,0,2,2,0
17966,11,4,15,0,14,1,1,1,2,2,1
17967,6,2,8,2,13,0,1,1,2,2,0
17968,6,4,9,2,13,0,1,1,2,2,1
17969,4,4,1,4,7,2,0,0,2,0,0
17970,9,4,15,2,14,0,1,1,3,2,1
17971,5,4,1,4,12,1,1,0,2,2,0
17972,4,2,9,4,10,1,1,1,2,2,0
17973,8,4,9,2,10,0,1,1,1,2,1
17974,11,7,15,2,11,0,1,1,2,2,1
17975,3,4,11,4,1,1,1,1,2,2,0
17976,10,4,9,6,10,1,1,1,2,2,0
17977,5,2,15,2,1,0,1,1,2,2,1
17978,11,4,9,2,10,0,1,1,3,2,1
17979,7,4,11,2,3,0,1,1,1,2,0
17980,6,4,11,4,1,1,1,0,2,2,0
17981,5,4,15,2,14,0,1,1,2,2,0
17982,5,6,9,0,4,4,1,0,2,2,0
17983,7,4,15,2,11,0,1,1,1,2,0
17984,8,0,11,3,0,4,1,0,3,2,0
17985,8,2,1,2,4,0,1,1,2,2,1
17986,11,4,12,6,10,1,1,0,2,2,0
17987,7,5,14,5,10,4,0,0,2,2,0
17988,3,4,9,4,10,1,0,0,1,2,0
17989,4,4,15,2,8,0,1,1,2,2,1
17990,7,4,11,0,8,4,0,0,2,2,0
17991,7,4,11,2,3,0,1,1,2,2,0
17992,5,0,15,4,0,1,1,0,2,2,0
17993,4,2,0,4,6,3,1,1,2,2,0
17994,10,0,9,2,0,0,1,1,2,2,0
17995,5,4,9,2,10,0,0,1,2,2,1
17996,10,7,15,2,8,5,1,0,2,2,0
17997,8,4,11,2,6,2,1,1,2,2,0
17998,9,4,4,2,14,0,0,1,2,4,1
17999,7,4,15,2,3,0,1,1,2,2,1
18000,3,4,9,4,10,1,1,1,1,2,0
18001,11,2,11,4,8,1,1,0,2,2,0
18002,3,4,1,4,3,1,1,1,1,2,0
18003,7,4,11,2,8,0,1,1,2,2,1
18004,5,4,15,4,1,1,1,1,2,2,1
18005,6,4,15,4,12,1,1,0,3,2,0
18006,4,4,1,6,7,4,1,0,2,2,0
18007,7,5,14,2,10,5,1,0,2,2,0
18008,12,4,15,2,10,0,1,1,2,2,0
18009,7,6,15,4,9,3,1,0,2,2,0
18010,10,4,15,6,12,1,0,1,1,2,0
18011,8,7,14,4,10,3,1,0,2,2,0
18012,6,4,9,4,4,3,1,1,2,2,0
18013,5,4,11,2,7,0,1,1,2,2,0
18014,4,4,11,4,1,3,0,0,1,2,0
18015,9,7,9,0,1,4,1,0,2,2,0
18016,8,4,5,0,3,1,1,1,2,2,0
18017,5,4,11,0,14,4,1,1,2,2,0
18018,6,6,15,2,12,0,1,1,1,2,1
18019,6,6,11,0,8,1,0,1,2,2,0
18020,5,4,11,4,4,3,1,0,2,2,0
18021,7,4,15,4,4,1,1,0,2,2,1
18022,8,4,6,2,3,0,1,1,2,2,1
18023,14,4,15,6,10,1,1,0,2,2,0
18024,8,6,14,5,10,1,1,0,2,1,0
18025,5,4,15,4,8,3,1,0,2,2,0
18026,9,4,11,0,3,1,1,1,2,2,0
18027,5,0,11,4,0,1,1,1,2,2,0
18028,13,5,11,4,3,4,0,0,2,2,0
18029,15,4,11,4,12,1,1,1,1,2,0
18030,4,1,15,4,1,1,1,0,1,2,0
18031,5,7,9,4,8,4,1,0,2,2,0
18032,8,4,8,2,3,0,1,1,2,2,1
18033,6,7,8,2,4,0,1,1,2,2,1
18034,5,4,11,4,12,1,0,0,2,0,0
18035,7,4,3,4,8,1,1,0,2,2,0
18036,4,4,11,4,7,3,1,1,1,2,0
18037,6,4,9,5,4,4,1,1,1,2,0
18038,3,4,11,4,4,3,0,1,1,0,0
18039,7,4,9,2,4,0,1,1,2,2,1
18040,11,7,15,6,10,4,1,0,2,2,0
18041,10,4,10,4,10,1,1,1,2,2,0
18042,7,4,11,2,1,0,1,1,2,2,0
18043,8,0,6,4,0,4,1,0,2,2,1
18044,7,4,11,2,3,0,1,1,2,2,0
18045,5,7,9,2,10,0,1,1,2,2,1
18046,5,4,11,4,7,1,1,0,1,2,0
18047,11,2,9,2,4,0,1,1,2,2,0
18048,5,4,11,4,8,3,0,0,2,2,0
18049,6,4,11,0,10,2,0,0,2,2,0
18050,5,4,9,4,1,1,1,0,1,2,0
18051,4,4,11,4,1,4,1,0,2,2,0
18052,9,4,5,2,8,0,1,1,2,1,1
18053,10,4,1,2,7,0,1,1,2,2,0
18054,11,4,7,0,12,1,0,0,2,0,0
18055,6,4,2,3,3,3,0,1,2,2,0
18056,5,4,11,4,12,1,1,0,2,2,0
18057,8,4,7,2,4,0,1,1,2,2,1
18058,8,4,15,0,1,3,1,0,2,2,0
18059,8,5,9,5,4,4,1,0,2,2,0
18060,6,7,15,0,1,1,1,0,0,2,0
18061,9,0,11,4,0,1,1,1,1,2,0
18062,7,7,9,2,8,0,1,1,2,2,0
18063,10,4,5,2,13,0,1,1,2,4,0
18064,3,0,8,4,0,1,0,1,1,0,0
18065,10,4,11,2,14,0,1,1,2,2,1
18066,7,4,8,4,7,1,1,1,2,2,0
18067,6,6,11,2,12,0,1,1,2,2,0
18068,8,4,11,2,14,0,1,1,2,2,1
18069,7,6,0,2,8,5,1,0,1,4,0
18070,7,6,3,2,8,0,1,1,2,2,0
18071,4,4,11,4,3,1,1,1,2,2,0
18072,5,4,15,4,1,4,1,0,2,2,0
18073,5,4,15,4,3,2,0,1,2,2,0
18074,6,0,11,2,0,0,1,1,4,2,1
18075,10,4,15,2,10,0,1,1,2,2,1
18076,4,4,15,4,3,3,1,1,1,1,0
18077,9,6,11,2,3,0,1,1,2,2,1
18078,4,4,11,4,7,3,1,1,1,2,0
18079,7,4,11,4,1,3,1,0,2,2,0
18080,7,4,4,2,8,0,1,1,2,2,1
18081,10,4,11,0,1,4,1,0,1,2,0
18082,6,4,9,2,10,0,1,1,2,2,1
18083,5,4,15,2,8,0,1,1,2,2,0
18084,6,5,9,4,4,3,1,1,2,2,0
18085,4,4,11,4,1,1,1,0,0,2,0
18086,5,4,11,4,8,1,1,0,2,2,0
18087,5,4,9,2,4,0,1,1,2,2,0
18088,12,4,9,5,12,4,0,0,2,2,0
18089,7,7,9,2,10,0,1,1,3,2,1
18090,12,4,9,2,13,0,1,1,3,2,0
18091,7,4,11,4,4,1,0,1,2,2,0
18092,6,4,9,2,12,2,0,0,3,0,0
18093,9,4,11,0,4,1,1,1,2,2,0
18094,11,4,9,2,8,0,1,1,2,2,1
18095,5,5,11,4,8,2,0,1,2,2,0
18096,12,5,15,2,4,0,1,1,3,2,0
18097,6,6,15,0,4,4,0,0,2,2,0
18098,5,4,15,4,4,4,1,0,2,2,0
18099,7,4,11,2,3,0,1,1,2,2,1
18100,8,4,2,2,8,0,1,1,2,2,1
18101,6,2,9,0,8,4,1,0,1,2,0
18102,6,7,15,0,10,1,1,1,4,2,0
18103,14,4,12,2,4,0,1,1,2,2,1
18104,5,2,12,0,10,1,1,0,2,2,0
18105,14,4,9,2,4,0,0,1,0,2,1
18106,3,4,11,4,7,1,0,1,1,2,0
18107,5,4,9,0,10,1,0,0,2,2,0
18108,10,0,15,2,0,0,1,1,2,2,1
18109,4,4,11,4,14,3,0,1,2,2,0
18110,8,6,15,2,8,0,1,1,3,2,0
18111,6,4,11,2,1,5,1,0,2,2,1
18112,4,4,11,2,12,5,1,0,2,2,1
18113,4,4,11,4,4,1,1,1,0,2,1
18114,13,4,11,2,1,0,1,1,1,2,1
18115,4,2,9,2,11,0,1,1,2,2,0
18116,7,2,7,2,14,0,1,1,4,2,1
18117,3,4,11,4,4,3,1,1,1,2,0
18118,5,4,1,4,6,3,1,1,2,2,0
18119,6,4,9,4,1,3,1,1,2,2,0
18120,6,4,9,2,10,0,1,1,3,2,0
18121,6,4,15,2,3,0,1,1,2,2,1
18122,3,4,11,4,1,3,1,0,2,2,0
18123,9,4,7,0,1,1,1,0,1,2,0
18124,7,4,11,2,7,0,1,1,2,2,1
18125,9,4,9,2,4,0,1,1,2,2,1
18126,9,4,6,2,14,0,1,1,2,2,0
18127,7,4,9,0,4,3,1,0,2,2,0
18128,7,4,15,2,14,0,1,1,2,2,1
18129,6,6,9,4,4,3,1,1,2,2,0
18130,6,4,11,2,3,0,1,1,2,2,1
18131,7,4,15,2,12,5,1,0,2,2,0
18132,5,4,8,5,8,4,1,0,2,2,0
18133,7,4,11,2,14,0,1,1,2,2,1
18134,5,7,9,2,10,0,1,1,2,2,1
18135,6,4,11,2,4,5,1,0,2,2,1
18136,4,4,11,4,3,4,1,1,2,2,0
18137,8,4,12,0,10,4,1,0,2,2,0
18138,9,4,9,0,4,1,1,0,1,1,0
18139,12,4,11,2,7,0,1,1,2,2,1
18140,9,4,11,3,1,1,1,1,2,2,0
18141,13,4,11,0,12,4,1,0,1,2,0
18142,7,4,15,2,12,0,1,1,2,2,0
18143,5,4,11,4,1,3,1,0,2,2,0
18144,7,4,12,2,10,0,1,1,2,2,0
18145,4,4,8,5,8,4,1,0,0,2,1
18146,10,4,11,2,3,5,1,0,2,2,0
18147,10,5,15,0,4,2,0,0,2,2,0
18148,7,6,11,0,14,1,1,1,2,2,0
18149,8,4,15,4,10,1,1,1,1,2,0
18150,8,4,9,2,1,5,1,0,2,2,1
18151,4,4,2,4,7,3,1,1,2,2,0
18152,6,4,12,2,4,0,1,1,2,2,0
18153,7,4,9,0,10,4,1,0,2,2,0
18154,8,2,12,2,10,0,1,1,2,2,0
18155,8,4,9,2,4,0,1,1,2,2,1
18156,7,4,9,4,10,2,1,0,2,2,0
18157,7,4,15,3,3,4,0,0,2,0,0
18158,3,4,11,4,12,1,1,0,0,2,0
18159,11,0,5,2,0,0,1,1,2,2,0
18160,7,4,0,2,14,0,1,1,2,2,0
18161,12,4,11,2,3,0,1,1,2,2,0
18162,11,4,11,2,11,0,1,1,2,2,0
18163,3,2,11,4,1,1,1,0,1,2,0
18164,3,4,11,4,7,1,1,1,1,2,0
18165,9,0,15,4,0,3,1,0,2,2,0
18166,3,4,15,4,4,1,1,0,2,2,1
18167,12,4,11,4,8,4,1,0,2,2,0
18168,6,4,11,2,12,5,1,0,0,2,0
18169,5,4,0,4,6,1,1,0,2,2,0
18170,3,4,15,4,1,1,1,0,1,2,0
18171,10,0,0,0,0,1,1,0,3,2,1
18172,6,7,11,2,6,0,1,1,2,2,1
18173,8,4,9,4,12,3,1,0,2,2,0
18174,5,4,12,0,4,4,0,0,2,2,0
18175,4,4,15,5,12,1,1,0,2,2,0
18176,9,4,11,0,4,1,1,1,2,2,1
18177,6,2,15,4,3,1,1,1,2,2,0
18178,8,4,15,2,1,5,1,0,2,2,1
18179,5,4,11,4,5,4,1,1,2,2,0
18180,8,5,11,2,12,0,1,1,1,2,1
18181,9,4,15,2,12,0,1,1,2,2,0
18182,6,4,15,2,3,0,1,1,2,2,1
18183,9,6,15,2,12,0,1,1,2,2,0
18184,12,4,2,2,12,0,1,1,2,2,1
18185,9,7,9,0,4,1,1,1,2,2,0
18186,5,4,11,2,12,0,1,1,1,2,0
18187,4,2,15,4,6,1,1,1,2,2,0
18188,7,4,11,2,12,0,1,1,1,2,1
18189,4,4,8,4,1,2,1,0,1,2,1
18190,7,7,11,2,4,0,1,1,2,2,1
18191,10,4,11,0,3,2,1,1,2,2,0
18192,4,1,15,5,1,1,1,0,2,2,1
18193,7,2,14,2,10,0,1,1,2,2,0
18194,6,4,9,4,10,1,1,0,2,2,0
18195,5,4,0,4,12,3,1,1,2,2,0
18196,8,4,15,4,1,3,1,0,0,2,1
18197,4,4,9,4,14,3,1,1,1,2,0
18198,10,4,9,0,1,3,1,0,2,2,0
18199,9,4,15,2,10,0,1,1,2,2,0
18200,6,4,1,2,12,0,1,1,1,2,1
18201,7,4,15,4,1,3,1,0,1,2,0
18202,6,4,4,2,5,0,1,1,2,2,0
18203,11,4,11,2,13,0,1,1,2,2,0
18204,6,5,11,4,3,3,1,1,3,2,0
18205,4,4,15,4,1,3,1,1,2,2,0
18206,4,4,15,4,8,1,1,0,0,2,0
18207,5,7,15,4,1,1,1,0,2,2,0
18208,4,4,9,4,4,1,1,1,3,2,0
18209,6,4,14,4,1,1,1,0,2,2,0
18210,8,4,11,0,1,1,1,0,1,2,0
18211,6,4,11,0,5,1,1,1,2,2,0
18212,12,4,11,2,7,0,1,1,0,2,1
18213,7,4,9,4,1,1,1,0,2,2,0
18214,8,4,11,4,14,1,1,1,2,2,0
18215,3,4,9,4,12,3,1,1,1,2,0
18216,5,4,11,4,14,1,0,1,1,2,0
18217,10,6,15,0,1,4,0,0,1,0,0
18218,9,4,8,2,3,0,0,1,2,2,0
18219,10,4,15,2,6,0,1,1,2,2,0
18220,9,4,15,6,4,4,1,0,3,2,0
18221,9,5,10,5,10,4,1,0,2,2,0
18222,10,4,15,2,3,0,1,1,1,2,1
18223,10,4,11,2,7,0,1,1,2,2,0
18224,10,4,9,4,10,3,1,0,2,2,0
18225,4,2,12,4,10,3,1,0,2,2,0
18226,9,4,15,0,4,3,1,0,2,2,0
18227,5,4,9,6,12,1,1,0,2,2,0
18228,6,4,9,2,4,0,1,1,2,2,1
18229,7,2,9,2,10,0,1,1,2,2,1
18230,7,4,15,2,4,0,0,1,2,2,1
18231,6,1,11,2,4,0,1,1,1,2,1
18232,6,4,9,0,8,4,0,0,1,0,0
18233,11,2,11,2,11,0,1,1,2,2,0
18234,12,0,9,0,0,4,1,0,2,2,1
18235,6,4,11,4,7,1,1,1,2,2,0
18236,6,7,12,3,10,2,1,1,1,2,0
18237,6,4,11,4,8,3,1,1,2,2,0
18238,5,4,9,0,13,1,1,1,2,2,1
18239,5,4,11,0,8,1,1,1,3,2,0
18240,8,4,13,0,1,1,1,0,2,2,0
18241,3,7,12,4,10,3,0,1,1,0,0
18242,7,4,11,2,12,0,1,1,2,2,0
18243,6,4,15,4,1,1,1,0,3,2,0
18244,14,4,1,4,14,3,1,1,1,1,0
18245,11,4,11,0,14,4,0,1,2,2,0
18246,10,4,11,2,12,0,1,1,2,2,0
18247,15,4,2,2,7,0,1,1,1,2,0
18248,8,4,9,0,4,4,1,0,2,2,0
18249,5,4,11,4,4,3,1,0,2,2,0
18250,7,2,9,2,10,5,1,0,2,2,0
18251,6,4,7,2,12,0,1,1,2,2,0
18252,7,4,9,2,4,0,1,1,2,1,0
18253,11,4,15,0,1,4,1,0,2,2,0
18254,3,4,11,4,7,1,1,1,0,2,0
18255,8,2,15,2,10,0,1,1,2,2,0
18256,14,4,15,2,3,0,1,1,2,2,0
18257,9,6,9,4,4,3,1,1,2,2,0
18258,6,4,11,4,4,3,1,1,2,2,0
18259,9,4,11,4,7,3,1,0,2,2,0
18260,5,4,9,2,4,0,1,1,2,2,1
18261,10,4,11,2,7,0,1,1,2,2,0
18262,7,4,9,2,12,0,0,1,2,2,0
18263,4,4,0,4,6,1,1,1,2,2,1
18264,11,4,12,2,10,0,1,1,2,2,1
18265,9,4,15,2,8,0,1,1,2,2,0
18266,5,4,7,5,12,1,1,1,2,2,0
18267,8,4,11,0,8,1,1,0,2,2,0
18268,8,4,0,2,1,5,1,0,2,2,1
18269,8,4,7,4,3,1,1,1,2,2,0
18270,10,4,9,2,12,5,1,0,2,2,0
18271,12,4,11,2,7,0,0,1,2,2,1
18272,14,4,0,6,14,1,1,1,1,2,0
18273,8,4,6,2,6,0,1,1,2,2,0
18274,8,2,11,2,3,0,1,1,2,2,1
18275,5,4,1,2,5,0,1,1,2,2,1
18276,14,4,15,2,6,0,1,1,1,2,0
18277,11,4,12,2,1,0,1,1,1,2,0
18278,5,4,11,2,8,0,1,1,0,2,0
18279,10,4,11,2,3,0,1,1,2,2,1
18280,7,4,11,5,1,4,1,0,3,2,0
18281,10,4,0,2,6,0,1,1,2,2,0
18282,10,6,5,2,14,0,1,1,2,2,1
18283,7,6,15,5,10,4,1,1,2,2,0
18284,9,1,9,4,3,3,0,1,1,2,0
18285,5,4,15,2,12,0,1,1,2,2,1
18286,13,7,8,2,11,5,1,0,1,2,1
18287,5,4,10,4,10,1,1,1,2,2,0
18288,9,2,9,2,10,0,1,1,3,2,0
18289,12,7,7,2,10,0,0,1,2,2,0
18290,9,4,11,2,1,0,1,1,2,2,0
18291,10,2,15,2,10,0,0,1,3,2,1
18292,7,4,9,4,4,1,1,0,2,2,1
18293,4,2,11,4,8,3,1,0,2,2,0
18294,5,4,15,2,12,0,1,1,2,2,1
18295,11,4,15,6,3,1,1,1,1,2,1
18296,8,4,9,2,1,0,1,1,2,2,1
18297,5,6,15,2,5,0,1,1,2,2,0
18298,5,4,15,4,1,1,1,1,3,2,0
18299,5,4,11,4,8,3,1,1,2,2,0
18300,7,4,0,0,8,1,1,1,2,2,0
18301,7,4,15,2,6,0,1,1,2,2,1
18302,3,6,15,4,8,2,1,0,2,2,0
18303,6,4,11,2,14,0,1,1,2,2,0
18304,6,4,11,2,3,0,0,1,2,2,0
18305,9,4,11,2,1,0,1,1,2,2,0
18306,4,4,2,4,12,4,1,1,2,2,0
18307,12,6,7,4,10,3,1,1,2,2,0
18308,7,4,11,0,12,1,1,0,2,2,0
18309,10,4,11,2,0,0,1,1,2,2,1
18310,9,6,11,6,3,4,1,1,2,2,0
18311,13,4,15,2,4,0,1,1,1,2,1
18312,8,4,2,5,8,4,1,0,3,2,0
18313,4,4,11,4,1,1,1,1,2,2,0
18314,3,4,8,4,4,1,1,1,2,2,0
18315,10,4,12,2,4,0,1,1,2,2,0
18316,7,5,9,4,4,3,1,1,0,2,0
18317,3,6,9,4,4,1,1,1,2,2,0
18318,10,4,11,2,7,0,1,1,2,2,0
18319,9,4,6,2,7,0,1,1,2,1,1
18320,4,4,1,4,3,3,1,1,1,2,0
18321,3,6,12,4,10,1,1,0,1,2,0
18322,8,0,11,2,0,0,1,1,2,2,0
18323,7,4,15,0,4,1,1,1,2,2,0
18324,10,4,11,2,12,0,1,1,2,2,1
18325,11,4,11,2,3,0,1,1,3,2,0
18326,9,4,11,2,12,0,1,1,2,2,0
18327,6,4,9,2,6,0,1,1,2,2,0
18328,8,4,11,0,8,1,1,0,2,2,0
18329,10,6,0,2,14,0,0,1,2,2,1
18330,9,5,11,6,12,4,1,0,2,2,0
18331,6,4,12,4,4,3,0,1,2,2,0
18332,6,4,11,0,1,3,1,0,3,2,0
18333,6,4,15,4,12,3,1,1,2,2,0
18334,11,4,1,2,5,0,0,1,2,0,1
18335,10,4,0,5,12,4,1,0,2,4,0
18336,7,4,11,2,3,0,1,1,2,2,1
18337,10,2,15,2,1,5,1,0,1,2,0
18338,4,4,9,4,10,3,0,1,1,2,0
18339,4,4,15,4,1,1,0,0,1,2,0
18340,12,6,9,2,12,0,1,1,2,2,0
18341,5,4,9,2,4,0,1,1,2,2,0
18342,10,4,15,0,12,1,0,0,2,2,0
18343,7,4,11,2,7,0,1,1,2,2,0
18344,6,4,15,2,1,0,1,1,2,2,1
18345,7,4,15,2,3,0,1,1,2,2,1
18346,8,0,12,4,0,3,1,0,2,2,0
18347,3,0,11,4,0,1,1,1,1,2,0
18348,11,6,12,4,10,1,1,0,2,2,0
18349,3,2,10,4,10,3,1,0,2,2,0
18350,7,4,11,0,10,4,1,1,2,2,0
18351,8,4,15,0,3,1,1,0,3,2,0
18352,11,4,11,0,8,4,0,0,2,2,0
18353,12,4,11,6,8,1,1,0,4,2,0
18354,4,4,11,4,14,3,1,1,0,2,0
18355,9,6,13,0,12,4,1,1,2,2,0
18356,6,4,11,4,7,3,1,0,0,2,0
18357,10,5,9,2,4,0,1,1,2,3,1
18358,4,5,12,4,4,1,0,0,2,2,0
18359,5,4,15,4,1,3,1,0,2,2,0
18360,6,4,15,4,8,3,1,0,2,2,0
18361,5,6,15,5,10,4,1,0,1,2,0
18362,4,4,15,4,12,3,1,1,1,2,0
18363,9,4,11,4,5,3,1,1,2,4,0
18364,8,0,9,5,0,3,1,0,2,2,0
18365,4,2,15,2,8,0,1,1,1,2,1
18366,6,5,11,0,12,1,1,0,2,2,0
18367,5,4,15,4,8,3,1,0,1,2,0
18368,5,0,15,4,0,1,1,0,2,2,1
18369,7,4,11,4,3,1,1,1,2,2,1
18370,4,4,11,4,3,1,1,1,2,2,0
18371,9,4,15,2,1,0,1,1,2,2,1
18372,6,4,8,0,1,1,0,0,2,2,0
18373,8,4,15,2,12,0,1,1,2,2,0
18374,7,4,11,2,5,0,1,1,2,2,1
18375,7,4,11,2,3,0,1,1,1,2,0
18376,8,4,11,0,8,4,1,0,2,2,0
18377,7,2,11,2,6,0,1,1,2,2,1
18378,12,4,8,0,8,4,0,0,2,2,0
18379,6,1,7,2,13,0,1,1,2,2,0
18380,3,4,15,4,11,3,1,1,0,2,0
18381,8,4,1,2,14,0,1,1,2,2,1
18382,5,7,9,2,4,0,1,1,2,2,0
18383,7,4,6,2,3,5,0,0,2,0,0
18384,9,4,2,4,6,1,1,0,1,2,0
18385,4,4,12,4,12,3,0,0,2,2,0
18386,4,6,11,2,3,0,1,1,1,2,0
18387,10,4,11,4,12,1,1,0,2,2,0
18388,5,4,11,4,12,1,1,0,2,2,0
18389,3,4,15,4,7,1,1,1,2,2,0
18390,9,4,11,2,13,0,1,1,2,2,0
18391,6,7,8,2,11,0,1,1,1,2,1
18392,3,4,1,4,8,1,0,1,1,0,0
18393,4,4,9,4,1,3,0,0,1,2,0
18394,12,4,11,6,14,1,0,1,1,2,1
18395,9,4,11,2,5,0,1,1,2,2,1
18396,3,4,15,4,12,1,1,0,1,2,0
18397,7,0,9,2,0,0,0,1,2,2,0
18398,5,4,15,4,4,3,1,1,2,2,0
18399,9,4,1,2,10,0,1,1,2,2,1
18400,8,5,9,0,12,4,0,0,2,0,0
18401,6,6,11,2,5,0,1,1,2,2,0
18402,7,2,11,2,11,0,1,1,3,2,0
18403,3,4,11,4,4,1,1,1,1,2,0
18404,7,4,11,2,7,0,1,1,2,2,0
18405,6,2,11,2,3,0,1,1,2,2,1
18406,8,4,2,2,5,0,1,1,1,2,1
18407,9,4,11,2,14,0,0,1,2,2,0
18408,5,4,9,0,1,1,1,1,2,2,0
18409,12,4,1,2,12,0,1,1,2,2,0
18410,3,4,11,4,14,1,1,1,0,2,0
18411,9,6,9,2,12,5,1,0,2,2,0
18412,5,4,6,4,7,2,0,1,2,2,0
18413,7,6,14,0,4,1,1,1,2,2,0
18414,6,4,4,2,3,0,1,1,1,2,0
18415,7,4,1,2,10,0,1,1,2,2,0
18416,11,2,7,2,11,0,1,1,3,2,0
18417,5,4,11,4,3,3,1,1,2,2,0
18418,11,4,11,0,7,1,1,0,2,2,1
18419,9,4,15,0,1,4,0,1,3,2,0
18420,9,1,11,0,1,4,1,0,2,2,0
18421,5,4,15,4,13,2,1,0,2,2,0
18422,9,4,12,2,10,5,1,0,2,2,1
18423,5,4,9,2,4,0,1,1,2,2,0
18424,13,4,9,2,10,5,1,0,2,2,1
18425,9,2,9,0,4,4,1,0,2,2,0
18426,12,6,11,2,12,5,1,0,2,2,1
18427,7,4,9,2,4,0,1,1,2,2,0
18428,16,6,9,4,12,3,1,0,2,2,0
18429,7,5,9,2,12,0,1,1,2,2,0
18430,7,4,7,2,8,0,1,1,2,2,1
18431,7,4,10,2,10,0,1,1,2,2,0
18432,5,6,9,0,10,1,1,0,2,2,0
18433,5,7,9,2,10,0,1,1,2,2,0
18434,6,4,11,2,6,0,1,1,2,2,1
18435,5,4,12,2,4,5,1,0,2,2,0
18436,6,4,0,4,1,1,1,0,2,2,1
18437,4,6,11,4,5,1,1,1,2,2,0
18438,8,4,11,2,4,0,1,1,3,2,1
18439,11,4,15,2,6,0,1,1,3,2,0
18440,5,4,12,4,12,3,1,0,2,2,0
18441,13,4,11,6,5,1,1,1,1,2,0
18442,10,4,7,2,12,5,1,0,2,2,1
18443,10,0,11,2,0,0,1,1,1,2,1
18444,12,0,15,6,0,4,1,0,0,2,0
18445,4,7,12,4,10,3,1,1,1,2,0
18446,5,4,11,4,7,3,1,1,1,2,0
18447,7,5,15,2,4,0,1,1,2,2,0
18448,6,4,9,2,12,0,1,1,2,2,0
18449,11,4,15,2,14,0,1,1,2,2,1
18450,7,7,12,2,10,0,1,1,2,2,0
18451,11,4,11,2,14,0,1,1,3,2,1
18452,5,2,15,4,4,3,1,1,0,2,0
18453,6,4,15,2,5,0,1,1,2,2,0
18454,5,5,12,2,12,0,1,1,2,2,1
18455,7,4,15,0,4,1,1,1,2,2,0
18456,6,6,9,3,10,1,0,0,2,0,1
18457,6,4,8,2,7,0,1,1,2,2,1
18458,10,6,15,2,12,5,1,0,1,2,0
18459,9,4,15,2,3,0,1,1,3,2,0
18460,7,4,11,0,5,1,1,1,2,2,0
18461,6,4,11,4,12,3,1,0,2,2,0
18462,9,4,1,0,8,4,1,0,1,2,0
18463,4,4,9,2,10,0,1,1,0,2,0
18464,7,4,14,4,13,3,1,0,2,2,0
18465,10,4,8,2,7,0,1,1,3,2,0
18466,8,4,9,0,1,4,1,0,3,2,0
18467,5,4,9,4,4,4,1,0,2,2,0
18468,5,4,11,4,7,1,0,0,2,2,0
18469,4,4,11,4,3,3,1,1,2,2,0
18470,10,4,8,0,13,3,1,1,2,2,0
18471,9,4,9,0,8,3,1,0,2,2,0
18472,6,4,9,2,12,0,0,1,2,2,0
18473,7,7,5,2,5,0,1,1,2,2,0
18474,4,4,11,4,4,1,1,1,2,2,0
18475,5,5,15,0,1,4,0,0,2,2,0
18476,9,4,15,2,8,0,1,1,2,2,1
18477,6,4,15,4,12,3,1,1,2,2,0
18478,11,4,11,2,4,0,1,1,2,2,0
18479,9,0,15,3,0,3,1,1,2,2,0
18480,9,2,7,3,4,1,1,0,1,2,0
18481,4,4,11,2,3,0,1,1,3,2,0
18482,11,4,9,2,4,0,1,1,2,2,0
18483,8,4,11,0,7,1,1,1,2,2,0
18484,10,5,11,0,3,1,1,1,2,2,0
18485,10,4,5,2,7,0,0,1,2,4,0
18486,5,4,8,4,4,1,1,1,2,2,0
18487,5,6,8,2,10,0,1,1,2,2,0
18488,9,4,15,2,10,0,1,1,2,2,0
18489,7,4,15,4,1,4,0,0,2,2,0
18490,8,4,9,2,13,0,1,1,3,2,0
18491,12,0,12,2,0,0,1,1,2,2,0
18492,8,4,11,0,3,1,1,1,2,2,0
18493,7,4,12,2,12,0,1,1,2,2,1
18494,11,4,15,0,7,1,1,1,2,2,0
18495,10,4,7,2,1,5,1,0,2,2,0
18496,5,0,15,4,0,3,0,1,2,2,0
18497,10,2,2,3,6,2,0,0,1,2,0
18498,7,4,9,0,12,1,1,1,2,2,0
18499,14,4,9,2,4,0,1,1,0,2,0
18500,8,4,11,2,14,0,1,1,2,2,0
18501,12,4,15,2,1,0,1,1,2,2,0
18502,10,2,7,2,11,0,1,1,2,2,1
18503,11,6,8,4,5,1,1,1,2,2,1
18504,7,4,15,4,3,1,0,1,2,4,0
18505,4,4,8,4,8,1,1,1,2,2,0
18506,4,4,9,4,13,1,1,0,2,2,0
18507,5,7,15,4,1,3,1,0,0,2,0
18508,8,4,11,0,8,1,1,0,2,2,1
18509,8,6,9,3,12,3,1,1,1,2,0
18510,8,4,15,2,12,0,1,1,2,2,0
18511,9,4,11,0,1,1,1,0,2,2,0
18512,7,4,15,2,13,0,1,1,2,2,1
18513,5,4,6,0,8,4,1,0,4,2,0
18514,4,4,7,4,7,1,1,0,2,2,1
18515,5,4,7,5,1,3,1,1,2,2,0
18516,4,4,0,4,7,2,1,1,2,2,1
18517,9,1,9,2,10,0,1,1,2,2,1
18518,10,2,15,2,11,0,1,1,2,2,0
18519,6,6,10,5,10,3,1,1,2,2,0
18520,8,4,15,2,4,0,1,1,2,2,1
18521,9,4,4,2,7,0,1,1,1,2,1
18522,12,6,11,2,8,0,1,1,2,2,1
18523,7,1,11,4,10,2,1,0,2,2,0
18524,5,5,14,2,10,0,1,1,2,2,1
18525,12,7,9,0,10,1,1,0,3,1,0
18526,6,4,12,0,4,1,0,1,2,4,0
18527,8,4,9,4,12,3,1,0,2,2,0
18528,9,4,9,2,10,0,1,1,2,2,0
18529,9,4,14,2,10,0,1,1,2,2,1
18530,5,6,9,4,12,4,1,0,1,2,0
18531,3,4,15,4,12,1,1,0,0,2,0
18532,4,2,11,4,11,3,1,1,1,2,0
18533,5,7,11,4,10,1,1,1,2,2,0
18534,14,6,8,6,8,1,1,0,1,2,0
18535,6,7,9,2,13,5,1,0,2,2,1
18536,11,4,8,2,13,5,1,0,1,2,0
18537,9,4,9,0,10,2,1,1,2,2,0
18538,3,6,11,4,3,1,1,1,3,2,0
18539,4,4,12,4,10,1,1,0,2,2,0
18540,7,4,12,2,10,0,1,1,3,2,0
18541,6,4,11,2,8,5,1,0,1,2,0
18542,5,4,1,4,8,3,0,0,2,2,0
18543,5,4,11,4,1,1,1,0,2,2,0
18544,11,2,14,2,10,0,0,1,2,2,0
18545,9,4,15,0,7,1,1,1,2,2,0
18546,12,7,9,2,4,0,0,1,2,2,0
18547,3,4,12,4,4,3,1,0,2,2,0
18548,12,4,11,2,8,0,1,1,0,2,1
18549,13,4,11,5,3,1,1,1,1,2,0
18550,11,6,11,2,14,0,1,1,2,2,1
18551,9,4,9,2,4,0,1,1,3,2,0
18552,8,4,9,2,12,0,1,1,1,2,1
18553,3,4,9,4,10,1,1,1,0,2,0
18554,9,2,14,2,10,0,1,1,1,2,1
18555,10,6,4,2,5,0,1,1,2,2,1
18556,4,4,11,4,3,3,1,1,0,2,0
18557,11,4,0,4,12,3,1,1,1,2,0
18558,10,4,15,2,3,0,1,1,2,2,1
18559,9,4,7,0,13,1,1,0,2,2,0
18560,9,0,11,0,0,1,1,1,2,2,0
18561,4,4,9,0,1,1,1,0,2,2,0
18562,11,4,15,2,1,0,1,1,2,2,1
18563,10,4,6,2,3,0,1,1,2,1,1
18564,8,4,11,2,7,0,1,1,2,2,0
18565,5,4,10,4,10,3,1,0,4,2,0
18566,7,4,11,2,4,0,1,1,3,2,1
18567,4,4,11,4,3,1,1,1,1,2,0
18568,6,4,15,4,1,1,0,0,2,2,1
18569,6,4,12,4,4,1,1,0,2,2,1
18570,9,4,2,2,12,0,1,1,0,2,1
18571,4,4,11,4,1,3,1,0,2,2,0
18572,7,4,9,0,12,1,1,1,0,2,0
18573,9,4,11,2,5,0,1,1,2,2,1
18574,4,4,15,4,1,1,1,0,2,2,0
18575,10,4,15,0,4,1,1,0,1,2,0
18576,5,4,11,0,8,1,1,0,1,2,1
18577,7,4,15,5,4,4,1,0,3,2,0
18578,6,4,11,4,3,1,1,1,2,2,0
18579,4,5,11,4,3,1,1,1,2,2,0
18580,6,4,12,4,4,1,1,0,2,2,0
18581,9,4,15,0,8,4,0,0,2,2,0
18582,8,2,11,2,11,0,1,1,4,2,1
18583,9,7,12,0,10,4,1,1,3,2,0
18584,9,5,9,2,4,0,1,1,2,2,0
18585,4,4,15,4,3,3,1,1,1,2,0
18586,6,5,11,2,12,0,1,1,2,2,1
18587,7,4,11,2,3,0,1,1,2,2,1
18588,4,4,12,4,10,1,1,1,2,2,0
18589,10,4,14,2,10,0,1,1,2,2,1
18590,7,4,15,2,1,0,1,1,2,2,0
18591,3,2,1,4,1,1,1,0,1,2,0
18592,4,6,12,4,4,3,1,0,1,2,0
18593,9,4,12,0,4,1,1,0,2,2,1
18594,4,4,11,4,4,4,1,0,2,2,0
18595,5,4,9,2,10,0,1,1,2,2,0
18596,4,2,14,4,10,2,1,1,2,2,0
18597,6,4,15,4,4,1,1,0,2,2,0
18598,10,5,11,2,12,0,1,1,2,2,1
18599,4,4,7,4,12,0,1,1,1,2,1
18600,9,4,11,2,13,0,1,1,2,2,0
18601,7,4,7,4,6,2,1,1,3,2,0
18602,8,4,1,2,6,0,0,1,2,2,0
18603,6,4,15,2,3,0,1,1,2,2,0
18604,5,4,15,4,1,1,1,0,2,2,0
18605,7,1,11,0,4,1,1,1,2,2,0
18606,4,4,0,4,1,1,1,0,2,2,1
18607,5,4,15,4,3,3,1,1,1,2,0
18608,5,6,12,4,10,4,0,0,2,0,0
18609,10,5,11,0,12,1,1,0,2,2,1
18610,11,4,11,0,6,1,1,1,2,2,0
18611,8,0,11,0,0,4,1,0,2,2,0
18612,7,4,9,2,5,0,1,1,2,2,0
18613,10,5,9,2,4,0,1,1,2,2,1
18614,8,7,15,2,4,0,1,1,2,2,0
18615,7,6,12,2,12,0,0,1,2,2,1
18616,6,4,11,4,1,3,1,0,2,2,0
18617,10,4,9,2,10,0,1,1,2,2,0
18618,6,4,15,2,12,0,1,1,2,2,0
18619,3,2,15,4,4,3,0,1,2,0,0
18620,9,4,11,2,3,0,1,1,2,2,0
18621,6,4,1,2,1,5,1,0,2,2,0
18622,7,4,15,0,3,4,1,0,1,2,0
18623,6,2,9,4,13,3,0,0,2,0,0
18624,7,6,11,2,5,0,1,1,2,2,1
18625,4,4,15,4,13,3,1,0,1,2,0
18626,4,4,15,2,1,0,1,1,1,2,1
18627,5,4,11,2,3,0,1,1,2,2,1
18628,8,4,11,2,3,0,1,1,2,2,1
18629,8,4,11,2,6,0,1,1,2,2,0
18630,4,0,15,4,0,1,0,0,1,2,0
18631,9,4,11,2,1,5,1,0,2,2,0
18632,7,4,11,4,6,3,1,1,2,2,0
18633,5,4,11,4,1,1,1,1,0,2,0
18634,9,4,11,4,8,3,1,0,2,4,0
18635,15,4,12,6,10,4,1,0,1,2,0
18636,7,4,11,2,12,0,1,1,2,2,1
18637,5,1,12,0,4,4,1,0,2,2,0
18638,7,4,7,2,7,3,1,1,4,2,0
18639,6,4,11,4,1,3,0,0,2,2,0
18640,5,6,11,4,8,3,0,0,4,2,0
18641,10,2,9,2,10,0,1,1,2,2,1
18642,12,4,6,2,5,0,1,1,2,2,1
18643,10,4,15,0,12,4,0,0,2,0,0
18644,7,4,4,4,7,3,1,0,2,2,0
18645,7,4,8,2,7,0,1,1,2,2,0
18646,6,4,4,2,6,0,1,1,1,2,0
18647,10,4,15,4,13,4,1,0,2,2,0
18648,12,4,11,2,8,0,1,1,2,2,0
18649,4,4,2,4,5,1,1,1,1,2,0
18650,7,4,9,2,4,0,0,1,2,2,1
18651,9,4,15,2,12,5,0,0,1,2,0
18652,10,5,15,2,4,0,1,1,2,2,0
18653,5,4,11,4,8,3,1,0,2,2,0
18654,9,4,9,0,1,1,1,1,2,2,0
18655,6,5,15,4,4,1,1,0,2,2,0
18656,7,4,11,4,4,1,1,1,1,2,1
18657,6,7,11,2,1,0,1,1,2,2,0
18658,6,6,15,0,3,1,1,0,2,2,0
18659,4,4,11,4,1,1,1,1,1,2,1
18660,13,4,9,2,4,0,1,1,1,2,0
18661,4,5,15,4,4,4,0,0,1,2,0
18662,4,1,15,4,1,1,1,0,2,2,0
18663,5,2,9,4,10,3,0,0,2,2,0
18664,6,4,12,5,7,1,1,1,2,2,0
18665,8,4,11,0,1,1,1,0,2,2,0
18666,7,4,11,6,1,4,1,0,1,2,0
18667,7,6,9,2,4,0,1,1,2,2,1
18668,7,4,11,4,1,3,1,0,1,2,0
18669,4,4,15,2,4,0,1,1,2,2,1
18670,5,4,8,4,13,3,1,0,2,2,0
18671,7,4,9,4,10,1,1,0,3,2,0
18672,11,2,12,2,10,0,1,1,1,2,1
18673,3,6,9,4,5,3,1,0,1,2,0
18674,8,4,3,2,5,0,1,1,2,2,1
18675,7,4,14,2,10,0,1,1,2,2,0
18676,7,4,10,4,4,2,1,1,2,2,0
18677,3,4,11,4,1,4,1,0,0,2,0
18678,3,4,11,4,8,4,1,0,0,2,0
18679,9,2,12,2,10,0,1,1,2,2,0
18680,14,2,12,6,1,4,0,0,0,2,0
18681,6,4,9,2,10,0,1,1,2,2,0
18682,4,7,8,0,8,1,1,1,1,2,0
18683,8,4,10,2,10,0,1,1,2,2,1
18684,8,4,11,2,3,0,1,1,3,2,1
18685,10,4,15,0,10,1,1,1,2,2,0
18686,10,4,11,2,3,0,1,1,1,2,1
18687,11,4,5,2,3,0,0,1,2,2,1
18688,10,6,9,2,10,0,1,1,3,2,0
18689,14,6,11,2,4,0,1,1,0,2,0
18690,4,4,5,4,12,3,1,0,1,2,0
18691,4,4,2,4,7,3,1,0,2,2,0
18692,8,4,11,2,4,0,1,1,2,2,0
18693,7,0,15,4,0,3,1,0,1,2,0
18694,9,1,11,2,6,0,0,1,2,2,1
18695,7,4,0,4,8,1,1,1,2,2,1
18696,10,4,7,2,3,0,1,1,2,2,1
18697,11,4,11,6,3,4,1,1,2,2,0
18698,8,0,11,2,0,0,1,1,2,2,0
18699,11,2,9,2,4,0,1,1,0,2,0
18700,5,4,4,4,7,1,1,1,2,2,0
18701,9,0,11,0,0,1,1,0,2,2,0
18702,8,4,15,2,14,0,1,1,2,2,1
18703,12,2,15,2,8,0,1,1,2,2,0
18704,4,4,11,4,9,4,1,0,2,2,0
18705,6,4,15,4,10,3,1,1,3,2,0
18706,9,7,9,0,11,4,1,0,2,2,0
18707,3,4,1,4,7,1,1,1,1,2,0
18708,4,4,5,2,7,0,1,1,2,2,1
18709,6,0,15,2,0,0,0,1,1,2,1
18710,11,4,11,2,4,0,1,1,0,2,1
18711,6,4,9,0,1,1,1,0,2,2,0
18712,8,4,9,4,12,3,0,0,1,2,0
18713,7,1,15,2,11,0,1,1,2,2,1
18714,6,2,11,2,11,0,1,1,2,2,1
18715,12,4,0,4,8,3,0,0,2,0,0
18716,10,4,5,2,5,0,0,1,2,2,0
18717,4,4,11,4,1,4,1,0,2,2,0
18718,4,1,8,4,4,1,1,1,2,2,0
18719,5,6,9,2,12,0,1,1,2,2,0
18720,6,5,10,4,10,1,1,0,2,2,0
18721,7,4,15,2,12,5,0,0,1,2,0
18722,7,4,8,2,5,0,1,1,2,2,1
18723,4,1,15,4,5,1,1,1,1,2,0
18724,8,4,1,2,6,0,1,1,2,2,1
18725,9,4,0,2,6,0,1,1,1,2,1
18726,8,4,12,2,10,0,1,1,1,2,0
18727,9,4,11,3,6,1,1,1,1,2,0
18728,8,1,15,2,1,5,0,0,1,2,1
18729,7,4,15,2,1,5,1,0,2,2,1
18730,5,4,9,2,12,0,1,1,2,2,1
18731,10,2,8,0,11,1,1,1,2,2,1
18732,6,4,11,0,8,4,1,1,2,2,0
18733,6,7,12,2,10,5,1,0,2,2,1
18734,5,4,15,5,1,2,1,0,2,2,0
18735,16,4,5,6,6,1,1,1,2,2,0
18736,13,2,12,6,1,1,1,0,1,2,1
18737,10,4,11,2,12,0,1,1,2,2,1
18738,4,6,15,2,1,0,1,1,1,2,0
18739,6,2,9,2,10,0,1,1,3,2,1
18740,6,6,9,2,5,0,1,1,2,2,1
18741,9,4,0,2,7,0,1,1,3,2,0
18742,6,6,11,2,3,0,1,1,2,2,0
18743,7,4,15,6,1,4,1,0,2,2,0
18744,6,4,11,4,7,1,1,1,2,2,0
18745,7,4,8,2,10,0,1,1,2,2,0
18746,8,4,9,4,9,1,1,0,2,2,0
18747,11,4,2,0,14,3,1,1,2,2,0
18748,6,4,11,0,3,1,1,1,2,2,0
18749,8,4,11,2,4,0,1,1,2,2,1
18750,4,4,11,2,12,0,1,1,2,2,0
18751,13,4,11,2,14,0,1,1,3,2,0
18752,4,4,9,4,12,3,1,0,1,2,0
18753,8,4,15,2,10,0,0,1,0,2,0
18754,11,6,15,2,1,5,1,0,2,2,1
18755,4,4,9,4,8,3,1,1,1,2,0
18756,10,4,15,0,7,1,0,1,1,2,0
18757,6,4,11,2,3,1,1,1,2,2,0
18758,11,4,15,2,7,0,1,1,2,2,1
18759,12,4,9,2,10,0,1,1,1,2,0
18760,5,4,15,4,12,1,0,0,2,2,0
18761,6,4,11,3,12,1,0,0,2,0,0
18762,10,4,11,2,1,2,1,0,1,2,0
18763,8,4,11,2,1,0,1,1,1,2,1
18764,11,2,9,2,11,0,1,1,2,2,1
18765,9,4,1,2,3,0,1,1,2,1,0
18766,10,4,11,4,4,3,1,0,0,2,0
18767,3,7,13,4,3,3,1,1,2,2,0
18768,7,7,9,2,10,0,1,1,2,2,0
18769,12,4,8,0,4,1,1,0,2,2,1
18770,9,4,11,2,12,0,1,1,2,2,1
18771,5,4,11,2,3,0,1,1,2,2,0
18772,7,4,11,2,3,0,1,1,2,2,1
18773,4,6,1,4,3,1,1,1,0,2,0
18774,5,4,15,4,13,1,1,1,1,2,0
18775,3,4,11,4,8,1,1,1,1,2,0
18776,4,5,15,4,4,3,1,0,1,2,1
18777,7,6,7,4,2,1,1,1,2,2,0
18778,4,4,15,4,3,1,1,1,1,2,0
18779,6,4,11,4,1,1,1,0,1,2,0
18780,3,4,6,4,6,3,1,1,1,2,0
18781,9,4,15,2,3,0,1,1,2,2,1
18782,9,4,11,2,4,0,1,1,2,2,0
18783,6,4,7,4,12,3,1,0,2,2,0
18784,7,4,15,2,3,0,1,1,1,2,0
18785,8,4,11,4,8,1,1,0,2,2,0
18786,5,4,15,4,1,1,1,0,2,2,0
18787,7,4,11,2,8,0,1,1,1,2,0
18788,5,4,9,0,10,1,1,0,2,4,0
18789,12,4,11,2,14,0,1,1,2,2,0
18790,5,6,0,4,14,1,1,1,1,2,1
18791,8,4,14,2,10,5,1,0,1,2,0
18792,7,0,15,2,0,0,1,1,2,2,0
18793,10,4,11,4,13,4,1,0,2,2,0
18794,6,4,11,4,12,2,0,1,1,2,0
18795,6,4,11,0,7,1,1,1,2,1,0
18796,5,4,12,4,12,3,1,0,2,2,0
18797,10,4,9,6,1,5,1,0,2,2,1
18798,8,4,11,2,12,0,1,1,2,2,1
18799,7,4,2,4,6,1,1,0,2,2,0
18800,5,2,15,4,1,1,0,0,2,0,1
18801,7,4,1,2,12,0,1,1,3,2,1
18802,9,4,9,2,6,0,1,1,2,2,1
18803,9,4,12,2,10,0,0,1,2,2,1
18804,9,4,11,6,1,1,1,0,2,2,0
18805,10,4,11,4,5,3,1,1,3,2,0
18806,10,6,11,2,3,0,1,1,2,2,1
18807,8,4,15,0,1,1,1,1,2,2,0
18808,6,4,11,4,12,3,0,1,1,2,0
18809,9,4,7,2,3,0,1,1,0,2,0
18810,7,4,0,2,7,0,1,1,2,2,0
18811,8,4,11,2,7,0,1,1,2,2,0
18812,7,4,15,0,1,1,1,0,2,2,0
18813,7,4,15,0,14,2,0,1,2,2,0
18814,8,2,11,2,7,0,1,1,2,2,0
18815,11,4,11,0,12,4,1,0,1,2,0
18816,9,4,9,2,10,5,1,0,2,2,1
18817,4,4,8,4,12,3,1,1,1,2,0
18818,5,1,9,2,10,0,1,1,1,2,1
18819,10,4,15,0,9,4,1,0,2,2,1
18820,9,4,11,2,13,0,1,1,2,2,1
18821,6,4,11,5,1,4,1,0,1,2,0
18822,3,4,8,4,10,1,1,0,0,2,0
18823,9,4,15,2,4,0,1,1,1,2,1
18824,7,4,15,2,1,5,1,0,2,2,0
18825,13,4,7,6,4,4,1,0,2,2,0
18826,8,0,8,2,0,5,1,0,2,2,0
18827,5,5,0,4,8,3,1,0,3,2,0
18828,9,4,9,2,10,0,1,1,2,2,0
18829,6,4,11,0,4,4,1,0,2,2,0
18830,9,4,15,2,1,5,1,0,2,2,0
18831,9,4,4,2,14,0,0,1,2,2,0
18832,7,4,6,2,7,5,1,0,2,2,1
18833,14,5,15,2,4,0,1,1,2,2,1
18834,9,4,11,4,12,1,1,1,2,2,0
18835,13,4,4,2,3,0,1,1,1,2,0
18836,6,1,11,4,1,3,1,1,2,2,0
18837,6,4,8,4,1,1,1,0,2,2,0
18838,4,4,9,4,12,4,1,0,0,2,0
18839,15,4,4,6,8,3,1,0,2,2,0
18840,13,4,3,2,13,5,1,0,1,2,0
18841,10,4,15,2,14,0,1,1,2,2,1
18842,6,4,15,2,8,0,1,1,2,2,1
18843,10,7,9,0,4,4,1,0,2,2,0
18844,7,2,11,2,3,0,1,1,3,2,0
18845,7,6,8,0,10,1,1,0,1,2,0
18846,10,4,2,2,3,0,1,1,2,2,1
18847,6,0,11,2,0,0,1,1,3,2,0
18848,7,4,9,2,11,0,0,1,2,1,0
18849,11,4,9,2,10,0,1,1,2,2,0
18850,8,2,15,2,3,0,1,1,2,2,1
18851,8,1,8,2,13,0,1,1,2,2,0
18852,9,4,15,2,1,0,1,1,1,2,1
18853,5,1,11,4,1,3,0,0,2,2,0
18854,3,1,12,4,13,1,1,0,0,2,1
18855,5,4,11,2,6,0,1,1,2,2,1
18856,8,0,1,2,0,0,1,1,2,2,0
18857,9,4,11,2,7,0,1,1,3,2,1
18858,10,4,15,0,3,1,1,1,2,2,1
18859,7,4,0,0,6,1,0,0,2,2,0
18860,8,4,15,2,1,0,1,1,2,2,1
18861,11,4,9,2,12,0,0,1,3,0,0
18862,4,5,9,4,10,3,1,0,2,2,0
18863,9,4,11,2,3,0,1,1,2,2,0
18864,8,0,15,4,0,1,1,1,2,2,0
18865,8,6,9,2,4,0,1,1,2,2,1
18866,5,4,9,2,4,0,1,1,1,2,0
18867,6,4,9,4,4,1,1,1,4,2,0
18868,8,4,15,2,12,0,1,1,1,2,1
18869,8,4,9,2,1,0,1,1,2,2,0
18870,9,4,9,0,9,1,1,1,2,2,0
18871,13,6,14,6,10,4,0,1,0,2,0
18872,3,4,1,4,1,1,0,0,3,2,0
18873,9,4,2,2,6,0,1,1,2,2,1
18874,4,4,11,4,3,4,1,0,1,2,0
18875,9,4,5,2,8,0,0,1,1,2,0
18876,5,1,11,4,1,1,0,0,3,2,0
18877,5,4,15,2,8,0,1,1,2,2,0
18878,12,6,15,2,3,0,1,1,2,2,0
18879,4,4,15,4,8,2,0,0,2,2,0
18880,7,6,8,0,13,4,0,0,2,2,0
18881,4,4,7,4,1,3,1,0,2,2,0
18882,8,4,0,2,5,0,1,1,1,2,0
18883,6,4,11,4,8,1,0,0,2,2,0
18884,9,7,9,2,10,0,1,1,2,2,0
18885,8,4,12,0,10,1,1,1,2,2,1
18886,8,4,9,3,3,3,1,1,2,2,0
18887,11,4,15,2,12,0,1,1,1,2,1
18888,8,5,12,2,10,0,1,1,2,2,0
18889,7,7,15,2,1,5,1,0,2,2,0
18890,11,2,9,2,10,5,1,0,1,2,0
18891,5,7,9,4,13,3,1,1,2,2,0
18892,5,6,9,4,4,1,1,0,2,2,0
18893,6,4,11,4,8,1,1,0,2,2,1
18894,4,4,11,4,6,2,0,0,0,2,0
18895,4,4,11,4,3,1,1,1,2,2,0
18896,7,0,11,2,0,0,1,1,2,2,0
18897,11,4,9,0,8,4,1,0,3,2,0
18898,11,4,8,2,1,0,1,1,1,2,1
18899,8,4,15,2,8,0,1,1,2,2,1
18900,11,4,11,2,7,0,1,1,2,2,1
18901,9,4,15,0,1,1,1,0,2,2,0
18902,5,4,12,4,4,1,1,1,2,2,0
18903,6,6,8,4,12,1,1,1,1,2,0
18904,4,4,15,4,12,3,1,1,1,2,0
18905,7,4,5,2,3,0,1,1,2,2,0
18906,5,4,11,4,8,1,1,0,2,2,0
18907,8,4,1,0,8,1,0,1,2,2,0
18908,5,4,7,4,12,1,1,1,2,2,0
18909,11,4,12,2,4,5,1,0,2,2,0
18910,7,4,9,5,10,1,1,1,2,2,0
18911,11,4,9,2,3,0,1,1,2,2,0
18912,9,4,8,2,1,5,1,0,2,2,0
18913,13,4,11,2,8,0,1,1,3,2,0
18914,11,4,11,2,8,0,1,1,2,2,1
18915,9,4,15,2,7,5,1,0,2,2,1
18916,9,6,11,4,3,1,1,1,2,1,0
18917,7,4,9,2,12,0,1,1,2,2,1
18918,6,4,11,2,4,5,1,0,2,2,0
18919,12,4,12,0,1,4,1,0,2,2,0
18920,3,4,9,4,12,3,1,1,2,2,0
18921,6,4,9,3,14,3,1,1,2,2,0
18922,11,4,9,2,4,5,1,0,2,2,0
18923,7,4,11,4,4,1,1,1,2,2,0
18924,16,5,14,6,10,1,1,0,0,2,0
18925,4,4,7,4,1,3,0,0,1,2,0
18926,12,4,11,2,6,0,1,1,2,2,1
18927,11,4,11,0,3,1,1,1,1,2,0
18928,5,4,7,4,4,3,1,0,1,2,0
18929,11,6,7,2,3,0,1,1,4,2,1
18930,4,4,11,4,1,3,0,0,2,2,0
18931,13,6,15,2,12,0,0,1,2,2,1
18932,12,4,9,6,4,3,1,1,1,2,0
18933,8,0,9,4,0,2,1,0,2,2,0
18934,5,4,10,2,10,5,1,0,2,2,1
18935,7,6,11,2,5,0,1,1,3,2,0
18936,9,1,8,2,1,5,1,0,2,2,0
18937,5,4,11,4,8,3,1,0,2,2,0
18938,7,4,11,0,1,4,1,0,2,2,0
18939,4,4,11,4,6,3,1,1,2,2,0
18940,12,4,9,0,1,4,1,0,2,2,0
18941,10,4,11,2,8,0,1,1,3,2,0
18942,7,4,11,2,8,0,1,1,2,2,0
18943,9,4,11,2,14,0,1,1,1,2,1
18944,8,4,9,0,12,1,1,0,2,2,0
18945,11,7,15,2,10,3,1,0,2,2,0
18946,9,2,11,4,10,3,1,1,1,2,0
18947,7,0,12,0,0,4,1,1,2,2,1
18948,8,4,5,2,14,0,1,1,2,2,0
18949,11,4,15,2,10,0,1,1,2,2,1
18950,11,4,15,3,13,1,1,1,2,2,0
18951,9,6,7,2,12,0,1,1,2,2,0
18952,3,4,11,4,1,3,1,0,0,2,0
18953,10,4,11,0,8,4,1,0,2,2,0
18954,5,4,11,4,8,1,1,0,2,2,0
18955,4,4,11,4,8,4,1,0,2,1,0
18956,6,4,11,4,12,1,0,0,2,2,0
18957,9,4,9,2,10,0,0,1,1,2,0
18958,9,4,15,0,12,1,1,0,0,2,0
18959,3,2,11,4,1,3,1,0,2,2,0
18960,5,0,11,4,0,3,1,1,2,2,0
18961,11,5,9,2,4,0,1,1,2,2,0
18962,6,4,15,2,6,5,1,0,2,2,1
18963,12,4,1,6,8,1,1,0,2,2,0
18964,5,4,15,4,8,3,0,0,2,2,0
18965,5,4,4,2,3,0,1,1,2,2,0
18966,7,4,11,4,12,1,1,0,2,2,0
18967,8,4,15,2,3,0,0,1,2,0,1
18968,6,6,9,5,10,1,1,1,2,2,0
18969,6,6,9,1,10,2,1,0,2,2,0
18970,10,4,15,2,8,5,1,0,2,2,0
18971,4,2,11,4,1,1,1,0,2,2,0
18972,9,4,9,2,12,0,1,1,1,2,0
18973,12,2,9,2,11,0,1,1,2,2,1
18974,9,4,15,2,11,0,1,1,2,2,1
18975,9,4,11,2,12,0,1,1,2,2,1
18976,5,4,15,4,14,1,1,1,2,2,1
18977,6,4,9,4,12,1,1,1,2,2,0
18978,3,1,1,4,1,3,1,0,1,2,0
18979,7,4,15,2,4,0,1,1,2,2,1
18980,7,2,11,4,10,4,1,1,0,2,0
18981,13,4,11,4,8,3,1,0,1,2,0
18982,4,4,9,4,4,4,1,0,1,2,0
18983,11,4,11,0,3,4,0,1,1,2,0
18984,9,7,9,2,10,0,1,1,2,2,0
18985,9,4,15,2,1,5,1,0,2,2,1
18986,3,4,11,4,1,1,0,0,0,2,0
18987,5,4,8,4,3,3,1,1,2,2,0
18988,9,4,12,0,10,2,1,0,4,2,0
18989,5,0,11,4,0,4,0,0,1,4,0
18990,7,4,7,2,7,0,1,1,2,2,0
18991,8,6,15,2,4,0,0,1,2,0,0
18992,4,4,11,2,3,0,1,1,2,2,0
18993,8,4,11,4,12,1,1,1,1,2,0
18994,8,4,15,2,14,0,1,1,2,2,1
18995,11,4,12,0,10,1,1,1,2,2,0
18996,10,0,12,2,0,5,1,0,2,2,1
18997,3,4,12,4,4,1,0,1,2,2,0
18998,8,4,15,0,12,1,1,0,1,2,0
18999,4,7,12,4,10,3,1,1,1,2,0
19000,9,4,15,2,6,0,1,1,2,2,1
19001,11,4,11,2,14,0,1,1,2,1,0
19002,5,4,11,4,8,1,1,0,2,2,0
19003,7,4,0,2,7,5,0,0,1,2,0
19004,12,4,12,0,4,4,0,1,2,2,0
19005,13,6,9,3,4,1,1,1,1,2,1
19006,8,5,15,2,4,0,1,1,3,2,0
19007,4,4,11,4,3,1,1,1,2,2,0
19008,10,4,11,2,1,0,1,1,2,2,0
19009,8,4,9,2,12,0,1,1,2,2,0
19010,9,4,11,2,3,0,0,1,2,2,1
19011,4,2,12,4,4,3,1,1,2,2,0
19012,6,4,9,4,11,1,1,1,2,2,0
19013,8,4,15,2,12,0,1,1,0,2,0
19014,3,4,0,4,8,1,1,1,2,2,0
19015,7,4,15,0,8,1,1,0,2,2,0
19016,5,4,11,2,8,5,0,0,1,0,0
19017,9,4,9,4,13,1,0,1,2,0,0
19018,8,4,9,2,12,5,1,0,2,2,1
19019,7,4,9,2,10,0,1,1,2,2,0
19020,4,4,9,4,9,1,0,0,2,2,1
19021,5,4,11,4,12,1,1,1,2,2,0
19022,9,4,9,2,4,0,1,1,2,2,0
19023,9,2,15,2,1,0,1,1,2,2,1
19024,12,7,11,2,11,0,0,1,4,2,1
19025,8,4,11,3,7,1,1,0,2,2,0
19026,11,4,8,6,12,4,1,1,2,2,1
19027,7,5,12,2,4,0,1,1,3,2,1
19028,4,2,7,4,11,3,1,0,1,2,0
19029,8,4,11,0,3,1,1,1,2,2,1
19030,3,4,9,4,4,3,1,0,0,2,0
19031,7,6,12,0,10,1,1,1,2,2,0
19032,4,6,11,4,8,3,1,1,1,2,0
19033,4,4,11,2,1,5,1,0,2,2,0
19034,5,4,9,2,10,0,1,1,2,2,1
19035,8,4,11,2,3,0,1,1,1,2,0
19036,7,1,11,2,4,0,1,1,2,2,0
19037,4,4,10,4,10,3,1,1,1,2,0
19038,9,4,11,2,13,0,1,1,2,2,0
19039,9,4,15,2,5,0,1,1,1,2,0
19040,5,4,11,4,12,1,1,1,2,2,0
19041,10,4,11,0,8,4,0,0,3,2,0
19042,9,4,3,2,8,0,1,1,2,2,1
19043,7,7,0,2,8,0,1,1,2,2,1
19044,10,4,11,2,3,0,1,1,2,2,0
19045,6,4,0,4,8,3,1,0,2,2,0
19046,9,4,15,4,1,3,1,0,4,2,0
19047,7,4,12,4,4,1,1,1,2,2,0
19048,8,1,9,2,1,5,1,0,2,2,0
19049,8,2,9,4,1,3,1,0,2,2,0
19050,6,4,15,4,8,1,1,0,2,2,0
19051,4,4,15,4,12,1,1,0,1,2,0
19052,10,4,15,2,13,5,0,0,4,2,1
19053,9,4,15,2,3,0,1,1,2,2,0
19054,6,4,9,4,1,1,1,0,2,2,0
19055,5,6,11,4,3,3,1,1,2,2,0
19056,5,4,11,4,1,3,0,1,2,0,0
19057,6,2,9,2,10,0,1,1,2,2,0
19058,10,4,11,2,4,5,0,0,2,2,1
19059,6,4,11,2,7,0,1,1,1,2,0
19060,7,4,11,4,7,1,1,1,2,2,0
19061,7,4,11,2,1,0,1,1,2,2,0
19062,7,4,15,2,8,0,1,1,1,2,0
19063,5,6,11,2,12,5,1,0,2,2,0
19064,6,4,15,2,12,0,1,1,2,2,0
19065,8,4,11,2,3,0,1,1,2,2,0
19066,11,4,11,0,14,1,1,1,2,2,0
19067,5,4,15,4,4,3,1,0,2,2,0
19068,5,0,7,2,0,0,1,1,1,2,0
19069,8,4,1,2,12,5,1,0,2,2,1
19070,5,4,15,2,4,0,1,1,1,2,1
19071,7,4,11,2,6,5,1,0,2,2,1
19072,8,2,12,0,10,1,1,0,3,2,0
19073,8,4,1,0,12,1,1,1,1,2,0
19074,4,4,9,4,13,1,1,1,1,2,0
19075,5,2,14,4,10,3,1,1,2,2,0
19076,6,6,11,4,12,1,1,1,1,2,0
19077,8,4,1,2,14,0,1,1,2,2,1
19078,6,4,11,4,8,4,1,0,4,2,0
19079,9,2,15,2,14,5,1,0,2,2,0
19080,7,4,15,0,1,4,1,0,3,2,0
19081,7,2,12,2,4,0,1,1,3,2,0
19082,10,4,15,2,6,0,1,1,2,2,1
19083,11,7,9,4,10,1,0,1,2,2,0
19084,8,4,15,2,14,0,1,1,2,2,1
19085,7,4,15,2,4,0,1,1,2,2,0
19086,10,4,1,4,6,1,1,0,2,2,0
19087,6,4,6,2,14,0,1,1,3,2,0
19088,6,4,15,5,3,3,1,1,1,2,0
19089,8,4,11,2,13,0,1,1,2,2,1
19090,9,6,9,5,10,4,1,0,1,2,0
19091,6,4,8,2,8,0,1,1,2,2,1
19092,7,4,12,2,10,0,1,1,1,2,0
19093,7,4,1,2,14,0,1,1,2,2,0
19094,11,4,11,4,3,3,1,0,2,2,0
19095,7,4,15,0,12,1,1,0,2,2,1
19096,3,6,14,4,10,3,1,0,1,2,0
19097,9,7,11,2,13,0,1,1,1,2,1
19098,11,4,11,2,7,0,1,1,2,2,1
19099,6,4,9,2,4,0,1,1,2,2,1
19100,4,5,15,4,4,1,1,1,0,2,0
19101,5,4,2,0,8,4,1,0,2,2,0
19102,9,4,1,6,7,1,1,1,3,2,0
19103,8,4,11,0,13,3,0,1,2,2,0
19104,6,6,15,4,10,3,1,1,2,2,0
19105,5,4,6,2,7,0,0,1,1,0,0
19106,11,4,4,2,8,0,1,1,2,2,0
19107,7,4,11,2,7,0,1,1,1,2,1
19108,8,4,9,2,10,0,1,1,2,2,0
19109,3,2,11,4,8,4,1,0,2,2,0
19110,14,4,12,2,10,0,1,1,1,2,0
19111,5,6,11,4,4,1,1,1,2,2,0
19112,4,4,11,4,3,1,1,1,0,2,0
19113,9,4,15,2,12,0,1,1,2,2,1
19114,7,4,9,2,1,0,1,1,1,2,0
19115,5,4,9,3,1,1,1,0,2,2,0
19116,7,4,15,2,4,0,1,1,2,2,1
19117,8,4,15,2,10,0,1,1,1,2,1
19118,7,4,12,2,10,0,1,1,2,2,1
19119,9,0,9,5,0,4,0,0,2,4,0
19120,5,1,11,2,4,0,1,1,2,2,0
19121,6,0,1,5,0,4,1,0,2,2,0
19122,8,5,9,4,12,1,1,1,2,2,0
19123,3,4,11,4,3,1,1,1,2,2,0
19124,12,2,15,2,10,0,1,1,2,2,1
19125,6,4,11,2,1,0,1,1,2,2,1
19126,7,4,11,0,7,1,1,1,2,2,0
19127,8,4,11,2,3,0,1,1,2,1,0
19128,9,4,11,2,8,0,1,1,2,2,0
19129,5,6,9,5,1,1,1,0,2,2,0
19130,12,4,6,2,8,0,1,1,2,2,1
19131,8,4,11,2,8,0,1,1,2,2,1
19132,8,4,11,2,14,0,1,1,3,2,0
19133,3,4,15,4,8,1,1,1,0,2,0
19134,7,4,11,4,8,1,1,1,2,2,0
19135,4,4,11,4,1,1,1,0,1,2,1
19136,6,6,15,2,5,0,1,1,2,2,0
19137,10,4,9,2,12,0,1,1,2,2,1
19138,7,4,5,4,3,1,1,1,1,2,0
19139,8,4,11,2,3,0,1,1,2,2,1
19140,4,2,1,4,12,1,0,1,1,2,0
19141,12,4,11,3,12,1,1,0,2,2,0
19142,6,4,11,0,3,3,1,1,2,2,0
19143,3,4,11,4,4,2,1,1,1,2,0
19144,8,4,11,0,1,4,1,0,2,2,1
19145,4,0,4,4,0,3,1,0,1,2,0
19146,8,6,15,2,12,0,1,1,2,2,1
19147,12,4,0,2,3,0,1,1,2,2,1
19148,11,4,11,2,3,0,1,1,1,2,0
19149,6,0,11,4,5,3,1,1,2,2,0
19150,8,4,11,2,8,0,1,1,2,4,1
19151,9,4,1,0,1,4,0,0,1,2,0
19152,6,7,8,5,4,3,1,1,2,2,0
19153,10,2,9,4,10,3,1,0,2,2,0
19154,8,4,2,2,6,0,1,1,2,2,1
19155,9,4,8,4,1,1,1,0,3,2,0
19156,7,2,1,2,3,0,1,1,3,2,1
19157,9,4,9,2,12,0,1,1,1,2,0
19158,10,6,11,2,3,0,1,1,2,2,1
19159,4,7,2,4,5,3,1,1,2,2,0
19160,8,4,15,4,1,1,1,0,2,2,0
19161,10,6,15,2,3,0,1,1,2,2,0
19162,8,2,9,4,6,3,1,0,2,2,0
19163,3,7,9,4,10,1,1,0,2,2,0
19164,3,4,7,4,7,3,1,0,0,2,0
19165,13,2,11,2,4,0,1,1,0,2,1
19166,7,4,15,0,1,1,1,1,2,2,0
19167,4,5,11,4,3,2,1,0,2,2,0
19168,4,5,7,4,14,3,1,0,2,2,0
19169,12,0,5,6,0,1,1,0,1,2,0
19170,6,4,11,5,3,1,1,1,2,2,0
19171,8,4,11,2,3,0,1,1,2,2,1
19172,7,1,11,2,4,0,1,1,2,2,0
19173,6,4,11,2,8,0,1,1,2,2,1
19174,9,5,15,4,10,1,1,1,2,2,0
19175,6,4,9,4,1,1,1,0,2,2,0
19176,5,0,5,2,0,0,1,1,2,2,0
19177,8,2,9,2,10,0,1,1,2,2,0
19178,11,4,6,2,4,0,1,1,1,2,1
19179,6,4,15,4,12,2,0,1,2,2,0
19180,12,4,11,6,14,4,1,0,1,2,0
19181,9,2,0,6,11,1,1,1,0,2,0
19182,3,4,9,4,10,3,0,1,1,2,0
19183,6,4,11,0,6,1,1,0,2,2,0
19184,3,2,11,4,4,3,1,0,2,2,0
19185,12,4,1,2,3,0,1,1,2,2,1
19186,10,6,2,2,5,0,1,1,3,2,0
19187,6,4,9,4,12,2,1,0,2,2,0
19188,7,4,15,2,12,0,1,1,2,2,0
19189,10,4,11,2,12,0,1,1,3,2,0
19190,9,4,12,2,10,0,1,1,4,2,0
19191,8,4,15,2,14,0,1,1,1,2,0
19192,4,7,15,5,10,1,1,0,2,2,0
19193,9,4,8,6,4,4,0,1,1,2,0
19194,6,5,9,2,4,0,1,1,2,2,1
19195,3,4,11,4,14,3,1,1,1,2,0
19196,4,4,15,4,12,3,1,0,1,2,0
19197,9,4,11,2,8,0,1,1,2,2,1
19198,9,1,7,4,1,1,1,0,2,2,0
19199,6,4,11,4,12,3,1,1,2,2,0
19200,5,4,9,2,12,0,1,1,2,2,1
19201,6,4,11,2,6,0,1,1,2,2,1
19202,6,4,11,4,8,2,1,0,2,2,0
19203,6,0,6,2,0,0,1,1,2,2,0
19204,6,2,14,0,10,1,0,0,2,0,0
19205,4,4,11,4,13,3,1,0,2,2,0
19206,4,6,9,4,10,1,1,1,1,2,0
19207,10,7,9,2,10,3,1,1,2,2,0
19208,10,6,11,2,14,0,1,1,2,2,1
19209,4,4,11,4,8,4,1,0,2,2,0
19210,10,4,15,0,7,4,1,1,2,2,0
19211,7,4,7,4,8,3,1,0,2,2,0
19212,4,4,15,4,6,1,1,1,2,2,1
19213,5,2,11,4,1,1,1,0,2,2,0
19214,11,0,15,2,0,5,1,0,2,2,0
19215,5,4,15,4,3,3,1,1,2,2,0
19216,8,4,15,4,3,2,1,1,2,2,0
19217,9,7,11,2,3,0,1,1,2,2,1
19218,8,4,11,2,14,0,1,1,2,2,1
19219,7,4,1,2,12,0,1,1,2,2,1
19220,9,4,11,2,3,0,1,1,3,2,0
19221,11,4,11,2,7,0,1,1,1,2,0
19222,9,4,9,2,1,0,1,1,2,2,1
19223,13,4,11,2,13,0,0,1,1,2,1
19224,4,4,11,2,14,0,1,1,2,2,0
19225,6,4,9,4,1,3,1,0,2,2,0
19226,7,4,9,2,7,0,1,1,2,2,1
19227,6,4,14,4,13,1,1,0,2,2,0
19228,8,4,15,2,12,0,1,1,4,2,0
19229,5,4,12,4,4,4,0,1,3,4,0
19230,5,4,9,0,12,1,1,0,1,2,0
19231,10,4,11,0,1,4,1,0,2,2,0
19232,10,4,8,4,1,3,1,0,2,2,0
19233,10,6,6,2,12,0,1,1,2,2,1
19234,6,6,11,4,4,1,1,1,2,2,0
19235,7,4,11,0,8,1,1,1,2,2,0
19236,7,4,10,2,10,5,0,0,2,2,1
19237,5,4,15,4,8,1,0,0,2,2,0
19238,4,4,11,4,3,1,1,1,2,2,0
19239,8,4,1,2,8,0,1,1,2,2,0
19240,6,4,15,2,1,0,1,1,3,2,1
19241,3,5,11,4,4,3,1,0,1,2,0
19242,10,4,12,2,1,0,1,1,2,2,1
19243,5,4,11,2,8,0,1,1,2,2,0
19244,10,4,5,2,8,0,1,1,3,2,0
19245,4,4,11,2,7,0,1,1,2,2,0
19246,4,4,1,4,3,3,1,1,2,2,0
19247,11,4,14,0,4,4,1,0,2,2,0
19248,8,4,1,2,3,0,1,1,0,4,0
19249,7,4,15,2,3,0,1,1,2,2,0
19250,5,4,11,0,3,1,1,1,1,2,0
19251,12,4,11,2,13,0,1,1,2,2,1
19252,5,4,11,4,11,2,1,1,1,2,0
19253,5,4,15,4,3,4,1,0,2,2,0
19254,7,4,8,2,8,0,1,1,2,2,0
19255,8,4,12,2,4,0,1,1,2,2,1
19256,3,4,11,4,13,3,0,1,1,0,0
19257,13,0,7,2,0,0,1,1,2,2,1
19258,5,2,11,2,7,0,1,1,2,2,1
19259,13,4,1,2,7,0,1,1,2,4,0
19260,9,4,1,3,8,4,1,0,2,2,0
19261,7,4,2,0,3,3,1,1,1,2,0
19262,10,4,11,2,9,5,0,0,2,0,0
19263,7,4,0,4,7,1,1,1,2,2,0
19264,3,4,15,4,12,1,1,0,1,2,0
19265,8,4,8,0,12,1,1,1,1,2,0
19266,11,5,15,2,12,0,1,1,2,2,0
19267,7,4,6,2,7,0,1,1,3,2,0
19268,4,4,5,4,8,3,1,0,2,2,0
19269,14,6,15,2,5,0,1,1,2,2,1
19270,8,5,8,4,12,3,1,1,2,2,0
19271,8,4,7,2,6,0,1,1,2,2,0
19272,5,4,15,2,8,0,0,1,2,2,1
19273,10,4,8,4,10,1,1,1,2,2,0
19274,6,6,9,4,12,1,0,1,2,2,0
19275,9,2,11,0,14,1,1,1,2,2,0
19276,10,4,15,4,3,1,1,1,2,2,0
19277,4,4,1,4,1,3,1,0,1,2,0
19278,4,7,9,4,10,3,1,1,2,2,0
19279,7,4,12,0,4,1,1,1,2,2,0
19280,4,4,8,4,7,3,1,1,1,2,0
19281,12,4,0,6,7,4,1,1,0,2,0
19282,9,1,11,0,1,1,1,0,2,2,0
19283,5,4,9,4,10,3,1,0,3,2,0
19284,11,4,15,2,6,0,1,1,2,2,0
19285,10,4,7,0,3,1,1,1,2,2,0
19286,5,4,11,2,3,0,1,1,1,2,1
19287,7,6,11,4,4,3,1,1,2,2,0
19288,4,4,15,2,8,0,1,1,2,2,0
19289,13,4,11,6,8,4,1,0,2,2,0
19290,8,5,11,2,4,0,1,1,2,2,0
19291,3,6,9,4,12,1,1,0,2,2,1
19292,7,4,15,0,6,4,1,1,2,2,0
19293,7,4,15,0,13,1,1,0,2,2,0
19294,5,5,12,4,4,3,1,0,2,2,0
19295,6,4,15,4,1,1,1,0,2,2,1
19296,5,2,9,4,10,3,1,0,3,2,0
19297,11,4,11,2,7,0,1,1,2,2,1
19298,7,4,11,2,7,0,1,1,3,2,0
19299,8,4,11,0,7,4,1,0,1,2,0
19300,7,4,6,2,3,0,1,1,1,2,0
19301,5,4,0,4,3,1,1,1,2,2,0
19302,7,4,3,4,6,3,1,1,2,2,0
19303,5,4,1,2,6,0,1,1,3,2,0
19304,3,4,11,4,12,1,1,0,1,2,0
19305,11,4,11,2,3,0,1,1,3,2,0
19306,6,4,11,2,1,0,1,1,2,2,1
19307,6,7,12,2,10,0,1,1,1,2,0
19308,4,4,9,4,4,4,1,0,2,2,0
19309,6,4,5,2,3,0,1,1,1,2,1
19310,4,1,9,4,4,1,0,1,1,2,0
19311,7,4,11,2,3,0,1,1,2,2,0
19312,8,4,11,5,7,1,1,0,2,2,0
19313,4,4,7,4,1,4,0,0,1,2,0
19314,8,7,8,0,12,2,1,0,2,2,0
19315,7,4,2,4,3,1,1,1,2,2,0
19316,5,6,9,4,10,3,0,0,2,2,0
19317,10,4,1,6,3,1,1,1,3,2,0
19318,6,4,15,2,7,0,1,1,2,2,1
19319,8,4,9,4,4,3,1,1,3,2,0
19320,3,4,11,4,1,3,1,0,0,2,0
19321,10,4,11,0,6,1,1,1,1,2,0
19322,3,4,5,4,4,1,1,1,2,2,0
19323,8,4,11,0,12,3,1,0,2,2,0
19324,11,4,11,4,8,3,1,1,1,2,0
19325,7,4,12,2,10,0,1,1,2,4,1
19326,6,4,15,2,4,0,1,1,1,2,1
19327,10,6,11,2,3,0,1,1,2,2,1
19328,6,7,4,4,8,3,1,0,2,2,0
19329,4,1,11,4,1,1,1,0,2,2,0
19330,7,4,15,4,4,3,1,0,2,2,0
19331,5,4,11,4,8,1,0,0,2,2,0
19332,6,4,12,2,4,0,1,1,1,2,1
19333,12,4,11,2,3,0,1,1,3,2,0
19334,10,4,9,2,10,0,1,1,2,2,0
19335,5,4,15,0,6,1,1,0,2,1,0
19336,8,4,9,2,4,0,1,1,2,2,0
19337,6,4,15,2,12,0,1,1,2,2,1
19338,5,6,8,4,5,2,1,0,3,2,0
19339,6,4,9,4,12,1,1,1,3,2,0
19340,10,4,15,2,12,5,1,0,2,2,1
19341,3,2,12,4,3,3,1,1,0,2,0
19342,5,4,11,2,14,0,1,1,2,2,0
19343,6,4,11,2,4,0,0,1,0,2,0
19344,3,0,11,4,14,1,1,0,0,2,0
19345,6,4,7,2,4,0,1,1,2,0,1
19346,11,4,0,2,7,0,0,1,1,2,0
19347,6,4,9,2,12,0,1,1,4,2,0
19348,13,6,1,2,3,0,1,1,0,2,1
19349,11,4,8,4,5,2,0,1,2,0,0
19350,10,8,15,4,13,1,1,0,2,2,0
19351,7,4,15,2,3,0,1,1,2,2,0
19352,6,4,11,2,7,0,1,1,2,2,0
19353,4,4,11,4,14,3,1,1,1,2,0
19354,9,4,11,2,7,0,1,1,2,2,0
19355,10,4,11,2,3,0,1,1,1,2,1
19356,9,4,2,2,6,0,1,1,2,2,0
19357,9,4,9,0,4,1,1,0,2,2,0
19358,4,4,14,4,10,4,1,0,2,2,0
19359,7,4,11,4,4,3,1,0,2,2,0
19360,10,4,15,2,3,0,1,1,2,2,0
19361,12,4,15,4,12,1,1,1,1,2,1
19362,9,4,11,0,3,1,1,1,2,2,0
19363,11,6,11,2,14,0,1,1,2,2,0
19364,9,4,11,2,3,0,1,1,2,2,0
19365,7,2,11,2,11,0,1,1,2,2,1
19366,5,4,15,4,4,1,0,1,2,2,0
19367,6,4,6,2,6,0,1,1,1,2,0
19368,7,4,12,4,12,3,1,0,2,2,0
19369,5,4,8,4,12,1,0,0,2,2,0
19370,7,1,1,2,14,0,1,1,2,2,0
19371,3,4,15,4,1,3,1,0,1,2,0
19372,6,4,11,5,4,1,1,1,3,2,0
19373,5,0,0,4,14,1,1,0,2,2,0
19374,8,4,15,0,4,3,1,1,2,2,0
19375,9,4,15,2,11,0,1,1,2,2,0
19376,8,4,11,2,3,0,0,1,2,2,0
19377,11,4,11,2,12,0,1,1,2,2,0
19378,9,4,11,6,14,1,1,1,2,2,1
19379,8,4,15,0,6,4,1,0,2,1,0
19380,6,6,15,2,14,0,1,1,2,2,1
19381,11,4,11,6,9,4,1,0,2,2,0
19382,6,4,9,2,10,0,1,1,1,2,0
19383,7,0,9,2,0,0,1,1,2,2,0
19384,6,4,11,0,1,4,1,0,2,2,0
19385,11,4,9,6,10,4,1,0,2,2,0
19386,9,4,11,2,4,0,1,1,2,2,0
19387,4,4,15,4,3,3,1,1,2,2,0
19388,6,2,9,2,4,0,1,1,2,2,1
19389,9,7,9,0,10,3,1,1,2,2,0
19390,4,4,15,4,7,3,1,0,1,2,0
19391,9,2,11,2,1,0,1,1,2,2,0
19392,7,2,11,4,6,3,1,0,2,2,0
19393,6,4,11,4,3,1,1,1,2,2,0
19394,4,4,9,4,10,1,1,0,1,2,0
19395,11,4,15,2,7,0,1,1,3,2,1
19396,8,4,9,2,12,0,0,1,1,2,0
19397,5,4,7,4,13,1,1,1,1,2,0
19398,4,4,11,5,5,4,1,1,2,2,0
19399,7,4,11,0,8,1,1,0,1,2,0
19400,5,4,9,4,1,2,1,0,2,2,0
19401,8,4,9,0,10,4,1,0,2,2,0
19402,8,4,11,0,4,1,1,1,2,2,0
19403,7,4,1,0,7,1,1,0,2,2,0
19404,9,4,0,5,10,1,1,0,1,2,0
19405,5,7,9,4,4,3,1,1,1,2,0
19406,10,5,11,2,12,0,1,1,2,2,1
19407,10,4,11,2,8,0,0,1,2,2,1
19408,7,4,8,2,3,0,1,1,2,2,1
19409,5,4,9,4,4,3,1,1,2,2,0
19410,8,4,11,2,7,0,1,1,3,2,0
19411,7,0,15,4,0,1,1,1,2,2,1
19412,12,4,15,2,6,0,1,1,2,2,1
19413,8,4,9,2,4,0,1,1,2,2,0
19414,10,6,15,2,4,0,1,1,2,2,1
19415,13,4,11,2,8,5,1,0,2,3,0
19416,9,4,9,6,10,1,1,0,2,2,0
19417,6,4,15,0,8,1,1,1,2,2,0
19418,5,7,9,4,4,1,1,1,2,2,0
19419,7,4,11,4,14,1,1,1,2,2,1
19420,7,4,9,0,12,1,1,1,1,2,0
19421,7,4,10,4,7,4,1,0,2,2,0
19422,5,6,9,4,10,1,1,1,2,2,0
19423,8,4,11,2,14,0,1,1,4,2,1
19424,16,4,15,2,7,0,1,1,1,2,1
19425,10,6,9,2,4,5,1,0,4,2,1
19426,5,6,7,2,10,5,1,0,2,2,0
19427,7,4,9,4,9,4,1,0,2,2,0
19428,10,4,11,2,7,0,1,1,2,2,1
19429,7,2,12,2,5,0,1,1,2,2,0
19430,12,4,0,4,6,3,1,1,2,2,0
19431,11,4,5,0,8,1,1,1,2,2,0
19432,7,4,9,0,10,1,1,0,2,2,0
19433,8,4,15,2,7,5,1,0,2,2,1
19434,6,4,7,2,13,0,1,1,2,2,0
19435,5,1,11,4,4,3,1,1,2,2,0
19436,6,4,15,2,10,0,1,1,3,2,0
19437,9,4,15,2,14,0,1,1,2,2,1
19438,4,4,11,4,8,1,1,1,2,1,0
19439,8,4,0,0,12,1,0,1,2,2,0
19440,6,5,11,4,4,3,1,1,2,2,1
19441,10,6,9,0,4,1,1,0,2,2,0
19442,4,4,11,2,3,0,1,1,0,2,0
19443,12,4,15,0,1,4,1,0,2,2,0
19444,5,4,8,4,1,1,0,0,1,2,0
19445,12,4,11,2,3,0,1,1,2,2,1
19446,12,6,15,0,4,1,1,0,2,2,0
19447,3,4,9,4,12,3,1,1,0,2,0
19448,8,1,7,2,4,0,1,1,2,2,0
19449,4,4,14,4,10,1,1,0,2,2,0
19450,7,5,11,4,4,3,0,1,2,0,0
19451,4,4,15,4,12,3,1,0,0,2,0
19452,16,2,11,0,6,1,1,1,1,2,0
19453,7,4,8,0,8,1,0,0,2,2,0
19454,4,4,11,4,12,3,1,0,2,2,0
19455,4,4,12,4,4,3,1,1,3,2,0
19456,5,4,15,4,12,3,1,1,2,2,0
19457,9,4,8,2,12,0,1,1,2,2,0
19458,7,4,11,0,3,1,1,1,2,2,1
19459,5,4,9,2,3,0,1,1,2,2,1
19460,5,4,7,2,3,0,0,1,2,0,0
19461,5,4,9,2,4,0,1,1,1,2,0
19462,9,7,8,0,5,4,0,1,1,2,0
19463,9,0,4,2,0,0,1,1,1,2,0
19464,5,4,11,4,3,1,1,1,2,2,0
19465,3,4,11,4,7,1,1,1,1,2,0
19466,6,4,12,4,10,3,1,1,2,2,0
19467,4,4,15,0,8,2,1,0,2,2,0
19468,6,4,15,4,12,1,1,0,2,2,1
19469,8,4,2,2,6,0,1,1,2,2,0
19470,3,4,7,4,1,3,1,0,1,2,0
19471,3,4,12,4,4,1,1,1,0,2,0
19472,3,6,5,4,3,1,1,1,1,2,1
19473,9,4,12,2,10,0,1,1,2,2,0
19474,4,4,15,4,12,1,1,1,2,2,0
19475,13,7,9,6,13,1,1,1,0,2,0
19476,8,6,0,2,3,0,1,1,2,2,1
19477,10,2,9,2,10,0,1,1,2,2,0
19478,7,4,15,2,1,0,1,1,2,2,1
19479,11,4,15,2,14,0,1,1,2,2,1
19480,5,4,9,2,10,5,1,0,2,2,0
19481,5,4,11,0,3,1,0,1,2,2,0
19482,7,1,9,4,12,1,1,1,1,2,0
19483,10,4,15,2,12,0,1,1,2,2,0
19484,5,4,11,2,3,0,1,1,2,2,1
19485,6,5,8,4,8,1,1,1,1,2,0
19486,4,4,15,4,8,1,1,0,2,2,0
19487,11,4,10,2,4,0,1,1,2,1,1
19488,8,4,8,2,3,0,1,1,2,2,0
19489,8,0,12,2,0,0,1,1,2,2,0
19490,5,2,9,4,4,3,1,1,1,2,0
19491,9,4,15,0,12,1,1,1,2,2,0
19492,8,4,9,2,10,0,1,1,2,2,1
19493,9,4,9,6,4,1,1,1,2,2,0
19494,11,6,5,2,5,0,1,1,3,2,0
19495,7,4,1,3,8,1,1,0,2,2,0
19496,5,1,6,4,1,1,1,0,2,2,0
19497,11,2,11,2,4,0,1,1,1,2,0
19498,3,5,12,4,4,1,1,0,1,2,1
19499,7,4,15,2,3,0,1,1,2,2,0
19500,10,1,11,2,1,5,1,0,2,2,0
19501,9,4,11,2,6,0,0,1,3,0,1
19502,13,4,1,2,12,0,1,1,2,2,1
19503,5,6,9,4,4,1,1,0,2,2,0
19504,6,4,15,2,3,0,1,1,2,2,0
19505,18,7,6,4,1,1,1,0,3,2,0
19506,3,4,15,4,6,1,1,0,2,2,0
19507,11,4,7,2,14,0,1,1,1,2,1
19508,4,4,9,4,13,1,1,0,1,2,0
19509,7,4,8,0,4,4,1,0,2,2,0
19510,8,4,11,0,1,4,1,0,3,0,0
19511,7,4,12,2,10,0,1,1,2,2,0
19512,11,4,11,0,8,4,0,0,3,0,1
19513,8,4,15,0,6,1,1,1,2,2,0
19514,5,4,9,4,6,3,1,1,0,2,0
19515,8,4,15,2,14,0,1,1,2,2,0
19516,7,4,11,2,14,0,1,1,2,2,0
19517,8,1,8,2,3,0,1,1,2,2,0
19518,7,2,15,0,8,1,1,0,2,2,0
19519,7,2,7,2,11,0,1,1,2,2,1
19520,9,6,11,6,5,4,1,1,2,4,0
19521,9,4,15,2,3,0,1,1,2,2,1
19522,6,4,1,2,14,0,1,1,2,2,0
19523,14,4,0,2,14,0,1,1,1,2,1
19524,5,4,8,2,10,0,1,1,2,2,1
19525,7,6,11,2,4,0,0,1,3,0,1
19526,9,4,11,4,12,3,1,1,2,2,0
19527,7,6,11,0,5,1,1,1,2,2,0
19528,7,4,1,0,12,1,0,0,2,2,0
19529,7,2,15,5,1,4,1,0,3,2,0
19530,4,7,15,5,4,4,0,1,2,0,0
19531,9,2,9,0,10,1,1,0,2,2,0
19532,4,6,11,4,4,1,1,1,1,2,0
19533,6,4,9,4,10,1,1,0,2,2,0
19534,6,6,0,2,5,0,1,1,2,2,0
19535,4,2,15,4,1,1,1,0,1,2,0
19536,8,6,8,2,3,0,1,1,1,2,1
19537,4,4,10,4,4,1,0,1,2,0,0
19538,15,6,5,2,5,0,1,1,1,2,1
19539,7,2,12,0,10,1,1,0,2,2,0
19540,5,4,1,4,5,3,1,1,2,2,0
19541,8,4,12,4,10,1,1,0,2,2,0
19542,10,0,9,2,0,0,1,1,2,2,1
19543,5,7,12,4,10,1,1,1,2,2,0
19544,7,4,1,2,3,0,1,1,2,2,1
19545,11,4,9,2,10,5,1,0,2,1,1
19546,4,4,11,4,3,1,1,1,0,2,0
19547,6,4,8,4,13,1,1,0,2,2,0
19548,9,4,11,5,3,4,0,1,2,2,0
19549,5,7,12,2,10,5,1,0,2,2,0
19550,8,4,11,2,6,0,1,1,2,2,1
19551,3,5,0,4,4,1,1,1,2,2,0
19552,6,4,8,4,13,3,1,1,2,2,0
19553,8,4,11,3,7,2,0,1,2,2,0
19554,8,4,11,4,7,1,1,1,3,2,0
19555,9,2,9,2,11,0,1,1,1,2,0
19556,8,4,0,2,12,0,1,1,4,2,1
19557,9,4,9,2,12,0,1,1,1,2,0
19558,3,4,11,4,12,3,1,1,2,2,0
19559,8,4,11,2,3,3,0,1,2,2,0
19560,6,4,15,2,4,0,1,1,2,2,1
19561,5,1,9,2,1,5,1,0,2,2,1
19562,3,4,15,4,1,4,1,0,2,2,0
19563,8,6,15,2,12,0,1,1,2,2,1
19564,5,4,0,4,7,1,1,1,2,2,1
19565,11,5,11,2,12,0,1,1,2,2,0
19566,7,2,15,5,11,1,1,1,1,2,0
19567,10,7,12,0,10,3,1,0,2,2,0
19568,8,4,9,0,12,1,1,1,2,2,0
19569,8,4,15,0,3,1,1,1,2,2,0
19570,5,4,15,4,3,1,1,1,2,2,0
19571,5,6,7,0,1,1,1,1,2,2,0
19572,11,4,12,2,13,0,1,1,2,2,0
19573,10,4,6,0,8,1,1,0,2,2,0
19574,5,4,2,2,14,0,1,1,2,2,1
19575,4,4,0,4,8,3,1,0,2,2,0
19576,4,4,15,4,8,3,0,0,3,0,0
19577,5,0,11,2,0,0,1,1,2,2,1
19578,5,2,9,4,10,1,0,1,1,2,0
19579,9,4,11,2,4,0,1,1,3,2,0
19580,9,1,5,2,11,0,1,1,3,2,0
19581,7,4,11,4,1,3,1,1,2,2,0
19582,5,4,11,4,3,3,1,1,3,2,0
19583,4,0,11,4,0,3,1,0,2,2,0
19584,7,0,9,2,0,0,1,1,2,2,0
19585,5,4,9,4,10,1,1,0,2,2,0
19586,10,4,11,2,7,0,1,1,2,2,1
19587,4,4,11,4,7,1,1,1,1,2,0
19588,4,4,15,4,7,1,0,1,1,2,0
19589,7,4,11,0,12,1,1,1,2,2,0
19590,10,4,9,5,13,1,0,0,2,0,0
19591,7,4,11,2,6,0,1,1,1,2,1
19592,4,6,9,4,4,1,1,0,1,4,0
19593,3,6,10,4,10,3,1,0,2,2,0
19594,7,2,9,2,10,0,1,1,2,2,0
19595,11,4,15,2,6,0,1,1,2,2,1
19596,4,4,7,4,13,2,0,1,2,2,0
19597,11,4,9,0,12,3,0,0,2,2,0
19598,4,2,15,2,10,0,1,1,2,2,0
19599,10,4,9,2,14,0,1,1,2,2,0
19600,6,4,12,3,10,1,1,1,2,4,0
19601,8,4,9,4,4,3,0,0,2,2,0
19602,12,4,1,2,7,0,1,1,2,2,0
19603,5,4,14,4,10,1,1,0,2,2,0
19604,4,4,12,4,10,3,1,1,1,2,0
19605,7,4,15,2,1,0,1,1,2,2,1
19606,16,6,10,4,10,3,0,1,1,2,0
19607,6,4,11,0,8,4,1,1,3,2,0
19608,8,4,15,0,8,1,1,0,1,2,0
19609,4,4,8,4,12,1,1,1,1,2,0
19610,4,4,12,4,12,1,0,1,2,2,0
19611,7,6,9,0,4,4,1,0,0,2,0
19612,13,5,11,4,12,3,0,1,1,2,0
19613,7,4,9,2,5,0,1,1,3,2,1
19614,8,4,11,2,3,0,1,1,2,2,0
19615,12,6,8,2,4,0,1,1,0,2,1
19616,7,6,15,2,8,2,1,0,2,2,0
19617,6,4,11,4,3,3,1,1,2,2,0
19618,6,4,6,2,3,0,1,1,2,2,1
19619,6,6,7,5,3,1,1,1,2,2,0
19620,9,2,9,2,11,0,1,1,3,2,0
19621,10,4,11,2,12,0,1,1,2,2,0
19622,8,4,9,4,12,3,1,1,2,2,0
19623,9,4,11,2,3,0,1,1,2,2,1
19624,11,4,12,6,10,4,1,0,2,2,0
19625,6,4,12,2,10,0,1,1,1,2,1
19626,14,4,15,6,4,1,1,1,1,2,0
19627,11,4,11,5,14,1,1,1,1,2,0
19628,7,4,11,2,3,0,1,1,2,3,0
19629,7,6,9,2,10,0,1,1,3,2,1
19630,9,4,7,2,13,0,1,1,2,2,0
19631,6,4,9,2,12,0,1,1,2,2,0
19632,9,2,9,2,10,5,0,0,2,2,1
19633,3,4,15,4,12,1,1,1,1,2,0
19634,6,7,15,2,1,5,0,0,2,2,1
19635,10,4,9,2,10,0,1,1,3,2,1
19636,6,4,9,2,10,0,1,1,1,2,1
19637,4,4,15,4,12,1,1,1,2,2,0
19638,4,4,15,4,1,3,1,1,0,2,0
19639,5,4,14,2,10,0,1,1,2,2,1
19640,6,4,15,4,12,3,1,1,2,2,0
19641,4,7,15,4,1,3,1,0,2,2,0
19642,7,4,3,5,8,4,0,0,2,2,0
19643,4,4,11,4,3,3,1,1,1,2,0
19644,7,4,15,2,8,0,1,1,2,2,0
19645,8,4,11,0,11,1,1,1,2,2,0
19646,4,7,8,2,4,0,1,1,1,2,0
19647,4,2,11,0,11,1,1,1,2,2,0
19648,4,1,15,4,1,3,1,0,1,2,0
19649,6,4,11,4,8,1,1,0,2,2,0
19650,7,4,9,4,1,3,0,0,2,0,0
19651,5,6,12,4,10,3,0,1,3,0,0
19652,7,4,11,2,6,0,1,1,2,2,1
19653,9,4,4,2,7,0,1,1,2,1,0
19654,5,0,11,4,0,1,1,1,2,2,0
19655,7,1,11,2,10,0,1,1,2,2,1
19656,8,4,11,4,8,1,1,0,2,2,0
19657,5,4,9,4,12,4,0,1,2,0,1
19658,8,0,11,2,0,0,1,1,2,2,0
19659,9,4,11,4,1,1,1,0,2,2,0
19660,11,4,15,2,4,0,1,1,2,2,0
19661,4,6,11,4,12,2,1,0,2,2,0
19662,5,5,0,5,12,1,1,1,2,2,0
19663,7,6,15,2,10,0,1,1,2,2,0
19664,10,2,9,2,10,0,0,1,2,2,1
19665,12,4,12,2,10,0,1,1,2,2,1
19666,4,7,11,4,1,4,1,0,1,2,0
19667,12,4,1,2,6,0,1,1,2,2,0
19668,7,4,11,5,1,1,1,0,2,2,0
19669,7,7,15,2,1,0,1,1,2,2,1
19670,6,4,5,2,8,5,1,0,1,2,0
19671,11,4,11,2,4,0,1,1,2,2,1
19672,4,4,7,2,3,0,1,1,2,2,0
19673,11,4,15,2,1,0,0,1,2,4,1
19674,5,2,10,4,10,2,1,1,2,2,0
19675,8,6,11,4,3,1,0,1,2,2,0
19676,4,4,11,4,8,2,1,0,2,2,0
19677,7,4,11,2,4,0,1,1,2,2,1
19678,9,4,9,5,10,2,1,1,1,2,0
19679,6,4,2,2,12,0,1,1,1,2,0
19680,10,4,0,2,5,0,1,1,2,2,1
19681,9,4,14,0,10,1,0,1,2,2,0
19682,11,4,11,2,7,0,1,1,1,2,0
19683,5,4,15,4,8,1,1,0,2,2,0
19684,12,4,0,2,3,0,1,1,0,2,0
19685,6,4,8,2,3,0,1,1,1,2,0
19686,9,0,11,0,0,1,1,0,2,2,0
19687,8,4,11,5,3,3,0,1,4,2,0
19688,7,4,11,0,8,1,0,0,3,2,0
19689,7,4,12,2,3,0,0,1,2,2,0
19690,4,7,8,4,1,4,1,0,2,2,0
19691,9,4,11,2,7,0,1,1,2,2,1
19692,7,4,12,2,4,0,1,1,3,2,0
19693,10,0,2,2,0,0,1,1,2,2,0
19694,5,4,0,4,8,1,1,1,2,2,1
19695,7,4,15,2,1,5,1,0,2,2,0
19696,11,4,11,2,11,0,1,1,2,2,0
19697,7,4,11,0,3,1,1,1,2,2,0
19698,8,4,15,0,10,1,0,1,2,2,0
19699,8,6,11,2,5,0,1,1,2,2,0
19700,8,4,11,2,8,5,1,0,2,2,0
19701,5,2,14,2,10,0,1,1,2,2,0
19702,4,4,10,4,10,4,1,1,0,1,0
19703,6,0,11,2,0,5,0,0,2,2,1
19704,7,4,15,2,3,0,1,1,2,2,0
19705,6,4,15,0,8,4,1,0,2,2,0
19706,7,4,15,0,4,4,1,0,2,2,1
19707,8,2,7,0,4,4,1,0,2,2,0
19708,3,4,0,4,12,4,0,1,2,2,0
19709,7,6,15,2,3,0,0,1,2,2,1
19710,11,2,7,2,4,0,1,1,2,2,0
19711,7,4,9,0,10,3,0,1,2,0,0
19712,6,2,7,2,13,0,1,1,2,1,1
19713,8,4,11,0,1,4,1,0,3,1,0
19714,6,4,7,4,12,1,0,0,3,2,0
19715,13,4,11,2,4,0,1,1,1,2,1
19716,8,6,11,2,5,0,1,1,2,2,0
19717,4,2,11,4,1,3,1,0,1,2,0
19718,10,4,11,0,7,1,1,1,2,2,0
19719,8,4,7,2,3,0,1,1,2,2,0
19720,4,7,1,4,8,3,1,1,2,2,0
19721,10,6,8,0,5,4,0,1,2,2,0
19722,7,4,9,4,4,1,1,1,2,2,0
19723,8,0,11,2,0,5,1,0,2,2,0
19724,5,5,15,2,4,0,1,1,1,2,0
19725,5,4,8,4,3,1,1,1,3,2,0
19726,9,4,10,5,10,4,0,0,3,2,0
19727,12,6,12,2,10,2,1,0,2,2,0
19728,8,2,6,2,5,0,0,1,2,0,0
19729,5,4,9,4,13,3,1,1,2,2,0
19730,4,4,9,4,10,3,1,1,1,2,0
19731,4,4,9,4,8,4,1,0,2,2,0
19732,10,4,1,4,8,4,1,0,2,2,0
19733,5,5,9,4,4,3,1,1,2,2,0
19734,10,4,1,0,1,4,1,0,1,2,0
19735,9,4,9,0,4,3,1,1,2,2,0
19736,4,4,9,4,10,3,1,1,2,2,0
19737,8,4,15,2,6,0,1,1,4,2,0
19738,6,4,9,2,3,0,1,1,2,2,1
19739,6,4,9,4,4,1,1,1,2,2,0
19740,8,4,11,2,1,5,1,0,2,2,0
19741,7,4,2,2,7,5,1,0,2,2,0
19742,4,4,10,2,10,0,1,1,1,2,0
19743,12,2,5,2,8,5,0,0,2,2,1
19744,11,4,15,4,1,3,1,1,2,2,0
19745,10,4,0,2,7,0,1,1,3,2,0
19746,4,4,1,4,6,3,1,1,1,2,0
19747,10,4,10,2,10,0,0,1,2,2,1
19748,13,4,15,0,8,1,1,1,2,2,0
19749,5,4,11,3,7,1,1,0,1,2,0
19750,8,4,15,5,1,1,1,0,2,2,0
19751,6,4,12,2,4,0,1,1,2,2,1
19752,7,4,15,3,14,1,1,1,2,2,0
19753,8,4,11,2,6,0,1,1,2,2,0
19754,7,2,9,2,4,0,0,1,2,2,1
19755,10,4,15,0,11,1,1,1,0,2,0
19756,6,4,15,2,13,0,1,1,2,2,0
19757,4,6,15,4,13,1,1,1,1,2,0
19758,6,5,11,4,1,3,1,0,2,2,0
19759,5,7,11,4,8,3,1,0,2,2,0
19760,9,4,1,0,7,4,1,1,2,2,1
19761,7,4,15,2,14,0,1,1,2,2,0
19762,6,4,11,2,3,0,1,1,3,2,0
19763,8,4,15,0,10,4,0,0,2,0,0
19764,5,4,12,2,10,0,1,1,2,2,0
19765,11,6,11,0,10,1,0,1,3,2,1
19766,11,4,12,0,12,4,1,0,2,2,0
19767,8,0,5,4,0,3,1,0,2,2,0
19768,4,4,10,4,10,3,1,0,1,2,0
19769,14,4,15,6,5,1,1,1,0,2,0
19770,5,4,9,4,12,3,1,1,4,2,0
19771,6,4,11,4,3,3,0,1,2,2,0
19772,7,4,15,4,7,1,1,0,2,2,0
19773,3,4,1,4,4,3,1,1,3,2,0
19774,4,4,11,4,7,3,1,1,1,2,0
19775,8,4,12,2,13,0,1,1,2,2,0
19776,6,0,11,4,0,1,1,1,3,2,1
19777,11,4,11,2,7,0,1,1,2,2,0
19778,3,4,14,4,10,3,1,1,0,2,0
19779,4,4,12,0,4,1,1,0,1,2,0
19780,8,4,0,2,14,0,1,1,2,2,1
19781,9,4,15,2,4,0,1,1,2,2,0
19782,6,1,8,4,10,1,1,1,2,2,0
19783,14,4,11,2,12,0,1,1,1,2,0
19784,3,7,9,4,4,3,1,0,1,2,0
19785,6,4,9,2,4,0,1,1,2,2,0
19786,4,6,11,4,12,4,1,1,2,2,0
19787,5,6,11,4,1,1,1,1,2,2,0
19788,6,7,9,2,10,0,1,1,2,2,0
19789,3,6,12,4,4,4,0,1,1,1,0
19790,5,6,9,4,12,1,1,0,2,2,0
19791,7,2,5,2,5,0,1,1,4,2,1
19792,6,4,8,4,7,3,1,1,1,2,0
19793,8,4,11,4,12,1,1,1,2,2,0
19794,4,4,15,2,3,0,1,1,2,2,1
19795,7,4,1,0,14,1,1,1,3,2,1
19796,11,4,15,2,3,0,1,1,2,2,1
19797,7,6,6,2,14,0,1,1,2,2,0
19798,5,4,12,5,4,1,1,1,2,2,0
19799,7,2,15,2,11,0,0,1,2,2,1
19800,7,4,11,4,6,3,0,1,2,2,0
19801,4,4,11,2,1,0,1,1,2,2,0
19802,4,4,10,4,11,1,1,0,1,1,0
19803,8,4,11,2,10,5,1,0,1,2,1
19804,7,4,15,4,3,1,1,1,1,2,0
19805,9,5,9,0,12,1,1,1,2,1,0
19806,8,4,9,2,12,0,1,1,3,2,1
19807,9,2,11,2,3,0,1,1,2,2,0
19808,9,4,15,2,7,5,1,0,2,2,1
19809,9,2,9,2,10,0,1,1,3,2,1
19810,7,6,2,2,8,0,1,1,2,2,1
19811,9,4,11,2,4,0,1,1,2,2,1
19812,14,4,6,0,14,1,1,1,0,2,0
19813,6,4,9,4,12,2,0,1,2,2,1
19814,3,6,14,4,10,1,1,0,2,2,0
19815,7,5,9,2,12,0,1,1,2,2,0
19816,10,4,6,3,14,4,1,0,2,2,0
19817,4,4,12,4,4,1,1,1,1,2,0
19818,4,7,5,2,1,0,1,1,1,2,0
19819,9,0,4,0,0,4,1,0,2,0,0
19820,4,4,11,4,8,1,1,1,1,2,0
19821,6,6,15,2,5,0,1,1,2,2,0
19822,5,4,7,2,7,0,1,1,3,2,0
19823,5,2,7,4,10,4,1,0,3,2,0
19824,4,7,15,2,4,0,1,1,2,2,0
19825,9,4,11,0,1,4,1,0,2,2,0
19826,10,6,15,2,12,0,0,1,2,2,0
19827,8,4,7,2,12,0,0,1,2,2,0
19828,7,4,15,2,1,0,1,1,4,2,1
19829,6,4,8,4,1,1,1,0,2,2,0
19830,3,6,5,4,5,1,1,0,1,2,0
19831,8,0,15,2,0,0,1,1,2,2,1
19832,5,4,0,4,7,3,1,0,1,2,0
19833,11,4,8,0,13,4,1,0,2,2,0
19834,4,4,9,4,12,3,1,1,2,2,0
19835,7,4,4,2,3,0,1,1,2,2,1
19836,5,4,15,4,12,1,1,0,3,2,0
19837,7,4,15,4,8,4,1,0,2,2,0
19838,10,4,15,2,1,0,1,1,2,2,1
19839,7,4,0,0,3,1,0,1,3,2,0
19840,5,0,11,4,0,1,1,0,2,2,0
19841,8,4,11,0,8,4,1,0,2,2,0
19842,9,4,11,6,8,4,1,0,2,2,0
19843,10,5,5,0,4,4,0,0,2,2,0
19844,9,6,9,2,4,0,1,1,2,2,0
19845,8,4,11,2,5,0,1,1,2,2,1
19846,6,4,11,2,3,0,1,1,2,2,1
19847,6,5,11,2,4,5,1,0,2,2,1
19848,8,4,15,2,8,0,1,1,2,2,0
19849,12,4,11,2,8,0,0,1,1,2,1
19850,5,4,11,4,4,2,1,1,3,2,0
19851,11,4,9,2,4,0,1,1,2,2,0
19852,9,4,11,0,3,1,1,0,2,2,0
19853,3,7,15,2,10,0,1,1,0,2,0
19854,9,4,12,4,4,3,0,0,2,2,0
19855,15,7,8,6,1,4,1,0,1,2,0
19856,9,7,11,6,4,4,1,1,2,2,0
19857,4,4,7,4,6,3,0,0,2,2,0
19858,6,0,11,4,0,1,1,1,1,2,0
19859,8,4,11,2,14,0,1,1,1,2,0
19860,11,4,12,2,12,0,1,1,2,2,1
19861,10,7,11,2,5,0,1,1,2,2,0
19862,9,4,4,2,4,0,1,1,2,2,1
19863,6,4,9,0,10,1,1,0,2,2,0
19864,10,4,5,2,14,0,1,1,2,1,1
19865,7,5,9,4,4,3,0,1,2,2,0
19866,6,4,15,5,1,4,1,0,3,2,0
19867,13,7,14,6,10,1,1,0,1,2,0
19868,7,4,15,0,7,1,1,0,2,2,0
19869,7,4,11,2,8,0,1,1,2,2,1
19870,6,4,15,2,4,0,1,1,2,2,1
19871,7,4,11,0,1,3,1,0,2,2,0
19872,9,4,9,4,1,1,1,0,2,2,0
19873,3,6,9,4,4,3,1,0,1,2,0
19874,4,4,1,4,8,1,1,1,2,2,0
19875,10,4,15,0,10,1,1,1,2,2,0
19876,10,4,11,6,3,4,1,1,2,2,0
19877,6,4,1,2,8,0,1,1,0,2,1
19878,8,4,15,4,1,3,1,1,2,2,0
19879,4,4,15,4,4,4,0,0,1,2,0
19880,10,4,11,2,4,0,0,1,2,2,0
19881,5,6,0,2,5,0,1,1,1,2,0
19882,5,4,11,4,4,3,1,1,2,2,0
19883,5,4,11,2,6,0,1,1,2,2,0
19884,6,2,7,0,2,1,1,1,1,2,0
19885,12,4,11,2,1,5,1,0,2,2,1
19886,9,4,15,2,11,0,1,1,2,2,0
19887,9,2,15,2,11,0,1,1,2,2,1
19888,13,6,11,2,3,0,1,1,2,2,0
19889,9,4,15,2,5,0,1,1,3,2,1
19890,3,7,15,4,4,1,1,0,1,2,0
19891,11,1,9,2,10,0,1,1,1,2,1
19892,5,4,9,0,10,1,1,1,2,2,0
19893,5,4,5,2,8,0,1,1,2,2,1
19894,6,2,12,2,10,0,1,1,2,2,1
19895,8,4,15,2,4,0,1,1,2,2,0
19896,6,4,9,0,14,1,1,1,1,2,0
19897,13,4,14,6,10,4,1,1,2,2,0
19898,12,4,0,2,7,0,1,1,1,2,0
19899,9,6,11,2,5,0,1,1,2,2,1
19900,9,5,7,2,12,2,0,1,2,2,0
19901,4,4,9,4,7,3,1,0,2,2,0
19902,10,4,15,2,10,0,1,1,2,2,0
19903,7,6,8,2,4,0,1,1,1,2,1
19904,7,7,11,4,1,1,1,0,2,2,0
19905,5,4,11,4,1,1,1,0,2,2,0
19906,8,4,11,2,8,0,1,1,2,2,1
19907,6,4,15,4,12,4,1,1,3,2,0
19908,4,6,15,4,4,3,1,0,1,2,0
19909,12,4,1,6,8,1,1,1,2,2,0
19910,6,4,15,2,3,0,1,1,2,2,0
19911,5,7,9,4,4,3,1,1,2,2,0
19912,6,4,11,4,12,4,1,1,2,2,0
19913,6,4,15,2,3,0,1,1,3,2,0
19914,12,4,12,2,12,0,1,1,3,2,1
19915,9,4,11,2,6,0,1,1,3,2,0
19916,7,4,11,0,8,4,1,1,2,2,0
19917,10,7,15,3,1,1,1,0,2,2,0
19918,13,4,9,0,12,1,1,0,1,2,0
19919,7,4,15,0,12,1,1,0,2,2,0
19920,6,4,11,2,3,0,1,1,2,2,1
19921,9,4,11,5,7,1,1,1,2,2,0
19922,5,4,11,2,3,0,1,1,2,2,0
19923,10,4,9,2,12,0,1,1,2,2,1
19924,5,2,11,4,1,1,1,0,2,2,0
19925,7,4,8,2,1,5,1,0,3,2,1
19926,10,4,9,2,10,5,0,0,2,2,0
19927,9,6,11,2,10,0,1,1,2,2,1
19928,11,1,15,0,4,1,0,0,2,2,0
19929,6,4,8,2,10,0,1,1,2,2,0
19930,9,4,15,5,7,4,1,1,2,2,0
19931,9,4,15,0,3,3,0,1,2,2,0
19932,6,4,12,4,10,3,1,0,2,2,0
19933,6,6,11,2,14,0,1,1,2,2,0
19934,4,4,14,4,10,3,1,1,1,2,0
19935,5,5,1,4,12,1,1,1,2,2,0
19936,4,0,3,4,0,3,1,1,2,2,0
19937,10,4,12,2,10,0,1,1,2,2,0
19938,7,5,15,2,5,0,1,1,1,2,0
19939,10,4,11,2,3,0,1,1,3,2,0
19940,12,4,11,2,3,0,1,1,1,2,0
19941,8,4,9,2,12,5,0,0,1,2,0
19942,12,4,11,6,3,4,1,0,3,2,0
19943,5,4,15,4,13,2,1,0,2,2,0
19944,10,5,9,2,12,0,1,1,2,2,0
19945,6,2,15,2,7,0,0,1,2,2,0
19946,4,0,15,4,0,1,1,0,1,2,0
19947,3,4,15,4,6,1,0,1,2,2,0
19948,8,4,11,0,5,1,1,1,2,2,1
19949,12,4,9,2,13,0,1,1,2,2,0
19950,11,4,11,4,13,3,1,0,2,2,0
19951,5,6,10,2,10,0,1,1,2,2,0
19952,6,4,2,0,9,1,1,0,1,2,0
19953,13,4,15,6,1,4,1,0,1,2,0
19954,8,4,9,2,12,5,0,0,2,2,0
19955,10,6,11,2,5,0,1,1,2,2,0
19956,9,4,15,3,1,1,1,1,2,2,0
19957,5,1,11,4,3,3,1,1,2,2,0
19958,13,6,15,0,3,1,1,0,1,2,0
19959,13,1,11,5,8,4,1,0,1,2,0
19960,6,4,0,2,12,5,1,0,2,2,0
19961,5,4,11,4,3,1,1,1,1,2,1
19962,12,4,9,0,5,1,1,1,0,2,0
19963,6,7,11,4,1,1,0,0,3,2,0
19964,7,4,7,0,8,4,1,1,2,2,0
19965,4,4,5,4,10,3,1,1,1,2,0
19966,5,4,15,4,12,1,1,1,2,2,0
19967,5,4,1,2,3,0,1,1,2,2,1
19968,12,4,8,2,4,5,0,0,1,2,1
19969,4,5,1,4,4,1,1,1,2,2,1
19970,4,5,11,4,5,3,1,0,1,2,0
19971,8,4,9,2,14,0,1,1,2,2,0
19972,8,4,9,2,10,0,1,1,2,2,1
19973,7,4,12,2,10,0,1,1,2,2,1
19974,6,4,11,4,4,3,0,1,2,2,0
19975,10,0,15,2,0,5,1,0,2,2,0
19976,14,5,1,0,4,4,0,0,0,2,0
19977,4,4,10,2,10,0,1,1,2,2,0
19978,9,2,9,5,10,4,1,0,2,2,0
19979,11,4,9,2,4,0,0,1,2,2,0
19980,11,7,7,2,10,0,1,1,0,2,0
19981,6,4,11,2,7,0,1,1,2,2,0
19982,7,2,15,0,7,1,1,1,2,2,0
19983,6,4,15,2,12,0,1,1,2,2,1
19984,4,4,1,4,6,2,1,1,2,2,0
19985,8,4,2,0,14,3,1,0,2,2,0
19986,7,0,1,0,0,1,1,1,1,2,0
19987,8,4,0,2,12,0,1,1,2,2,1
19988,8,4,2,4,1,1,1,0,2,2,0
19989,8,4,11,4,1,1,1,0,3,2,0
19990,8,4,8,2,3,0,1,1,3,2,0
19991,7,5,15,2,4,0,1,1,2,2,0
19992,9,4,7,2,1,0,1,1,1,2,1
19993,7,5,15,2,10,0,1,1,2,2,1
19994,4,4,15,4,12,3,1,0,2,2,0
19995,10,4,0,0,7,1,1,1,3,2,0
19996,10,4,11,2,3,0,1,1,2,2,1
19997,11,4,15,2,6,0,1,1,2,2,1
19998,8,6,5,2,5,0,1,1,2,2,1
19999,9,4,11,2,14,0,1,1,2,2,1
20000,6,4,12,4,10,3,1,1,2,2,0
20001,11,4,15,2,4,0,1,1,2,2,1
20002,6,4,11,0,8,1,1,0,2,2,0
20003,3,7,11,4,1,1,0,1,1,2,0
20004,10,4,12,2,4,0,1,1,2,2,0
20005,3,4,11,4,12,4,1,0,1,2,0
20006,13,4,4,4,8,3,1,0,4,2,0
20007,4,7,9,4,10,1,1,0,2,2,0
20008,7,4,9,2,10,0,1,1,2,2,1
20009,5,4,0,2,6,0,1,1,1,2,0
20010,8,4,8,2,3,0,1,1,1,2,0
20011,9,0,9,0,0,4,0,0,2,0,0
20012,9,4,11,2,7,0,1,1,2,2,0
20013,8,4,1,2,8,0,1,1,2,2,0
20014,10,4,9,2,12,0,1,1,1,2,1
20015,8,4,0,4,6,3,1,1,2,2,0
20016,6,4,2,2,1,0,1,1,2,2,1
20017,16,4,8,0,10,1,0,1,1,2,0
20018,10,4,11,2,7,0,0,1,2,2,0
20019,4,6,3,4,5,1,1,0,1,2,0
20020,4,4,9,4,10,1,1,0,1,2,0
20021,11,4,11,0,4,4,1,0,2,2,0
20022,8,4,8,0,13,4,0,1,2,2,0
20023,9,2,15,2,4,0,1,1,2,2,1
20024,7,6,2,0,13,1,1,0,2,2,0
20025,7,6,9,2,4,0,1,1,2,2,0
20026,6,4,11,2,3,0,1,1,3,2,1
20027,12,4,9,2,4,0,1,1,2,2,1
20028,9,1,2,5,14,3,1,1,2,2,0
20029,7,4,15,2,7,0,1,1,1,2,0
20030,9,0,11,2,0,0,1,1,1,2,1
20031,7,4,11,2,12,0,1,1,1,2,0
20032,4,4,8,4,11,1,1,1,1,2,0
20033,12,6,15,2,10,3,0,1,2,2,0
20034,8,4,0,2,7,0,1,1,4,2,0
20035,7,4,15,2,7,0,1,1,2,4,0
20036,9,4,7,2,1,0,1,1,2,3,1
20037,10,4,11,2,8,0,1,1,1,2,0
20038,8,4,1,2,3,0,1,1,2,2,1
20039,9,4,15,2,4,0,1,1,1,2,0
20040,3,1,9,4,4,1,1,1,2,1,0
20041,8,4,15,2,4,0,1,1,1,2,1
20042,4,4,6,4,9,3,1,0,2,2,0
20043,5,4,11,2,3,0,1,1,2,2,1
20044,5,4,1,2,7,0,1,1,2,2,1
20045,4,4,12,4,1,3,1,1,1,2,0
20046,6,6,15,2,3,0,1,1,2,1,0
20047,3,4,15,4,13,3,1,0,0,2,0
20048,3,5,11,4,12,3,1,1,1,1,0
20049,3,4,11,4,3,4,0,1,1,2,0
20050,4,4,11,4,4,1,1,0,2,2,0
20051,8,7,15,4,1,3,1,1,3,2,0
20052,6,0,4,5,0,4,1,0,2,2,0
20053,9,4,0,2,3,0,1,1,2,2,0
20054,6,4,9,2,12,0,0,1,2,2,0
20055,13,6,15,2,3,0,1,1,1,2,1
20056,9,4,9,0,8,1,1,0,3,2,0
20057,7,4,9,4,12,1,1,0,0,2,0
20058,11,6,9,2,12,5,1,0,2,2,1
20059,12,4,11,6,12,1,1,0,2,2,0
20060,11,4,9,0,4,2,1,1,0,2,0
20061,5,1,9,4,10,3,1,0,2,2,0
20062,8,4,11,0,1,1,0,1,1,2,0
20063,8,4,11,2,5,0,0,1,2,2,1
20064,13,4,15,2,12,0,0,1,0,2,0
20065,3,4,9,4,10,3,1,1,1,2,0
20066,5,2,15,0,12,4,0,1,2,2,0
20067,4,4,9,4,6,3,0,0,2,2,0
20068,3,5,12,4,10,3,1,0,1,2,0
20069,13,4,11,6,12,4,1,1,2,2,1
20070,8,4,6,5,4,1,1,1,2,2,0
20071,10,4,15,0,1,4,1,0,2,2,0
20072,12,1,11,4,13,1,1,0,2,2,0
20073,5,0,11,2,0,0,1,1,1,2,0
20074,4,4,9,4,4,3,1,1,2,2,0
20075,6,4,1,4,5,1,1,1,2,2,0
20076,6,4,0,4,14,2,1,1,2,2,0
20077,5,5,11,4,1,3,1,0,2,2,0
20078,5,6,9,2,12,0,1,1,1,2,1
20079,5,5,12,4,10,1,1,1,2,2,0
20080,9,0,7,0,0,4,1,0,1,2,0
20081,8,2,9,0,10,4,1,0,2,2,1
20082,7,6,5,2,3,0,1,1,2,2,0
20083,12,7,12,2,10,0,1,1,2,2,1
20084,5,6,15,4,12,1,1,0,2,2,0
20085,4,4,12,2,10,0,1,1,2,2,0
20086,6,4,15,4,1,3,1,0,2,2,0
20087,8,2,11,4,11,1,1,1,2,0,0
20088,6,4,11,2,4,0,1,1,2,2,1
20089,4,4,11,4,3,1,1,0,2,2,0
20090,6,4,10,2,10,0,1,1,2,2,0
20091,3,4,11,4,3,3,0,1,0,2,0
20092,11,4,15,2,13,0,1,1,2,2,0
20093,11,4,13,2,8,0,1,1,2,2,0
20094,15,4,9,6,1,4,1,0,0,2,0
20095,8,6,6,2,5,0,1,1,3,2,0
20096,9,4,11,2,6,3,1,1,1,2,0
20097,8,6,9,2,4,0,1,1,2,2,0
20098,11,2,9,0,10,4,0,0,2,2,1
20099,7,4,7,2,1,0,1,1,1,2,1
20100,5,1,9,2,1,5,1,0,2,2,1
20101,15,4,11,2,6,0,1,1,2,2,0
20102,3,4,11,4,7,1,1,0,2,2,0
20103,6,4,0,2,8,0,1,1,2,2,1
20104,5,4,11,4,1,1,1,0,2,2,0
20105,7,4,0,2,3,0,1,1,2,2,0
20106,3,4,12,4,14,3,1,1,1,2,0
20107,3,6,15,4,1,1,0,0,1,2,0
20108,7,4,2,6,8,4,1,0,2,2,1
20109,5,4,10,2,4,0,1,1,2,2,0
20110,9,4,9,2,3,0,1,1,2,2,0
20111,9,4,1,4,12,1,1,1,2,2,0
20112,3,6,9,4,10,1,1,1,0,2,0
20113,8,4,11,2,7,0,1,1,2,2,0
20114,6,1,11,2,1,5,1,0,3,2,0
20115,4,4,11,4,8,1,1,0,1,2,0
20116,6,4,8,4,1,3,1,1,2,2,0
20117,8,4,11,2,1,5,1,0,1,2,1
20118,12,4,15,2,12,0,1,1,2,2,0
20119,14,4,5,0,1,3,1,1,0,2,0
20120,7,4,10,4,10,1,1,0,2,2,0
20121,11,4,6,0,10,1,1,1,2,2,0
20122,7,4,11,0,1,1,1,0,1,2,0
20123,6,4,7,5,13,4,1,0,2,2,0
20124,7,4,11,2,3,0,1,1,3,2,0
20125,8,0,11,4,0,1,1,0,3,2,0
20126,4,4,11,2,8,0,0,1,2,2,0
20127,9,2,9,2,10,0,1,1,2,2,0
20128,6,4,4,4,8,1,1,0,2,2,0
20129,9,4,8,2,10,0,1,1,2,2,0
20130,5,4,11,4,14,3,1,1,2,2,0
20131,5,5,10,2,10,0,1,1,2,2,0
20132,7,2,12,2,10,5,1,0,2,2,0
20133,3,4,15,4,12,1,1,1,1,2,0
20134,11,4,11,2,6,0,0,1,2,2,1
20135,7,4,15,2,1,0,1,1,2,2,1
20136,7,4,2,2,7,0,1,1,2,2,1
20137,10,4,4,2,14,0,1,1,2,2,0
20138,6,6,9,0,12,4,1,0,2,2,0
20139,4,6,8,4,3,3,0,1,2,2,0
20140,10,4,9,2,4,0,1,1,3,2,1
20141,6,2,10,2,10,0,1,1,2,2,1
20142,11,4,15,2,12,0,1,1,1,2,1
20143,6,4,15,2,12,0,1,1,2,2,1
20144,7,4,9,2,14,0,1,1,1,2,0
20145,11,4,12,0,4,4,1,1,2,2,0
20146,5,7,10,2,10,0,1,1,2,2,0
20147,6,4,11,2,6,0,1,1,2,2,0
20148,5,4,11,4,14,3,1,1,2,2,0
20149,9,6,4,3,5,1,1,1,2,2,0
20150,7,7,11,4,8,1,1,1,2,2,0
20151,4,0,15,4,0,4,1,0,2,2,0
20152,6,4,9,2,4,0,1,1,3,4,0
20153,5,4,2,4,7,2,1,0,3,2,0
20154,9,4,1,0,3,1,1,0,2,4,0
20155,7,4,15,2,12,0,1,1,2,2,0
20156,9,4,9,2,4,0,1,1,2,2,1
20157,6,4,9,2,4,0,1,1,2,2,0
20158,8,7,11,0,14,3,1,1,2,2,0
20159,9,4,11,2,3,0,1,1,3,2,0
20160,13,0,0,2,0,0,1,1,2,2,0
20161,7,4,12,2,10,0,1,1,2,2,0
20162,4,4,15,4,1,1,1,1,2,2,0
20163,14,4,5,6,7,4,1,0,0,2,0
20164,8,4,11,2,6,0,1,1,2,2,1
20165,4,4,8,4,10,3,1,1,1,2,0
20166,9,4,15,2,3,0,1,1,1,2,0
20167,7,4,15,5,3,4,1,1,2,2,0
20168,4,4,9,4,4,3,1,1,2,2,0
20169,4,4,11,4,1,3,0,0,1,2,0
20170,11,4,9,4,10,1,1,0,2,1,0
20171,5,4,11,0,6,4,1,0,2,2,0
20172,6,4,15,2,6,0,1,1,2,2,0
20173,14,4,14,0,4,1,0,1,0,0,0
20174,12,0,15,0,0,1,1,0,2,2,0
20175,5,4,11,2,7,0,1,1,2,2,0
20176,7,4,15,5,1,1,1,1,2,2,0
20177,7,4,15,0,3,1,1,1,2,2,0
20178,6,4,11,4,1,3,1,0,2,2,0
20179,4,1,14,4,10,1,1,0,1,2,0
20180,5,2,8,2,8,0,1,1,3,2,1
20181,6,2,15,4,1,1,1,0,2,2,0
20182,10,4,15,5,8,4,0,0,4,2,0
20183,7,4,9,2,13,0,1,1,2,2,0
20184,6,4,11,4,7,1,1,0,2,1,0
20185,7,7,11,2,5,0,1,1,2,2,0
20186,7,4,9,2,4,0,1,1,2,2,1
20187,4,6,15,2,5,0,1,1,2,2,0
20188,7,4,11,2,3,0,1,1,2,2,1
20189,6,4,9,2,4,0,0,1,2,2,1
20190,7,2,11,0,10,3,1,0,2,2,0
20191,9,4,1,2,4,5,1,0,3,2,0
20192,6,0,11,2,0,0,1,1,2,2,1
20193,12,4,6,2,3,0,1,1,1,2,0
20194,8,4,15,0,12,1,1,1,1,2,0
20195,11,2,9,2,10,0,1,1,2,2,0
20196,11,0,15,2,0,5,1,0,2,2,0
20197,8,4,11,4,8,3,1,1,2,2,0
20198,10,4,11,2,7,5,1,0,2,2,1
20199,7,6,8,2,4,0,1,1,1,2,0
20200,11,4,15,2,4,0,1,1,2,2,0
20201,9,4,10,2,10,0,1,1,2,0,1
20202,9,4,9,2,12,0,0,1,2,2,1
20203,8,4,12,0,12,4,0,0,2,4,0
20204,7,4,15,2,1,5,0,0,2,2,1
20205,11,0,8,2,0,0,1,1,2,2,1
20206,5,5,9,4,4,1,1,1,2,2,0
20207,4,4,10,4,10,2,1,1,2,2,0
20208,8,4,9,2,5,0,1,1,2,2,1
20209,5,6,9,2,4,0,0,1,1,2,0
20210,4,4,12,4,10,1,1,0,0,2,0
20211,8,4,15,0,8,1,1,0,2,2,0
20212,6,4,9,2,4,0,1,1,3,2,1
20213,7,4,5,0,14,2,0,1,3,2,0
20214,12,4,1,2,6,0,1,1,2,2,0
20215,7,4,12,2,1,5,1,0,2,1,1
20216,9,4,15,2,4,0,1,1,2,2,1
20217,5,0,15,4,0,1,1,0,2,2,0
20218,10,6,11,2,3,0,1,1,1,2,0
20219,8,4,15,5,12,1,1,0,2,2,0
20220,5,4,9,4,13,1,1,0,2,1,0
20221,8,4,1,2,14,0,1,1,2,2,0
20222,5,4,0,4,8,2,1,0,2,2,0
20223,3,4,0,4,8,3,1,1,1,2,0
20224,7,4,15,4,10,1,1,0,2,2,0
20225,6,4,15,0,3,1,1,1,2,2,0
20226,4,5,9,4,12,3,1,0,2,2,0
20227,5,6,12,2,10,0,1,1,1,2,0
20228,7,2,15,0,10,2,1,1,2,2,0
20229,4,4,3,4,8,3,1,0,1,2,0
20230,8,0,9,2,0,0,1,1,3,2,1
20231,10,4,11,4,8,1,1,0,3,2,0
20232,13,4,5,2,3,0,1,1,2,2,0
20233,6,4,6,2,6,0,1,1,2,4,0
20234,10,4,12,2,14,0,1,1,2,2,1
20235,9,2,11,4,1,1,1,0,2,2,0
20236,8,4,9,2,14,0,1,1,3,2,0
20237,5,4,12,2,4,0,1,1,2,2,1
20238,4,4,9,4,13,3,0,0,1,2,0
20239,3,1,11,4,3,1,1,1,1,2,0
20240,8,4,11,0,1,1,1,0,2,2,0
20241,5,4,11,0,7,1,1,1,2,1,0
20242,13,6,9,2,8,0,1,1,1,2,1
20243,11,4,15,0,1,1,1,0,3,2,0
20244,7,4,8,2,8,0,1,1,1,2,0
20245,8,4,15,2,3,0,1,1,1,2,0
20246,8,4,15,0,4,1,1,0,2,2,0
20247,9,4,5,0,6,1,0,0,2,2,0
20248,8,2,15,5,4,1,1,0,2,2,1
20249,7,4,9,2,1,0,1,1,2,2,1
20250,8,4,9,5,1,4,1,0,2,1,0
20251,8,4,11,4,1,1,1,0,2,2,0
20252,6,1,8,2,3,0,1,1,2,2,0
20253,11,4,15,2,13,5,1,0,1,2,1
20254,9,4,11,0,1,1,1,1,4,2,0
20255,11,4,15,2,1,5,1,0,2,2,0
20256,7,4,1,2,12,3,1,0,2,2,0
20257,8,2,12,2,10,0,1,1,1,2,1
20258,12,4,11,2,6,0,1,1,2,2,0
20259,5,2,11,4,3,1,1,0,1,2,0
20260,7,4,9,2,10,0,1,1,2,2,0
20261,8,1,10,5,10,4,0,0,2,0,0
20262,10,7,12,2,10,0,1,1,2,2,0
20263,4,4,11,4,7,1,1,1,1,2,0
20264,3,4,11,4,8,1,1,0,0,2,1
20265,10,2,12,2,11,0,1,1,2,2,0
20266,4,4,11,4,12,1,1,1,1,2,0
20267,5,6,7,4,4,3,1,1,0,2,0
20268,5,6,5,4,5,1,1,1,2,2,0
20269,6,1,15,5,1,4,1,0,2,2,0
20270,10,4,9,2,4,0,1,1,4,2,1
20271,5,4,11,2,8,0,1,1,1,2,1
20272,14,4,8,2,4,0,0,1,2,2,1
20273,9,4,5,2,14,0,1,1,1,2,1
20274,5,4,8,4,1,3,1,0,2,2,0
20275,10,4,11,2,4,5,1,0,2,2,0
20276,11,2,15,0,11,1,1,1,0,2,0
20277,4,4,11,4,4,3,1,1,1,2,0
20278,6,4,15,0,4,1,1,0,3,2,0
20279,5,4,15,2,6,0,1,1,2,2,1
20280,10,4,9,2,13,5,1,0,0,2,0
20281,10,2,15,2,4,0,0,1,1,2,0
20282,4,5,15,4,4,1,0,0,1,4,0
20283,12,5,11,2,10,0,1,1,2,2,0
20284,8,4,9,2,10,0,1,1,2,2,0
20285,5,4,11,4,1,4,1,0,2,2,0
20286,9,4,11,2,6,0,1,1,2,2,0
20287,5,2,9,4,4,1,1,0,2,2,1
20288,6,4,15,2,3,0,1,1,2,2,1
20289,7,4,11,4,10,1,1,1,2,2,0
20290,5,4,11,4,4,1,1,1,2,2,0
20291,9,4,11,4,7,1,1,1,2,2,1
20292,6,4,15,2,3,0,1,1,2,2,0
20293,10,1,9,2,4,0,1,1,2,2,1
20294,6,4,11,4,8,3,1,0,2,2,0
20295,6,4,7,2,4,0,1,1,2,2,0
20296,10,4,11,4,4,2,0,0,2,2,0
20297,10,4,11,0,7,1,1,1,3,2,0
20298,7,4,9,4,12,1,1,1,2,2,0
20299,6,4,11,4,7,4,1,0,2,2,0
20300,8,7,7,2,0,0,1,1,2,2,1
20301,4,4,11,5,4,1,1,1,2,2,0
20302,7,4,4,2,6,0,1,1,2,2,0
20303,3,4,5,4,14,3,1,1,2,2,0
20304,10,6,11,2,3,0,1,1,2,2,0
20305,9,1,9,6,1,1,1,0,2,2,0
20306,10,7,9,2,1,0,1,1,3,2,1
20307,3,4,9,4,4,3,1,1,0,2,0
20308,6,4,1,4,12,1,1,1,0,2,0
20309,12,4,15,2,1,3,0,1,2,2,0
20310,6,4,2,4,8,3,1,1,2,2,0
20311,4,4,12,2,10,5,1,0,2,2,0
20312,10,4,9,0,8,4,1,0,2,2,0
20313,6,4,15,4,12,2,0,1,1,2,0
20314,8,0,11,2,0,0,1,1,2,2,0
20315,5,6,9,4,13,3,1,1,2,2,0
20316,4,4,11,4,9,3,1,0,1,2,0
20317,6,4,9,4,13,3,1,1,2,2,0
20318,6,6,9,2,4,0,1,1,2,2,1
20319,3,2,9,4,10,1,1,1,1,2,0
20320,5,4,9,2,1,5,1,0,2,2,1
20321,12,5,15,2,4,0,1,1,2,2,0
20322,4,4,15,4,4,1,0,0,2,2,0
20323,8,4,15,0,7,1,1,1,2,2,0
20324,12,4,6,2,3,0,1,1,2,2,0
20325,8,6,1,2,14,0,1,1,2,2,1
20326,6,4,11,4,8,3,0,0,2,0,0
20327,7,4,11,2,12,2,1,1,3,2,0
20328,6,4,1,4,8,1,1,0,1,2,0
20329,10,4,11,2,12,0,0,1,2,2,0
20330,7,2,15,2,10,0,1,1,2,2,0
20331,4,1,11,4,4,3,1,1,2,2,0
20332,14,4,0,6,4,4,1,0,1,2,0
20333,12,4,4,6,9,4,1,0,1,2,0
20334,5,4,11,5,1,4,1,1,4,2,0
20335,11,4,11,4,1,3,1,0,2,2,0
20336,9,5,11,2,8,5,1,0,2,2,1
20337,5,4,2,2,5,0,1,1,2,2,1
20338,8,2,7,2,8,0,1,1,2,2,1
20339,4,6,15,4,5,3,1,1,1,2,0
20340,6,4,11,4,8,4,0,0,3,2,0
20341,3,7,11,4,8,1,1,0,1,2,0
20342,4,1,9,4,4,1,1,0,2,2,0
20343,10,4,11,2,7,0,1,1,2,2,0
20344,8,4,4,0,6,4,1,0,2,2,0
20345,10,4,15,4,12,3,0,1,3,4,0
20346,7,0,6,2,0,0,1,1,3,2,0
20347,13,4,0,2,3,0,1,1,1,2,1
20348,7,4,15,2,12,0,1,1,2,2,0
20349,7,4,15,4,1,1,1,0,2,2,0
20350,8,4,11,0,3,1,1,1,2,2,0
20351,5,4,15,4,8,1,1,1,2,2,0
20352,4,4,11,4,3,1,1,1,2,2,0
20353,9,4,10,2,10,0,1,1,2,2,0
20354,4,4,8,2,13,0,1,1,1,2,0
20355,4,4,8,4,3,2,1,1,2,2,0
20356,8,4,8,0,4,1,1,0,2,2,0
20357,4,7,14,4,10,3,1,0,2,2,0
20358,7,4,1,2,12,0,1,1,1,2,1
20359,7,1,8,4,13,1,1,0,3,2,0
20360,6,4,11,2,6,0,0,1,2,2,1
20361,6,4,2,3,9,1,1,1,2,1,1
20362,5,5,11,4,5,1,1,1,1,2,1
20363,10,7,15,4,3,3,1,1,2,2,0
20364,13,4,15,2,11,5,1,0,0,2,1
20365,3,4,15,4,1,1,1,1,2,2,0
20366,8,6,11,2,12,0,1,1,3,2,0
20367,6,4,15,4,1,3,0,0,2,4,0
20368,7,2,9,4,4,4,1,0,2,2,0
20369,9,4,11,6,7,1,1,1,2,2,0
20370,6,5,9,4,4,3,1,1,2,2,0
20371,8,5,15,2,10,0,1,1,2,2,1
20372,7,4,15,2,12,0,1,1,3,2,1
20373,9,7,8,2,4,0,0,1,2,0,0
20374,4,4,9,4,1,1,1,0,2,2,0
20375,10,4,9,0,12,1,1,0,4,2,0
20376,8,5,9,2,12,0,1,1,2,2,1
20377,11,4,1,2,3,0,1,1,1,2,0
20378,9,4,9,2,4,0,1,1,2,2,0
20379,3,4,11,4,12,3,1,1,2,2,0
20380,7,4,7,4,14,3,1,1,2,2,0
20381,6,4,9,4,10,1,1,1,2,2,0
20382,12,5,9,0,12,1,1,1,1,2,0
20383,9,4,15,2,7,0,1,1,2,2,0
20384,10,4,11,2,3,0,1,1,2,2,0
20385,9,4,9,2,3,0,1,1,2,2,1
20386,11,6,11,4,3,3,1,0,2,2,0
20387,8,4,7,2,12,0,1,1,1,2,0
20388,6,4,9,2,12,0,1,1,2,2,0
20389,5,5,9,4,4,1,1,0,2,2,0
20390,3,4,11,4,1,1,1,1,2,2,0
20391,5,4,14,4,4,4,1,1,2,2,0
20392,8,6,11,2,6,0,1,1,2,2,0
20393,13,4,11,6,12,1,1,0,2,2,1
20394,8,4,7,2,12,0,1,1,1,1,0
20395,8,4,11,2,4,0,1,1,2,2,1
20396,7,4,10,2,4,0,1,1,2,2,0
20397,6,0,15,2,0,2,1,0,2,2,0
20398,9,4,15,2,6,0,1,1,1,2,0
20399,5,4,15,4,7,3,1,1,2,2,0
20400,7,4,11,2,3,0,1,1,2,2,1
20401,5,4,8,3,10,4,1,0,2,2,0
20402,9,4,15,2,8,0,1,1,2,2,0
20403,11,4,15,0,10,4,1,0,0,2,0
20404,5,4,14,4,4,3,0,1,2,2,0
20405,6,4,15,2,7,0,1,1,2,2,1
20406,8,4,0,2,3,0,1,1,1,2,0
20407,10,4,11,2,4,0,1,1,2,2,0
20408,6,4,12,3,4,1,1,1,2,2,0
20409,6,4,15,0,14,1,1,1,2,2,0
20410,5,4,8,4,3,3,1,1,2,2,0
20411,11,5,11,2,12,0,1,1,2,2,1
20412,7,4,15,0,1,4,1,0,2,2,0
20413,6,2,11,2,11,0,1,1,2,2,0
20414,5,4,0,4,7,1,1,1,2,2,0
20415,8,4,0,2,8,0,0,1,0,2,0
20416,7,4,9,2,4,0,1,1,2,2,1
20417,8,2,11,2,6,0,1,1,3,2,1
20418,7,4,11,4,12,1,1,1,2,2,0
20419,10,4,3,2,5,0,1,1,2,2,0
20420,7,4,12,2,10,0,1,1,3,2,0
20421,7,4,15,0,9,1,1,0,2,2,0
20422,8,2,9,4,10,1,1,0,2,2,0
20423,5,4,4,4,8,3,1,0,2,2,0
20424,7,4,6,4,3,1,1,1,2,2,0
20425,4,4,11,4,12,3,1,0,2,2,0
20426,4,4,15,4,1,1,0,0,1,2,0
20427,9,4,11,2,7,0,1,1,3,2,1
20428,10,0,9,2,0,0,1,1,3,2,1
20429,12,4,7,2,3,0,1,1,0,2,1
20430,7,4,1,2,3,0,1,1,2,2,0
20431,5,7,12,2,4,0,1,1,1,2,0
20432,4,4,11,4,3,3,1,1,2,2,0
20433,3,7,12,4,10,3,1,1,2,2,0
20434,8,4,15,5,12,4,0,0,0,2,0
20435,9,0,15,0,0,1,1,0,2,2,1
20436,11,5,15,2,4,0,1,1,2,2,0
20437,9,6,15,2,8,0,1,1,2,2,0
20438,6,0,11,4,0,4,1,0,1,2,0
20439,10,4,11,2,14,0,1,1,2,2,1
20440,5,5,15,4,12,1,1,1,2,2,0
20441,3,4,15,2,4,0,1,1,1,2,0
20442,6,2,15,5,3,4,1,1,3,2,1
20443,12,6,9,2,12,0,1,1,2,2,0
20444,8,0,11,4,0,2,1,0,2,2,0
20445,4,4,8,4,3,3,1,1,1,2,0
20446,5,4,15,2,1,0,1,1,0,2,0
20447,10,2,9,2,4,0,1,1,2,2,0
20448,4,0,15,4,11,3,1,1,1,2,0
20449,4,4,1,4,8,3,1,0,2,2,0
20450,5,4,9,5,1,1,1,0,2,2,0
20451,6,2,0,4,14,4,1,1,3,2,0
20452,3,6,11,4,4,4,1,0,0,2,1
20453,7,4,7,2,12,0,1,1,2,2,1
20454,5,4,11,4,4,4,1,1,3,2,0
20455,6,4,9,4,12,4,1,0,2,2,0
20456,11,4,11,2,8,0,1,1,2,2,1
20457,6,4,11,2,3,0,1,1,3,2,0
20458,4,4,15,4,12,3,1,0,2,2,0
20459,4,4,11,2,12,0,1,1,0,2,1
20460,7,4,15,2,6,0,1,1,2,2,1
20461,8,4,11,0,1,4,1,0,2,2,0
20462,12,4,8,0,10,1,1,1,1,2,0
20463,15,4,11,6,12,1,1,0,1,2,0
20464,4,7,11,4,3,1,1,1,2,2,0
20465,11,4,9,2,13,0,1,1,3,1,0
20466,4,4,8,4,12,3,1,1,2,2,0
20467,14,2,11,2,4,5,1,0,2,2,0
20468,8,4,15,2,12,0,1,1,2,2,1
20469,4,2,9,4,10,3,0,1,2,2,0
20470,8,4,15,5,4,1,1,1,2,4,0
20471,13,4,11,2,4,0,1,1,1,2,0
20472,9,7,9,2,10,0,1,1,3,2,1
20473,10,4,2,2,6,5,1,0,2,2,1
20474,6,7,8,2,10,0,1,1,2,2,1
20475,3,4,15,4,12,3,1,0,2,2,0
20476,5,4,9,4,4,1,1,0,2,1,0
20477,4,4,9,2,10,0,1,1,1,2,0
20478,4,4,0,4,14,3,1,1,2,2,0
20479,7,5,9,0,10,1,1,1,2,2,0
20480,10,4,11,2,8,5,0,0,2,2,0
20481,10,1,11,2,10,5,1,0,2,2,0
20482,6,4,1,6,6,1,1,1,2,2,0
20483,10,4,0,2,3,0,1,1,2,2,1
20484,7,4,9,2,4,5,1,0,2,2,0
20485,3,4,9,4,10,3,0,1,0,2,0
20486,6,4,15,4,1,3,1,0,2,2,0
20487,9,6,15,2,4,0,1,1,2,2,1
20488,7,5,9,2,10,0,1,1,2,2,1
20489,3,4,11,4,8,2,1,1,0,2,0
20490,5,4,11,2,3,0,1,1,2,2,1
20491,8,4,9,6,1,4,0,0,2,2,0
20492,11,4,9,6,10,1,1,0,3,2,0
20493,10,4,15,2,3,0,1,1,1,2,1
20494,4,4,15,4,12,3,1,1,0,2,0
20495,11,4,15,6,3,1,1,1,3,2,0
20496,8,6,5,2,14,0,1,1,2,2,0
20497,8,4,15,2,12,5,1,0,2,2,0
20498,14,4,12,2,10,2,1,0,0,2,0
20499,8,6,9,2,4,5,1,0,3,2,1
20500,11,7,0,4,10,2,1,1,1,2,0
20501,9,2,12,2,10,0,1,1,1,2,0
20502,7,6,4,2,3,0,1,1,3,2,1
20503,4,4,9,4,4,1,1,0,2,2,0
20504,8,4,15,0,8,1,0,0,2,4,0
20505,4,4,9,4,3,1,1,1,2,2,1
20506,7,2,15,2,11,0,1,1,2,2,0
20507,8,4,11,2,3,0,1,1,2,2,1
20508,4,4,15,4,5,1,1,1,2,2,0
20509,10,5,11,2,12,5,1,0,2,2,1
20510,7,4,9,2,4,0,1,1,2,2,0
20511,9,7,15,0,8,4,1,0,2,2,0
20512,9,2,15,2,11,0,1,1,2,2,1
20513,10,6,9,4,4,3,0,0,2,0,0
20514,7,4,5,0,8,1,1,1,2,1,0
20515,11,4,15,2,12,0,1,1,2,2,0
20516,7,4,11,0,10,1,1,1,2,2,0
20517,4,4,9,4,3,3,1,1,2,2,0
20518,12,2,11,2,3,0,1,1,2,2,1
20519,7,4,0,4,8,1,1,0,2,2,0
20520,7,4,5,2,3,0,1,1,2,2,0
20521,8,4,4,2,5,0,1,1,2,2,0
20522,4,4,9,2,12,0,1,1,2,2,1
20523,8,4,15,0,1,4,0,0,1,0,0
20524,9,4,12,2,4,0,0,1,2,2,1
20525,4,4,12,4,12,2,0,0,2,0,0
20526,9,4,15,2,1,0,1,1,2,2,1
20527,7,1,11,2,6,0,1,1,2,2,1
20528,8,1,15,2,3,0,1,1,2,2,1
20529,5,4,7,4,13,1,0,1,2,2,0
20530,5,4,9,4,10,1,0,1,2,2,0
20531,4,6,9,2,4,5,1,0,2,2,0
20532,6,4,9,2,10,0,1,1,2,2,0
20533,5,4,15,0,10,4,0,0,2,2,0
20534,7,5,12,0,4,1,1,1,2,2,0
20535,7,4,15,2,4,3,1,0,2,2,0
20536,9,1,7,2,4,0,1,1,2,2,0
20537,6,1,11,0,1,4,0,0,2,2,0
20538,3,4,15,4,11,1,1,1,2,2,0
20539,9,6,9,2,10,0,1,1,2,2,0
20540,6,4,11,2,7,0,1,1,2,2,1
20541,4,4,1,4,8,4,1,0,1,2,0
20542,5,4,12,0,4,4,0,0,2,2,0
20543,9,4,15,4,12,4,1,1,2,2,0
20544,8,2,11,2,8,5,1,0,2,2,0
20545,6,4,9,4,1,3,0,0,1,2,0
20546,7,0,11,2,0,5,1,0,2,2,0
20547,6,4,4,2,7,0,1,1,2,2,0
20548,9,4,11,2,3,0,1,1,2,2,1
20549,7,4,12,4,4,1,1,0,2,2,1
20550,5,4,15,2,4,0,1,1,2,2,1
20551,11,2,10,2,10,0,1,1,2,2,0
20552,5,1,12,2,10,0,1,1,2,2,1
20553,8,4,15,0,8,1,1,0,2,2,0
20554,6,4,9,0,4,4,1,0,3,2,0
20555,5,4,11,5,1,1,1,0,2,2,0
20556,8,4,11,2,12,0,1,1,1,2,1
20557,12,4,11,2,7,0,1,1,3,2,0
20558,7,4,9,0,10,4,0,0,3,2,0
20559,8,4,11,2,6,0,1,1,2,2,0
20560,7,4,11,2,4,0,1,1,2,2,0
20561,12,4,1,2,14,0,1,1,2,2,0
20562,6,5,9,4,10,3,0,0,3,2,0
20563,9,4,15,2,3,0,1,1,2,2,0
20564,8,4,9,0,12,4,1,0,2,2,0
20565,8,4,9,2,12,0,1,1,2,2,0
20566,4,4,6,4,8,3,1,0,1,2,0
20567,11,6,15,4,4,1,1,1,2,2,0
20568,5,6,15,2,5,0,0,1,2,2,0
20569,7,4,11,0,3,1,1,0,2,2,0
20570,7,6,12,2,12,0,1,1,2,2,0
20571,5,4,15,2,1,0,1,1,1,2,0
20572,3,4,2,4,8,1,1,0,1,2,0
20573,9,0,11,2,0,0,1,1,2,2,1
20574,7,4,15,2,7,5,0,0,2,2,0
20575,5,4,11,4,1,3,1,0,4,2,0
20576,13,5,15,0,4,4,0,0,1,2,0
20577,8,4,11,2,3,0,1,1,2,4,1
20578,5,4,2,2,8,5,1,0,2,2,0
20579,6,4,12,2,10,0,1,1,2,2,1
20580,9,4,11,4,8,3,0,1,2,2,0
20581,6,4,15,2,13,0,0,1,2,2,1
20582,4,5,15,4,3,1,1,1,1,2,1
20583,7,2,15,4,1,3,1,1,2,2,0
20584,5,4,9,2,3,0,1,1,3,2,0
20585,8,0,15,0,0,4,1,1,4,2,0
20586,7,0,0,2,0,5,1,0,4,2,1
20587,9,6,10,2,12,0,1,1,2,2,0
20588,4,4,7,2,10,0,1,1,1,2,0
20589,9,4,15,0,13,1,1,1,3,2,0
20590,3,7,12,4,10,1,1,1,2,2,0
20591,6,7,15,2,4,0,1,1,2,2,0
20592,7,0,15,4,0,3,1,1,2,2,0
20593,3,4,2,4,3,4,1,0,0,2,0
20594,5,4,12,4,10,3,1,0,2,2,0
20595,8,4,11,4,3,3,1,1,2,2,0
20596,8,4,11,2,7,0,0,1,2,2,1
20597,6,4,9,0,4,4,1,0,2,2,0
20598,6,4,15,4,4,1,1,1,2,2,0
20599,7,4,4,2,14,0,1,1,2,2,1
20600,5,4,15,4,1,1,1,1,2,2,0
20601,9,4,15,0,12,1,1,1,3,2,0
20602,9,4,15,2,4,0,1,1,3,2,1
20603,10,4,15,2,14,0,1,1,2,2,0
20604,11,4,2,2,1,5,1,0,1,2,1
20605,10,2,11,2,12,0,1,1,2,2,1
20606,11,4,11,2,1,0,0,1,3,2,1
20607,11,4,11,2,7,0,1,1,2,2,0
20608,5,1,11,4,8,1,1,0,2,2,1
20609,13,4,11,2,3,0,1,1,2,2,0
20610,4,4,12,4,10,1,1,0,2,2,0
20611,4,4,15,4,10,1,1,0,2,2,0
20612,7,4,9,0,8,4,1,0,2,2,0
20613,5,2,11,3,3,1,1,1,2,2,0
20614,5,4,15,2,12,0,1,1,0,2,0
20615,5,4,11,3,8,1,1,1,2,2,0
20616,8,4,11,2,3,0,1,1,2,2,1
20617,9,6,11,0,3,1,1,1,2,2,0
20618,12,5,15,2,12,0,1,1,1,2,0
20619,7,4,11,0,12,4,1,1,2,2,0
20620,4,4,8,0,10,3,1,1,2,2,0
20621,10,4,12,2,10,0,1,1,3,2,1
20622,9,4,9,2,4,0,1,1,2,2,1
20623,8,4,11,0,12,1,1,1,2,2,0
20624,3,4,15,4,12,3,1,0,1,2,0
20625,4,4,9,0,12,1,1,1,2,2,0
20626,10,4,11,2,6,2,1,1,1,2,0
20627,4,4,15,4,1,3,1,1,2,2,0
20628,7,4,11,0,8,1,1,0,2,2,0
20629,3,4,11,4,7,3,1,1,1,2,0
20630,8,4,15,4,11,3,1,1,2,2,0
20631,4,4,11,4,8,1,1,0,1,2,0
20632,9,7,11,2,11,0,1,1,3,2,1
20633,5,4,8,4,8,1,1,0,2,2,0
20634,5,4,11,2,3,0,1,1,0,2,1
20635,9,4,11,0,7,1,1,1,2,2,0
20636,4,4,11,4,8,4,1,0,2,2,0
20637,7,4,11,2,3,0,1,1,3,2,0
20638,6,4,11,2,4,0,1,1,2,1,1
20639,4,6,0,4,5,2,1,1,2,2,0
20640,9,4,1,2,8,0,1,1,2,2,1
20641,7,4,15,2,3,0,1,1,2,2,1
20642,5,6,11,4,12,4,1,1,2,2,0
20643,7,2,9,5,10,1,0,0,3,2,0
20644,7,4,6,2,6,0,0,1,2,2,0
20645,8,4,15,2,4,0,1,1,2,2,0
20646,11,2,10,0,10,1,0,0,2,2,0
20647,10,4,2,2,8,0,1,1,2,2,1
20648,5,4,15,4,1,3,1,0,2,2,0
20649,4,4,1,4,12,3,0,1,2,2,0
20650,4,4,11,4,7,3,1,1,2,2,0
20651,4,4,9,4,10,1,1,0,2,2,0
20652,5,4,9,4,7,1,1,0,1,2,0
20653,6,4,15,4,6,1,1,1,2,2,0
20654,9,4,12,2,10,0,1,1,2,2,0
20655,6,4,6,2,8,5,1,0,2,2,1
20656,8,2,9,0,10,1,0,0,2,2,0
20657,6,2,11,0,8,1,1,0,2,2,0
20658,10,6,15,2,4,0,1,1,2,2,0
20659,6,4,11,4,6,3,1,1,2,2,0
20660,3,4,0,4,1,1,1,0,0,2,0
20661,6,5,1,3,8,4,1,0,2,2,0
20662,6,1,11,2,14,0,1,1,0,2,1
20663,6,2,11,5,1,2,0,0,2,2,0
20664,10,4,11,5,3,1,0,1,2,2,0
20665,4,4,15,4,8,4,0,0,3,2,0
20666,5,5,9,2,4,5,1,0,2,2,1
20667,9,7,11,4,11,1,1,1,2,2,0
20668,8,4,11,5,3,4,1,1,2,2,0
20669,9,4,8,2,13,5,1,0,2,2,1
20670,7,4,12,2,10,0,0,1,3,0,0
20671,6,7,15,4,1,1,1,0,2,2,0
20672,9,4,11,2,14,0,1,1,2,2,0
20673,12,0,7,0,0,1,0,0,0,2,0
20674,7,2,9,2,11,0,1,1,2,2,0
20675,7,7,11,2,5,0,1,1,1,2,1
20676,10,4,11,2,6,0,1,1,2,2,0
20677,6,4,12,4,4,1,1,0,2,2,1
20678,10,4,15,2,1,0,1,1,3,2,1
20679,8,4,11,4,14,3,0,1,2,4,0
20680,5,5,9,4,4,1,1,0,1,2,0
20681,7,7,12,2,10,0,1,1,2,2,1
20682,6,4,10,5,10,4,0,0,1,2,0
20683,12,2,11,2,4,0,1,1,2,2,0
20684,12,4,11,2,1,0,1,1,2,2,1
20685,4,4,11,4,3,3,1,1,1,2,0
20686,6,6,9,2,10,0,1,1,2,2,0
20687,8,0,15,2,0,5,1,0,1,2,0
20688,7,4,11,4,1,3,1,0,2,2,0
20689,8,4,15,2,14,0,1,1,3,2,0
20690,4,2,0,4,8,4,1,0,2,2,0
20691,12,4,15,2,12,5,1,0,1,2,1
20692,9,6,15,2,5,0,1,1,2,2,1
20693,4,4,9,4,4,1,1,0,0,2,0
20694,4,4,15,4,8,1,0,0,2,2,0
20695,11,4,15,3,4,1,1,0,2,2,0
20696,10,4,8,4,1,1,1,0,2,2,1
20697,8,4,11,0,7,3,1,1,2,2,0
20698,9,4,12,2,10,0,1,1,2,2,0
20699,6,4,9,0,12,1,1,1,1,4,0
20700,7,4,9,2,10,0,1,1,2,2,0
20701,7,2,15,4,1,1,1,0,2,2,0
20702,3,4,11,4,7,1,1,0,1,2,0
20703,11,4,11,2,12,0,1,1,2,2,0
20704,7,2,11,2,1,5,1,0,2,2,0
20705,9,4,6,2,8,0,0,1,4,2,0
20706,3,1,9,4,10,1,1,0,2,2,0
20707,6,4,1,2,1,0,1,1,2,2,0
20708,12,4,15,6,6,1,1,1,2,2,1
20709,5,4,8,0,4,1,1,1,2,2,0
20710,12,4,11,0,1,1,1,0,1,2,0
20711,3,2,15,4,3,1,0,1,1,2,0
20712,12,4,11,6,13,2,1,1,2,2,0
20713,6,4,15,5,4,1,1,0,2,2,0
20714,9,4,10,2,10,0,1,1,2,2,1
20715,5,4,15,4,8,3,1,1,2,2,0
20716,7,6,9,0,10,1,1,1,2,2,0
20717,10,4,2,0,8,1,1,1,2,2,0
20718,5,5,15,2,4,0,0,1,0,2,1
20719,8,4,11,2,1,5,1,0,3,2,1
20720,3,4,11,4,4,3,1,1,1,2,0
20721,6,2,9,2,10,0,1,1,2,2,0
20722,12,4,12,6,1,1,1,0,2,2,0
20723,6,0,11,0,0,4,1,0,2,2,0
20724,8,6,2,4,12,3,1,0,2,2,0
20725,5,4,0,4,9,3,0,0,1,2,0
20726,8,4,9,4,4,3,1,0,2,2,0
20727,14,4,2,2,14,0,1,1,1,2,0
20728,5,4,15,4,8,4,0,1,2,2,0
20729,6,4,4,0,8,1,1,0,1,2,0
20730,8,4,9,2,10,0,1,1,2,2,0
20731,7,0,1,5,0,2,1,0,2,2,0
20732,8,4,11,2,3,0,1,1,2,2,1
20733,5,0,8,4,0,1,1,0,3,2,0
20734,9,4,15,2,14,0,1,1,2,2,1
20735,4,4,0,4,3,1,1,1,1,2,0
20736,15,4,11,2,1,5,1,0,1,2,1
20737,7,5,2,2,4,0,1,1,1,2,1
20738,4,4,1,4,8,3,0,1,1,2,0
20739,6,4,11,2,7,0,1,1,2,2,1
20740,15,4,1,2,10,0,1,1,0,2,1
20741,3,4,11,4,3,3,1,1,1,2,0
20742,4,4,11,4,8,1,1,0,2,2,0
20743,9,4,12,2,10,0,1,1,2,2,0
20744,8,6,15,2,8,0,1,1,3,2,0
20745,7,2,9,2,4,0,1,1,2,2,1
20746,8,4,9,6,10,4,1,1,2,2,0
20747,9,4,11,2,12,0,1,1,2,2,0
20748,10,1,8,2,3,0,1,1,2,2,0
20749,4,7,15,2,13,5,1,0,2,2,0
20750,11,4,11,5,7,1,0,0,2,0,0
20751,3,4,15,4,3,3,1,1,0,2,0
20752,9,4,5,4,7,3,1,1,3,2,0
20753,12,4,11,2,3,0,1,1,2,2,0
20754,5,4,15,4,12,3,1,1,2,2,0
20755,3,4,11,4,8,1,1,0,0,2,0
20756,7,4,9,4,4,2,1,0,2,2,0
20757,8,4,11,0,8,1,1,0,2,2,0
20758,7,4,15,2,3,0,1,1,2,2,1
20759,9,6,11,2,3,0,1,1,2,2,1
20760,13,4,15,2,10,0,1,1,1,2,0
20761,9,4,11,5,8,4,1,0,2,2,0
20762,7,6,7,4,10,1,1,0,2,2,0
20763,10,4,9,2,10,0,1,1,2,2,1
20764,4,0,15,4,0,3,0,1,1,2,0
20765,9,4,11,2,3,0,1,1,2,1,1
20766,9,4,11,2,7,0,1,1,1,2,1
20767,12,2,8,2,10,5,0,0,1,2,1
20768,5,0,11,4,0,1,1,0,2,2,0
20769,5,6,11,0,3,4,1,1,2,2,0
20770,9,4,11,2,7,0,1,1,3,2,0
20771,6,0,11,2,0,5,1,0,2,2,0
20772,10,4,15,2,12,0,0,1,2,2,0
20773,7,4,8,2,4,0,1,1,2,2,0
20774,13,4,15,0,12,1,1,0,2,2,0
20775,10,7,11,2,5,0,1,1,2,2,0
20776,8,0,4,2,0,0,1,1,2,2,0
20777,12,4,15,4,4,1,1,1,2,2,0
20778,4,4,15,4,6,3,1,1,1,2,0
20779,10,1,11,2,1,5,1,0,2,2,1
20780,8,2,9,4,10,1,1,1,2,2,0
20781,8,4,9,4,10,1,1,1,2,2,0
20782,5,4,15,4,7,1,1,1,2,2,0
20783,8,4,9,0,10,1,1,1,2,3,0
20784,3,0,11,4,0,3,1,0,2,2,0
20785,5,7,8,2,13,0,1,1,1,2,1
20786,8,4,15,0,12,1,0,1,3,0,0
20787,8,4,15,2,1,0,1,1,2,2,1
20788,4,4,0,2,6,0,1,1,1,2,1
20789,11,4,8,2,4,0,1,1,3,2,1
20790,9,4,11,5,14,4,1,1,2,2,0
20791,4,4,15,2,3,0,1,1,2,3,0
20792,4,5,7,4,2,1,1,1,2,2,0
20793,10,6,15,4,10,1,0,1,2,2,0
20794,3,4,15,4,1,1,1,0,0,2,0
20795,8,6,15,2,5,0,1,1,2,2,1
20796,3,4,11,4,4,1,1,1,0,2,0
20797,9,4,11,4,7,4,1,1,2,2,0
20798,5,4,11,4,10,1,1,0,2,2,0
20799,9,0,4,0,0,1,1,0,2,2,0
20800,6,7,2,4,11,3,0,1,3,2,0
20801,5,4,11,4,5,1,1,1,2,2,0
20802,10,6,11,2,5,0,1,1,2,2,0
20803,6,4,11,2,3,0,1,1,3,2,1
20804,10,4,11,2,8,0,1,1,3,2,1
20805,5,4,11,2,7,0,1,1,2,2,0
20806,5,4,15,4,1,3,1,0,1,2,0
20807,4,4,11,4,1,3,1,0,2,2,0
20808,8,4,11,2,1,5,1,0,2,2,0
20809,13,2,9,2,10,0,1,1,1,2,1
20810,11,4,15,2,3,0,1,1,2,2,0
20811,12,4,0,2,5,0,1,1,3,2,1
20812,7,6,11,2,5,0,1,1,1,2,0
20813,8,4,14,2,10,0,1,1,2,2,0
20814,6,4,0,2,7,0,1,1,3,2,0
20815,6,4,11,4,3,1,1,1,2,1,0
20816,13,4,9,2,13,0,1,1,2,2,0
20817,6,6,2,0,5,4,1,1,2,2,0
20818,7,4,1,2,5,0,1,1,2,2,0
20819,9,2,9,2,11,0,1,1,2,2,0
20820,11,4,11,6,3,1,1,1,2,2,0
20821,9,4,11,2,3,0,1,1,2,2,1
20822,5,4,14,4,8,1,0,0,2,2,0
20823,10,4,15,2,12,0,1,1,2,2,0
20824,4,4,15,4,4,3,1,1,2,2,0
20825,5,4,9,4,10,4,0,0,2,2,0
20826,13,4,15,2,8,0,0,1,0,2,0
20827,6,4,11,2,1,5,1,0,2,2,0
20828,4,4,15,4,7,1,1,1,0,2,0
20829,7,4,11,2,3,0,1,1,2,2,1
20830,4,4,15,4,14,1,1,1,1,2,0
20831,5,5,9,4,10,3,1,0,2,2,0
20832,7,4,11,2,5,0,1,1,2,2,1
20833,10,4,15,6,12,1,1,0,1,2,0
20834,5,4,14,4,10,3,1,0,2,2,0
20835,8,4,1,2,7,0,1,1,2,2,1
20836,6,4,0,0,8,1,1,0,2,2,0
20837,6,4,9,2,1,0,1,1,1,2,1
20838,11,4,9,0,13,1,1,0,2,2,0
20839,10,2,9,2,13,0,1,1,2,2,1
20840,7,2,11,2,11,0,1,1,2,2,0
20841,10,2,9,0,10,1,1,1,2,2,0
20842,7,0,15,2,0,0,1,1,2,2,0
20843,5,4,11,4,7,3,0,1,3,0,0
20844,9,4,0,0,8,4,1,0,2,2,0
20845,15,4,11,6,12,1,1,0,0,2,0
20846,9,4,11,4,1,3,1,1,2,2,0
20847,6,4,9,5,4,1,1,1,2,2,0
20848,8,5,15,2,3,0,0,1,2,0,1
20849,12,4,11,5,1,4,1,0,1,2,0
20850,10,0,15,2,0,0,1,1,2,2,0
20851,12,4,15,0,8,1,1,1,2,2,0
20852,12,4,11,2,4,0,1,1,2,2,0
20853,5,0,11,4,0,3,0,1,1,2,0
20854,7,4,11,4,8,3,1,0,2,2,0
20855,11,4,9,2,4,0,1,1,2,2,0
20856,3,8,11,4,13,1,1,1,2,2,0
20857,7,4,7,2,8,5,0,0,2,2,1
20858,5,5,9,0,8,1,1,0,2,2,0
20859,9,7,14,2,4,0,1,1,2,2,1
20860,9,4,11,2,6,0,1,1,2,2,1
20861,12,6,11,2,3,0,1,1,0,2,1
20862,12,4,15,2,4,0,1,1,1,2,0
20863,6,4,14,2,10,0,1,1,2,2,1
20864,9,4,15,2,11,0,1,1,2,2,0
20865,6,2,12,0,4,1,1,1,2,2,1
20866,8,4,6,4,8,3,1,0,2,2,0
20867,8,4,11,4,1,3,0,0,1,2,0
20868,6,4,11,2,6,0,1,1,2,2,1
20869,7,4,15,5,12,1,1,1,2,2,0
20870,3,2,7,4,3,3,1,1,2,2,0
20871,3,6,15,4,3,4,1,1,1,2,0
20872,4,4,15,4,7,3,1,1,2,2,0
20873,8,0,15,4,0,2,1,0,2,2,0
20874,6,4,11,2,3,0,1,1,1,2,0
20875,11,4,11,4,8,3,1,1,2,2,0
20876,6,4,12,2,4,5,0,0,2,2,1
20877,11,4,14,2,10,0,0,1,2,2,1
20878,8,4,15,2,5,0,1,1,2,2,1
20879,5,0,2,4,0,3,1,1,1,2,0
20880,11,7,12,2,10,0,1,1,1,2,0
20881,6,4,3,4,5,3,1,1,1,2,0
20882,8,4,1,2,14,0,1,1,2,1,0
20883,6,4,11,4,1,4,1,1,2,2,0
20884,11,4,11,5,8,4,0,0,2,2,0
20885,8,4,8,2,12,0,1,1,2,2,0
20886,12,4,11,2,5,0,1,1,2,2,0
20887,8,4,11,5,1,4,0,0,3,4,0
20888,3,2,11,4,4,3,1,0,1,2,0
20889,8,4,11,3,6,1,1,1,3,2,0
20890,10,5,11,2,3,0,1,1,2,2,0
20891,11,6,0,2,4,0,0,1,2,4,1
20892,10,4,15,2,3,0,1,1,2,2,0
20893,6,4,9,0,10,1,1,0,2,2,0
20894,12,4,1,0,4,1,1,0,2,2,0
20895,4,7,11,4,7,3,1,1,1,2,0
20896,15,4,15,6,12,4,0,0,2,2,0
20897,6,7,9,4,10,1,1,1,2,1,1
20898,7,4,15,4,7,1,1,1,2,2,0
20899,7,4,0,2,6,0,1,1,2,2,0
20900,8,4,9,2,8,2,1,1,2,2,0
20901,9,4,1,4,12,3,1,1,2,2,0
20902,6,4,11,2,12,0,1,1,2,2,1
20903,10,6,9,0,3,4,0,1,3,2,0
20904,6,4,15,2,10,0,1,1,3,2,0
20905,12,4,6,2,8,0,0,1,0,2,1
20906,6,4,0,0,3,1,1,1,2,1,0
20907,8,4,15,0,3,1,1,1,3,2,0
20908,6,4,11,4,12,3,1,0,2,2,0
20909,7,2,0,2,11,5,1,0,2,2,0
20910,11,4,8,2,10,5,1,0,2,2,1
20911,4,4,15,4,12,4,0,0,2,2,0
20912,13,4,5,6,6,4,0,1,0,0,0
20913,10,4,15,2,8,5,1,0,2,2,1
20914,8,4,15,2,7,5,1,0,2,2,0
20915,8,4,12,2,13,0,1,1,2,2,1
20916,6,4,15,0,10,4,1,0,2,2,0
20917,7,4,11,2,6,0,1,1,1,2,0
20918,3,1,11,4,5,1,1,1,2,2,0
20919,9,4,7,2,14,0,1,1,3,2,0
20920,5,5,12,4,4,1,1,0,3,2,0
20921,6,4,11,2,3,0,1,1,2,2,1
20922,6,6,11,4,5,3,1,1,2,2,0
20923,7,5,1,2,12,0,1,1,2,2,1
20924,8,4,1,6,8,1,1,0,2,2,0
20925,7,6,1,0,12,1,1,1,2,2,0
20926,5,4,15,5,6,4,1,1,2,2,0
20927,8,4,1,2,7,0,0,1,3,2,1
20928,6,4,11,2,3,0,1,1,2,3,0
20929,9,4,11,2,5,0,1,1,2,2,0
20930,6,4,11,4,3,3,1,1,1,2,0
20931,5,0,15,4,0,3,0,0,2,2,0
20932,5,4,11,2,4,0,1,1,2,2,1
20933,8,4,15,0,12,3,1,1,2,2,0
20934,6,4,14,0,13,4,1,0,2,2,0
20935,13,4,15,2,3,0,1,1,0,2,1
20936,13,2,11,2,11,5,1,0,0,2,1
20937,4,4,9,2,10,0,1,1,2,2,0
20938,5,2,9,2,10,0,1,1,2,2,0
20939,11,4,9,2,3,0,1,1,3,2,1
20940,8,4,11,0,4,4,0,0,2,2,0
20941,9,4,15,2,6,0,1,1,2,2,1
20942,3,4,15,4,4,2,1,1,0,2,0
20943,3,4,15,4,8,1,1,1,1,2,1
20944,8,4,9,4,1,3,1,1,2,2,0
20945,12,4,15,6,13,1,1,0,2,2,0
20946,7,6,0,4,7,1,1,0,4,2,1
20947,9,4,9,2,4,0,0,1,2,2,0
20948,5,1,15,4,4,4,1,1,2,2,0
20949,13,4,11,6,8,4,1,0,0,2,0
20950,6,4,11,4,6,3,0,1,2,2,0
20951,5,4,11,4,4,1,1,1,2,2,0
20952,9,4,11,2,7,0,1,1,2,2,1
20953,13,4,7,2,1,0,1,1,1,2,0
20954,9,4,9,0,4,4,1,0,2,2,0
20955,11,4,11,2,3,0,0,1,2,2,1
20956,6,4,1,2,6,0,1,1,2,2,0
20957,6,4,15,2,8,0,1,1,2,2,0
20958,10,4,11,2,3,0,1,1,2,2,1
20959,4,7,12,2,10,0,1,1,2,2,0
20960,4,4,9,2,10,0,1,1,1,2,1
20961,7,4,11,0,5,1,1,1,3,2,0
20962,9,4,11,2,3,0,1,1,1,3,0
20963,7,6,11,5,3,1,1,1,2,2,0
20964,8,4,9,2,10,5,1,0,2,2,0
20965,4,2,12,4,10,3,0,1,2,2,0
20966,4,4,11,2,3,0,1,1,3,2,1
20967,8,0,1,2,0,5,0,0,2,2,1
20968,7,4,11,2,3,0,1,1,2,2,0
20969,7,5,11,2,4,0,1,1,2,2,1
20970,4,4,11,2,3,0,1,1,1,2,0
20971,4,4,11,4,12,1,1,1,1,2,0
20972,12,4,1,2,8,0,1,1,1,2,0
20973,13,4,9,2,12,0,1,1,0,2,0
20974,14,4,15,6,4,1,1,1,3,4,0
20975,3,4,15,4,12,4,0,1,1,2,0
20976,11,6,11,2,5,0,1,1,2,2,1
20977,13,4,1,2,3,0,1,1,0,2,0
20978,4,6,9,4,14,2,1,1,1,2,0
20979,7,4,11,2,1,0,1,1,2,2,1
20980,10,7,11,0,8,1,1,0,1,2,0
20981,6,4,15,2,8,0,0,1,2,2,1
20982,6,4,11,0,14,1,1,1,2,2,0
20983,9,4,1,6,8,4,1,0,2,4,0
20984,7,6,11,5,5,1,0,1,2,2,0
20985,5,4,7,4,1,1,1,0,2,2,0
20986,4,4,11,4,3,1,1,1,2,2,0
20987,6,4,11,4,14,3,1,1,2,2,0
20988,7,4,15,4,12,4,1,1,2,2,0
20989,9,4,11,2,3,0,1,1,2,2,0
20990,5,6,11,4,3,1,1,1,2,2,0
20991,4,0,11,4,0,1,1,1,2,2,0
20992,8,4,5,2,5,0,1,1,2,2,0
20993,6,6,15,0,3,4,1,1,2,2,0
20994,4,2,11,4,8,3,1,0,1,2,0
20995,4,6,11,2,14,0,1,1,1,2,0
20996,13,2,15,2,8,0,1,1,1,2,1
20997,9,4,15,0,1,4,1,0,2,2,0
20998,9,0,11,4,0,4,1,0,1,2,0
20999,3,4,5,4,7,3,1,1,1,2,0
21000,10,4,15,0,7,1,1,0,2,2,0
21001,9,4,11,5,1,4,0,0,2,2,0
21002,5,4,15,2,6,0,1,1,2,2,1
21003,9,2,11,2,1,0,1,1,3,2,1
21004,10,4,9,2,1,0,1,1,2,2,1
21005,7,5,9,2,4,0,1,1,2,2,0
21006,9,2,15,2,11,0,1,1,2,2,1
21007,8,4,5,2,7,0,1,1,2,2,1
21008,7,4,0,0,1,1,1,0,2,2,0
21009,10,4,12,2,4,0,1,1,2,2,0
21010,7,4,15,2,12,0,1,1,2,2,0
21011,7,4,15,0,1,1,0,0,2,2,0
21012,8,4,11,2,1,0,0,1,2,2,1
21013,8,4,10,5,10,4,1,1,2,2,0
21014,7,4,0,0,14,1,1,1,0,2,0
21015,7,4,7,2,14,0,1,1,3,2,1
21016,9,4,8,2,11,0,1,1,3,2,0
21017,7,4,6,2,6,0,1,1,2,2,1
21018,3,4,8,4,3,1,1,1,1,2,0
21019,5,4,15,2,5,0,1,1,3,2,1
21020,12,1,11,0,1,1,0,0,2,2,1
21021,4,6,11,2,5,0,1,1,1,2,0
21022,11,4,11,2,3,0,1,1,2,2,1
21023,6,4,11,2,14,0,1,1,2,2,1
21024,5,4,15,4,8,1,1,0,2,2,0
21025,6,4,15,2,12,0,0,1,2,0,1
21026,8,4,9,2,10,0,1,1,2,2,0
21027,10,6,11,2,3,0,1,1,2,2,0
21028,7,2,7,4,13,1,1,0,2,2,0
21029,7,0,11,0,0,1,1,0,2,2,0
21030,6,4,1,2,6,3,1,1,1,2,0
21031,8,0,1,2,0,0,1,1,1,2,0
21032,9,4,11,4,3,3,1,1,2,2,0
21033,10,2,15,2,10,0,1,1,2,2,0
21034,4,4,15,4,3,1,1,1,1,2,0
21035,11,6,9,0,12,1,1,1,1,2,0
21036,12,4,11,2,7,0,1,1,2,2,0
21037,7,7,11,6,3,1,1,1,2,2,1
21038,6,4,11,2,1,5,0,0,3,2,0
21039,11,0,11,0,0,4,1,0,1,2,0
21040,7,4,15,2,7,0,0,1,2,2,1
21041,10,4,0,0,12,4,1,0,2,2,0
21042,7,6,11,2,3,0,1,1,1,2,0
21043,10,2,15,2,4,0,1,1,2,2,0
21044,6,4,8,2,3,0,1,1,3,2,0
21045,7,4,11,0,6,4,1,0,3,2,0
21046,8,4,15,2,13,0,1,1,2,2,0
21047,11,4,9,2,12,0,1,1,2,2,1
21048,3,4,11,4,14,3,1,0,1,2,0
21049,7,5,15,2,8,0,1,0,2,1,0
21050,6,4,1,2,3,0,0,1,2,2,0
21051,8,4,11,2,14,0,1,1,2,2,0
21052,9,4,9,0,12,1,1,0,2,2,0
21053,9,4,12,2,10,0,1,1,2,2,1
21054,5,2,15,5,8,1,1,0,2,2,0
21055,5,4,11,4,4,3,1,1,1,2,0
21056,4,4,11,4,1,3,1,1,2,2,0
21057,4,4,8,4,3,3,1,1,2,2,0
21058,10,4,11,0,14,1,0,1,2,0,0
21059,8,4,11,2,3,0,1,1,1,2,0
21060,6,4,15,0,1,1,0,0,2,2,0
21061,6,4,15,2,12,0,1,1,2,2,1
21062,4,4,15,4,1,4,1,0,1,2,0
21063,14,6,0,2,3,0,1,1,1,2,1
21064,10,4,1,5,12,4,1,0,3,2,0
21065,9,4,12,4,10,3,0,1,2,2,0
21066,7,6,15,2,4,0,1,1,2,2,0
21067,10,4,15,0,6,1,0,1,3,2,0
21068,4,2,14,2,10,0,1,1,2,2,0
21069,11,4,15,5,12,4,0,0,2,2,0
21070,7,4,14,2,4,0,0,1,2,2,0
21071,6,4,12,2,12,0,1,1,2,2,1
21072,4,2,9,4,11,1,1,1,2,2,0
21073,7,4,11,2,8,0,0,1,2,0,0
21074,4,4,15,4,1,3,1,0,2,2,0
21075,7,4,11,0,1,4,1,0,1,2,0
21076,5,2,1,4,11,3,1,1,2,2,0
21077,11,4,15,0,3,1,1,1,2,2,0
21078,5,4,11,2,7,0,1,1,2,2,1
21079,9,4,7,2,12,0,1,1,3,2,1
21080,6,6,15,0,10,4,0,0,2,2,0
21081,5,6,15,2,3,0,1,1,2,2,1
21082,15,5,12,6,10,4,1,0,1,2,0
21083,8,4,15,0,1,1,1,0,2,2,0
21084,6,4,11,2,6,0,1,1,2,2,1
21085,12,4,15,6,3,1,1,1,0,1,0
21086,10,4,15,2,6,0,1,1,1,2,1
21087,9,6,9,2,4,0,1,1,2,2,1
21088,13,4,0,0,1,1,1,0,0,2,0
21089,9,4,15,6,7,1,1,1,2,2,1
21090,4,0,15,4,0,1,1,0,1,2,0
21091,14,2,11,6,6,1,1,0,0,2,0
21092,5,4,11,5,12,3,1,0,2,2,0
21093,5,2,12,4,10,4,1,1,1,2,0
21094,4,4,11,4,8,1,1,1,2,2,0
21095,5,4,7,4,1,1,1,0,1,2,1
21096,8,4,15,2,14,0,1,1,1,2,0
21097,5,4,11,2,3,0,1,1,2,2,0
21098,13,4,1,0,8,1,1,1,0,2,0
21099,7,0,5,2,0,0,1,1,3,2,0
21100,7,5,9,4,10,3,0,1,1,2,0
21101,6,4,15,4,12,3,1,0,2,2,0
21102,4,4,11,4,3,3,1,1,0,2,0
21103,5,1,5,4,13,4,1,0,2,2,0
21104,6,6,12,0,10,1,0,0,2,2,0
21105,3,6,9,4,12,3,1,1,1,2,0
21106,7,4,11,5,8,4,1,1,2,2,0
21107,5,6,7,4,3,2,0,1,2,2,0
21108,7,4,8,4,8,3,1,0,1,3,0
21109,6,4,15,2,3,0,1,1,2,2,1
21110,3,4,11,4,6,1,1,1,1,2,0
21111,13,4,6,6,8,4,1,0,2,2,0
21112,7,4,15,2,8,0,1,1,3,2,1
21113,8,4,15,2,7,0,1,1,2,2,0
21114,7,4,11,2,3,0,1,1,2,2,0
21115,5,4,9,0,10,1,1,0,2,2,0
21116,11,6,11,2,5,0,1,1,2,2,1
21117,4,5,11,4,14,1,1,0,1,2,0
21118,7,1,15,6,12,1,1,1,2,2,0
21119,6,6,14,0,10,4,1,1,2,2,0
21120,7,4,11,2,4,0,1,1,2,2,1
21121,6,4,11,4,3,3,0,1,2,2,0
21122,7,4,11,2,3,0,1,1,2,2,0
21123,6,2,8,0,11,1,1,1,1,2,1
21124,5,1,11,5,1,4,1,0,2,2,0
21125,6,4,11,2,7,0,1,1,2,2,0
21126,4,4,15,4,1,1,1,0,2,2,0
21127,7,4,11,0,4,4,0,0,2,2,0
21128,8,4,11,2,7,0,1,1,2,2,1
21129,5,2,7,4,11,3,1,1,1,2,0
21130,7,4,11,4,12,1,1,0,2,2,0
21131,7,4,8,2,4,0,1,1,2,2,1
21132,7,4,11,2,3,0,1,1,2,2,1
21133,8,4,9,2,4,0,1,1,2,2,0
21134,10,4,15,2,12,0,0,1,2,2,0
21135,11,1,9,2,11,0,1,1,1,2,1
21136,9,0,11,2,0,5,1,0,2,2,1
21137,10,4,8,2,10,0,1,1,2,2,0
21138,5,4,5,4,8,1,1,0,2,2,1
21139,4,2,15,4,8,4,1,0,2,2,0
21140,6,4,9,4,8,1,1,0,2,2,0
21141,9,6,11,2,12,5,1,0,1,2,0
21142,10,4,7,2,6,0,1,1,2,2,0
21143,3,4,9,4,4,1,1,0,1,2,0
21144,10,4,8,5,8,1,1,0,3,2,0
21145,7,4,11,2,3,0,1,1,2,2,1
21146,8,4,9,4,4,1,1,0,2,2,1
21147,5,4,9,2,12,0,1,1,2,2,0
21148,5,4,15,4,1,3,1,1,2,2,0
21149,12,4,10,0,10,1,1,0,2,2,0
21150,10,4,11,4,3,1,1,1,1,2,0
21151,5,4,1,4,14,1,1,1,2,2,0
21152,10,4,5,0,8,4,1,0,2,2,0
21153,4,4,11,4,14,1,1,1,2,2,0
21154,11,4,8,4,8,3,1,0,1,2,0
21155,4,4,15,4,8,1,1,0,2,2,0
21156,5,0,6,2,0,0,1,1,2,2,0
21157,5,6,11,0,4,2,1,1,2,2,0
21158,8,4,2,4,3,1,1,1,2,2,0
21159,3,6,2,4,3,1,1,1,1,2,1
21160,11,4,1,2,8,0,1,1,0,2,0
21161,9,5,15,2,4,0,1,1,2,2,0
21162,6,4,11,0,1,4,0,0,2,2,0
21163,4,1,15,4,1,1,1,1,1,2,0
21164,5,4,15,4,3,1,1,1,2,2,0
21165,9,4,7,2,10,0,1,1,2,2,0
21166,7,4,14,2,10,0,1,1,2,2,1
21167,18,4,12,4,10,1,1,1,1,2,0
21168,3,5,9,4,4,1,0,1,0,2,0
21169,6,4,9,2,4,0,1,1,3,2,1
21170,5,4,8,4,1,4,0,0,2,2,0
21171,9,4,15,0,8,1,1,1,2,2,0
21172,13,1,15,4,1,4,1,0,3,2,0
21173,5,4,10,2,4,0,1,1,2,2,1
21174,7,4,8,4,1,3,1,0,2,2,0
21175,4,4,9,4,3,1,1,0,1,2,0
21176,12,4,11,2,12,5,1,0,2,2,0
21177,9,4,11,2,14,0,1,1,2,2,0
21178,12,4,11,2,1,0,1,1,1,2,0
21179,8,4,4,5,5,1,0,1,2,2,0
21180,6,0,11,4,0,1,1,1,2,2,0
21181,9,2,15,5,0,1,1,0,2,2,0
21182,6,4,9,2,3,0,1,1,3,2,1
21183,8,4,15,0,1,4,1,0,1,2,0
21184,7,4,6,2,14,0,1,1,3,2,1
21185,3,4,11,4,8,2,1,1,1,2,0
21186,11,4,11,0,8,1,1,0,2,2,0
21187,7,4,1,2,4,5,1,0,3,4,0
21188,8,4,11,2,3,0,1,1,2,2,1
21189,9,4,9,2,12,0,1,1,2,2,0
21190,3,4,11,4,14,3,1,1,1,2,0
21191,4,4,4,4,3,1,1,1,2,2,1
21192,6,4,9,4,10,3,1,0,2,2,0
21193,8,5,15,0,12,4,1,0,2,2,0
21194,5,1,11,2,4,5,1,0,2,2,0
21195,3,4,11,4,12,1,1,1,1,2,0
21196,6,4,7,2,3,0,1,1,2,2,0
21197,5,6,8,0,12,3,1,1,2,2,0
21198,12,4,11,2,8,5,1,0,2,2,0
21199,7,6,11,2,5,0,1,1,3,2,1
21200,4,4,15,4,3,1,1,1,1,2,0
21201,4,4,15,4,8,3,0,0,2,2,0
21202,4,4,8,4,3,1,1,1,1,2,0
21203,3,4,9,4,12,3,1,0,0,2,0
21204,4,4,11,4,12,3,1,0,2,2,0
21205,4,4,8,4,3,1,1,0,2,2,0
21206,7,4,13,0,6,1,1,1,2,2,0
21207,6,6,10,2,10,0,1,1,1,2,1
21208,11,4,11,6,3,1,1,1,3,2,0
21209,6,4,3,5,13,1,1,0,2,2,1
21210,11,4,1,2,7,0,1,1,2,2,1
21211,6,4,15,2,3,0,1,1,2,2,0
21212,5,4,11,4,7,1,1,1,3,2,0
21213,7,2,4,0,5,4,1,1,2,2,0
21214,4,4,9,4,4,1,1,1,2,2,0
21215,6,4,1,2,10,0,1,1,2,2,0
21216,10,4,15,4,13,3,1,1,1,2,0
21217,10,4,11,2,10,0,1,1,2,2,1
21218,10,4,12,2,10,0,1,1,2,2,1
21219,4,7,7,4,13,4,1,1,1,2,0
21220,4,4,2,2,3,0,1,1,2,2,0
21221,7,4,12,2,4,5,1,0,1,1,0
21222,9,4,9,2,4,0,1,1,2,2,1
21223,4,4,9,4,4,4,1,0,2,2,0
21224,5,4,11,4,8,1,1,1,2,2,0
21225,6,5,11,2,4,0,1,1,2,2,1
21226,11,6,11,2,5,0,1,1,2,2,1
21227,6,4,0,2,3,0,1,1,2,2,0
21228,13,4,15,4,1,3,0,0,2,2,0
21229,11,4,2,6,7,1,1,1,1,2,0
21230,11,4,13,2,4,0,1,1,2,2,0
21231,4,4,9,4,4,3,1,1,1,2,0
21232,5,4,11,2,12,0,1,1,3,2,1
21233,7,4,15,2,3,5,1,0,3,2,1
21234,10,4,5,2,12,0,1,1,2,2,0
21235,11,4,15,0,12,4,0,0,2,2,0
21236,5,4,15,4,1,3,1,1,2,2,0
21237,8,4,8,4,10,1,1,1,1,2,0
21238,8,4,11,2,3,0,1,1,2,2,0
21239,3,4,5,4,7,3,1,0,1,2,0
21240,5,4,9,2,10,0,0,1,3,2,1
21241,8,4,9,4,12,3,1,0,2,2,0
21242,11,4,11,2,6,0,1,1,2,2,1
21243,11,4,11,2,7,0,1,1,2,2,0
21244,5,4,5,2,14,0,1,1,2,2,1
21245,7,6,15,2,3,0,1,1,2,2,0
21246,13,4,15,2,11,0,1,1,3,2,1
21247,4,0,15,4,0,3,1,1,3,2,0
21248,9,4,11,5,8,1,1,1,1,2,0
21249,8,4,15,6,8,1,1,0,2,2,0
21250,4,4,15,2,10,0,1,1,2,2,0
21251,7,4,15,2,7,0,1,1,2,2,0
21252,13,7,12,6,10,1,1,1,1,2,1
21253,6,6,11,2,4,0,1,1,2,2,0
21254,12,4,11,6,14,4,1,0,2,2,0
21255,9,4,11,2,7,0,1,1,2,2,0
21256,11,4,6,6,14,1,1,1,2,2,1
21257,5,4,11,2,1,0,0,1,2,2,1
21258,8,4,11,2,10,0,0,1,2,2,0
21259,6,4,11,2,8,5,0,0,2,2,0
21260,6,4,9,5,4,1,0,1,3,0,0
21261,7,4,12,2,10,5,1,0,3,2,0
21262,7,2,1,4,6,3,1,1,2,2,0
21263,8,4,15,0,1,4,1,0,2,2,0
21264,6,2,11,2,4,0,1,1,2,2,0
21265,8,4,11,0,8,1,1,0,1,2,0
21266,10,4,8,2,3,0,1,1,3,2,0
21267,12,4,11,0,8,4,1,0,2,2,1
21268,12,4,11,2,5,0,1,1,2,2,1
21269,5,4,11,4,12,1,1,1,2,2,0
21270,6,4,12,4,12,3,1,0,4,2,0
21271,8,4,1,2,12,0,0,1,3,0,0
21272,5,4,15,2,7,0,1,1,2,2,0
21273,7,4,15,0,1,4,1,0,1,2,0
21274,7,4,15,2,4,0,1,1,2,2,1
21275,7,4,9,0,4,3,1,0,2,2,0
21276,5,4,9,2,10,0,1,1,2,2,0
21277,5,7,6,2,3,0,0,1,2,2,1
21278,3,4,9,4,6,1,1,1,1,2,0
21279,10,4,11,2,8,0,1,1,1,2,1
21280,4,4,11,4,7,1,1,1,1,2,0
21281,6,4,15,2,7,0,1,1,3,2,0
21282,4,4,11,4,13,3,0,0,2,2,0
21283,16,4,7,2,12,0,1,1,1,2,0
21284,6,6,11,4,12,3,1,1,2,2,0
21285,9,2,11,2,11,0,1,1,2,2,0
21286,10,4,15,2,8,0,1,1,2,2,0
21287,10,4,15,2,8,0,1,1,2,2,0
21288,7,2,11,2,8,0,1,1,2,2,0
21289,9,7,9,2,10,5,0,0,1,2,1
21290,5,6,9,0,12,1,1,1,2,2,0
21291,5,4,12,2,4,0,1,1,1,2,0
21292,7,4,9,4,10,4,1,0,2,2,0
21293,3,0,15,4,0,1,1,1,1,2,0
21294,5,6,8,2,12,0,1,1,1,2,1
21295,9,4,9,2,10,0,1,1,2,2,0
21296,11,7,15,2,13,0,1,1,2,2,1
21297,11,4,11,2,5,0,1,1,2,2,1
21298,6,4,11,2,8,0,1,1,2,2,0
21299,10,4,11,2,4,5,1,0,2,2,0
21300,5,0,8,4,0,3,1,0,2,2,0
21301,4,2,11,4,4,1,1,1,2,2,0
21302,5,4,11,4,8,4,1,0,2,2,0
21303,12,4,5,2,3,0,1,1,1,2,0
21304,11,4,15,2,5,5,1,0,2,2,1
21305,7,4,11,2,3,0,1,1,2,2,0
21306,10,4,11,2,4,0,1,1,2,2,0
21307,8,6,15,2,4,0,1,1,2,2,0
21308,3,4,7,4,12,1,0,1,1,0,0
21309,11,4,15,2,12,0,1,1,2,2,1
21310,5,4,15,4,1,1,1,0,2,2,0
21311,5,4,15,2,4,0,1,1,1,2,1
21312,5,4,11,4,13,1,1,1,1,2,0
21313,9,4,11,2,14,0,1,1,1,2,0
21314,8,4,15,0,10,1,1,0,2,2,0
21315,11,4,11,2,1,2,1,0,2,2,0
21316,8,4,6,0,8,4,1,0,2,2,0
21317,5,4,1,4,8,1,0,0,1,2,0
21318,7,0,15,2,0,0,1,1,2,2,0
21319,4,4,15,4,8,3,1,1,1,2,0
21320,9,4,11,4,12,3,1,1,2,2,0
21321,4,4,11,4,7,3,1,1,2,2,0
21322,10,7,11,2,4,5,1,0,2,2,0
21323,8,4,0,4,7,3,1,1,2,2,0
21324,9,4,11,2,13,0,1,1,2,2,0
21325,12,4,11,4,12,3,1,0,2,2,0
21326,8,4,9,2,10,0,1,1,2,2,0
21327,12,4,1,2,12,0,1,1,2,2,1
21328,8,6,11,4,3,3,1,1,2,2,0
21329,6,0,15,4,0,3,1,0,2,2,0
21330,9,6,11,0,14,4,0,0,2,2,0
21331,6,6,11,4,3,3,1,1,2,2,0
21332,6,4,11,2,4,0,1,1,2,2,1
21333,5,5,9,4,12,4,1,1,2,2,0
21334,8,5,9,2,4,0,1,1,2,2,0
21335,4,4,11,4,7,1,1,1,2,1,0
21336,10,2,9,2,10,0,1,1,2,2,0
21337,7,4,2,4,8,1,0,0,2,2,1
21338,9,7,1,2,10,0,1,1,2,2,0
21339,9,4,9,2,4,0,1,1,2,2,0
21340,9,4,11,4,3,2,1,1,2,2,1
21341,7,2,9,0,10,1,1,0,1,2,0
21342,3,5,9,4,4,3,1,1,2,2,1
21343,4,4,11,4,8,3,1,0,1,2,0
21344,4,4,12,4,8,1,1,0,2,2,0
21345,7,4,15,0,12,4,0,0,2,2,0
21346,4,4,11,4,8,4,0,0,2,2,0
21347,10,4,15,2,14,0,1,1,2,2,1
21348,6,4,15,2,3,0,1,1,2,2,1
21349,7,4,15,0,8,4,1,0,2,2,0
21350,4,4,15,4,4,3,1,1,1,2,0
21351,13,4,12,2,10,0,1,1,2,2,0
21352,6,4,9,2,12,0,1,1,2,2,0
21353,8,4,7,2,7,5,1,0,2,2,0
21354,6,4,9,4,10,1,1,1,1,4,1
21355,8,6,6,0,3,4,0,1,2,2,0
21356,8,1,2,2,11,0,1,1,2,2,1
21357,13,4,7,0,10,1,1,1,1,2,1
21358,9,4,11,2,6,0,1,1,2,2,1
21359,8,4,15,2,3,0,1,1,2,2,0
21360,7,1,12,2,10,0,1,1,2,2,0
21361,6,0,15,2,0,5,1,0,2,2,0
21362,5,4,11,4,8,3,0,0,2,2,0
21363,5,4,11,4,7,1,1,1,2,2,0
21364,3,6,15,4,10,1,1,0,1,2,0
21365,9,1,9,2,1,0,1,1,2,2,1
21366,13,1,12,2,4,5,1,0,2,2,1
21367,10,4,11,2,7,0,0,1,2,2,0
21368,8,4,11,2,3,0,1,1,2,2,0
21369,8,4,9,0,1,3,1,0,2,1,0
21370,4,4,11,2,3,0,1,1,2,2,0
21371,5,4,11,4,1,3,1,0,2,2,0
21372,7,0,1,4,0,1,1,0,0,2,1
21373,8,4,11,4,1,1,1,0,2,2,0
21374,3,4,15,4,10,1,1,1,1,2,1
21375,5,4,15,4,1,1,1,0,2,2,0
21376,4,4,11,4,3,3,1,1,2,2,0
21377,6,5,11,4,12,3,1,0,2,1,0
21378,4,7,8,2,10,0,1,1,2,2,0
21379,12,5,5,2,5,0,1,1,1,2,0
21380,6,4,11,4,7,4,1,0,3,2,0
21381,7,4,9,0,4,4,0,0,2,2,0
21382,4,4,15,4,12,3,1,1,2,2,0
21383,5,4,11,4,7,3,1,1,2,2,0
21384,4,4,11,4,6,1,1,0,2,2,0
21385,4,4,8,4,4,4,1,0,2,2,0
21386,5,4,9,4,12,1,0,1,1,2,0
21387,9,4,12,2,4,0,1,1,2,2,1
21388,7,2,11,2,3,0,1,1,2,2,0
21389,4,4,11,4,3,4,1,1,0,2,0
21390,10,2,0,2,8,5,1,0,2,2,0
21391,7,7,8,2,11,0,1,1,2,2,1
21392,11,5,11,2,4,0,0,1,2,2,1
21393,3,2,2,4,8,1,1,0,2,2,0
21394,4,4,2,4,4,1,1,1,2,2,0
21395,10,4,11,2,8,0,1,1,1,2,1
21396,13,4,10,4,10,1,0,0,1,0,0
21397,6,4,11,2,12,0,1,1,2,2,0
21398,7,4,15,2,14,0,0,1,1,2,1
21399,5,4,12,2,10,0,1,1,2,2,0
21400,7,4,12,2,10,0,1,1,1,2,0
21401,4,4,11,4,12,2,1,1,2,2,0
21402,6,4,15,2,3,0,1,1,2,2,1
21403,3,1,15,4,1,3,1,1,2,2,0
21404,7,4,15,2,5,0,0,1,2,2,1
21405,10,0,15,2,0,0,1,1,2,2,1
21406,8,4,0,2,14,0,1,1,2,2,0
21407,4,4,15,4,12,1,1,0,1,2,0
21408,4,4,0,4,1,1,1,0,1,2,0
21409,6,4,9,2,12,5,1,0,2,2,0
21410,7,4,11,2,6,0,1,1,2,2,0
21411,5,2,11,4,1,1,0,0,2,0,0
21412,12,4,9,4,3,3,0,1,2,2,0
21413,10,4,11,0,12,1,1,1,2,2,0
21414,6,6,3,2,3,5,1,0,3,2,1
21415,4,6,15,4,4,1,1,1,0,2,0
21416,5,0,0,0,0,3,1,0,2,2,0
21417,5,6,5,4,5,2,1,1,2,2,0
21418,10,4,7,2,1,5,1,0,2,2,1
21419,6,4,7,0,1,4,1,0,2,2,0
21420,8,4,11,2,14,0,1,1,2,2,0
21421,5,4,9,4,1,4,1,0,0,2,0
21422,8,4,9,2,7,1,1,0,3,2,0
21423,5,4,11,4,12,1,1,0,2,2,1
21424,9,7,11,2,1,5,0,0,2,0,0
21425,9,4,6,0,8,3,0,0,2,2,0
21426,10,6,9,2,10,0,1,1,2,2,0
21427,6,6,15,2,14,0,1,1,2,2,1
21428,7,6,11,2,5,0,1,1,2,2,0
21429,10,4,6,2,7,0,1,1,2,2,1
21430,10,4,11,2,8,0,1,1,3,2,1
21431,6,4,15,2,6,0,1,1,1,1,1
21432,4,4,11,4,3,1,1,1,0,2,1
21433,15,2,0,6,10,4,1,1,2,2,0
21434,9,4,15,2,6,0,1,1,2,2,1
21435,10,4,15,0,10,1,1,1,2,2,0
21436,8,4,12,2,4,0,1,1,2,2,0
21437,8,2,7,4,4,1,1,1,2,2,0
21438,9,1,12,4,10,3,1,0,2,2,0
21439,7,0,4,2,0,0,0,1,2,4,0
21440,7,6,15,4,5,1,1,1,2,2,0
21441,4,4,11,2,5,0,1,1,1,2,1
21442,6,0,0,2,0,0,0,1,3,2,1
21443,12,4,11,2,8,3,1,0,1,2,0
21444,9,4,15,2,1,0,0,1,3,2,0
21445,4,4,11,4,8,4,1,0,1,2,0
21446,10,4,12,2,4,0,1,1,2,2,1
21447,6,4,15,2,10,0,1,1,2,2,0
21448,10,4,11,2,14,0,0,1,2,2,0
21449,9,6,11,2,5,0,0,1,2,2,0
21450,5,4,11,2,4,0,1,1,1,2,1
21451,4,4,8,4,4,3,1,1,1,2,0
21452,4,4,15,0,8,4,0,0,2,2,0
21453,14,4,11,2,7,0,1,1,1,2,0
21454,6,4,15,2,10,0,1,1,4,2,0
21455,11,4,9,2,3,0,1,1,2,2,0
21456,6,4,9,4,12,3,1,1,2,2,0
21457,7,4,8,2,13,0,1,1,1,2,0
21458,7,4,15,2,10,0,1,1,2,2,0
21459,4,4,15,2,8,5,1,0,1,2,1
21460,7,4,7,2,12,0,1,1,2,2,1
21461,8,4,12,2,4,5,1,0,2,2,0
21462,4,4,9,4,1,1,1,0,2,2,1
21463,10,0,9,2,0,0,1,1,2,2,0
21464,16,2,15,0,1,1,0,0,1,2,0
21465,5,4,6,4,8,1,1,0,2,2,0
21466,10,2,11,2,13,0,1,1,2,2,0
21467,4,0,9,4,0,1,1,1,2,2,0
21468,4,4,11,4,3,1,1,1,2,2,1
21469,5,4,15,4,1,3,0,0,1,2,0
21470,9,4,11,2,12,2,1,0,2,2,0
21471,10,2,1,0,14,1,1,1,3,2,0
21472,7,1,12,4,4,1,0,1,2,2,0
21473,9,4,11,4,3,3,1,1,3,2,0
21474,5,4,11,4,7,1,1,1,2,2,0
21475,6,4,7,4,8,4,0,0,2,2,0
21476,15,4,11,2,3,0,1,1,2,2,1
21477,8,5,9,2,4,0,1,1,1,2,1
21478,6,6,9,4,4,3,1,1,2,2,0
21479,3,4,11,4,6,2,0,1,2,2,0
21480,6,6,9,4,10,1,1,0,2,2,0
21481,4,4,11,4,14,2,1,1,2,2,0
21482,4,4,11,4,7,1,0,1,2,2,0
21483,7,4,11,0,12,4,0,0,3,2,0
21484,6,2,12,2,4,0,1,1,2,2,0
21485,6,4,15,4,8,3,1,0,2,2,0
21486,8,4,11,2,4,0,1,1,2,2,0
21487,12,4,1,2,7,0,1,1,1,2,1
21488,7,4,6,2,3,0,1,1,2,2,0
21489,4,6,1,2,3,0,1,1,2,2,0
21490,4,4,9,4,10,4,0,0,1,2,0
21491,6,4,11,2,14,0,1,1,2,2,0
21492,7,6,9,5,12,4,1,1,2,2,0
21493,10,0,11,0,0,1,1,0,2,2,1
21494,4,4,11,4,8,3,1,0,1,2,0
21495,4,4,9,0,10,1,1,1,1,2,0
21496,7,4,15,4,12,4,1,0,2,2,0
21497,4,6,3,4,8,1,1,0,2,2,0
21498,9,4,8,3,14,3,0,1,2,2,0
21499,7,4,15,4,4,4,1,0,2,2,0
21500,9,4,9,0,4,4,1,1,2,2,0
21501,10,4,6,2,8,0,1,1,3,2,1
21502,8,4,15,0,3,1,1,1,3,2,0
21503,13,4,2,2,8,0,1,1,1,2,0
21504,7,6,11,0,7,1,1,0,2,2,0
21505,8,4,9,2,10,0,1,1,2,2,1
21506,11,4,12,2,10,0,0,1,2,2,0
21507,5,4,9,4,10,1,1,1,1,2,0
21508,4,6,9,4,4,3,1,1,1,2,0
21509,9,4,5,2,14,0,1,1,2,2,0
21510,7,4,11,4,4,1,1,1,3,2,0
21511,13,4,15,0,8,4,1,0,1,2,0
21512,6,4,15,0,4,4,1,0,2,2,0
21513,13,4,1,2,6,0,1,1,2,2,0
21514,8,4,11,0,3,1,1,1,2,2,0
21515,7,0,11,0,0,4,0,0,3,2,1
21516,6,4,2,4,12,3,1,0,2,2,0
21517,7,4,15,2,11,0,1,1,1,2,1
21518,8,4,15,2,4,0,1,1,2,2,1
21519,7,4,5,0,3,1,0,1,2,2,0
21520,5,4,15,2,12,5,1,0,2,2,0
21521,4,4,8,4,3,1,1,1,2,2,0
21522,15,2,11,2,4,3,1,0,2,2,0
21523,9,4,12,2,4,0,1,1,2,2,1
21524,6,4,15,2,7,0,1,1,2,2,0
21525,10,4,15,4,3,4,1,1,2,2,0
21526,8,4,11,5,1,4,1,0,2,2,0
21527,7,2,11,2,5,0,1,1,2,2,0
21528,9,4,15,2,4,1,1,0,2,2,0
21529,5,4,11,4,3,4,0,0,2,2,0
21530,3,4,1,4,8,3,1,0,1,2,0
21531,6,2,15,4,1,3,1,0,2,2,0
21532,6,5,15,2,3,0,1,1,2,2,1
21533,8,4,15,2,3,0,1,1,2,2,0
21534,9,4,11,5,7,4,1,0,2,2,0
21535,13,4,9,2,12,0,1,1,1,2,1
21536,11,4,12,0,12,4,1,0,2,2,0
21537,5,4,11,4,3,1,1,1,2,2,0
21538,5,4,11,4,6,3,1,1,1,2,0
21539,4,4,15,4,3,4,1,1,0,2,0
21540,5,4,1,4,14,1,0,1,2,0,0
21541,12,7,14,2,10,0,1,1,1,2,0
21542,8,4,11,2,12,0,1,1,2,2,1
21543,3,7,9,4,4,1,1,0,2,2,0
21544,8,4,15,6,3,1,1,1,2,2,0
21545,6,4,15,2,8,5,1,0,2,2,1
21546,4,1,8,4,1,3,1,1,2,2,0
21547,4,4,11,4,4,1,0,1,2,2,0
21548,9,1,7,2,1,0,1,1,2,2,1
21549,8,4,15,3,11,4,0,0,1,2,0
21550,11,4,11,2,4,0,1,1,0,2,1
21551,5,4,12,2,10,0,1,1,2,2,1
21552,10,4,11,2,7,0,1,1,2,2,1
21553,10,4,12,0,4,1,1,1,2,2,0
21554,11,2,6,2,3,0,1,1,0,2,1
21555,7,4,15,2,1,5,1,0,2,2,0
21556,11,4,11,0,6,4,0,0,2,2,0
21557,12,4,2,6,7,1,1,0,1,2,0
21558,4,4,9,4,1,1,0,0,2,2,0
21559,5,7,9,0,4,1,1,1,2,2,0
21560,7,4,11,2,7,0,1,1,2,2,0
21561,5,4,1,4,12,3,1,1,1,2,0
21562,12,4,11,0,1,1,0,0,2,2,0
21563,5,2,0,2,14,0,1,1,2,2,0
21564,9,4,15,2,1,0,0,1,2,2,0
21565,8,0,11,2,0,2,1,1,2,2,0
21566,13,4,11,0,8,4,1,0,2,2,0
21567,10,4,11,0,8,1,0,1,2,0,0
21568,9,4,15,2,6,0,1,1,2,2,1
21569,9,5,14,5,10,4,1,1,2,2,0
21570,8,0,11,4,0,3,1,0,2,2,0
21571,7,4,15,4,12,1,1,1,2,2,1
21572,4,4,11,4,1,3,1,0,2,2,0
21573,7,4,12,4,12,3,0,0,2,2,0
21574,8,6,15,2,3,0,1,1,2,2,0
21575,9,4,11,2,3,0,1,1,4,2,0
21576,10,4,5,2,3,0,1,1,2,2,0
21577,11,0,7,2,0,0,1,1,2,2,1
21578,5,7,15,2,8,5,0,0,1,2,1
21579,11,4,11,0,8,4,1,1,2,2,0
21580,4,4,11,2,4,0,1,1,2,2,0
21581,5,4,11,4,4,1,1,0,2,2,0
21582,5,4,15,4,13,3,1,0,2,2,0
21583,6,5,12,2,4,0,1,1,2,4,1
21584,9,7,5,2,13,0,1,1,1,2,1
21585,8,2,11,2,1,0,0,1,2,2,0
21586,9,0,11,0,0,4,0,1,2,0,0
21587,3,4,8,4,1,3,1,0,1,2,1
21588,7,4,9,4,1,3,1,1,2,2,0
21589,10,1,11,0,1,4,1,0,2,2,0
21590,6,4,12,4,10,1,1,0,2,2,1
21591,5,0,3,2,0,0,1,1,2,2,0
21592,10,0,11,0,0,1,1,0,2,2,0
21593,8,4,11,2,1,0,1,1,3,2,1
21594,14,4,15,6,10,1,1,0,2,2,1
21595,8,4,15,2,13,5,1,0,2,2,0
21596,5,4,6,2,4,0,1,1,2,2,0
21597,5,4,15,4,1,1,1,0,2,2,1
21598,8,4,11,2,12,0,1,1,2,2,1
21599,4,4,8,4,3,1,1,1,1,2,1
21600,11,4,15,2,7,0,1,1,3,2,1
21601,5,1,9,2,1,0,1,1,2,2,1
21602,6,4,9,2,12,0,1,1,3,2,1
21603,8,4,11,0,8,1,1,1,2,2,0
21604,9,6,8,2,5,0,1,1,3,2,0
21605,9,4,15,0,1,1,1,1,2,2,0
21606,5,4,9,4,4,1,1,0,1,2,0
21607,9,7,9,5,4,1,1,1,2,2,0
21608,5,4,11,4,1,1,0,0,2,2,0
21609,3,4,11,4,10,3,1,1,2,2,0
21610,6,4,11,2,12,0,1,1,1,2,1
21611,6,4,15,2,7,0,1,1,2,2,1
21612,9,4,11,5,9,4,1,0,2,2,0
21613,8,4,11,2,1,5,1,0,2,4,1
21614,8,2,9,0,10,4,1,0,2,2,0
21615,3,2,6,4,3,3,1,1,0,2,0
21616,5,0,15,4,0,3,1,0,2,2,0
21617,5,4,9,2,7,0,1,1,2,2,0
21618,3,0,4,4,0,1,0,0,1,2,0
21619,10,7,11,2,6,0,1,1,2,2,0
21620,4,5,9,4,12,3,1,1,2,4,0
21621,11,5,15,2,4,0,1,1,2,2,0
21622,6,4,8,4,10,3,1,1,2,2,0
21623,5,4,15,4,7,1,1,0,2,2,0
21624,9,4,11,0,8,4,0,0,2,2,0
21625,10,4,15,0,3,4,1,1,1,2,1
21626,7,6,9,0,10,4,0,0,2,2,0
21627,4,4,15,4,1,1,1,0,0,2,1
21628,10,4,0,4,8,1,1,0,2,2,0
21629,4,4,11,4,6,1,1,1,1,2,0
21630,6,4,5,0,8,4,1,0,2,2,0
21631,4,4,11,4,7,3,1,1,3,2,0
21632,6,2,15,4,10,3,1,0,2,2,0
21633,9,4,6,2,14,0,1,1,2,2,1
21634,4,4,9,4,4,2,0,0,2,2,0
21635,11,4,9,2,12,5,1,1,2,2,0
21636,4,4,11,4,3,1,1,1,2,2,0
21637,15,4,15,6,8,4,1,1,1,2,0
21638,5,4,11,2,14,0,1,1,2,2,0
21639,11,4,15,2,1,0,1,1,2,2,1
21640,4,4,9,4,4,4,1,0,2,2,0
21641,10,4,11,0,3,3,1,1,2,2,0
21642,6,2,14,2,10,0,1,1,2,2,1
21643,9,4,15,2,10,0,1,1,2,2,0
21644,9,4,11,2,14,0,1,1,2,3,1
21645,7,5,9,4,4,1,1,1,1,2,0
21646,12,4,15,2,6,0,1,1,0,2,0
21647,9,4,1,2,8,0,1,1,2,2,0
21648,8,4,11,0,14,1,1,1,3,2,0
21649,3,4,11,4,8,1,0,0,1,2,0
21650,10,4,9,2,10,0,1,1,2,2,0
21651,10,4,7,2,13,0,1,1,2,2,0
21652,8,4,9,2,10,5,1,0,2,2,0
21653,8,6,8,2,3,0,1,1,2,2,0
21654,8,4,11,5,1,4,1,0,2,2,0
21655,5,4,9,4,10,1,0,1,2,2,0
21656,3,0,3,4,0,3,1,1,0,2,0
21657,7,6,11,2,4,0,0,1,2,2,0
21658,8,2,11,2,1,0,1,1,2,2,1
21659,7,4,2,4,1,1,1,0,2,2,0
21660,13,6,9,2,5,0,1,1,2,2,0
21661,7,2,7,4,10,1,1,0,2,2,0
21662,8,4,15,2,12,0,0,1,2,2,0
21663,11,6,9,2,3,0,1,1,2,2,0
21664,10,4,15,2,12,0,1,1,2,2,0
21665,14,4,15,2,8,5,1,0,2,2,1
21666,10,4,15,2,12,0,0,1,2,2,0
21667,12,4,11,4,7,4,0,0,2,2,0
21668,8,4,11,0,8,4,0,0,1,2,0
21669,6,2,9,4,13,1,1,0,2,2,0
21670,6,6,14,4,10,1,0,0,3,2,0
21671,6,5,11,4,3,3,1,1,2,2,0
21672,5,4,11,4,6,2,0,1,2,2,0
21673,6,4,9,4,10,3,1,0,3,2,0
21674,11,4,12,0,13,1,1,0,2,2,0
21675,4,1,7,4,1,3,0,1,1,2,0
21676,7,6,8,0,12,4,1,1,2,2,1
21677,9,4,15,0,3,1,1,1,2,2,0
21678,18,4,9,4,10,1,1,0,3,2,0
21679,4,4,9,4,12,3,1,1,2,2,0
21680,7,4,11,2,3,0,1,1,2,2,1
21681,7,4,8,4,12,1,1,0,2,2,1
21682,6,4,14,2,13,0,1,1,2,2,0
21683,5,4,11,4,12,1,1,0,0,2,0
21684,10,5,8,0,10,1,1,1,2,2,1
21685,4,0,11,4,0,1,1,0,2,2,0
21686,6,4,11,0,12,1,0,1,2,2,0
21687,5,4,15,0,7,1,1,0,2,2,0
21688,6,4,11,2,3,0,1,1,2,2,0
21689,7,4,8,2,7,0,1,1,2,2,0
21690,5,4,8,2,4,0,1,1,1,2,0
21691,4,4,7,2,8,0,1,1,2,2,0
21692,7,4,1,5,7,4,1,0,2,2,0
21693,7,6,9,4,10,1,1,0,2,2,1
21694,5,1,8,4,1,2,1,0,2,2,0
21695,5,4,15,2,3,0,1,1,2,2,0
21696,3,4,11,4,4,3,1,1,2,2,0
21697,4,5,11,4,3,1,1,1,0,2,0
21698,10,1,11,2,4,0,1,1,2,2,0
21699,3,0,11,4,0,2,0,0,0,2,0
21700,7,4,15,4,1,3,1,0,2,2,0
21701,4,6,11,3,14,4,0,1,2,2,0
21702,3,7,15,4,14,3,1,1,2,2,0
21703,4,4,15,4,1,3,1,1,2,2,0
21704,12,4,9,2,4,0,1,1,2,2,0
21705,5,4,1,4,14,1,1,1,1,2,0
21706,4,6,15,4,4,2,1,1,2,2,0
21707,4,4,9,2,4,0,1,1,1,2,0
21708,7,4,15,2,8,5,1,0,2,2,0
21709,11,4,7,2,12,0,1,1,2,2,0
21710,7,5,15,2,4,0,1,1,2,2,0
21711,6,7,15,0,1,1,1,0,1,0,0
21712,8,0,15,2,0,0,1,1,2,2,0
21713,8,7,12,2,10,0,1,1,2,1,0
21714,8,4,11,2,14,0,1,1,1,2,1
21715,7,4,0,4,3,3,1,0,3,2,0
21716,10,4,15,6,8,2,1,0,2,2,0
21717,4,4,15,0,8,1,1,0,2,2,0
21718,3,4,15,4,1,1,1,0,0,2,0
21719,4,4,1,5,6,1,1,1,1,2,0
21720,8,4,14,2,10,0,1,1,1,2,1
21721,14,0,8,6,0,4,1,0,3,2,0
21722,7,2,15,2,1,5,1,0,2,2,0
21723,8,6,12,4,10,1,1,1,1,2,1
21724,6,4,11,2,6,0,1,1,1,2,1
21725,8,0,12,4,0,1,1,0,2,2,0
21726,11,4,11,2,3,0,1,1,0,2,1
21727,7,4,11,4,14,2,1,1,2,2,0
21728,8,4,0,2,7,0,1,1,2,2,1
21729,9,5,0,2,3,0,1,1,2,2,0
21730,3,4,4,4,5,3,1,1,1,2,0
21731,7,0,1,2,0,0,1,1,1,2,1
21732,6,4,9,5,10,1,1,1,1,2,0
21733,7,6,9,5,4,1,1,1,4,2,0
21734,10,4,9,2,3,0,0,1,2,2,0
21735,4,4,15,4,1,1,0,0,1,2,0
21736,9,2,12,2,10,0,1,1,2,4,0
21737,10,4,11,4,3,1,1,1,4,2,0
21738,11,4,11,2,3,0,1,1,2,2,0
21739,10,4,15,2,4,0,1,1,1,2,1
21740,9,4,11,0,4,1,1,0,2,2,0
21741,4,4,11,4,8,3,1,0,2,2,0
21742,4,4,8,4,8,1,1,0,2,2,0
21743,4,4,12,4,10,3,1,1,2,2,0
21744,5,4,11,4,7,3,1,1,2,2,0
21745,11,4,11,2,3,0,1,1,2,2,0
21746,8,4,11,2,8,0,1,1,1,2,1
21747,6,4,6,0,9,4,1,1,1,2,0
21748,7,4,9,5,10,1,1,1,2,2,1
21749,11,4,11,2,3,0,1,1,2,2,0
21750,9,7,12,2,10,0,1,1,3,2,0
21751,7,4,10,2,10,0,1,1,2,2,0
21752,9,4,8,0,13,4,1,1,3,2,1
21753,7,2,1,0,8,4,1,0,1,2,0
21754,7,1,9,0,10,1,1,1,2,2,0
21755,5,4,11,4,3,1,0,1,2,2,0
21756,6,4,9,0,4,4,0,0,1,2,0
21757,3,4,7,4,14,3,0,1,1,0,0
21758,6,4,8,2,4,0,1,1,3,2,1
21759,9,4,8,0,9,4,0,0,3,0,1
21760,9,4,12,0,12,1,1,0,2,2,0
21761,6,4,15,4,8,1,1,0,2,2,0
21762,8,4,11,2,1,0,1,1,3,2,1
21763,6,4,11,4,7,2,1,0,3,1,0
21764,9,7,15,0,1,1,1,1,2,2,0
21765,7,4,7,2,3,0,1,1,2,2,1
21766,4,4,11,4,14,3,1,1,2,2,0
21767,6,0,11,0,0,1,0,0,2,2,0
21768,5,4,15,4,5,3,1,1,2,1,0
21769,6,4,5,3,3,4,0,0,2,2,1
21770,10,4,11,6,10,4,1,0,2,2,0
21771,5,4,11,2,1,5,1,0,1,2,1
21772,6,6,15,5,12,4,1,0,2,2,1
21773,8,4,11,2,3,0,1,1,2,2,0
21774,8,4,9,2,3,0,1,1,2,2,1
21775,5,6,11,4,10,1,1,0,2,2,0
21776,6,2,9,3,1,3,0,0,2,2,0
21777,8,5,15,6,7,4,1,0,2,2,0
21778,11,4,11,6,3,1,1,1,2,2,0
21779,5,4,11,4,1,1,1,1,2,2,0
21780,8,4,15,2,3,0,1,1,2,2,0
21781,7,4,9,2,12,0,1,1,2,2,0
21782,5,4,15,4,8,1,0,1,4,2,0
21783,6,0,11,2,0,0,1,1,2,2,0
21784,6,4,11,2,14,0,0,1,2,2,1
21785,5,4,11,2,3,0,1,1,2,2,1
21786,7,4,9,2,10,0,1,1,2,2,0
21787,6,4,11,2,1,0,1,1,2,2,1
21788,7,4,6,2,7,0,1,1,2,2,1
21789,11,4,11,2,1,0,1,1,3,2,0
21790,10,0,1,2,0,0,1,1,2,2,1
21791,5,4,11,2,8,0,1,1,2,2,0
21792,7,4,12,2,10,0,1,1,2,2,1
21793,11,4,2,2,14,0,1,1,4,2,1
21794,3,5,15,4,14,4,1,0,0,2,0
21795,12,4,9,2,10,0,1,1,2,2,1
21796,15,4,9,2,4,0,1,1,0,2,0
21797,4,4,8,5,1,1,0,0,2,2,0
21798,8,4,11,2,12,5,1,0,1,2,1
21799,5,4,2,4,1,1,1,0,2,2,0
21800,8,4,15,2,12,0,1,1,2,2,0
21801,13,4,15,6,12,1,0,0,2,2,0
21802,6,4,15,0,12,1,1,0,2,2,0
21803,7,4,15,2,3,0,1,1,3,2,1
21804,8,4,12,0,4,4,0,0,2,2,0
21805,9,4,15,0,1,1,1,0,2,2,1
21806,4,6,5,4,5,4,1,1,2,2,0
21807,12,4,1,6,1,1,1,0,2,2,0
21808,7,4,9,4,4,1,1,1,2,2,0
21809,7,4,9,2,8,2,0,1,1,2,0
21810,6,6,11,4,14,2,1,1,3,2,0
21811,11,4,9,4,4,1,1,1,2,2,0
21812,6,4,10,2,13,0,1,1,2,2,1
21813,6,5,9,2,3,0,1,1,2,2,1
21814,8,7,9,2,10,5,1,0,2,2,0
21815,4,6,15,4,4,3,1,0,2,2,0
21816,9,4,11,0,13,1,1,0,1,2,0
21817,8,4,11,2,4,0,1,1,2,2,1
21818,9,4,9,2,4,0,1,1,3,2,0
21819,9,5,14,0,4,1,1,1,3,2,1
21820,4,6,8,4,3,3,1,1,2,2,0
21821,13,4,4,2,8,0,1,1,1,2,1
21822,9,4,11,0,1,1,1,0,1,2,1
21823,6,4,15,2,7,0,1,1,2,2,1
21824,8,4,2,4,8,3,1,0,2,2,0
21825,9,4,0,5,7,1,1,0,2,2,0
21826,11,4,15,2,8,0,1,1,2,2,1
21827,11,4,11,2,8,0,0,1,2,2,1
21828,14,2,2,2,1,5,1,0,2,2,1
21829,7,4,9,4,4,1,1,0,0,2,0
21830,8,7,15,4,8,1,1,0,2,2,0
21831,8,4,9,2,10,0,1,1,2,2,0
21832,8,4,9,2,8,0,0,1,2,2,1
21833,4,4,11,4,9,1,1,0,2,2,0
21834,10,0,5,0,0,1,0,0,2,2,0
21835,5,4,11,0,8,1,1,0,2,2,0
21836,10,2,12,0,10,3,1,1,3,2,0
21837,6,2,9,2,10,0,1,1,2,2,1
21838,4,4,11,4,1,1,1,0,1,2,1
21839,15,2,12,6,10,1,1,0,0,2,0
21840,4,4,15,4,14,1,1,1,2,2,0
21841,8,4,15,4,4,3,1,0,2,2,0
21842,5,4,9,4,10,1,1,0,2,2,0
21843,12,4,11,6,6,1,1,0,2,2,0
21844,5,4,9,4,1,1,1,0,2,2,0
21845,7,7,9,2,4,0,1,1,2,2,1
21846,6,4,9,5,10,4,1,0,2,2,0
21847,8,4,9,4,7,1,0,1,2,2,1
21848,3,4,11,4,3,1,1,1,0,2,0
21849,12,4,9,2,12,0,0,1,1,2,0
21850,5,4,9,0,12,4,1,1,2,2,0
21851,11,4,8,4,10,1,1,1,2,2,0
21852,9,4,15,2,8,0,0,1,1,2,1
21853,7,5,5,4,3,3,1,1,2,2,0
21854,11,1,9,6,4,4,1,0,2,2,0
21855,6,4,9,2,4,0,1,1,2,2,1
21856,8,4,15,4,12,1,0,0,1,2,0
21857,5,4,11,4,1,3,0,0,2,2,0
21858,9,4,15,2,3,0,1,1,2,2,0
21859,5,4,7,4,1,3,1,0,2,2,0
21860,8,4,11,0,4,4,1,0,3,2,0
21861,13,4,11,2,3,0,1,1,1,2,0
21862,9,4,11,2,3,0,1,1,1,2,1
21863,8,0,15,4,0,3,1,1,3,2,0
21864,7,4,8,2,1,0,1,1,0,2,1
21865,7,4,10,4,10,1,0,0,2,2,0
21866,5,4,8,4,5,1,0,1,3,2,1
21867,3,4,14,4,10,2,1,0,0,2,0
21868,11,4,1,2,14,0,1,1,2,2,0
21869,10,4,7,2,8,0,1,1,2,2,0
21870,5,4,9,4,1,3,1,1,1,2,0
21871,13,4,11,6,1,1,1,0,2,2,0
21872,12,4,9,0,12,1,1,1,2,2,0
21873,8,6,12,2,4,0,1,1,2,2,0
21874,6,4,12,4,10,2,1,0,2,2,1
21875,9,4,3,5,8,1,0,0,2,2,0
21876,11,4,0,2,7,0,1,1,2,2,0
21877,9,1,11,2,3,0,1,1,3,2,0
21878,8,6,11,2,3,0,0,1,2,0,1
21879,3,4,9,4,4,1,1,1,0,2,0
21880,4,4,9,4,10,1,1,1,2,2,0
21881,12,4,11,6,8,1,1,1,2,2,0
21882,10,4,15,2,7,0,1,1,2,2,0
21883,5,4,11,4,8,3,1,0,2,2,0
21884,8,4,11,2,6,0,1,1,2,2,1
21885,6,7,9,2,10,0,0,1,0,0,1
21886,7,6,5,2,5,0,1,1,2,2,0
21887,8,4,11,2,3,0,0,1,2,2,1
21888,8,5,15,6,8,1,0,0,2,4,0
21889,12,4,9,2,13,0,1,1,2,2,0
21890,9,4,9,2,10,0,1,1,2,2,0
21891,8,4,11,2,7,0,1,1,2,2,1
21892,6,4,11,0,12,1,1,1,2,1,0
21893,7,7,11,2,1,5,1,0,2,2,1
21894,13,4,12,6,10,1,1,1,1,2,0
21895,11,4,15,2,1,0,1,1,2,2,0
21896,3,4,11,4,12,3,1,0,1,2,0
21897,8,4,1,4,8,3,1,0,2,2,0
21898,4,4,9,4,3,3,1,1,2,2,0
21899,5,4,12,4,4,1,1,1,2,2,0
21900,8,4,9,0,1,1,1,0,2,2,0
21901,5,4,15,4,4,1,1,1,2,4,0
21902,10,4,9,4,13,3,1,1,2,2,0
21903,9,4,15,2,8,0,1,1,2,2,1
21904,10,4,11,2,8,0,1,1,2,2,0
21905,5,4,15,2,11,0,1,1,2,4,0
21906,8,4,11,0,8,3,0,0,2,0,0
21907,6,5,11,0,5,4,0,1,2,0,0
21908,9,4,1,0,3,1,1,1,2,2,0
21909,6,4,12,4,4,1,1,1,2,2,1
21910,10,4,11,0,3,1,1,1,2,2,0
21911,6,0,11,4,0,1,1,1,2,2,1
21912,7,4,0,2,3,4,1,0,1,2,1
21913,9,4,9,5,10,4,0,0,1,2,0
21914,10,2,9,4,10,2,1,1,3,2,0
21915,13,4,6,2,12,0,1,1,0,2,0
21916,12,4,11,6,13,4,1,0,3,2,0
21917,7,4,15,2,4,0,1,1,2,2,1
21918,5,4,11,2,14,0,1,1,2,2,0
21919,7,4,8,2,12,0,1,1,2,2,1
21920,14,4,9,6,13,1,1,0,2,2,0
21921,5,4,15,2,1,5,1,0,2,2,1
21922,6,6,9,2,3,0,1,1,2,2,0
21923,8,4,11,2,7,0,1,1,1,2,0
21924,10,0,15,2,0,0,1,1,1,2,1
21925,6,2,11,2,4,0,1,1,1,2,1
21926,8,4,14,4,10,1,1,0,0,2,0
21927,6,4,2,0,3,1,0,1,2,4,0
21928,8,6,12,2,13,0,1,1,2,2,1
21929,7,4,9,2,4,0,1,1,2,2,0
21930,7,1,11,2,4,0,1,1,2,2,1
21931,8,4,11,0,14,1,1,1,2,2,0
21932,6,4,9,2,8,0,1,1,1,2,1
21933,8,4,10,4,10,1,1,1,2,2,0
21934,10,4,11,2,3,0,1,1,3,2,0
21935,7,6,11,0,10,4,1,0,3,2,0
21936,8,2,9,2,8,0,1,1,2,2,0
21937,11,4,11,4,1,1,1,0,2,2,1
21938,4,4,9,4,10,1,1,1,1,2,0
21939,3,6,11,4,4,1,1,0,2,2,0
21940,8,4,11,2,5,0,0,1,3,2,1
21941,7,4,1,0,8,4,1,0,2,2,0
21942,7,4,11,2,12,0,1,1,2,2,0
21943,7,4,11,3,7,1,1,0,0,2,0
21944,4,4,15,2,4,0,1,1,1,2,0
21945,12,0,11,2,0,0,1,1,2,2,0
21946,8,7,11,2,5,0,1,1,2,2,0
21947,4,0,6,4,0,1,0,0,2,2,1
21948,5,4,2,2,8,0,1,1,2,4,0
21949,6,2,9,2,3,0,1,1,2,2,0
21950,9,4,10,2,3,0,1,1,2,2,1
21951,11,4,8,2,3,0,1,1,2,2,1
21952,8,4,8,0,7,1,1,0,2,2,0
21953,10,4,11,4,4,1,1,1,2,2,0
21954,5,7,0,4,8,4,1,1,2,2,0
21955,7,7,15,2,11,0,1,1,2,2,0
21956,9,4,15,0,12,4,1,0,2,2,0
21957,12,4,11,6,3,1,1,1,2,2,0
21958,8,5,6,0,5,1,0,1,2,0,0
21959,7,6,2,4,3,3,1,1,2,2,0
21960,9,4,11,2,10,0,1,1,1,2,1
21961,14,4,11,6,4,2,1,1,0,2,0
21962,8,4,11,2,8,0,1,1,2,2,1
21963,11,7,9,2,10,0,1,1,2,2,0
21964,7,2,12,2,10,0,1,1,1,2,0
21965,4,4,11,4,3,3,0,1,2,2,0
21966,8,6,9,2,10,0,1,1,2,2,1
21967,12,2,1,6,6,1,1,1,2,2,0
21968,5,4,11,4,6,1,0,1,2,0,0
21969,11,2,15,2,14,0,1,1,1,2,0
21970,4,4,11,4,7,1,0,1,0,2,0
21971,10,2,9,4,10,1,1,1,1,2,0
21972,7,2,15,2,11,0,1,1,2,2,1
21973,9,4,11,2,7,0,1,1,1,2,1
21974,11,4,2,2,7,0,1,1,2,2,1
21975,8,1,9,4,10,1,1,1,2,2,0
21976,5,4,11,4,12,1,1,1,2,2,0
21977,11,4,11,2,13,0,1,1,2,2,0
21978,8,4,14,2,13,0,1,1,2,2,0
21979,4,4,9,2,10,5,1,0,1,1,1
21980,7,4,9,0,1,4,1,0,2,2,0
21981,10,2,11,0,6,1,0,1,2,2,0
21982,9,4,15,2,6,0,1,1,2,2,0
21983,6,7,9,4,10,3,1,1,2,2,0
21984,11,4,12,5,10,4,1,0,2,2,0
21985,5,4,7,2,13,5,1,0,2,2,0
21986,4,4,11,4,6,2,1,1,1,2,0
21987,3,4,15,4,4,1,1,0,1,2,0
21988,6,4,15,2,12,0,1,1,3,2,0
21989,10,4,7,0,5,4,1,1,2,2,0
21990,5,2,9,4,10,3,0,0,2,2,0
21991,4,4,11,5,1,3,1,0,2,2,0
21992,7,4,11,2,3,0,1,1,2,2,1
21993,3,6,15,4,12,3,1,1,3,2,0
21994,7,2,15,5,8,1,1,0,2,2,0
21995,9,4,11,4,8,3,1,1,2,2,0
21996,9,4,9,0,12,1,1,0,2,2,0
21997,9,4,15,2,3,0,1,1,2,2,1
21998,5,2,9,6,10,4,1,0,2,2,0
21999,5,4,15,0,12,4,1,0,2,2,0
22000,14,4,11,2,3,0,1,1,1,1,1
22001,3,6,15,4,12,4,1,0,0,2,1
22002,3,4,9,4,12,1,1,0,1,2,0
22003,8,6,12,0,4,1,0,1,2,2,0
22004,4,2,5,4,3,3,1,1,1,2,0
22005,4,4,15,4,1,1,1,0,1,2,0
22006,15,4,8,5,14,4,1,1,3,2,0
22007,9,4,11,2,3,0,0,1,3,2,1
22008,7,4,8,3,1,1,1,0,2,2,1
22009,8,0,11,0,0,4,1,0,2,2,0
22010,5,4,1,4,8,3,0,0,3,2,0
22011,5,4,11,4,1,1,1,1,2,2,0
22012,6,4,9,2,1,5,1,0,2,2,0
22013,9,4,11,2,4,0,1,1,2,2,1
22014,11,6,8,2,11,0,1,1,2,2,0
22015,8,4,15,4,10,4,0,1,1,2,1
22016,10,4,15,3,7,4,1,0,2,2,0
22017,6,4,11,4,7,3,1,1,2,2,0
22018,5,4,15,4,8,1,1,1,2,2,0
22019,6,4,8,4,8,3,1,0,2,2,0
22020,8,4,11,2,3,0,0,1,2,4,0
22021,7,4,15,2,12,0,1,1,2,2,0
22022,5,6,15,4,3,3,0,1,2,0,0
22023,10,4,15,0,8,1,1,0,2,2,0
22024,6,4,11,4,4,2,1,1,2,2,0
22025,4,4,9,4,4,2,1,1,1,2,0
22026,14,4,15,2,1,5,1,0,2,2,1
22027,4,4,11,3,3,3,1,1,2,2,0
22028,8,4,11,4,6,3,1,1,2,2,0
22029,11,4,8,2,7,0,1,1,2,2,1
22030,9,4,15,2,12,0,1,1,2,2,0
22031,5,4,11,4,6,1,1,0,2,2,0
22032,5,0,15,4,0,2,0,0,1,2,0
22033,9,6,11,2,1,0,1,1,2,2,1
22034,10,6,8,2,10,0,1,1,2,2,0
22035,6,4,15,2,1,0,0,1,0,2,1
22036,8,4,8,2,10,0,1,1,3,2,0
22037,12,4,15,6,12,1,1,1,2,2,0
22038,8,2,15,2,13,0,0,1,1,4,0
22039,7,6,11,2,3,0,0,1,1,2,1
22040,7,4,9,2,1,0,1,1,0,2,1
22041,10,4,11,0,8,1,1,1,2,2,0
22042,13,4,12,2,10,0,1,1,2,2,1
22043,10,4,14,2,13,0,1,1,1,2,1
22044,5,4,11,4,12,3,1,0,2,2,0
22045,6,4,1,4,12,3,1,1,2,2,0
22046,5,6,8,4,3,3,1,1,1,2,0
22047,3,4,9,4,4,3,1,0,0,2,0
22048,5,4,11,4,7,3,1,0,2,2,0
22049,8,4,11,6,12,4,1,0,2,2,0
22050,11,4,15,2,4,0,1,1,2,2,0
22051,11,4,15,2,12,0,1,1,2,2,0
22052,8,7,7,2,11,5,1,0,2,2,1
22053,10,4,9,2,3,0,0,1,0,2,1
22054,12,4,7,2,12,0,0,1,0,2,0
22055,12,4,11,0,6,4,0,0,2,2,0
22056,5,4,9,2,10,0,1,1,2,2,1
22057,11,4,9,6,1,1,1,0,2,2,0
22058,8,5,11,0,14,4,1,1,2,2,0
22059,10,4,5,2,7,0,1,1,2,2,1
22060,5,6,15,5,12,4,0,1,2,2,0
22061,9,4,11,2,3,0,1,1,2,2,1
22062,5,2,14,4,10,1,1,0,2,2,0
22063,11,4,11,2,6,0,1,1,1,2,0
22064,4,4,6,4,6,1,0,1,2,2,0
22065,4,5,12,4,10,1,1,0,1,2,0
22066,4,4,8,4,1,1,1,1,3,2,0
22067,8,4,11,0,8,4,0,0,1,2,0
22068,4,4,11,4,12,3,0,0,2,2,0
22069,10,4,11,6,8,4,1,0,2,2,0
22070,8,4,14,2,10,0,1,1,2,2,0
22071,5,4,9,4,4,3,1,0,2,2,0
22072,10,4,10,2,10,0,0,1,2,0,1
22073,4,6,6,4,3,3,1,1,2,2,0
22074,10,4,11,2,5,0,1,1,1,1,1
22075,6,4,9,2,10,0,1,1,1,2,0
22076,8,2,1,2,5,0,1,1,2,2,0
22077,7,4,11,4,3,1,1,1,2,2,0
22078,8,4,14,3,4,3,1,0,3,2,0
22079,9,4,15,3,10,4,0,0,2,2,0
22080,5,0,1,4,0,2,1,0,2,2,0
22081,5,4,7,2,3,0,1,1,2,2,1
22082,6,4,9,0,1,3,1,0,2,1,0
22083,10,4,7,2,10,5,1,0,2,2,0
22084,3,4,11,4,12,2,0,1,0,2,0
22085,8,4,11,2,6,0,1,1,2,2,1
22086,8,4,8,3,9,1,1,0,2,2,0
22087,3,4,11,4,3,1,1,1,0,1,1
22088,6,0,15,4,0,1,1,0,2,2,0
22089,9,4,9,2,10,0,1,1,3,2,1
22090,12,4,11,2,3,0,1,1,2,2,1
22091,3,4,11,4,12,3,1,0,0,2,0
22092,6,4,11,4,8,3,1,1,2,2,0
22093,6,4,11,4,11,1,0,1,2,2,1
22094,4,4,11,4,1,3,1,1,1,2,0
22095,3,4,15,4,4,3,1,1,1,2,0
22096,5,4,11,4,12,1,0,1,3,2,0
22097,6,5,15,2,10,0,1,1,2,2,1
22098,12,4,9,2,4,0,1,1,1,2,0
22099,6,4,11,2,3,0,1,1,1,2,1
22100,11,6,11,5,3,4,1,1,2,2,0
22101,7,4,9,0,11,3,0,1,1,0,0
22102,6,4,12,4,10,1,1,1,2,2,0
22103,6,4,9,0,9,1,1,0,2,2,0
22104,10,4,9,2,8,5,0,0,2,2,0
22105,8,5,9,2,4,0,1,1,2,2,1
22106,7,4,1,2,3,0,1,1,1,2,1
22107,5,4,15,2,4,0,1,1,3,2,0
22108,5,7,9,4,13,1,1,1,2,2,0
22109,8,0,11,2,0,0,1,1,2,2,1
22110,5,4,11,5,8,4,1,0,2,2,0
22111,5,4,11,4,12,1,1,0,2,2,0
22112,3,1,11,4,1,1,1,1,1,2,0
22113,5,4,11,0,1,1,0,0,2,0,1
22114,5,4,11,0,1,4,1,0,2,2,0
22115,14,3,9,2,13,0,1,1,2,2,1
22116,6,1,11,2,1,0,1,1,2,2,0
22117,8,4,11,2,3,0,1,1,2,2,0
22118,13,4,11,2,12,5,1,0,1,2,0
22119,7,4,1,2,3,0,1,1,2,2,0
22120,5,4,11,4,8,1,1,1,1,2,0
22121,6,4,12,4,1,1,1,1,1,2,0
22122,4,4,11,4,1,4,1,0,2,2,0
22123,9,2,9,2,10,3,0,1,1,2,0
22124,3,4,15,4,8,1,1,1,0,2,0
22125,6,4,15,4,8,1,1,0,2,2,0
22126,5,4,2,4,8,1,1,0,2,2,0
22127,7,4,9,0,4,4,1,0,2,2,0
22128,4,4,8,4,6,3,1,1,2,2,0
22129,6,4,11,2,3,0,1,1,1,2,0
22130,8,4,15,2,7,0,0,1,2,2,1
22131,13,4,14,2,10,0,1,1,0,2,0
22132,7,4,12,2,12,0,1,1,2,2,0
22133,8,4,8,2,8,0,1,1,2,2,0
22134,8,4,11,4,14,1,1,1,2,2,0
22135,7,0,15,2,0,0,1,1,2,2,0
22136,8,7,15,0,1,1,1,0,1,2,0
22137,7,4,11,2,1,5,1,0,2,2,0
22138,4,4,12,0,1,4,1,1,1,2,0
22139,5,5,9,2,12,0,1,1,1,2,0
22140,7,5,11,0,12,3,1,1,1,2,0
22141,5,4,11,4,1,1,1,0,3,2,0
22142,7,6,15,4,5,2,0,1,2,2,0
22143,9,4,11,4,13,1,1,0,2,2,0
22144,5,4,15,4,1,3,1,0,2,2,0
22145,8,4,9,4,10,1,1,0,2,1,0
22146,6,4,11,4,8,2,1,1,1,2,0
22147,9,6,7,0,5,1,0,1,2,0,0
22148,10,4,15,0,1,4,1,0,1,2,0
22149,6,4,15,4,3,3,1,1,2,2,1
22150,7,6,11,2,8,0,1,1,1,2,0
22151,4,4,1,4,8,4,0,0,1,2,0
22152,7,0,15,4,0,3,0,0,2,2,0
22153,6,6,6,2,3,0,1,1,4,2,0
22154,4,5,1,4,14,1,1,1,1,2,0
22155,7,5,0,0,12,4,0,0,2,2,0
22156,8,4,8,0,12,1,1,1,2,2,0
22157,7,4,9,4,12,1,1,1,2,2,0
22158,3,4,15,4,3,1,1,1,2,2,0
22159,7,4,7,2,12,0,0,1,2,2,1
22160,11,4,11,2,7,0,1,1,2,2,1
22161,6,4,11,2,10,0,0,1,4,0,0
22162,5,5,11,4,8,3,1,0,2,2,0
22163,8,7,10,4,10,1,1,1,2,2,0
22164,6,4,9,4,12,3,1,0,1,2,0
22165,8,4,12,2,3,0,1,1,3,2,0
22166,4,4,15,4,12,1,1,1,2,2,0
22167,6,2,11,2,1,0,0,1,2,4,1
22168,8,4,9,4,1,3,1,0,2,2,0
22169,4,1,9,4,1,1,1,0,1,2,0
22170,5,4,0,2,14,0,1,1,1,2,1
22171,10,4,14,2,10,0,1,1,2,2,0
22172,3,4,11,4,3,1,1,1,1,2,0
22173,8,4,11,2,14,0,1,1,2,2,0
22174,10,4,10,5,10,1,0,1,2,2,0
22175,7,6,9,2,5,0,1,1,2,2,0
22176,5,4,11,4,1,1,1,0,2,2,0
22177,7,4,14,2,10,0,1,1,1,2,0
22178,4,4,11,4,4,3,1,0,2,2,0
22179,6,4,11,4,9,4,1,0,2,2,0
22180,4,5,9,4,4,3,1,1,1,2,0
22181,12,4,8,2,10,0,1,1,2,2,0
22182,8,4,11,2,4,0,1,1,2,2,0
22183,4,4,9,4,12,2,1,0,2,2,0
22184,5,0,0,2,0,0,1,1,2,2,1
22185,5,4,9,4,10,1,1,0,2,2,0
22186,5,4,9,4,10,3,1,1,1,2,0
22187,14,0,11,6,0,1,0,0,1,2,0
22188,9,4,15,2,4,0,1,1,2,2,0
22189,3,4,11,4,4,1,1,1,1,2,0
22190,7,4,5,2,6,0,1,1,1,2,0
22191,3,4,5,4,7,3,1,0,1,2,0
22192,3,6,11,4,5,1,1,1,0,2,0
22193,6,4,3,2,7,0,1,1,2,2,0
22194,4,2,15,2,11,0,1,1,2,2,1
22195,5,4,0,2,14,0,1,1,2,2,1
22196,9,0,15,5,0,4,1,0,2,2,0
22197,7,4,11,2,12,0,0,1,3,2,0
22198,4,4,14,4,10,3,1,1,1,2,0
22199,6,4,1,2,3,0,1,1,2,2,1
22200,7,4,9,0,14,3,1,1,2,2,0
22201,5,4,9,4,10,3,1,1,3,2,0
22202,9,4,0,2,7,0,1,1,2,2,0
22203,9,4,0,0,6,4,1,0,2,2,0
22204,8,4,2,0,8,3,1,1,2,2,0
22205,4,4,11,4,6,3,0,1,2,2,0
22206,7,4,15,2,1,0,1,1,4,2,1
22207,6,4,15,2,1,0,1,1,2,2,0
22208,7,4,7,2,3,0,1,1,1,2,0
22209,10,4,11,4,8,3,1,0,2,2,0
22210,12,4,9,2,3,0,1,1,2,2,0
22211,5,4,0,2,1,5,1,0,3,3,0
22212,15,4,5,2,5,3,1,1,2,2,0
22213,6,4,15,2,5,0,1,1,2,2,0
22214,9,4,9,4,4,1,1,1,2,2,1
22215,9,4,0,2,14,5,1,0,2,2,0
22216,5,4,9,4,4,1,1,0,2,2,0
22217,4,4,11,4,4,3,0,0,1,0,0
22218,8,4,8,2,11,0,1,1,3,2,0
22219,9,4,11,6,8,4,1,1,2,2,0
22220,12,4,15,2,12,5,1,0,2,2,1
22221,8,4,11,2,6,0,1,1,2,2,1
22222,8,4,15,2,1,0,1,1,2,2,1
22223,3,4,12,4,10,3,1,0,1,2,0
22224,5,1,12,0,4,4,1,0,3,2,0
22225,9,0,15,5,0,1,1,0,2,2,0
22226,8,7,11,2,10,0,1,1,4,2,0
22227,4,4,2,4,12,1,1,0,1,2,0
22228,7,4,11,4,6,1,1,0,1,2,0
22229,5,4,9,0,12,1,1,0,1,2,0
22230,6,4,15,4,8,4,1,0,0,2,0
22231,10,4,11,2,6,0,1,1,2,2,0
22232,6,4,11,4,12,3,1,0,2,2,0
22233,6,4,11,2,3,0,0,1,1,2,0
22234,9,4,15,6,1,1,1,0,2,2,0
22235,7,4,15,0,7,1,1,1,2,2,0
22236,9,4,9,0,12,1,1,1,2,2,0
22237,10,6,15,0,12,1,1,0,2,2,0
22238,4,4,11,4,1,3,1,0,1,2,0
22239,8,2,2,2,10,0,1,1,2,2,1
22240,5,4,11,4,4,3,1,1,2,2,0
22241,8,4,15,2,1,0,1,1,2,2,1
22242,9,2,9,2,10,0,1,1,1,2,1
22243,11,5,2,2,8,0,0,1,1,2,0
22244,5,4,6,2,3,0,1,1,2,2,0
22245,11,4,9,4,4,1,1,0,2,2,0
22246,3,4,0,4,8,1,1,1,1,2,0
22247,12,4,15,0,7,1,1,0,2,2,0
22248,7,6,7,0,5,4,1,0,2,2,0
22249,8,4,9,2,10,0,1,1,2,2,1
22250,10,4,8,2,13,0,1,1,2,2,0
22251,3,4,15,4,1,2,1,0,2,2,0
22252,6,4,15,4,10,3,1,1,2,2,0
22253,11,4,7,0,12,1,1,1,2,2,0
22254,5,4,11,2,8,0,1,1,2,2,0
22255,7,6,15,4,3,3,0,1,2,2,0
22256,8,4,9,0,12,2,1,1,3,2,0
22257,5,4,15,0,3,1,1,1,1,2,0
22258,5,4,15,4,1,1,1,0,2,2,0
22259,10,6,1,2,3,0,1,1,2,2,0
22260,9,4,15,2,7,0,1,1,2,2,1
22261,10,7,15,2,10,0,1,1,2,2,0
22262,13,7,11,6,4,4,1,0,1,2,0
22263,4,4,11,2,3,0,1,1,2,2,1
22264,5,6,15,4,12,1,1,0,2,2,0
22265,4,4,11,4,3,1,1,0,2,2,0
22266,8,4,12,2,10,5,1,0,1,2,0
22267,3,7,9,4,10,2,1,1,2,2,0
22268,13,4,15,6,1,4,1,0,0,2,0
22269,14,0,15,6,0,4,1,0,0,2,0
22270,10,4,15,2,13,0,1,1,2,2,0
22271,7,2,9,4,10,1,1,0,1,2,0
22272,10,4,15,2,12,0,1,1,2,2,1
22273,8,4,11,4,7,1,1,0,2,0,0
22274,8,2,9,0,8,4,1,0,2,2,1
22275,10,2,15,0,4,4,0,0,3,2,0
22276,4,4,12,4,1,1,1,1,1,2,0
22277,16,5,15,6,12,1,1,1,1,2,1
22278,5,6,9,4,10,3,1,0,1,2,0
22279,4,1,12,2,4,0,1,1,2,2,0
22280,6,4,2,2,8,5,1,0,2,2,1
22281,10,4,8,2,4,0,1,1,2,2,1
22282,10,4,9,4,10,3,0,1,2,2,0
22283,7,7,14,2,10,0,1,1,2,2,0
22284,9,5,9,0,4,4,1,0,2,2,0
22285,3,4,9,4,4,3,1,1,2,2,0
22286,10,4,9,4,4,1,1,0,2,2,0
22287,4,0,15,4,0,2,0,0,0,2,0
22288,11,2,15,2,4,0,1,1,2,2,0
22289,12,0,15,6,0,1,0,0,1,2,1
22290,6,4,9,0,10,1,1,0,2,2,1
22291,9,4,11,0,1,2,0,0,2,2,0
22292,3,2,11,4,11,3,1,1,0,2,0
22293,4,4,15,2,3,0,1,1,2,2,1
22294,9,2,11,4,10,2,1,1,2,2,0
22295,9,0,11,0,0,4,1,1,2,2,0
22296,9,6,9,0,4,1,1,0,2,0,0
22297,10,4,11,2,14,0,1,1,2,2,0
22298,10,4,9,0,11,1,1,0,2,2,0
22299,9,5,9,0,10,4,0,0,2,2,0
22300,5,4,8,4,12,1,1,1,2,2,0
22301,7,5,12,4,10,3,1,1,1,2,0
22302,5,4,15,2,3,0,1,1,2,2,1
22303,12,4,15,4,3,3,1,1,1,2,0
22304,5,4,9,4,10,3,1,0,2,2,0
22305,4,4,15,4,12,1,1,1,1,2,1
22306,12,4,9,2,10,0,1,1,2,2,1
22307,5,4,7,2,14,0,1,1,2,2,0
22308,9,6,9,2,4,0,1,1,2,2,0
22309,5,4,0,4,8,3,1,0,2,2,0
22310,8,4,11,4,14,3,1,1,2,2,0
22311,9,4,6,0,8,3,1,0,2,2,0
22312,7,4,11,2,7,0,1,1,2,2,1
22313,8,5,15,4,4,3,1,0,2,2,0
22314,7,4,9,2,12,0,1,1,2,2,0
22315,7,4,11,2,1,5,1,0,2,2,1
22316,4,4,12,4,10,1,1,1,1,2,0
22317,10,4,15,2,3,0,1,1,2,2,1
22318,5,4,9,5,4,1,1,0,2,2,0
22319,5,4,9,2,6,0,1,1,1,2,1
22320,6,0,11,2,0,0,1,1,2,2,1
22321,3,4,9,4,10,3,1,0,1,2,0
22322,11,4,15,2,3,0,1,1,2,2,0
22323,9,6,9,4,12,1,1,1,1,2,0
22324,7,4,11,0,7,1,1,1,2,2,0
22325,10,5,7,2,12,0,1,1,2,2,1
22326,10,4,9,2,10,0,0,1,2,2,0
22327,3,4,12,4,10,1,1,1,0,2,0
22328,11,0,6,2,0,0,1,1,2,2,0
22329,9,6,11,2,3,0,1,1,2,2,0
22330,12,4,11,2,8,0,1,1,2,2,0
22331,7,7,9,0,13,1,1,0,2,2,0
22332,6,4,11,2,3,0,1,1,1,2,1
22333,6,4,9,0,8,4,0,0,2,2,0
22334,14,4,8,6,1,1,1,0,1,2,0
22335,8,4,15,2,7,0,1,1,2,2,0
22336,7,4,11,2,14,0,1,1,2,2,0
22337,4,4,11,4,14,3,1,1,2,2,0
22338,7,4,9,2,4,0,1,1,2,2,1
22339,4,4,11,4,8,1,1,0,2,2,0
22340,4,4,1,2,7,0,1,1,2,2,0
22341,5,4,6,2,8,0,1,1,3,2,1
22342,7,5,9,2,4,0,1,1,2,2,1
22343,3,4,9,4,1,2,1,0,2,2,0
22344,8,2,9,2,3,0,1,1,2,2,0
22345,9,4,11,0,12,3,1,0,2,2,1
22346,4,6,11,2,7,0,1,1,1,2,0
22347,3,4,15,4,10,2,1,1,2,2,0
22348,7,4,15,2,3,0,1,1,1,2,1
22349,13,4,9,2,4,0,1,1,2,2,0
22350,7,6,9,2,10,0,1,1,2,2,0
22351,8,4,11,0,3,1,1,1,1,2,0
22352,10,4,11,0,9,4,1,0,2,2,0
22353,7,4,11,2,3,0,1,1,3,2,1
22354,7,1,9,2,4,0,1,1,2,2,0
22355,8,4,15,2,12,0,1,1,2,2,1
22356,4,4,11,4,12,3,1,1,1,2,0
22357,7,4,11,2,8,0,1,1,2,2,1
22358,12,4,9,2,4,0,1,1,2,2,1
22359,3,6,9,4,10,1,1,0,2,2,0
22360,7,4,15,2,1,5,1,0,2,2,1
22361,5,0,15,4,0,1,1,0,2,2,0
22362,8,4,15,2,4,0,1,1,3,2,0
22363,11,5,1,2,12,0,1,1,2,2,1
22364,4,4,15,4,4,3,1,0,2,1,0
22365,7,4,11,2,14,0,0,1,2,2,0
22366,8,4,9,4,1,3,0,1,2,2,0
22367,8,4,11,0,7,1,1,0,2,2,0
22368,3,4,0,4,3,3,1,1,1,2,0
22369,8,6,11,0,3,1,1,1,1,2,0
22370,3,4,11,4,8,1,1,1,1,2,0
22371,12,0,9,2,0,0,1,1,0,2,0
22372,9,4,8,5,4,4,1,0,2,2,0
22373,8,4,0,2,8,0,1,1,2,2,0
22374,4,4,1,4,12,1,1,1,2,2,0
22375,8,4,15,4,8,1,1,1,2,2,0
22376,5,4,15,5,5,4,1,1,2,2,0
22377,13,0,15,2,0,0,0,1,0,2,0
22378,7,4,7,2,3,0,1,1,2,2,0
22379,4,2,9,4,10,3,1,1,1,2,0
22380,3,4,9,4,3,4,0,1,1,2,0
22381,9,4,15,4,1,1,1,1,2,2,0
22382,10,4,11,2,8,0,1,1,1,2,0
22383,9,4,15,0,4,1,1,1,2,2,0
22384,5,4,11,4,7,3,1,0,2,2,0
22385,9,4,11,2,3,0,1,1,2,2,0
22386,9,4,15,2,4,0,1,1,1,2,0
22387,9,4,11,2,7,0,1,1,2,4,1
22388,4,6,1,4,5,3,1,1,1,2,0
22389,8,0,9,0,0,4,1,0,2,2,0
22390,9,4,9,2,12,0,0,1,2,0,1
22391,12,1,12,2,10,0,1,1,3,2,1
22392,6,4,9,4,12,3,1,0,2,2,0
22393,12,4,15,2,11,0,0,1,4,2,1
22394,6,4,9,0,8,1,1,0,2,2,0
22395,5,4,11,4,10,1,1,0,2,2,0
22396,11,1,9,4,4,1,1,0,2,2,0
22397,3,4,9,4,10,3,1,1,0,2,0
22398,7,4,11,2,1,0,1,1,2,2,0
22399,8,4,9,2,6,0,1,1,4,2,0
22400,10,4,15,5,1,4,1,0,2,2,0
22401,3,4,9,4,4,1,1,0,2,2,0
22402,9,4,9,2,4,0,1,1,2,2,0
22403,6,2,9,4,10,1,1,1,2,4,0
22404,13,4,11,2,14,0,1,1,0,2,1
22405,4,4,11,4,3,3,1,1,2,2,0
22406,9,4,9,2,4,0,1,1,2,2,1
22407,8,4,11,6,7,4,1,1,2,2,0
22408,7,4,11,2,4,5,1,0,3,2,1
22409,7,4,1,2,14,0,1,1,3,2,0
22410,4,4,15,4,12,3,1,0,1,2,0
22411,3,6,9,4,10,3,1,1,2,2,0
22412,8,4,11,2,6,0,1,1,1,2,1
22413,8,4,9,2,1,0,1,1,2,2,1
22414,11,4,12,2,10,0,1,1,2,2,1
22415,10,2,5,2,11,0,1,1,2,2,0
22416,4,4,9,4,4,3,1,0,1,2,0
22417,5,1,9,4,4,3,1,1,3,2,0
22418,7,4,12,0,1,3,0,0,2,2,0
22419,9,5,11,2,12,3,1,1,2,2,0
22420,7,4,15,2,12,5,0,0,2,2,0
22421,4,4,7,4,4,1,0,1,0,2,0
22422,13,6,6,0,5,4,1,1,0,2,0
22423,9,7,9,5,4,3,1,1,2,2,0
22424,5,4,11,4,3,3,1,1,2,2,0
22425,9,4,9,4,12,2,1,1,2,2,0
22426,9,0,15,0,0,1,1,0,3,2,0
22427,3,2,11,4,10,3,1,1,3,2,0
22428,11,4,12,2,10,0,1,1,2,2,1
22429,10,4,11,0,12,1,1,1,2,2,0
22430,9,4,9,2,3,0,1,1,2,2,0
22431,3,4,11,4,12,3,0,0,1,2,0
22432,4,0,15,4,0,1,1,0,1,2,0
22433,8,4,15,3,8,1,1,0,2,2,0
22434,12,5,15,2,4,0,1,1,2,2,1
22435,4,4,9,4,4,1,1,1,2,2,0
22436,7,4,15,2,12,0,1,1,2,2,1
22437,4,4,15,4,4,1,1,0,1,2,1
22438,11,4,11,0,6,1,1,0,2,2,0
22439,7,2,15,2,11,0,1,1,2,2,1
22440,8,4,11,0,8,1,1,0,2,2,0
22441,8,4,15,2,14,0,1,1,2,2,1
22442,6,4,11,4,3,3,1,1,2,2,0
22443,11,6,11,2,5,0,1,1,2,2,0
22444,6,4,15,4,12,1,1,1,2,2,0
22445,10,4,5,2,3,0,1,1,2,2,0
22446,10,4,9,2,3,0,1,1,1,2,1
22447,7,5,12,2,4,0,1,1,2,2,0
22448,12,6,11,2,5,0,1,1,2,2,0
22449,4,4,12,4,10,3,1,1,2,2,0
22450,9,4,8,0,1,1,1,0,2,2,0
22451,11,5,15,2,4,0,1,1,3,2,0
22452,7,4,9,4,4,3,0,1,2,0,0
22453,7,2,14,4,10,3,1,1,2,2,0
22454,5,4,1,4,1,1,1,0,1,2,0
22455,8,4,11,5,4,4,1,1,2,2,0
22456,9,4,9,2,1,5,1,0,3,2,1
22457,5,6,11,4,10,1,1,1,2,2,1
22458,3,4,11,4,14,2,1,1,1,2,0
22459,5,0,15,4,0,4,0,1,3,2,0
22460,6,2,15,4,10,1,1,1,2,2,0
22461,6,4,15,2,4,0,1,1,2,2,0
22462,12,4,9,2,4,0,1,1,2,2,1
22463,6,4,8,5,3,4,1,1,2,2,0
22464,13,1,11,6,11,3,1,1,1,2,0
22465,7,4,8,2,8,0,1,1,2,2,0
22466,13,4,11,0,14,1,0,1,1,2,0
22467,3,4,9,4,12,1,1,0,2,2,0
22468,6,5,9,2,4,0,1,1,2,2,0
22469,8,4,8,0,1,1,1,0,2,2,0
22470,10,4,9,2,3,5,1,0,3,2,1
22471,3,4,0,4,1,3,0,1,2,2,0
22472,5,4,11,2,1,5,1,0,2,2,0
22473,10,4,8,2,6,0,1,1,2,2,1
22474,9,4,9,2,10,0,1,1,2,2,1
22475,6,4,11,2,3,0,1,1,3,2,1
22476,11,4,11,6,3,4,1,1,2,2,0
22477,3,0,15,4,0,3,1,0,2,2,0
22478,10,4,11,2,14,0,1,1,3,2,0
22479,9,4,10,2,3,0,1,1,2,2,1
22480,7,4,11,2,13,0,1,1,2,2,0
22481,6,4,11,2,7,0,1,1,2,2,0
22482,11,4,9,4,10,1,1,1,1,2,0
22483,4,0,9,4,0,1,1,0,1,2,0
22484,5,4,15,4,12,1,1,1,1,2,0
22485,10,7,12,2,4,0,0,1,3,2,0
22486,11,4,11,2,6,0,1,1,2,2,1
22487,7,4,5,2,12,0,1,1,1,2,0
22488,7,2,9,0,10,1,1,0,2,2,0
22489,9,0,11,2,0,0,1,1,2,2,1
22490,4,4,15,4,8,2,1,0,1,2,0
22491,12,2,11,2,4,0,1,1,2,2,0
22492,7,4,15,0,7,1,1,0,4,0,0
22493,3,4,2,4,6,3,1,1,1,2,0
22494,9,1,9,3,1,4,0,0,2,0,0
22495,5,7,11,4,1,1,1,0,2,2,0
22496,7,4,1,4,8,1,1,0,2,2,0
22497,7,4,11,6,6,1,1,0,2,2,0
22498,4,4,15,4,10,3,1,1,2,2,0
22499,11,0,12,2,0,0,1,1,3,2,1
22500,7,4,11,4,12,1,1,0,2,2,0
22501,10,4,9,2,12,0,1,1,2,2,0
22502,4,4,9,4,12,3,1,0,2,2,0
22503,8,2,11,2,8,0,1,1,2,2,0
22504,9,6,9,2,5,0,1,1,3,2,1
22505,9,2,9,2,10,0,1,1,2,2,1
22506,6,4,15,2,3,0,0,1,2,0,0
22507,8,4,9,0,1,4,1,0,2,2,0
22508,10,4,15,2,4,0,1,1,2,2,0
22509,8,4,11,2,12,5,0,0,2,2,0
22510,10,6,11,0,8,1,0,0,2,2,0
22511,9,2,15,2,1,5,1,0,2,2,0
22512,6,4,11,2,10,5,1,0,2,2,0
22513,10,2,11,2,11,0,1,1,2,2,0
22514,8,7,15,0,4,4,1,0,3,2,0
22515,5,4,12,2,10,0,1,1,2,2,0
22516,14,4,11,2,8,0,1,1,0,2,1
22517,7,4,11,2,14,0,1,1,2,2,1
22518,4,4,15,4,5,3,1,0,0,2,0
22519,6,5,1,2,5,0,1,1,2,2,0
22520,4,0,1,4,0,1,0,0,1,2,0
22521,7,4,1,0,6,4,1,0,2,2,0
22522,6,4,15,4,4,1,1,1,2,2,0
22523,8,2,9,0,10,4,0,0,2,2,0
22524,7,4,11,4,7,3,1,1,2,2,0
22525,9,4,11,2,8,0,1,1,2,2,0
22526,3,4,15,3,4,1,1,0,0,2,0
22527,4,4,4,4,6,1,1,1,2,2,0
22528,9,4,11,2,3,0,1,1,0,2,1
22529,7,4,8,4,1,3,1,0,1,2,0
22530,7,4,14,4,13,1,1,0,2,2,0
22531,3,4,7,4,1,1,1,0,1,2,0
22532,10,4,11,0,1,1,1,0,2,2,0
22533,11,4,15,0,8,4,0,0,3,2,0
22534,7,4,11,4,6,1,1,1,2,2,0
22535,5,4,5,0,8,4,1,0,1,2,0
22536,6,4,15,4,3,3,1,0,2,2,0
22537,6,4,15,0,1,4,0,0,1,2,0
22538,4,4,11,4,3,1,0,1,2,2,0
22539,8,4,15,2,8,0,1,1,2,2,0
22540,4,4,11,4,14,1,1,0,2,2,0
22541,8,4,7,4,1,1,0,0,2,0,0
22542,6,2,11,2,14,0,1,1,1,2,0
22543,5,4,11,2,12,5,1,0,2,2,1
22544,10,4,1,2,12,5,1,0,2,2,0
22545,15,4,11,2,4,0,1,1,2,2,0
22546,4,4,12,4,4,3,1,1,1,2,0
22547,5,4,11,4,1,3,1,0,1,2,0
22548,4,4,15,4,1,3,1,0,2,2,0
22549,5,4,15,0,4,1,1,0,0,2,0
22550,11,4,11,2,3,0,1,1,2,2,0
22551,7,5,9,5,12,1,1,1,0,2,0
22552,6,4,11,2,3,0,1,1,2,2,0
22553,5,1,8,0,4,4,0,0,2,2,1
22554,7,4,15,2,1,5,1,0,2,2,0
22555,7,4,11,0,1,4,1,0,2,2,0
22556,9,4,11,2,14,0,1,1,3,2,0
22557,6,4,11,4,12,1,1,1,2,2,0
22558,7,4,15,4,1,1,1,0,2,2,1
22559,12,4,15,2,7,0,1,1,2,2,0
22560,10,4,0,2,8,0,1,1,1,2,1
22561,4,4,9,4,13,1,1,1,2,2,0
22562,7,1,12,2,4,0,1,1,1,2,0
22563,9,4,15,2,7,0,1,1,3,2,0
22564,10,7,15,0,1,4,1,0,2,2,0
22565,9,4,8,4,1,3,0,1,2,2,0
22566,14,4,9,0,1,4,0,1,2,0,0
22567,10,4,7,2,4,0,1,1,2,2,0
22568,4,4,9,4,12,3,0,0,2,2,0
22569,10,7,15,2,8,0,1,1,2,2,1
22570,4,2,10,4,10,1,1,1,2,2,0
22571,8,4,15,2,10,0,1,1,2,2,1
22572,7,1,15,4,1,5,0,0,2,2,1
22573,12,4,11,0,8,1,1,1,2,2,0
22574,3,4,11,4,10,1,1,1,1,2,0
22575,7,4,9,2,4,5,1,0,2,2,1
22576,4,4,8,4,8,4,1,0,3,2,0
22577,4,4,10,4,10,3,1,1,1,2,0
22578,5,4,15,2,6,0,0,1,2,2,1
22579,8,5,12,2,10,0,1,1,2,2,0
22580,8,4,12,2,4,1,1,0,2,2,0
22581,4,4,11,4,8,3,1,0,2,2,0
22582,6,4,4,4,7,1,1,0,0,2,0
22583,11,4,11,0,6,1,1,1,2,2,0
22584,8,4,12,2,10,5,1,0,2,2,1
22585,11,4,11,2,12,0,1,1,2,2,0
22586,6,4,0,2,1,5,1,0,2,4,1
22587,8,4,9,2,12,0,1,1,2,2,0
22588,3,4,15,4,12,4,1,0,1,2,0
22589,5,6,0,2,5,0,1,1,2,2,1
22590,9,4,9,6,1,1,1,0,3,2,0
22591,15,4,9,6,4,4,1,0,0,2,0
22592,11,4,11,2,8,2,0,0,2,2,0
22593,8,6,15,5,12,1,1,1,3,2,0
22594,6,4,11,2,8,0,1,1,2,2,0
22595,4,4,12,4,10,3,1,1,1,2,1
22596,3,4,15,4,14,3,1,1,1,2,0
22597,8,4,11,2,7,0,1,1,2,2,0
22598,15,4,15,6,8,4,0,0,1,2,0
22599,6,6,6,2,3,0,1,1,0,4,1
22600,5,4,15,4,14,3,1,1,2,2,0
22601,4,4,15,4,6,3,1,1,1,2,0
22602,13,4,11,2,4,0,1,1,1,1,1
22603,4,7,15,4,1,1,1,0,2,2,0
22604,13,4,11,2,7,0,1,1,2,2,0
22605,10,5,12,2,4,0,1,1,3,2,1
22606,6,4,15,4,1,1,1,0,2,2,0
22607,6,1,11,2,4,0,1,1,3,2,0
22608,7,4,11,2,4,0,1,1,2,2,1
22609,6,4,15,0,3,4,1,0,2,0,0
22610,7,4,15,4,8,1,1,0,2,2,0
22611,6,4,9,2,4,0,1,1,2,2,0
22612,14,4,15,6,1,1,1,0,2,2,0
22613,4,4,12,4,10,1,1,0,2,2,0
22614,11,4,11,2,5,0,1,1,3,2,1
22615,11,6,12,2,10,0,1,1,2,2,1
22616,3,2,15,4,3,1,1,1,2,2,0
22617,6,4,1,2,7,0,1,1,2,2,0
22618,8,0,15,4,0,3,1,1,2,2,0
22619,9,0,15,0,0,4,1,0,2,2,0
22620,7,7,11,2,3,0,1,1,2,2,0
22621,7,1,13,0,4,4,1,0,2,2,0
22622,6,2,9,4,10,3,1,0,2,2,0
22623,5,4,4,2,14,0,1,1,2,2,0
22624,3,4,15,4,4,3,1,1,1,2,0
22625,8,6,11,0,5,1,1,1,3,2,0
22626,10,4,15,4,12,3,1,1,3,2,0
22627,5,4,15,4,8,4,1,0,2,2,0
22628,9,5,12,2,4,0,1,1,2,2,1
22629,7,4,7,0,8,1,1,0,1,2,1
22630,8,2,12,2,11,0,1,1,0,2,1
22631,12,4,11,2,8,0,1,1,1,2,0
22632,7,4,11,2,7,0,1,1,1,2,1
22633,7,6,2,2,3,0,1,1,2,2,0
22634,7,4,5,0,7,1,0,1,2,2,0
22635,8,4,12,2,12,5,1,0,2,2,1
22636,3,1,11,4,4,2,1,1,1,2,0
22637,5,4,0,4,12,1,1,1,2,2,0
22638,6,4,8,4,4,3,1,1,1,2,0
22639,7,7,1,0,5,1,1,1,2,2,0
22640,7,4,11,4,1,3,1,0,3,2,0
22641,10,4,11,6,1,4,1,1,2,2,0
22642,7,4,11,2,7,0,1,1,0,2,0
22643,6,4,0,2,14,0,1,1,2,2,1
22644,11,4,15,6,7,1,0,1,2,2,0
22645,12,4,11,2,4,0,1,1,2,2,1
22646,5,4,11,2,1,5,1,0,2,2,1
22647,11,4,11,2,1,0,1,1,2,2,1
22648,7,4,0,4,14,4,1,0,2,2,0
22649,5,4,1,2,3,0,1,1,2,2,1
22650,6,7,9,2,11,0,0,1,2,0,0
22651,12,4,12,6,10,1,1,1,2,2,0
22652,3,4,15,4,1,3,1,1,1,2,0
22653,8,4,8,4,10,3,1,1,2,2,0
22654,6,4,11,2,7,0,0,1,2,2,1
22655,8,5,12,2,4,5,1,0,2,2,0
22656,12,4,8,2,3,0,1,1,2,2,0
22657,7,4,5,2,7,0,1,1,2,2,1
22658,9,4,11,4,3,1,0,1,2,2,0
22659,4,4,12,5,4,0,1,1,2,2,1
22660,7,4,9,4,1,3,1,0,2,2,0
22661,6,4,8,2,14,0,1,1,2,2,0
22662,4,4,9,4,7,3,1,0,1,2,0
22663,15,2,11,4,1,3,1,0,0,2,0
22664,9,6,9,0,5,1,1,1,3,2,0
22665,10,4,9,2,4,0,1,1,1,2,0
22666,6,2,9,2,10,0,1,1,2,2,0
22667,8,5,15,2,3,0,1,1,3,2,1
22668,4,4,15,4,8,4,1,0,2,2,0
22669,7,4,0,2,8,0,0,1,2,2,0
22670,7,6,9,2,4,0,0,1,2,2,1
22671,8,7,9,2,1,0,1,1,1,2,0
22672,5,4,11,4,8,4,0,0,2,2,0
22673,9,4,9,2,4,0,1,1,1,2,1
22674,5,4,9,4,12,1,1,1,1,2,0
22675,5,4,12,2,4,0,1,1,2,2,0
22676,3,4,15,4,10,3,1,1,0,2,0
22677,7,4,9,2,3,0,1,1,2,2,1
22678,9,6,9,2,3,0,1,1,3,2,1
22679,5,4,15,4,8,3,1,0,2,2,0
22680,4,4,11,4,1,1,1,0,2,2,0
22681,8,4,12,4,12,3,1,1,2,2,0
22682,8,5,11,0,4,4,1,1,1,2,0
22683,6,4,15,2,12,0,1,1,2,2,1
22684,9,4,15,0,1,4,1,0,2,2,0
22685,6,4,15,2,11,0,1,1,3,2,1
22686,10,4,9,2,10,0,1,1,3,2,1
22687,7,4,11,2,14,0,0,1,2,0,1
22688,11,4,11,2,12,0,1,1,2,2,0
22689,6,1,11,0,1,1,0,0,4,2,0
22690,3,1,15,4,1,1,1,0,2,2,0
22691,5,6,1,4,5,1,1,0,2,2,0
22692,4,0,1,4,0,2,1,0,1,2,0
22693,7,4,11,2,1,0,1,1,2,2,1
22694,8,6,14,2,10,0,1,1,2,2,0
22695,5,4,11,4,1,1,1,0,2,2,0
22696,4,4,12,4,4,3,1,0,1,2,0
22697,7,1,11,4,8,4,0,0,2,2,0
22698,6,4,11,4,3,1,1,1,1,2,0
22699,9,4,15,4,1,1,0,0,3,3,0
22700,13,4,15,2,3,5,1,0,3,2,1
22701,4,4,11,4,1,4,1,0,1,2,0
22702,8,4,12,0,10,3,0,0,2,2,0
22703,7,4,12,2,10,0,1,1,2,2,1
22704,9,4,11,0,1,1,1,0,2,2,0
22705,7,2,11,2,8,5,1,0,1,2,0
22706,7,4,15,2,12,0,1,1,2,2,1
22707,4,2,12,3,13,4,1,0,1,2,0
22708,4,4,15,4,7,1,1,1,1,2,0
22709,12,4,11,6,8,4,1,1,2,2,0
22710,5,4,11,4,13,1,1,1,1,2,0
22711,5,4,9,2,4,0,1,1,2,2,0
22712,6,4,11,2,7,5,1,0,2,2,0
22713,4,4,15,4,4,4,1,0,2,2,0
22714,5,0,11,4,0,2,1,0,2,2,0
22715,10,4,9,0,1,1,1,0,2,2,0
22716,9,4,15,0,7,4,0,0,3,2,0
22717,8,4,15,0,8,1,1,0,3,2,0
22718,3,4,11,4,14,3,1,1,2,2,0
22719,8,4,7,2,4,0,1,1,2,2,0
22720,5,4,11,2,8,0,1,1,3,2,0
22721,7,4,9,4,4,1,0,1,2,4,1
22722,11,4,9,2,10,0,1,1,0,2,1
22723,8,0,15,0,0,1,1,1,2,2,1
22724,8,1,8,0,1,4,0,0,1,2,0
22725,11,4,11,0,12,1,1,1,1,2,0
22726,8,4,1,2,12,0,1,1,2,2,1
22727,7,4,11,2,1,0,1,1,2,2,1
22728,9,4,11,2,8,5,1,0,2,2,0
22729,10,7,15,3,1,1,1,0,2,2,0
22730,4,4,11,4,7,3,1,0,2,2,0
22731,5,4,9,4,12,3,0,0,2,2,0
22732,8,2,2,0,8,1,1,0,3,2,0
22733,10,4,11,2,8,0,1,1,2,2,1
22734,4,4,15,4,1,3,1,0,1,2,0
22735,7,4,0,2,8,0,0,1,2,2,1
22736,13,4,11,0,13,4,1,0,2,2,0
22737,3,4,11,4,5,3,1,1,1,2,0
22738,8,4,5,2,14,0,1,1,2,2,1
22739,3,4,1,4,4,3,1,1,1,2,0
22740,12,4,9,2,4,0,1,1,0,2,0
22741,10,4,0,2,3,0,1,1,2,2,1
22742,7,4,1,2,6,5,1,0,2,2,1
22743,7,4,9,4,1,1,1,0,4,2,0
22744,6,6,11,2,3,0,1,1,3,2,1
22745,8,4,11,3,1,1,1,0,2,2,0
22746,9,0,11,4,0,3,1,0,2,2,0
22747,7,6,11,2,8,5,1,0,2,2,0
22748,5,4,7,0,4,1,0,1,1,2,0
22749,5,4,11,4,4,3,1,1,4,2,0
22750,4,7,11,4,8,3,1,1,0,2,0
22751,7,4,15,2,3,0,1,1,1,2,0
22752,7,4,9,2,12,0,1,1,2,2,1
22753,5,4,9,4,12,3,1,0,2,2,0
22754,12,0,11,2,0,5,0,0,3,2,0
22755,8,6,9,2,10,0,1,1,2,2,0
22756,7,4,1,2,12,0,1,1,3,2,0
22757,7,2,15,4,1,2,1,1,2,2,0
22758,6,4,15,4,8,1,0,1,2,0,0
22759,7,4,11,2,6,0,1,1,2,2,1
22760,5,4,9,4,12,1,0,1,2,2,0
22761,6,4,9,4,10,1,0,0,1,2,0
22762,9,4,15,2,3,0,1,1,2,2,0
22763,11,4,11,2,8,0,1,1,0,2,1
22764,7,4,11,3,7,1,1,0,1,2,0
22765,5,4,2,4,14,1,1,0,1,2,1
22766,4,4,9,4,12,3,1,1,1,2,0
22767,8,4,15,2,13,5,1,0,3,2,0
22768,6,4,15,2,11,0,1,1,2,2,0
22769,4,4,11,4,4,1,1,1,2,2,0
22770,9,4,12,2,4,0,1,1,2,2,0
22771,8,4,9,2,4,0,1,1,2,2,0
22772,6,4,15,4,12,1,1,1,2,2,0
22773,10,4,11,6,8,4,1,0,2,2,0
22774,10,7,15,6,4,1,1,1,2,2,0
22775,10,8,9,2,13,0,1,1,2,2,0
22776,5,1,9,2,1,0,1,1,2,2,1
22777,5,2,9,0,1,4,0,0,2,2,0
22778,3,6,15,4,12,3,1,1,2,2,0
22779,7,4,9,2,12,0,1,1,2,2,0
22780,6,4,15,2,6,0,1,1,2,2,1
22781,9,4,10,2,10,0,1,1,2,4,1
22782,10,2,8,2,4,0,1,1,2,2,1
22783,7,4,15,2,14,0,1,1,2,2,1
22784,8,4,9,2,10,0,1,1,2,2,1
22785,6,6,11,4,4,3,1,1,1,2,0
22786,9,1,11,5,1,4,1,0,3,2,1
22787,4,6,11,4,3,3,1,1,1,2,0
22788,8,1,11,5,4,1,1,1,2,2,0
22789,7,2,15,2,4,0,1,1,2,2,1
22790,5,4,4,2,12,0,1,1,2,2,1
22791,10,4,9,2,12,0,1,1,2,2,0
22792,16,4,1,0,3,4,1,1,3,2,0
22793,10,4,15,2,4,5,1,0,2,2,0
22794,6,4,11,2,8,0,1,1,2,2,0
22795,7,4,15,2,4,0,1,1,2,2,1
22796,6,7,15,2,1,0,1,1,2,2,0
22797,5,6,9,4,12,1,1,1,2,2,0
22798,10,0,7,5,0,4,1,1,2,4,0
22799,7,0,1,4,0,3,1,0,2,2,0
22800,6,4,11,0,7,1,0,0,2,0,1
22801,8,4,15,2,3,0,1,1,1,2,0
22802,9,4,8,6,3,4,1,0,2,2,0
22803,3,1,7,4,10,1,1,0,1,2,0
22804,11,4,8,2,10,0,1,1,3,2,0
22805,9,4,15,2,11,0,1,1,2,2,0
22806,8,4,15,0,9,1,1,0,2,2,1
22807,5,2,15,2,11,0,1,1,2,2,0
22808,4,4,15,4,12,1,1,1,2,2,0
22809,10,4,11,0,8,2,0,1,2,2,0
22810,6,4,14,4,10,3,1,1,3,2,0
22811,12,4,15,2,10,0,1,1,2,2,1
22812,8,4,15,2,12,0,1,1,2,2,1
22813,10,4,1,2,8,0,1,1,2,2,1
22814,5,4,11,2,3,0,0,1,1,2,0
22815,7,4,0,4,14,1,0,1,2,2,0
22816,8,0,11,2,0,0,1,1,3,2,0
22817,9,4,11,2,3,0,1,1,2,2,1
22818,4,4,6,4,7,1,1,1,0,2,0
22819,5,4,11,2,7,0,1,1,2,2,0
22820,3,6,12,4,12,4,0,0,0,2,0
22821,13,4,8,6,8,1,1,0,1,2,1
22822,8,7,15,0,1,1,1,0,2,2,0
22823,4,2,9,4,10,3,1,1,2,2,0
22824,7,7,9,4,4,3,1,0,2,2,0
22825,6,4,11,2,8,0,1,1,2,2,0
22826,6,4,15,4,1,1,1,0,3,2,0
22827,7,5,11,4,12,3,1,1,2,2,0
22828,7,2,9,5,1,1,1,0,2,2,0
22829,11,4,9,0,10,4,1,0,3,2,0
22830,6,4,12,4,10,3,0,0,2,2,0
22831,4,4,11,4,1,3,1,0,1,2,0
22832,8,4,11,2,1,5,0,0,2,2,1
22833,7,4,9,2,12,0,0,1,2,2,0
22834,6,4,15,2,7,0,1,1,1,2,0
22835,5,4,1,2,12,0,1,1,2,2,0
22836,6,4,11,4,14,1,1,1,2,2,0
22837,6,4,11,0,8,1,0,0,2,2,0
22838,7,4,4,2,6,0,1,1,2,2,0
22839,7,4,11,4,1,3,1,0,3,2,0
22840,6,4,15,2,1,5,1,0,2,2,0
22841,7,4,1,0,3,1,1,1,2,2,0
22842,6,0,11,4,0,1,1,1,3,2,0
22843,10,0,15,2,0,0,1,1,2,2,1
22844,6,1,4,2,4,0,1,1,2,2,1
22845,4,5,11,4,4,3,1,1,1,2,0
22846,15,4,3,2,3,0,1,1,0,2,0
22847,9,4,1,2,6,0,1,1,2,2,1
22848,11,2,9,2,10,0,1,1,3,2,0
22849,5,4,9,0,4,1,1,1,2,2,0
22850,11,4,11,2,8,5,0,0,2,2,0
22851,6,4,15,4,1,3,1,0,2,2,0
22852,7,4,9,2,10,0,1,1,2,2,1
22853,8,4,11,0,12,1,1,1,3,2,0
22854,3,2,15,4,8,1,1,0,1,1,0
22855,5,4,9,4,9,4,1,0,2,2,0
22856,12,4,11,0,1,4,1,0,2,2,0
22857,8,3,9,2,10,0,1,1,2,2,1
22858,8,0,11,2,0,0,1,1,2,2,0
22859,11,4,14,6,10,1,1,0,2,2,0
22860,8,1,7,0,1,2,1,0,2,2,0
22861,4,1,12,4,1,3,1,0,2,2,0
22862,9,4,11,2,3,0,1,1,2,2,1
22863,5,4,11,4,12,1,1,0,3,2,0
22864,13,4,11,2,12,0,1,1,2,2,0
22865,9,4,15,2,3,0,0,1,2,2,1
22866,7,1,11,2,4,0,1,1,2,2,0
22867,10,4,11,2,6,0,1,1,2,2,0
22868,6,4,15,4,4,3,1,1,2,2,0
22869,10,4,15,4,12,3,1,0,2,2,0
22870,4,6,8,5,14,1,1,0,1,2,0
22871,8,4,9,4,1,1,1,0,2,2,1
22872,3,4,11,4,1,1,1,1,1,2,0
22873,4,2,12,4,10,1,1,0,2,2,0
22874,8,4,6,2,3,0,1,1,2,2,0
22875,5,6,9,5,12,4,0,1,1,2,0
22876,5,2,7,0,8,3,1,0,2,2,0
22877,4,4,0,4,7,1,1,0,1,2,0
22878,11,4,14,2,4,0,1,1,2,2,1
22879,12,4,8,0,8,4,1,0,2,2,0
22880,6,0,11,4,0,2,1,1,2,2,0
22881,9,4,8,4,3,1,1,0,2,2,0
22882,6,2,1,2,8,0,1,1,2,2,1
22883,8,7,10,2,10,2,0,0,2,0,0
22884,10,4,6,4,7,3,1,0,2,2,0
22885,7,7,1,2,8,5,1,0,2,2,1
22886,7,6,9,4,4,4,0,1,2,2,0
22887,9,0,9,0,0,1,1,0,2,2,0
22888,11,1,9,6,8,1,1,0,2,2,0
22889,4,4,15,4,10,2,0,1,0,2,0
22890,9,4,11,2,3,0,1,1,2,2,1
22891,10,4,9,0,13,4,0,1,1,2,0
22892,4,2,15,5,4,3,1,1,0,2,0
22893,10,4,15,6,6,1,0,1,2,0,0
22894,11,4,15,2,10,0,1,1,2,1,0
22895,5,2,11,4,1,3,1,0,2,2,0
22896,4,2,6,4,3,3,1,1,2,2,0
22897,10,2,11,1,1,4,1,0,2,2,0
22898,9,1,15,2,4,0,1,1,2,2,0
22899,4,4,9,2,4,0,1,1,0,2,1
22900,9,4,15,2,1,5,1,0,2,2,1
22901,4,4,11,4,3,3,1,1,2,2,0
22902,10,4,9,4,10,3,1,0,2,2,0
22903,5,6,11,4,12,3,1,1,2,2,0
22904,8,4,11,3,8,4,0,0,2,2,0
22905,6,4,11,2,1,0,1,1,2,2,0
22906,5,4,11,5,12,4,1,1,2,2,0
22907,9,2,9,2,10,0,0,1,2,2,0
22908,6,4,11,4,1,3,1,0,2,2,0
22909,5,2,12,4,10,1,1,0,2,2,0
22910,7,6,14,2,10,0,1,1,3,2,1
22911,11,5,11,6,4,1,1,1,2,2,0
22912,6,4,12,4,10,1,1,0,1,2,0
22913,6,0,9,4,0,1,1,1,2,2,0
22914,11,6,11,2,5,0,1,1,2,2,1
22915,11,4,15,0,3,2,1,1,2,2,0
22916,8,6,11,2,14,0,1,1,3,2,1
22917,10,4,15,3,3,3,1,1,2,2,0
22918,3,4,14,4,10,3,1,1,1,2,0
22919,7,4,9,2,4,0,1,1,2,2,1
22920,11,2,0,0,6,1,1,1,2,2,0
22921,5,4,15,4,1,2,1,0,2,2,0
22922,11,4,5,2,8,0,1,1,0,2,0
22923,9,4,15,4,11,1,1,1,2,2,0
22924,8,4,15,2,3,0,1,1,2,2,0
22925,12,4,15,6,6,1,1,1,0,2,0
22926,10,4,9,2,4,0,1,1,2,2,0
22927,3,4,15,4,10,3,1,0,0,2,0
22928,5,4,7,2,7,0,1,1,2,2,1
22929,7,4,9,2,3,0,1,1,2,2,1
22930,5,4,11,0,7,4,1,0,2,2,0
22931,9,4,9,0,1,3,1,0,1,2,0
22932,11,4,5,4,7,3,1,0,2,2,0
22933,8,6,12,2,4,0,1,1,2,2,1
22934,8,0,6,4,0,4,1,0,2,2,0
22935,9,4,4,2,7,0,1,1,3,2,1
22936,12,4,9,2,4,0,1,1,2,2,1
22937,6,4,15,4,1,1,1,0,2,2,0
22938,5,4,15,4,12,3,1,1,2,2,0
22939,5,2,9,2,10,0,1,1,1,2,0
22940,7,1,15,2,1,0,1,1,2,2,1
22941,4,4,9,4,1,4,1,0,1,2,0
22942,7,4,6,2,5,0,1,1,2,2,0
22943,6,4,6,4,5,1,1,1,3,2,0
22944,5,4,15,2,7,0,1,1,2,2,0
22945,7,1,15,0,1,4,1,0,1,2,0
22946,9,5,9,2,10,0,1,1,2,2,1
22947,6,0,15,4,0,3,0,1,2,2,0
22948,10,4,15,2,3,0,1,1,2,2,1
22949,11,6,11,2,14,0,1,1,2,4,1
22950,10,4,11,2,12,2,0,1,1,2,0
22951,9,4,15,4,3,1,1,1,1,2,0
22952,9,4,5,3,10,3,1,0,2,2,0
22953,8,4,11,2,10,0,1,1,1,2,0
22954,8,2,15,2,8,5,1,0,2,2,0
22955,9,4,8,2,5,0,1,1,2,2,1
22956,8,4,15,2,1,5,1,0,2,2,1
22957,11,2,11,0,11,4,1,1,2,2,0
22958,10,4,9,0,4,1,1,1,2,2,0
22959,4,4,1,2,3,0,0,1,2,2,0
22960,5,4,6,2,6,0,1,1,2,2,0
22961,6,4,11,2,3,0,1,1,1,2,1
22962,14,6,9,4,5,1,1,1,1,2,0
22963,8,5,9,0,4,1,1,1,2,2,0
22964,9,4,7,2,4,0,1,1,3,2,0
22965,4,4,9,4,12,1,1,0,1,2,0
22966,8,2,11,0,8,3,0,0,2,2,0
22967,8,4,11,2,14,0,1,1,1,2,0
22968,12,4,7,2,6,0,1,1,1,2,0
22969,4,4,15,4,14,4,1,0,2,2,0
22970,6,2,8,2,10,0,1,1,2,2,1
22971,4,2,15,4,10,4,1,0,2,2,0
22972,7,2,12,0,10,1,1,1,1,2,0
22973,4,6,11,4,1,3,0,0,1,0,0
22974,9,6,9,2,12,0,1,1,1,2,0
22975,16,4,7,2,1,3,1,0,3,2,0
22976,7,4,8,0,3,1,0,0,2,2,0
22977,5,4,9,4,5,2,1,1,2,2,0
22978,9,4,11,0,1,4,1,0,2,2,1
22979,5,4,9,2,8,0,1,1,1,2,0
22980,7,4,9,2,12,0,1,1,2,2,1
22981,3,6,15,4,8,1,1,0,0,2,0
22982,11,4,9,0,10,3,1,1,2,2,0
22983,10,2,11,2,8,0,1,1,2,1,1
22984,4,4,11,2,6,0,1,1,2,2,0
22985,11,2,10,0,10,1,1,0,1,2,0
22986,8,4,11,2,7,0,1,1,2,0,1
22987,5,4,9,2,3,0,1,1,2,2,0
22988,5,7,11,4,8,1,1,1,2,2,0
22989,4,4,11,2,3,0,1,1,1,2,0
22990,4,4,11,2,10,0,1,1,1,2,1
22991,7,4,11,5,12,4,1,0,2,2,0
22992,6,4,0,4,3,1,0,1,2,2,0
22993,5,4,0,4,11,1,1,1,2,2,0
22994,10,4,15,6,8,1,1,1,1,2,0
22995,4,4,11,4,1,1,1,0,1,2,0
22996,12,4,1,0,14,4,0,1,2,2,0
22997,6,4,11,2,12,0,1,1,2,2,0
22998,5,4,11,0,4,1,1,1,2,2,1
22999,5,4,7,0,8,4,1,0,2,2,0
23000,7,2,11,2,1,0,1,1,2,2,1
23001,4,4,15,4,1,1,1,1,2,2,1
23002,6,4,15,4,1,3,1,0,2,1,0
23003,12,4,14,2,10,0,1,1,0,2,0
23004,5,0,11,2,0,5,1,0,1,2,0
23005,8,4,11,2,1,0,1,1,2,2,1
23006,10,1,9,2,10,3,0,0,2,2,0
23007,5,4,11,2,3,0,1,1,0,2,1
23008,6,4,5,2,12,0,1,1,2,2,0
23009,8,4,11,0,12,1,1,1,2,4,0
23010,7,4,11,4,9,4,1,0,2,2,0
23011,6,0,1,4,0,1,1,0,2,2,0
23012,10,4,8,0,13,4,1,1,0,2,0
23013,7,4,11,2,14,0,1,1,1,2,0
23014,6,4,5,4,8,3,1,0,2,2,0
23015,9,4,9,2,4,0,1,1,1,2,0
23016,8,6,9,2,10,2,1,0,2,2,0
23017,9,5,9,4,4,1,1,0,3,2,0
23018,8,4,11,2,6,0,1,1,2,2,1
23019,10,0,15,2,0,0,0,1,2,2,1
23020,6,4,12,4,4,1,1,1,2,2,0
23021,7,4,11,4,7,4,0,0,2,2,0
23022,6,4,14,4,10,3,0,1,2,2,0
23023,8,4,15,0,10,1,1,0,1,2,0
23024,8,6,9,5,10,4,1,0,3,2,0
23025,8,4,12,2,10,0,1,1,1,2,1
23026,6,4,11,0,3,4,1,0,3,2,0
23027,3,0,11,4,0,2,1,0,0,2,0
23028,7,4,15,2,12,0,1,1,3,2,1
23029,4,4,0,4,3,3,1,1,2,2,0
23030,5,4,15,4,1,3,1,0,2,2,0
23031,12,7,10,2,10,0,1,1,2,2,1
23032,4,4,11,4,14,1,1,1,1,2,1
23033,4,4,7,4,12,3,1,1,2,2,0
23034,8,4,11,2,5,0,1,1,2,2,0
23035,8,4,7,0,10,1,1,0,2,2,0
23036,5,4,15,4,7,3,1,0,2,2,0
23037,11,4,15,2,3,5,1,0,2,2,1
23038,5,6,8,2,5,0,1,1,2,2,0
23039,8,4,11,2,10,0,1,1,2,2,0
23040,8,4,5,2,8,0,0,1,2,2,0
23041,5,4,12,5,8,0,1,1,2,2,0
23042,7,5,8,2,4,0,1,1,2,2,0
23043,7,4,6,2,7,0,1,1,2,2,1
23044,8,4,11,2,14,0,1,1,2,2,0
23045,5,4,11,4,11,3,1,0,2,2,0
23046,6,6,1,2,3,0,0,1,1,0,1
23047,10,4,15,0,1,4,1,1,2,2,0
23048,15,4,15,6,12,1,1,1,2,2,1
23049,6,2,9,2,4,0,1,1,1,2,1
23050,10,4,9,2,12,0,1,1,2,2,0
23051,8,4,11,2,7,0,1,1,4,2,1
23052,3,4,9,4,10,3,1,1,1,2,0
23053,8,4,14,2,10,0,1,1,1,2,0
23054,5,2,11,2,11,0,1,1,1,2,1
23055,8,6,1,2,3,0,1,1,2,2,0
23056,10,4,11,2,14,0,1,1,2,2,1
23057,3,4,11,4,7,4,0,0,1,2,0
23058,11,4,15,2,3,0,1,1,1,2,0
23059,8,4,8,2,5,0,1,1,2,2,0
23060,11,4,11,2,3,0,1,1,2,2,0
23061,12,1,11,3,9,1,1,0,1,2,0
23062,5,4,11,4,6,1,0,1,2,0,0
23063,8,4,15,2,3,0,1,1,2,0,0
23064,5,4,9,4,10,3,1,0,2,2,0
23065,9,4,11,0,8,1,1,0,3,2,0
23066,6,4,15,2,4,0,1,1,2,2,1
23067,10,4,11,2,6,0,1,1,2,2,0
23068,4,6,0,4,5,3,1,1,2,2,0
23069,7,4,1,2,14,0,1,1,4,2,0
23070,8,4,11,4,12,1,1,1,2,2,0
23071,6,4,15,2,4,0,1,1,0,2,1
23072,4,2,9,4,10,4,1,1,2,2,0
23073,4,4,14,4,4,1,1,1,2,2,0
23074,4,6,9,4,12,1,1,0,2,2,0
23075,12,4,15,0,4,4,1,0,1,2,0
23076,15,4,4,6,7,1,1,1,1,2,0
23077,11,4,7,2,13,5,0,0,2,2,1
23078,6,7,9,4,4,3,1,1,2,2,0
23079,3,4,11,4,8,1,1,0,1,2,1
23080,10,4,15,2,4,0,1,1,2,2,1
23081,4,4,9,4,10,1,1,1,2,2,0
23082,5,4,11,4,1,3,1,1,1,2,0
23083,7,0,5,5,0,4,1,0,2,2,0
23084,7,4,15,2,6,0,0,1,2,2,1
23085,11,4,7,4,1,1,1,1,2,2,0
23086,10,4,15,2,3,0,1,1,2,2,0
23087,3,4,15,4,12,1,1,1,1,2,1
23088,5,2,5,2,11,0,1,1,2,2,0
23089,11,4,11,2,14,0,1,1,1,2,0
23090,8,4,9,2,1,5,1,0,2,2,1
23091,3,4,15,4,4,1,0,1,1,2,0
23092,7,4,1,2,6,0,1,1,2,2,0
23093,8,6,11,2,3,0,1,1,2,2,0
23094,7,4,11,2,3,0,1,1,2,3,1
23095,5,4,11,5,1,1,1,0,2,2,0
23096,6,1,15,4,1,1,0,0,1,2,0
23097,6,0,11,4,0,4,1,0,2,2,0
23098,3,4,9,4,10,3,1,0,0,2,0
23099,8,4,15,2,3,0,1,1,3,2,1
23100,3,4,11,4,12,1,1,0,1,2,0
23101,4,4,15,4,13,1,1,0,2,2,0
23102,5,4,11,4,6,1,1,1,2,1,0
23103,5,4,11,4,3,1,1,1,2,2,0
23104,13,4,1,2,8,0,1,1,2,2,0
23105,6,4,15,4,1,3,1,0,2,2,0
23106,4,4,1,4,3,3,1,1,2,2,0
23107,7,4,15,4,8,3,1,0,2,2,0
23108,3,4,11,4,3,3,1,0,1,2,0
23109,6,7,11,4,1,3,1,1,1,2,0
23110,9,4,9,2,4,0,1,1,2,1,0
23111,9,4,6,2,4,0,1,1,2,2,1
23112,6,4,7,2,3,0,1,1,2,2,0
23113,12,4,15,2,12,0,1,1,2,2,1
23114,8,4,2,2,8,0,1,1,2,2,0
23115,11,4,9,0,10,3,1,1,2,2,0
23116,4,4,14,4,10,1,1,1,2,2,1
23117,8,4,1,2,3,0,1,1,2,2,1
23118,8,6,15,0,12,4,0,0,3,2,1
23119,6,4,4,2,8,5,1,0,2,2,1
23120,8,2,8,2,14,0,1,1,2,2,1
23121,11,4,9,2,10,0,0,1,2,2,0
23122,6,1,2,0,3,4,1,0,1,2,0
23123,6,4,9,0,12,1,1,0,2,2,0
23124,4,4,15,4,4,1,0,1,2,2,0
23125,7,4,6,0,3,1,0,1,2,2,0
23126,4,4,11,4,10,3,1,0,2,2,0
23127,6,4,9,4,1,1,1,0,2,2,0
23128,5,4,11,4,14,1,1,1,2,2,0
23129,4,6,11,4,5,1,1,1,1,2,0
23130,7,6,11,2,3,0,1,1,1,2,0
23131,8,4,11,2,5,0,1,1,1,2,0
23132,5,6,13,2,5,0,1,1,2,2,1
23133,5,4,7,4,1,1,1,0,2,2,0
23134,9,4,11,2,6,0,1,1,2,2,1
23135,8,4,0,2,7,0,1,1,2,2,0
23136,10,2,11,3,13,1,1,0,2,2,0
23137,6,4,11,2,3,0,1,1,2,2,1
23138,6,6,15,0,5,1,0,1,2,2,0
23139,11,7,15,2,1,0,0,1,2,2,0
23140,10,4,11,0,1,1,1,1,2,2,0
23141,6,4,11,2,11,3,1,1,2,1,0
23142,10,4,9,2,10,0,1,1,2,2,1
23143,8,1,11,0,1,1,1,0,2,2,0
23144,7,4,9,5,10,4,1,0,2,2,0
23145,8,4,15,0,12,4,1,0,2,2,0
23146,6,4,9,4,13,1,1,1,1,2,0
23147,10,4,11,2,1,0,1,1,2,2,0
23148,4,4,5,4,7,4,1,0,1,2,0
23149,8,4,11,2,6,0,1,1,2,2,1
23150,7,7,11,0,8,4,1,0,2,2,0
23151,7,4,11,2,1,0,1,1,2,2,0
23152,11,4,15,4,1,2,1,1,1,2,0
23153,6,4,11,4,7,2,1,1,2,1,0
23154,9,4,6,2,6,0,1,1,1,2,0
23155,7,4,11,2,6,0,1,1,2,2,0
23156,9,4,14,0,10,4,1,1,2,2,0
23157,7,4,0,2,6,0,1,1,2,2,1
23158,6,4,2,2,3,0,1,1,1,2,0
23159,11,4,2,2,3,0,1,1,2,2,1
23160,7,7,15,4,1,4,1,0,2,2,0
23161,7,5,9,4,10,1,1,1,2,2,0
23162,6,7,15,2,11,0,1,1,2,2,1
23163,10,1,11,0,1,4,1,0,2,2,0
23164,7,6,15,2,12,0,1,1,1,2,0
23165,7,4,15,0,14,1,1,1,2,2,0
23166,12,0,7,2,0,0,1,1,1,2,0
23167,3,4,15,4,12,3,1,0,0,2,0
23168,4,2,15,4,13,4,1,0,2,2,0
23169,9,5,14,6,10,4,1,0,2,2,0
23170,8,4,11,0,3,1,1,1,2,2,0
23171,5,4,11,2,5,0,1,1,2,2,0
23172,5,4,11,4,8,1,0,0,2,2,0
23173,4,2,12,4,10,3,0,1,1,2,0
23174,8,4,15,2,1,0,0,1,2,0,0
23175,6,4,6,2,8,0,0,1,2,2,0
23176,4,4,9,4,4,1,1,1,1,2,0
23177,9,4,6,0,9,1,1,0,2,2,0
23178,6,4,12,2,12,0,1,1,2,2,0
23179,14,7,9,2,10,0,1,1,1,2,0
23180,3,2,11,4,6,3,0,1,1,2,0
23181,10,4,15,2,1,0,1,1,2,4,0
23182,10,4,11,2,8,0,1,1,1,2,1
23183,12,4,11,4,5,1,1,1,2,2,0
23184,3,4,15,4,13,1,1,0,1,2,0
23185,6,4,10,0,3,4,1,0,0,2,0
23186,7,6,11,0,8,1,1,0,2,2,0
23187,5,4,7,0,12,1,1,0,2,2,0
23188,13,4,14,2,10,0,1,1,0,2,1
23189,8,0,11,2,0,0,1,1,2,2,0
23190,4,6,9,4,4,4,1,0,1,2,0
23191,7,6,15,2,3,0,1,1,1,2,0
23192,9,4,15,2,12,0,0,1,2,2,1
23193,4,2,15,5,8,4,1,0,2,2,0
23194,3,4,9,4,10,4,0,0,1,2,0
23195,7,2,15,5,4,4,1,0,2,2,0
23196,7,6,15,2,4,0,1,1,2,2,0
23197,8,0,3,0,0,4,1,0,2,2,0
23198,10,2,11,2,1,0,1,1,2,2,0
23199,9,4,11,0,6,1,1,1,2,2,0
23200,10,4,15,2,1,0,1,1,2,2,1
23201,13,4,11,0,14,1,1,1,2,2,0
23202,10,4,11,2,8,5,1,0,2,2,0
23203,7,1,9,2,4,0,1,1,2,2,0
23204,7,4,7,4,12,1,1,1,2,2,0
23205,12,4,9,0,10,4,1,1,2,2,0
23206,4,4,0,4,7,2,0,1,2,2,0
23207,7,2,15,0,11,1,1,1,2,2,0
23208,6,4,11,2,14,0,1,1,2,2,0
23209,4,4,12,2,10,0,1,1,2,2,1
23210,9,4,15,0,3,1,0,0,2,2,1
23211,9,4,15,2,12,5,1,0,2,2,0
23212,7,4,5,2,7,5,1,0,2,2,1
23213,6,2,15,2,8,5,1,0,2,2,0
23214,7,7,15,4,8,3,1,1,2,2,0
23215,9,4,15,5,13,1,1,1,2,2,0
23216,5,4,11,2,14,0,1,1,2,2,1
23217,5,4,9,4,12,3,1,0,3,2,0
23218,6,4,14,4,10,1,1,0,2,2,1
23219,12,4,12,2,10,0,1,1,2,2,0
23220,3,6,12,4,4,3,1,0,1,2,0
23221,8,7,9,4,10,1,1,0,2,2,0
23222,13,4,9,0,13,1,1,0,2,2,0
23223,4,4,11,4,3,3,1,1,3,2,0
23224,6,4,9,2,4,0,1,1,2,2,0
23225,8,4,15,2,11,0,1,1,2,2,0
23226,10,4,12,0,10,1,1,0,2,2,0
23227,4,1,8,4,1,4,1,0,1,2,0
23228,4,4,9,4,10,1,1,0,1,2,0
23229,4,4,11,5,4,4,1,0,1,2,0
23230,10,4,15,2,3,0,1,1,2,1,0
23231,4,4,11,4,14,1,1,0,2,2,0
23232,10,4,15,2,4,0,1,1,1,2,0
23233,5,4,12,2,4,0,1,1,2,2,1
23234,8,4,11,0,1,1,1,0,1,2,0
23235,8,5,9,2,4,0,1,1,2,2,0
23236,8,4,11,2,3,0,1,1,2,2,1
23237,14,4,11,2,8,3,1,1,2,2,0
23238,7,4,1,4,7,3,1,0,1,2,0
23239,5,2,11,4,1,3,1,0,2,2,0
23240,4,2,12,4,10,3,1,0,1,2,0
23241,6,4,11,4,9,3,1,0,2,2,0
23242,12,4,11,6,8,1,1,0,2,2,0
23243,6,4,15,4,10,1,1,0,0,2,0
23244,9,0,1,2,0,5,1,0,1,2,1
23245,11,4,15,2,12,0,1,1,1,2,1
23246,10,6,11,2,4,0,1,1,2,2,1
23247,12,4,9,0,12,1,0,1,2,0,0
23248,11,4,9,6,10,4,1,0,2,2,0
23249,8,4,1,0,4,4,0,0,3,0,0
23250,5,4,11,2,9,5,1,0,2,2,1
23251,12,4,9,4,1,1,1,0,1,2,0
23252,5,4,11,0,6,4,1,1,2,2,0
23253,12,4,11,2,12,0,0,1,2,2,0
23254,12,4,9,0,4,4,0,1,2,0,0
23255,3,4,11,4,3,4,1,1,1,2,0
23256,7,4,15,2,1,5,0,0,1,2,0
23257,5,4,11,2,7,0,1,1,2,2,1
23258,4,4,11,4,8,3,1,1,2,2,0
23259,15,4,11,6,12,1,1,1,2,2,0
23260,7,4,9,2,5,0,1,1,2,2,0
23261,7,4,11,2,3,0,1,1,3,2,0
23262,10,6,10,2,4,0,1,1,2,2,0
23263,7,0,15,0,0,1,1,1,2,2,0
23264,8,4,11,0,12,3,0,1,2,0,0
23265,6,4,11,5,4,4,1,1,2,2,0
23266,4,2,9,4,0,4,1,0,2,2,0
23267,8,2,6,2,4,0,1,1,2,2,1
23268,6,0,15,2,0,0,1,1,2,2,1
23269,4,4,1,4,8,1,1,0,1,2,0
23270,7,4,9,5,4,1,1,1,2,2,0
23271,9,4,15,2,12,0,1,1,2,2,1
23272,10,4,8,2,6,0,1,1,2,2,0
23273,9,4,15,0,8,1,1,0,2,2,1
23274,6,4,9,2,4,0,1,1,3,2,0
23275,3,0,11,4,0,3,1,0,1,2,0
23276,6,5,13,4,10,3,1,1,3,2,0
23277,6,7,9,4,10,1,1,1,2,2,1
23278,8,4,5,2,14,0,1,1,2,2,1
23279,4,4,11,4,6,3,1,1,2,2,0
23280,3,4,0,4,8,3,1,0,1,2,0
23281,7,4,8,4,12,3,1,1,3,2,0
23282,8,4,4,2,6,0,1,1,3,1,0
23283,10,4,11,0,7,1,1,1,2,2,0
23284,7,4,11,2,14,0,1,1,2,2,0
23285,7,4,9,2,1,0,1,1,2,2,1
23286,4,4,9,4,10,3,1,0,2,2,0
23287,10,4,11,2,3,0,1,1,2,2,1
23288,7,4,11,2,7,0,1,1,2,2,0
23289,5,4,9,2,5,0,1,1,2,2,1
23290,3,4,15,4,3,3,0,1,1,2,0
23291,5,4,15,2,7,0,1,1,2,2,1
23292,5,4,2,2,6,0,1,1,2,2,1
23293,4,4,9,4,12,1,1,0,1,2,0
23294,8,4,12,4,10,3,1,1,2,2,0
23295,5,4,15,0,1,1,1,0,2,2,0
23296,10,4,9,2,13,0,0,1,2,2,0
23297,4,7,7,4,1,4,1,0,1,2,0
23298,6,0,2,0,0,1,1,0,1,2,0
23299,6,1,7,2,4,5,0,0,2,2,1
23300,8,4,15,2,1,5,1,0,2,2,1
23301,3,4,9,4,12,1,0,1,0,2,0
23302,7,6,12,4,4,1,1,0,1,2,0
23303,11,6,14,2,10,0,1,1,0,2,1
23304,4,6,11,4,8,3,1,1,0,2,0
23305,5,6,11,2,12,5,1,0,2,2,1
23306,7,2,8,0,1,2,0,0,2,2,0
23307,8,4,15,0,4,1,1,0,2,2,0
23308,7,4,6,4,7,3,0,0,2,2,0
23309,4,4,9,4,8,1,1,0,2,2,0
23310,10,2,9,0,4,4,1,1,1,2,0
23311,6,4,15,0,6,1,1,1,2,2,0
23312,11,1,11,6,13,4,1,0,2,2,0
23313,13,4,15,2,14,0,1,1,2,2,0
23314,8,4,10,2,10,0,0,1,2,2,0
23315,8,5,11,2,14,0,1,1,3,2,0
23316,11,4,1,6,8,1,0,0,2,2,1
23317,9,4,9,2,4,0,1,1,3,2,0
23318,6,4,7,2,12,0,1,1,2,2,0
23319,8,4,11,2,13,0,1,1,2,2,1
23320,10,4,0,2,8,0,1,1,2,2,0
23321,10,4,0,2,8,5,1,0,2,2,0
23322,6,4,15,2,7,0,1,1,1,2,0
23323,6,0,15,4,0,1,0,0,2,2,0
23324,9,4,15,2,14,0,1,1,2,2,0
23325,7,7,11,4,11,3,0,1,2,2,0
23326,9,5,1,4,10,1,1,0,2,2,0
23327,6,4,8,2,5,0,1,1,1,1,1
23328,9,4,4,2,8,5,1,0,1,2,1
23329,4,4,11,4,1,3,1,1,1,2,0
23330,6,0,1,4,0,3,1,1,2,2,1
23331,15,0,11,2,0,0,1,1,0,2,0
23332,5,4,0,2,14,5,0,0,2,2,0
23333,9,4,9,0,10,4,1,0,2,2,0
23334,7,4,7,2,3,0,1,1,3,2,0
23335,9,6,7,2,10,0,1,1,2,2,1
23336,9,4,11,5,10,4,1,0,2,2,0
23337,7,4,11,2,6,0,1,1,2,2,1
23338,4,6,15,4,12,3,1,0,1,2,0
23339,7,4,15,2,12,0,1,1,2,2,1
23340,8,4,8,2,10,0,1,1,2,2,1
23341,8,4,15,2,4,0,1,1,3,2,1
23342,7,0,6,2,0,0,1,1,2,2,1
23343,8,4,15,2,13,0,1,1,2,2,1
23344,7,4,11,2,3,0,1,1,2,2,1
23345,4,1,11,0,6,1,1,1,0,2,0
23346,6,4,11,2,8,0,1,1,2,2,1
23347,5,4,9,2,4,0,1,1,2,2,1
23348,7,4,9,3,10,1,1,1,3,2,0
23349,8,2,8,2,3,0,1,1,2,2,1
23350,5,4,15,4,12,3,1,0,2,2,0
23351,4,2,9,4,1,3,1,0,3,2,0
23352,10,4,15,0,1,4,1,0,1,2,0
23353,6,4,7,2,1,0,1,1,2,2,0
23354,5,0,11,4,0,3,1,0,2,2,0
23355,7,6,15,4,3,3,1,1,2,2,0
23356,10,4,15,2,7,0,1,1,2,2,0
23357,8,4,0,2,12,0,1,1,1,2,1
23358,8,2,11,2,3,0,1,1,2,2,0
23359,9,4,6,0,3,1,1,1,2,2,0
23360,8,4,12,2,10,5,1,0,2,2,0
23361,10,4,4,2,3,0,1,1,2,2,0
23362,12,4,6,2,14,0,1,1,2,2,0
23363,8,4,9,2,10,0,1,1,2,2,1
23364,6,4,1,0,6,1,1,1,1,2,0
23365,4,4,9,4,4,3,1,1,1,2,0
23366,8,4,11,2,7,0,1,1,2,2,1
23367,4,4,11,4,4,1,1,1,1,2,0
23368,4,4,14,4,10,4,1,0,2,2,0
23369,5,4,5,2,5,0,1,1,2,2,1
23370,10,4,9,2,4,0,1,1,2,2,1
23371,8,4,11,2,8,0,1,1,2,2,1
23372,4,4,15,4,4,3,1,1,2,2,0
23373,4,4,11,4,1,3,1,1,2,2,0
23374,4,4,8,4,10,1,1,1,2,2,0
23375,9,4,15,2,1,2,0,0,2,2,0
23376,6,4,11,2,12,0,1,1,2,2,0
23377,4,4,11,4,3,3,1,1,1,2,0
23378,4,4,11,4,1,1,1,0,1,2,0
23379,3,4,15,4,1,4,1,0,1,2,0
23380,8,4,7,2,12,0,1,1,2,2,0
23381,6,4,1,4,8,1,1,0,2,2,0
23382,5,4,15,4,12,3,1,1,2,2,0
23383,7,7,9,0,11,4,1,1,4,2,1
23384,5,4,11,4,8,4,1,0,2,2,0
23385,4,4,4,4,10,1,1,1,2,2,0
23386,11,4,15,0,12,3,1,1,2,2,0
23387,5,2,7,2,10,0,1,1,1,2,0
23388,7,4,11,0,3,4,0,1,2,2,0
23389,4,4,15,2,1,0,0,1,2,2,1
23390,10,1,12,2,4,0,0,1,2,2,0
23391,6,4,11,4,3,1,1,1,1,2,1
23392,8,4,14,2,10,0,0,0,2,2,1
23393,8,4,11,0,13,4,0,0,1,2,0
23394,9,4,15,5,12,1,1,1,2,2,0
23395,5,6,11,4,3,1,1,1,2,2,0
23396,5,4,11,0,8,4,1,0,1,2,0
23397,6,4,8,2,6,0,1,1,2,2,0
23398,7,4,11,2,7,0,1,1,2,2,0
23399,9,4,15,2,4,0,1,1,1,2,0
23400,3,4,9,4,4,3,1,1,1,2,0
23401,9,4,11,2,4,5,1,0,2,2,0
23402,9,6,11,2,3,0,1,1,2,2,0
23403,4,4,15,4,8,2,1,0,1,2,0
23404,12,4,9,2,12,0,1,1,1,2,0
23405,6,0,11,2,0,5,1,0,2,2,0
23406,6,1,15,2,1,0,1,1,2,2,0
23407,7,6,15,0,3,1,1,1,2,2,1
23408,4,6,8,4,3,4,1,1,2,2,0
23409,4,4,6,3,7,1,1,1,0,2,0
23410,5,2,15,4,10,1,1,0,2,2,0
23411,3,4,11,4,11,3,1,1,1,2,0
23412,3,4,11,4,3,3,1,1,0,2,0
23413,10,4,8,2,6,0,1,1,1,2,0
23414,11,4,9,2,4,0,1,1,2,2,1
23415,7,4,9,0,4,1,1,1,2,2,0
23416,9,4,13,2,6,0,1,1,2,2,0
23417,4,7,14,4,10,3,1,0,2,2,0
23418,5,4,12,2,10,0,1,1,4,2,1
23419,9,4,11,2,3,0,1,1,4,2,0
23420,7,4,9,5,4,4,0,0,3,0,0
23421,6,2,9,4,10,1,1,0,2,2,0
23422,9,4,11,0,12,1,1,1,2,2,0
23423,7,4,7,3,10,3,1,0,2,2,0
23424,9,5,15,0,0,1,1,0,2,2,0
23425,4,4,0,4,7,3,1,0,2,2,0
23426,12,4,11,4,8,3,1,0,2,2,0
23427,6,4,11,2,5,0,1,1,2,2,1
23428,10,6,9,2,4,0,1,1,2,2,0
23429,11,4,9,2,10,0,1,1,1,2,1
23430,7,4,9,2,10,0,1,1,2,2,0
23431,3,4,6,4,5,1,1,1,1,2,0
23432,11,4,15,3,7,3,1,1,2,2,0
23433,6,4,11,0,10,1,1,1,2,2,0
23434,5,5,11,2,14,0,1,1,1,2,1
23435,3,4,15,4,12,1,0,1,1,2,0
23436,6,4,7,2,4,0,1,1,2,2,1
23437,6,4,11,2,7,0,1,1,2,2,1
23438,8,4,11,2,7,0,1,1,2,2,1
23439,9,4,11,2,3,0,1,1,2,2,0
23440,6,4,9,4,4,1,1,1,1,2,0
23441,8,0,1,2,0,5,0,0,2,2,0
23442,5,4,15,4,8,1,0,0,0,2,0
23443,6,4,11,2,4,0,1,1,0,2,0
23444,4,7,11,4,1,4,0,0,0,2,0
23445,5,4,15,4,1,1,1,1,2,2,0
23446,7,0,11,2,0,0,1,1,1,2,0
23447,6,4,15,2,6,0,1,1,2,2,0
23448,13,4,15,0,8,4,0,0,1,2,0
23449,10,4,11,2,8,5,0,0,2,2,0
23450,10,4,14,2,4,5,1,0,2,2,0
23451,4,4,11,4,7,2,1,0,1,2,0
23452,9,4,8,2,7,0,1,1,1,2,1
23453,11,4,3,2,7,0,1,1,3,2,0
23454,8,4,15,2,3,1,0,1,2,2,1
23455,3,4,9,4,10,3,0,0,1,0,0
23456,12,4,15,2,1,5,1,0,2,2,0
23457,12,4,9,6,12,1,1,1,2,2,1
23458,9,4,11,0,12,1,1,1,3,2,0
23459,9,4,11,2,12,0,1,1,1,3,1
23460,8,4,11,4,6,3,1,1,2,2,0
23461,5,4,0,4,8,3,1,1,3,2,0
23462,7,2,10,2,10,0,1,1,2,2,0
23463,7,4,11,5,7,4,1,0,2,2,1
23464,8,4,11,2,12,0,1,1,2,2,0
23465,6,4,9,2,12,0,1,1,3,2,0
23466,8,1,9,2,2,0,1,1,2,2,1
23467,9,2,9,0,4,4,0,1,2,2,0
23468,7,4,8,2,12,0,1,1,2,2,0
23469,10,4,11,2,12,0,0,1,3,2,1
23470,6,4,9,2,4,0,1,1,2,2,1
23471,5,4,11,2,12,2,1,1,2,2,0
23472,4,4,11,4,1,3,0,1,1,2,0
23473,5,4,2,2,8,5,1,0,2,2,0
23474,5,5,0,5,12,1,1,0,2,2,0
23475,10,6,9,2,12,0,1,1,2,2,1
23476,8,4,8,4,1,1,1,0,2,2,0
23477,10,4,11,0,3,1,1,1,2,2,0
23478,9,4,15,2,3,0,1,1,2,2,0
23479,6,4,9,4,12,1,1,1,2,2,0
23480,9,4,15,2,1,5,1,0,2,2,0
23481,3,4,14,4,10,1,0,1,2,2,0
23482,3,4,15,4,12,1,1,1,1,2,0
23483,8,4,15,2,12,0,1,1,2,2,0
23484,7,4,9,2,8,0,1,1,2,2,0
23485,4,4,15,4,12,1,1,1,1,2,0
23486,14,4,11,2,7,0,1,1,1,2,1
23487,11,4,11,2,12,0,0,1,3,0,1
23488,4,4,6,4,3,1,1,1,2,2,0
23489,8,4,11,2,12,0,1,1,2,2,0
23490,9,4,14,2,10,0,1,1,2,2,0
23491,11,2,14,0,10,4,1,0,2,0,0
23492,7,4,15,4,1,1,1,0,2,2,0
23493,10,4,9,2,12,0,1,1,2,2,1
23494,6,4,7,2,14,0,1,1,2,2,0
23495,6,6,11,2,3,0,1,1,2,2,1
23496,8,4,11,2,7,0,1,1,2,2,0
23497,10,4,11,2,4,0,1,1,2,2,1
23498,4,4,9,0,8,1,0,0,3,2,0
23499,5,4,0,2,3,0,1,1,1,2,0
23500,7,4,0,2,8,0,1,1,2,2,0
23501,4,4,15,4,7,3,1,0,0,2,0
23502,7,4,15,4,4,1,0,0,1,2,0
23503,10,4,15,2,4,0,1,1,2,2,1
23504,4,5,12,4,4,3,1,0,2,2,0
23505,5,4,11,2,12,0,1,1,2,2,1
23506,6,4,3,2,6,0,1,1,2,2,0
23507,11,4,8,2,8,5,1,0,2,2,1
23508,6,4,11,0,3,1,1,1,3,2,0
23509,11,4,9,0,12,4,1,0,2,2,0
23510,9,4,11,4,10,4,0,1,4,0,0
23511,12,4,11,6,3,1,0,1,2,2,0
23512,6,4,9,0,7,1,1,1,2,2,0
23513,3,4,15,4,1,3,1,0,0,2,0
23514,10,7,11,2,3,0,1,1,2,2,1
23515,9,4,9,2,1,0,1,1,2,2,0
23516,8,4,11,0,7,4,1,0,1,2,0
23517,4,4,11,4,12,1,1,1,2,2,0
23518,9,4,10,2,10,0,1,1,2,3,1
23519,7,4,14,2,10,0,1,1,2,2,1
23520,8,4,9,0,4,4,0,0,2,2,0
23521,7,4,9,5,10,4,1,0,2,2,0
23522,7,4,11,2,3,0,1,1,2,2,0
23523,12,4,14,0,10,4,1,1,2,2,0
23524,12,4,15,6,4,4,1,1,1,2,0
23525,3,4,9,4,10,1,1,1,1,2,0
23526,10,4,11,2,3,0,1,1,2,2,1
23527,7,5,9,2,5,0,1,1,3,2,1
23528,4,6,15,2,4,0,1,1,1,3,1
23529,6,4,5,4,3,1,0,1,2,2,0
23530,7,4,9,2,4,0,1,1,2,2,0
23531,5,4,11,2,14,0,1,1,2,2,0
23532,4,4,9,4,12,2,1,0,1,1,0
23533,9,4,7,0,8,1,1,1,2,2,0
23534,6,4,15,4,13,2,0,0,2,2,0
23535,3,4,15,4,13,4,0,0,0,2,0
23536,5,4,10,4,10,1,0,1,2,2,0
23537,6,4,9,4,13,3,1,0,2,2,0
23538,11,6,11,2,3,0,1,1,2,2,0
23539,6,5,11,2,4,5,1,0,2,2,1
23540,8,4,15,2,6,0,1,1,2,2,0
23541,6,4,9,2,3,0,1,1,2,2,1
23542,7,5,7,2,1,0,1,1,2,2,0
23543,12,4,11,2,1,1,1,0,2,2,0
23544,3,4,9,4,4,3,1,1,2,2,0
23545,8,4,11,2,3,0,1,1,2,2,0
23546,7,6,11,4,3,3,1,1,2,2,0
23547,6,4,11,2,6,0,1,1,1,2,0
23548,7,6,9,2,3,0,1,1,2,2,0
23549,12,4,11,2,4,0,1,1,2,2,0
23550,4,1,15,3,4,1,1,1,2,2,1
23551,4,4,11,4,14,3,1,1,2,2,0
23552,12,4,11,2,3,0,1,1,3,2,0
23553,5,4,9,4,10,1,1,0,1,2,0
23554,11,4,15,0,1,4,1,0,2,2,0
23555,6,4,11,0,13,4,1,0,1,2,0
23556,5,4,9,4,11,1,1,1,2,2,0
23557,8,4,5,2,3,0,0,1,2,2,0
23558,7,4,9,2,10,0,1,1,2,2,0
23559,12,4,11,2,7,0,1,1,2,2,1
23560,9,4,1,0,14,3,1,1,2,2,0
23561,3,4,0,4,7,3,1,1,1,2,0
23562,5,5,15,2,4,0,1,1,2,2,0
23563,10,6,15,4,3,3,1,1,2,2,0
23564,7,6,11,2,3,0,1,1,1,2,0
23565,9,6,9,2,12,0,1,1,2,2,1
23566,6,4,7,4,1,3,0,0,0,2,0
23567,6,4,1,2,3,0,1,1,2,2,0
23568,11,5,15,6,3,1,1,1,3,2,0
23569,6,1,11,4,4,2,0,1,2,2,0
23570,7,4,2,4,8,3,1,1,2,2,0
23571,10,7,9,0,4,1,1,0,2,2,0
23572,5,1,15,4,3,1,1,1,2,2,0
23573,5,4,15,2,4,0,1,1,2,2,1
23574,3,4,6,4,3,1,1,1,0,2,0
23575,12,4,15,2,13,0,1,1,2,2,1
23576,7,4,15,2,6,0,1,1,3,2,1
23577,11,4,10,6,10,1,1,1,0,2,0
23578,7,2,11,2,3,0,1,1,2,2,0
23579,11,4,0,2,14,0,1,1,2,2,0
23580,5,4,15,4,8,3,1,0,2,2,0
23581,4,4,11,4,1,3,1,0,2,2,0
23582,5,4,7,0,4,4,1,0,1,2,0
23583,4,1,1,4,1,1,1,0,2,1,0
23584,8,0,11,2,0,0,0,1,2,2,1
23585,6,6,11,2,8,0,0,1,1,2,1
23586,4,2,7,4,11,1,1,1,0,1,0
23587,11,4,15,4,14,3,1,1,4,2,0
23588,6,4,4,4,7,3,0,1,2,2,0
23589,11,4,11,2,4,5,1,0,1,1,1
23590,4,4,10,4,10,2,0,0,2,2,0
23591,9,4,11,0,7,1,1,1,2,2,0
23592,4,6,11,4,3,1,1,1,1,2,0
23593,7,4,9,2,4,0,1,1,2,2,0
23594,3,4,11,4,7,1,1,0,1,2,0
23595,5,4,15,4,8,2,1,0,2,2,0
23596,9,4,7,0,10,4,0,0,2,2,0
23597,9,4,9,2,11,0,0,1,2,2,0
23598,6,4,15,0,1,1,1,0,2,2,0
23599,12,4,15,2,3,0,1,1,0,2,1
23600,4,4,3,0,9,4,1,0,1,2,0
23601,9,4,11,6,6,2,1,1,2,2,0
23602,9,5,11,2,5,0,1,1,2,2,0
23603,7,4,9,2,4,0,1,1,2,2,0
23604,4,4,9,4,7,1,1,1,1,2,0
23605,6,4,11,4,12,1,1,1,1,2,0
23606,10,5,1,5,12,1,1,1,3,2,1
23607,9,5,10,2,4,0,1,1,2,2,0
23608,12,4,15,0,12,1,1,1,1,2,0
23609,7,4,15,0,1,4,1,0,2,2,0
23610,4,4,0,4,1,1,1,1,2,2,0
23611,13,4,11,2,12,0,1,1,1,2,1
23612,10,6,11,2,3,0,1,1,2,2,0
23613,10,4,9,2,3,0,1,1,2,2,1
23614,6,4,15,2,8,5,1,0,2,2,0
23615,3,4,11,4,3,3,1,1,0,2,0
23616,7,4,9,2,4,0,1,1,2,2,0
23617,9,4,15,5,8,1,1,0,2,2,0
23618,6,4,11,0,14,3,1,1,1,2,0
23619,14,4,15,6,12,3,1,0,1,2,0
23620,7,4,15,0,7,4,1,1,2,2,0
23621,13,7,9,2,10,0,1,1,2,2,1
23622,5,4,9,2,13,0,1,1,2,2,0
23623,3,4,15,4,4,3,1,0,0,2,0
23624,9,2,9,2,2,0,1,1,2,2,0
23625,9,4,11,2,1,0,1,1,2,2,1
23626,6,2,15,2,12,0,1,1,2,2,0
23627,8,4,9,4,10,3,0,1,3,2,0
23628,11,4,15,2,4,0,1,1,1,2,1
23629,8,4,15,4,12,2,1,0,2,2,0
23630,8,2,0,0,11,1,1,1,3,2,0
23631,6,5,15,2,12,0,1,1,2,2,1
23632,12,6,9,0,10,1,1,1,2,2,0
23633,4,4,9,4,8,1,1,1,1,2,0
23634,5,4,15,4,12,1,0,0,2,2,0
23635,10,5,8,2,4,0,1,1,2,2,0
23636,7,4,12,2,12,0,1,1,2,2,1
23637,7,4,11,2,7,0,1,1,1,2,0
23638,9,4,11,0,4,4,0,0,2,2,0
23639,4,6,12,4,4,3,1,0,2,2,0
23640,15,4,12,2,10,0,1,1,2,2,0
23641,7,4,15,4,4,3,1,1,2,2,0
23642,6,4,0,2,7,0,1,1,2,2,0
23643,9,4,11,2,3,0,1,1,2,2,1
23644,7,4,11,4,8,3,1,1,2,2,0
23645,17,4,15,6,12,1,1,1,3,2,0
23646,9,4,7,2,13,0,1,1,2,2,1
23647,6,4,15,2,6,0,1,1,2,2,0
23648,5,4,9,2,13,0,1,1,2,2,0
23649,3,7,15,4,4,1,1,1,1,2,0
23650,7,5,3,0,5,4,0,1,2,2,0
23651,11,4,11,0,3,4,1,1,2,2,0
23652,9,4,1,0,12,4,0,0,2,2,0
23653,4,0,15,2,0,2,1,1,1,2,0
23654,4,5,11,4,1,2,0,0,2,2,0
23655,8,4,11,2,3,0,1,1,2,2,1
23656,10,4,15,4,12,4,1,0,2,2,0
23657,6,4,12,0,10,1,0,1,2,2,0
23658,4,4,11,4,7,4,1,0,2,2,0
23659,11,4,9,2,12,0,1,1,3,2,0
23660,10,4,5,0,3,2,1,1,2,2,1
23661,6,4,2,4,3,2,1,1,2,2,0
23662,6,4,9,4,8,1,1,0,2,2,0
23663,4,4,8,4,4,1,1,1,1,2,0
23664,4,4,12,2,13,0,1,1,2,2,1
23665,11,4,9,4,10,1,1,0,2,2,0
23666,13,1,11,3,4,3,1,1,2,2,0
23667,10,7,11,2,3,0,1,1,1,2,1
23668,3,4,12,4,10,1,1,0,1,2,0
23669,3,0,3,4,0,3,1,0,1,2,0
23670,3,0,15,4,0,1,1,0,1,2,0
23671,10,2,0,0,4,4,1,0,2,2,0
23672,4,4,15,4,12,1,1,1,2,2,0
23673,3,4,11,4,12,3,0,1,1,2,0
23674,4,4,9,4,3,3,0,1,1,2,0
23675,7,4,9,2,10,0,1,1,2,2,1
23676,7,4,10,2,10,0,1,1,2,2,1
23677,6,4,11,2,3,0,1,1,2,2,1
23678,8,4,11,2,14,0,1,1,2,2,0
23679,5,4,15,2,3,0,1,1,2,2,1
23680,4,4,15,2,3,5,1,0,2,2,1
23681,4,4,9,0,4,1,1,0,2,2,0
23682,8,4,2,2,3,0,1,1,2,4,0
23683,9,2,11,2,11,0,1,1,3,2,0
23684,3,4,6,4,6,1,1,1,2,2,0
23685,7,4,9,4,10,2,0,0,2,2,0
23686,6,4,9,4,10,4,0,0,2,2,0
23687,6,4,11,2,3,0,1,1,2,2,0
23688,9,4,15,5,3,4,1,1,3,2,1
23689,10,4,11,0,8,4,0,0,2,2,0
23690,5,4,11,4,7,1,1,0,2,2,0
23691,6,4,15,4,8,2,1,1,3,2,0
23692,5,4,9,2,10,0,1,1,2,2,0
23693,4,6,8,4,10,1,1,1,2,2,0
23694,7,4,7,2,14,0,1,1,2,2,0
23695,6,4,11,4,12,3,1,1,2,2,0
23696,6,4,9,0,4,4,1,0,2,2,0
23697,10,4,11,2,3,0,1,1,2,2,1
23698,8,4,9,4,3,1,1,1,2,2,0
23699,6,4,9,2,4,0,1,1,1,2,1
23700,7,2,11,2,1,0,1,1,2,2,0
23701,4,4,0,2,14,0,1,1,2,2,0
23702,10,4,15,2,3,0,1,1,2,2,0
23703,8,4,11,2,5,0,1,1,2,2,0
23704,7,4,11,2,3,0,1,1,2,2,1
23705,7,4,8,2,1,0,1,1,2,4,0
23706,11,4,15,4,3,2,1,1,2,2,0
23707,7,4,11,0,1,3,1,0,2,2,0
23708,7,4,0,4,14,3,1,1,2,4,0
23709,9,4,1,2,7,0,1,1,2,2,0
23710,6,2,11,2,1,5,1,0,2,2,0
23711,7,6,15,4,3,3,1,1,2,2,0
23712,11,4,15,0,8,3,1,1,1,2,0
23713,6,2,11,3,4,2,1,0,2,2,0
23714,11,6,15,5,4,4,1,0,2,2,0
23715,10,2,15,2,7,0,1,1,2,2,1
23716,12,4,11,2,8,5,1,0,2,2,0
23717,10,1,8,4,1,1,1,1,1,2,0
23718,6,6,11,2,3,0,1,1,1,2,0
23719,8,0,15,0,0,4,1,0,1,2,0
23720,7,4,15,2,14,5,1,0,3,2,1
23721,8,5,4,2,14,0,1,1,2,2,0
23722,7,4,7,4,4,3,1,0,1,1,0
23723,5,4,8,4,7,3,1,0,2,2,0
23724,7,4,12,2,10,0,1,1,2,2,1
23725,6,4,11,4,12,1,1,0,2,2,0
23726,10,7,7,2,10,5,1,0,1,2,1
23727,11,6,8,2,4,3,1,0,2,2,0
23728,12,4,15,4,12,1,1,0,2,2,0
23729,9,4,15,2,13,0,1,1,2,2,0
23730,3,4,11,4,1,1,1,0,0,2,0
23731,6,5,9,4,12,3,1,1,2,2,0
23732,12,4,9,2,4,0,1,1,3,2,1
23733,5,6,15,5,1,4,1,0,2,2,1
23734,8,4,11,2,12,0,1,1,2,2,0
23735,9,6,4,2,5,0,1,1,0,2,1
23736,14,1,15,0,1,1,1,1,2,2,0
23737,6,4,11,2,14,0,1,1,2,2,0
23738,11,4,10,2,10,0,1,1,2,1,1
23739,5,4,15,4,3,1,0,1,1,0,0
23740,8,4,9,4,10,3,1,1,2,2,0
23741,3,2,2,4,1,3,1,1,0,2,0
23742,6,4,9,4,4,1,1,0,4,2,0
23743,6,4,1,2,6,0,1,1,2,2,0
23744,11,4,12,2,12,0,1,1,2,2,0
23745,6,0,11,5,0,1,1,1,2,2,0
23746,9,4,11,2,7,2,1,1,3,2,0
23747,10,4,15,2,10,0,1,1,2,2,1
23748,14,7,11,2,8,0,1,1,0,2,0
23749,7,4,9,0,4,1,0,1,2,2,0
23750,8,0,0,0,0,4,0,0,3,2,1
23751,12,4,11,6,3,1,1,1,2,2,0
23752,6,4,6,2,6,5,1,0,3,2,0
23753,7,6,9,2,10,0,1,1,2,2,0
23754,9,4,14,2,10,0,1,1,2,2,1
23755,5,7,15,2,10,0,1,1,1,2,0
23756,4,4,11,4,6,1,1,1,2,2,0
23757,5,2,9,0,1,4,0,0,2,2,0
23758,8,6,0,2,5,0,1,1,2,2,0
23759,4,4,15,2,1,0,1,1,2,2,1
23760,5,4,11,4,12,1,1,0,2,2,0
23761,4,4,15,4,11,3,1,0,1,2,0
23762,5,4,11,2,11,0,1,1,2,2,1
23763,18,4,15,2,12,0,1,1,2,2,1
23764,11,2,9,2,10,0,1,1,2,2,0
23765,10,5,15,0,12,1,1,1,1,2,0
23766,9,4,8,2,4,0,1,1,2,2,1
23767,5,4,11,2,3,0,1,1,2,2,0
23768,13,4,11,2,3,0,1,1,2,2,1
23769,15,2,15,6,1,4,0,0,0,2,0
23770,8,4,11,0,7,1,0,1,2,0,1
23771,5,4,14,2,10,0,1,1,2,2,1
23772,6,6,8,4,4,3,1,0,2,2,0
23773,4,7,7,5,1,4,0,0,1,2,1
23774,4,4,15,4,1,1,0,0,1,2,1
23775,8,4,11,0,1,1,0,0,2,2,0
23776,12,4,0,2,1,0,1,1,2,2,0
23777,12,4,15,6,13,1,1,0,2,2,0
23778,4,4,15,4,14,1,1,1,3,2,0
23779,8,0,8,2,0,0,1,1,2,2,0
23780,5,2,15,4,9,1,0,0,2,2,0
23781,5,4,9,4,10,1,1,0,2,2,0
23782,7,4,11,2,12,0,1,1,2,2,0
23783,9,4,0,2,8,0,1,1,2,2,1
23784,6,4,1,4,3,2,1,0,1,2,0
23785,6,4,9,4,10,1,1,1,2,2,0
23786,5,4,9,4,13,2,0,0,2,1,0
23787,10,1,15,0,1,1,1,0,1,2,0
23788,5,4,15,4,8,1,1,0,3,2,0
23789,4,5,15,2,4,0,1,1,2,2,0
23790,9,6,11,5,10,3,1,0,2,2,0
23791,3,4,12,4,10,1,0,0,1,0,0
23792,9,4,11,4,12,1,1,0,1,2,1
23793,8,4,11,0,3,1,1,0,2,2,0
23794,6,4,15,4,12,1,1,1,2,2,0
23795,6,4,12,2,4,0,1,1,2,2,1
23796,8,4,15,0,1,4,1,1,1,2,0
23797,12,4,15,2,13,0,1,1,2,2,1
23798,4,4,8,4,7,4,1,1,1,2,0
23799,10,4,11,2,12,0,1,1,2,2,1
23800,5,4,9,4,10,3,1,1,2,2,0
23801,10,4,15,2,6,0,1,1,2,2,1
23802,9,4,12,3,10,1,1,1,2,2,0
23803,7,4,11,4,8,3,1,1,1,2,0
23804,16,4,11,4,8,3,1,0,1,2,0
23805,5,4,7,3,3,1,1,1,1,2,0
23806,5,4,9,2,12,0,1,1,1,2,0
23807,7,1,11,2,10,0,1,1,2,2,0
23808,10,4,9,0,4,1,1,1,2,2,0
23809,14,4,6,2,3,0,1,1,2,2,1
23810,8,2,8,2,8,0,1,1,1,2,0
23811,5,4,15,2,12,0,1,1,1,2,0
23812,9,4,5,2,7,0,1,1,2,2,0
23813,7,4,15,2,4,0,1,1,1,2,1
23814,11,1,11,2,1,3,0,0,2,2,0
23815,7,4,14,4,10,1,1,1,2,2,0
23816,10,6,0,2,5,0,1,1,2,2,0
23817,4,4,11,4,13,3,1,1,2,2,0
23818,11,1,12,2,10,5,0,0,2,2,1
23819,10,4,11,0,7,4,0,0,2,2,0
23820,9,4,15,2,6,0,1,1,2,2,1
23821,6,4,15,2,7,0,1,1,2,2,0
23822,10,4,11,5,12,4,1,0,2,2,0
23823,7,4,11,5,1,2,0,1,4,2,0
23824,5,4,15,5,1,4,1,0,2,2,0
23825,8,4,7,5,10,4,0,0,2,2,0
23826,10,4,15,2,1,0,1,1,2,2,1
23827,4,4,9,4,1,1,1,0,2,2,0
23828,6,1,1,2,5,0,1,1,0,2,1
23829,8,6,9,2,14,0,1,1,3,2,0
23830,9,4,11,4,6,3,1,1,3,2,0
23831,9,4,9,0,12,1,1,0,1,2,0
23832,5,2,14,4,10,4,1,0,2,2,0
23833,7,4,2,0,6,4,1,0,2,2,0
23834,5,4,11,4,8,1,1,0,2,2,1
23835,8,6,11,2,5,0,1,1,4,2,0
23836,6,4,12,2,10,5,1,0,2,2,0
23837,3,1,7,4,1,3,1,0,2,2,0
23838,7,4,11,2,7,0,1,1,2,2,1
23839,6,6,15,2,4,0,1,1,2,2,0
23840,13,4,2,2,14,0,1,1,1,2,1
23841,7,4,4,2,6,0,1,1,2,2,0
23842,5,7,11,2,1,5,1,0,2,2,0
23843,7,4,0,4,14,1,1,1,2,2,0
23844,7,4,9,2,12,0,0,1,3,2,0
23845,8,4,11,0,12,4,0,0,1,0,0
23846,9,4,15,6,12,1,1,1,3,2,0
23847,8,1,10,2,10,0,1,1,2,2,0
23848,8,4,5,2,3,0,1,1,2,2,1
23849,6,4,9,2,4,0,1,1,2,2,1
23850,3,4,11,4,14,3,1,0,2,2,0
23851,7,4,9,2,12,0,1,1,2,2,0
23852,5,4,9,2,13,5,1,0,2,2,1
23853,4,4,9,4,4,4,1,0,2,2,0
23854,6,6,15,2,3,0,1,1,2,2,0
23855,13,6,9,2,12,0,1,1,1,2,0
23856,4,4,15,4,3,1,1,1,2,2,0
23857,4,6,14,2,10,0,1,1,2,2,0
23858,9,6,9,4,12,3,1,0,2,2,0
23859,7,4,9,2,12,0,1,1,2,2,1
23860,10,4,15,5,10,3,1,0,2,2,0
23861,8,4,11,0,5,1,1,1,2,2,0
23862,3,4,14,4,4,3,1,1,0,2,0
23863,7,4,8,2,5,0,1,1,2,4,1
23864,3,4,0,3,1,4,1,0,1,2,0
23865,7,2,9,2,10,0,1,1,2,2,1
23866,6,7,9,2,5,0,1,1,2,2,1
23867,4,4,12,4,1,4,0,0,2,2,0
23868,10,4,15,2,12,0,0,1,2,2,1
23869,5,4,11,2,6,0,1,1,2,2,1
23870,6,4,15,2,11,0,1,1,2,2,0
23871,8,2,11,0,1,4,0,0,2,2,1
23872,7,6,11,4,5,1,0,1,2,2,0
23873,7,4,12,2,10,0,1,1,1,2,1
23874,13,4,0,2,8,5,0,0,2,2,0
23875,13,0,4,0,0,4,1,0,1,2,0
23876,5,1,9,2,4,0,0,1,2,3,1
23877,12,4,8,2,14,0,1,1,1,2,0
23878,16,4,11,2,4,0,1,1,3,2,1
23879,13,4,9,0,10,4,1,0,0,2,0
23880,4,5,6,4,14,3,0,1,2,0,0
23881,14,4,9,0,10,1,0,0,1,2,0
23882,8,4,1,2,7,0,1,1,2,2,0
23883,4,4,9,2,4,5,1,0,1,2,0
23884,7,4,1,2,14,0,1,1,2,2,0
23885,6,4,9,2,3,0,0,1,2,2,0
23886,5,4,12,4,4,3,0,1,2,2,0
23887,5,4,7,2,3,0,1,1,2,2,0
23888,12,4,15,6,1,4,0,0,2,2,0
23889,8,4,9,2,4,0,1,1,2,2,0
23890,6,4,9,0,1,4,1,0,2,2,0
23891,12,4,1,2,3,0,1,1,1,0,1
23892,11,4,9,2,8,0,1,1,2,2,1
23893,4,7,9,4,10,2,0,1,1,2,0
23894,6,4,11,2,3,0,1,1,2,2,0
23895,4,4,15,4,12,3,1,0,0,2,0
23896,8,4,9,4,8,3,1,0,2,2,0
23897,6,7,9,4,1,1,1,0,2,2,0
23898,11,2,15,2,14,0,1,1,2,2,1
23899,6,8,15,2,0,0,1,1,2,2,1
23900,7,4,15,2,14,0,1,1,2,2,0
23901,10,4,7,0,3,1,1,0,2,2,0
23902,6,0,9,5,0,2,1,0,2,2,0
23903,6,4,9,4,4,3,1,1,1,2,0
23904,4,4,11,5,4,1,0,1,1,2,0
23905,8,4,11,2,12,0,1,1,1,2,0
23906,9,4,11,2,3,0,1,1,3,2,1
23907,11,6,12,5,10,1,0,1,2,2,0
23908,6,4,15,2,8,5,1,0,2,2,0
23909,11,4,15,2,1,0,1,1,2,2,0
23910,6,2,15,2,10,0,1,1,2,2,1
23911,5,6,15,2,14,0,1,1,2,2,1
23912,8,4,11,2,7,0,1,1,2,2,0
23913,4,4,15,4,10,3,0,1,2,2,0
23914,4,4,7,4,12,1,1,0,2,2,0
23915,13,4,1,4,12,1,1,0,1,2,0
23916,6,4,8,0,10,4,1,0,3,2,1
23917,11,4,9,2,10,0,1,1,2,2,1
23918,10,1,7,2,0,0,1,1,4,2,0
23919,4,4,9,4,4,1,1,1,2,2,0
23920,12,5,11,2,8,0,1,1,2,2,0
23921,10,0,0,0,0,3,1,0,2,2,0
23922,6,0,4,4,0,1,0,0,2,2,0
23923,9,4,15,0,8,4,1,0,2,2,0
23924,7,4,8,3,8,4,0,0,0,2,0
23925,12,4,11,4,1,2,1,0,2,2,0
23926,6,4,11,2,8,5,0,0,1,2,0
23927,7,3,11,2,13,0,1,1,1,2,1
23928,9,4,12,2,12,0,1,1,3,2,1
23929,9,4,9,3,3,3,1,1,2,2,0
23930,8,6,11,2,5,0,0,1,2,2,0
23931,6,4,12,4,4,3,1,1,1,2,0
23932,10,2,14,2,10,0,1,1,3,2,1
23933,8,5,15,2,12,5,1,0,2,2,1
23934,9,4,9,2,4,0,1,1,2,2,0
23935,5,6,12,4,10,3,1,1,2,2,0
23936,4,6,9,4,12,1,1,1,2,2,0
23937,3,4,11,4,7,4,1,0,1,2,0
23938,9,4,11,2,7,0,1,1,2,2,1
23939,7,4,15,0,4,3,1,1,2,2,0
23940,4,4,11,4,3,1,1,1,1,2,0
23941,9,4,15,2,13,0,1,1,1,2,0
23942,8,4,15,2,12,0,1,1,2,2,1
23943,8,4,15,2,7,0,1,1,2,2,1
23944,5,6,11,4,7,1,1,1,2,2,0
23945,4,2,0,4,1,3,1,0,3,2,0
23946,5,4,15,4,12,3,1,0,2,2,0
23947,6,4,12,2,10,0,0,1,2,2,1
23948,11,4,2,2,12,0,1,1,1,2,0
23949,3,4,11,4,8,3,0,0,0,2,0
23950,4,4,9,4,1,1,1,1,1,2,0
23951,9,4,15,2,8,0,1,1,2,2,1
23952,7,4,0,2,7,0,1,1,2,2,0
23953,12,4,11,2,8,0,1,1,1,2,1
23954,7,4,14,0,10,4,1,0,2,2,0
23955,7,4,9,2,10,2,1,1,1,2,0
23956,9,4,15,2,6,0,0,1,2,2,0
23957,6,4,15,6,7,1,1,1,2,2,0
23958,5,4,9,2,4,0,1,1,2,2,1
23959,10,4,15,2,3,0,1,1,2,2,0
23960,8,4,11,0,5,2,1,1,1,2,0
23961,4,5,10,4,10,1,0,0,2,2,0
23962,11,2,15,5,1,4,1,1,2,2,0
23963,5,7,8,2,10,0,1,1,2,2,1
23964,8,4,11,4,1,1,1,0,2,2,0
23965,7,4,15,2,14,0,1,1,2,2,0
23966,13,4,9,4,7,1,1,1,2,2,0
23967,7,4,11,2,12,0,1,1,2,2,0
23968,10,4,11,2,7,0,1,1,1,2,1
23969,3,4,11,4,7,3,1,1,2,2,0
23970,7,4,1,2,12,0,1,1,2,2,1
23971,5,4,9,4,12,3,1,1,2,2,0
23972,12,4,11,0,8,4,0,1,2,0,0
23973,8,1,11,2,11,0,1,1,2,2,1
23974,8,4,9,0,1,2,1,0,3,2,0
23975,4,4,11,4,1,1,1,1,2,2,0
23976,4,4,15,4,8,3,1,0,1,2,0
23977,5,4,15,0,8,1,1,0,2,2,0
23978,7,4,11,2,1,0,1,1,2,2,1
23979,6,2,14,2,10,0,0,1,2,2,0
23980,9,4,15,2,7,0,1,1,2,2,1
23981,8,4,15,2,12,0,1,1,2,2,0
23982,4,4,11,4,7,3,1,1,1,2,0
23983,7,4,11,2,1,5,1,0,3,2,0
23984,6,4,15,0,14,1,1,0,2,2,0
23985,7,4,11,2,6,0,1,1,3,2,0
23986,6,4,11,5,12,4,0,0,3,0,0
23987,4,4,6,4,3,3,1,1,0,2,0
23988,5,4,15,4,13,1,1,1,1,2,0
23989,5,0,15,4,0,3,1,0,2,2,0
23990,7,4,15,0,1,4,1,0,1,2,0
23991,10,4,11,2,14,0,1,1,2,2,1
23992,5,6,6,2,5,0,0,1,2,2,0
23993,6,4,3,2,6,5,1,0,2,2,0
23994,9,5,9,0,4,1,1,1,3,2,0
23995,7,1,12,4,10,2,1,1,2,2,0
23996,6,4,11,4,3,3,0,1,2,0,0
23997,7,4,0,2,5,0,0,1,2,0,1
23998,4,6,9,4,4,1,1,1,1,2,0
23999,11,0,6,5,0,4,1,0,1,2,0
24000,5,4,11,4,12,3,1,1,2,2,0
24001,12,4,0,2,14,0,0,1,2,2,0
24002,9,4,15,2,10,0,1,1,2,2,0
24003,4,5,8,4,12,1,1,1,1,2,0
24004,7,1,1,2,14,0,0,1,1,2,0
24005,11,4,11,6,3,1,1,1,2,2,0
24006,8,4,11,2,3,0,0,1,2,2,0
24007,5,4,9,2,10,0,1,1,2,2,1
24008,4,4,15,4,12,3,1,1,2,2,0
24009,7,5,12,4,10,1,0,0,2,2,0
24010,10,4,11,0,6,4,1,1,2,2,0
24011,10,4,15,3,4,1,1,0,3,2,0
24012,11,4,15,2,12,0,1,1,2,2,1
24013,8,0,14,0,0,4,1,0,2,2,0
24014,10,4,11,2,7,0,0,1,2,0,0
24015,4,0,11,4,0,1,1,1,2,2,1
24016,4,4,7,4,12,1,1,1,2,2,0
24017,5,4,15,2,12,0,1,1,3,2,0
24018,9,4,11,4,3,3,1,1,2,2,0
24019,7,4,12,0,4,1,1,0,2,2,0
24020,9,4,11,5,3,4,1,0,2,2,0
24021,9,4,11,2,7,0,1,1,2,2,0
24022,13,6,7,2,8,0,1,1,2,2,0
24023,7,4,5,2,3,0,1,1,2,2,1
24024,8,4,15,2,3,0,1,1,2,2,1
24025,5,6,7,2,3,0,1,1,2,2,1
24026,4,1,8,4,1,3,1,1,2,2,0
24027,6,4,15,2,4,0,1,1,3,2,1
24028,7,4,15,0,14,1,1,1,2,2,0
24029,13,4,15,2,13,0,1,1,1,2,0
24030,4,4,11,4,4,3,1,1,1,2,0
24031,7,6,9,2,8,5,1,0,2,2,0
24032,11,4,5,4,1,1,1,1,2,2,1
24033,7,6,5,0,5,1,1,1,2,2,0
24034,5,6,9,4,4,3,0,1,3,2,0
24035,6,7,12,5,10,3,1,0,2,2,0
24036,7,5,11,0,8,1,1,1,2,2,0
24037,9,4,10,0,10,1,1,0,1,2,0
24038,11,4,11,2,7,0,1,1,2,2,1
24039,9,4,11,2,6,0,1,1,2,2,0
24040,4,4,12,4,4,1,1,1,2,2,0
24041,3,4,11,4,6,3,1,1,1,2,0
24042,7,4,11,2,3,0,1,1,2,2,0
24043,8,6,9,0,12,2,1,1,2,2,0
24044,6,1,8,2,1,0,1,1,2,2,0
24045,8,4,9,2,4,0,1,1,1,2,0
24046,11,4,9,0,12,1,1,0,2,2,0
24047,6,4,9,0,4,4,1,1,2,2,0
24048,6,4,11,5,12,1,1,1,2,2,0
24049,6,4,1,4,1,3,0,0,2,2,0
24050,12,4,11,6,13,2,1,1,1,2,0
24051,11,4,11,5,1,4,0,0,2,2,0
24052,14,4,11,2,3,0,1,1,2,2,0
24053,6,4,11,2,12,0,1,1,2,2,1
24054,5,4,4,4,8,3,1,1,3,2,0
24055,4,7,15,4,1,3,1,0,2,2,0
24056,5,4,1,4,8,4,1,1,1,2,0
24057,9,4,12,2,13,0,1,1,2,2,1
24058,12,0,15,4,0,3,1,0,2,2,0
24059,5,7,9,4,10,1,0,0,2,2,0
24060,4,4,11,4,8,1,1,1,1,2,0
24061,9,2,9,0,11,1,1,1,2,2,1
24062,5,5,14,0,10,4,1,0,2,2,0
24063,6,4,1,2,5,0,1,1,2,2,1
24064,4,0,15,5,0,4,1,1,1,2,0
24065,8,4,11,6,14,1,1,1,3,2,1
24066,3,4,15,4,13,3,1,1,1,2,0
24067,8,4,1,2,6,0,1,1,2,2,0
24068,7,5,8,4,4,3,0,1,2,2,0
24069,12,2,11,2,14,0,1,1,2,2,0
24070,8,0,8,2,0,0,1,1,2,2,1
24071,13,4,5,2,3,0,1,1,2,2,0
24072,5,4,12,4,12,1,1,1,1,2,0
24073,5,4,9,2,4,0,1,1,2,2,0
24074,9,4,11,2,12,0,1,1,2,2,0
24075,4,4,8,4,3,1,1,0,2,2,0
24076,8,5,1,2,12,0,1,1,2,2,1
24077,5,6,9,2,10,0,1,1,2,2,0
24078,4,4,11,4,8,1,1,0,0,2,1
24079,7,6,15,2,10,0,1,1,2,2,1
24080,4,4,15,4,9,1,1,0,1,2,0
24081,8,4,9,0,12,1,0,1,2,2,1
24082,5,4,15,2,10,0,1,1,2,2,0
24083,8,2,15,4,8,1,1,1,2,2,0
24084,5,4,1,2,10,0,1,1,2,2,0
24085,10,4,9,0,8,4,0,0,2,2,0
24086,4,8,15,4,10,4,0,0,2,2,0
24087,5,6,15,0,4,4,1,1,2,2,0
24088,6,4,9,2,4,0,1,1,2,2,0
24089,12,2,14,4,10,1,1,1,1,2,0
24090,9,4,11,2,7,0,1,1,2,2,0
24091,5,4,6,4,8,1,1,1,1,2,0
24092,8,4,15,2,12,0,1,1,2,2,1
24093,5,0,9,4,0,1,0,1,1,2,0
24094,7,4,10,5,10,1,0,1,1,0,1
24095,4,4,11,4,4,3,1,1,2,2,0
24096,13,4,5,2,3,0,1,1,2,2,0
24097,5,6,12,4,10,3,1,0,2,2,0
24098,7,2,12,2,10,0,1,1,2,2,0
24099,6,4,9,4,13,2,1,0,0,2,0
24100,8,4,8,2,3,0,1,1,2,2,0
24101,12,4,11,2,6,2,1,0,2,2,0
24102,7,4,12,0,10,1,1,0,2,2,0
24103,6,4,15,2,4,0,1,1,3,2,0
24104,12,4,12,2,10,0,1,1,1,2,1
24105,9,4,11,0,7,1,0,1,1,2,0
24106,4,7,15,2,5,0,1,1,2,2,1
24107,12,6,11,2,5,0,1,1,1,2,1
24108,10,5,11,2,1,0,1,1,2,2,0
24109,7,4,11,2,6,0,1,1,2,2,1
24110,8,4,1,2,3,0,1,1,2,2,0
24111,6,4,15,2,12,0,1,1,2,1,1
24112,7,4,11,2,7,5,0,0,2,2,1
24113,8,4,11,5,14,4,1,1,2,2,0
24114,3,4,11,4,4,1,1,1,2,2,1
24115,8,7,6,0,5,4,1,1,2,2,0
24116,6,4,11,4,1,3,1,0,4,2,0
24117,5,6,14,4,10,1,1,0,1,2,0
24118,4,4,9,4,13,1,1,0,2,2,0
24119,10,7,2,2,11,0,0,1,2,0,1
24120,13,6,11,2,13,0,1,1,2,2,1
24121,9,4,1,2,10,0,1,1,1,2,0
24122,6,4,11,5,14,3,1,1,2,2,0
24123,11,4,11,2,3,0,1,1,2,2,1
24124,9,4,11,6,7,1,1,1,3,2,0
24125,6,4,11,2,14,0,1,1,2,2,0
24126,5,4,12,4,10,3,1,0,2,2,0
24127,8,4,11,2,7,0,1,1,2,2,0
24128,8,6,11,2,4,0,1,1,2,2,0
24129,3,2,1,4,8,1,1,0,1,2,0
24130,3,4,11,4,13,3,1,0,0,2,0
24131,13,4,15,2,14,0,1,1,0,2,1
24132,4,4,11,4,12,1,1,0,2,2,0
24133,8,2,4,5,14,1,1,1,2,2,0
24134,6,4,6,5,1,1,1,1,2,2,0
24135,6,4,15,0,1,1,1,0,2,2,0
24136,8,4,5,2,7,0,1,1,1,2,0
24137,7,4,9,0,1,4,1,0,2,2,0
24138,12,6,11,2,3,0,1,1,3,2,1
24139,7,4,11,4,1,1,1,0,2,2,0
24140,6,7,9,4,4,3,1,0,2,2,0
24141,9,4,11,2,12,0,1,1,2,2,0
24142,7,4,12,0,13,4,0,0,2,0,0
24143,9,4,11,0,3,4,1,1,2,2,0
24144,7,4,15,2,3,0,1,1,3,2,1
24145,10,2,9,4,10,3,1,0,2,2,0
24146,6,4,9,2,12,0,0,1,2,2,0
24147,6,4,15,2,6,0,1,1,2,1,0
24148,3,4,0,4,7,3,1,1,1,2,0
24149,4,4,11,4,3,1,1,1,2,2,0
24150,4,4,9,4,4,1,1,0,2,2,1
24151,7,4,8,2,3,0,1,1,2,2,1
24152,9,4,5,0,7,4,1,1,2,2,0
24153,7,4,7,2,10,0,1,1,2,2,0
24154,10,4,15,2,8,5,1,0,2,2,1
24155,4,4,15,4,12,3,1,0,1,2,0
24156,7,4,11,2,10,5,1,0,2,2,1
24157,7,4,15,2,6,0,1,1,2,2,1
24158,8,4,11,2,4,0,1,1,2,2,1
24159,9,4,7,2,10,5,1,0,2,2,1
24160,8,4,2,6,7,4,0,1,2,2,0
24161,9,4,15,2,13,0,1,1,2,2,1
24162,4,4,11,4,8,3,1,0,2,2,0
24163,8,4,7,2,1,5,1,0,2,2,1
24164,6,4,15,2,1,0,1,1,1,2,0
24165,7,4,11,0,12,1,1,1,2,2,1
24166,6,4,9,2,10,0,0,1,2,0,1
24167,5,6,11,4,10,1,1,0,3,2,0
24168,3,1,1,4,3,1,1,1,1,2,0
24169,7,4,4,2,7,5,1,0,2,2,1
24170,4,2,9,4,1,1,0,0,1,2,0
24171,8,4,11,2,7,0,1,1,2,2,0
24172,10,4,15,2,3,0,1,1,2,2,0
24173,6,2,15,4,6,3,1,1,3,2,0
24174,4,4,11,2,1,0,0,1,1,0,1
24175,6,7,6,4,7,3,1,1,2,2,0
24176,5,4,15,2,1,5,0,0,2,2,1
24177,13,6,11,2,3,0,1,1,2,1,1
24178,7,4,11,2,4,0,1,1,2,2,0
24179,4,4,15,4,1,1,1,1,2,2,1
24180,7,2,14,2,10,0,1,1,3,2,1
24181,10,4,9,4,4,3,1,1,2,2,0
24182,12,4,1,0,12,4,0,0,1,2,0
24183,6,4,15,4,8,3,1,0,1,2,0
24184,10,4,11,2,3,0,1,1,3,2,1
24185,8,2,11,0,11,4,0,1,2,2,0
24186,7,4,9,4,13,1,1,0,2,2,0
24187,12,4,0,4,7,1,0,0,0,2,0
24188,3,6,9,4,4,3,1,1,1,2,0
24189,10,4,11,5,1,3,1,0,2,2,0
24190,9,2,9,2,1,0,1,1,2,2,1
24191,5,4,15,2,7,0,1,1,2,2,1
24192,9,7,11,2,11,3,1,1,1,2,0
24193,12,4,9,0,12,1,1,0,1,2,0
24194,5,6,15,2,4,2,1,1,2,2,0
24195,3,4,15,4,12,1,1,1,2,2,0
24196,6,0,9,2,0,0,1,1,1,2,1
24197,10,4,11,2,3,0,0,1,3,2,0
24198,9,4,15,2,1,2,0,0,2,2,0
24199,5,4,11,2,6,0,1,1,2,2,0
24200,14,4,11,2,3,0,1,1,0,2,0
24201,5,4,11,4,1,1,1,0,1,2,1
24202,4,1,5,4,6,1,0,1,2,3,0
24203,5,4,11,4,5,3,0,1,2,2,0
24204,6,4,9,2,4,0,1,1,2,2,1
24205,6,4,11,2,1,0,1,1,2,2,1
24206,6,4,9,2,12,0,1,1,2,2,1
24207,7,7,15,0,10,4,1,0,2,2,0
24208,12,5,9,2,10,0,1,1,2,2,0
24209,5,4,15,2,3,0,0,1,2,2,0
24210,5,6,11,2,3,0,1,1,2,2,0
24211,6,4,15,2,3,0,1,1,2,2,1
24212,7,4,15,0,8,4,0,0,1,2,0
24213,7,4,9,0,14,1,1,1,2,4,0
24214,4,4,15,4,12,3,1,1,2,2,0
24215,9,4,11,3,12,3,1,1,3,2,0
24216,6,4,11,2,3,0,0,1,0,2,1
24217,7,4,1,0,12,4,1,0,2,2,0
24218,5,4,8,4,4,1,1,0,2,2,0
24219,7,4,15,4,1,3,0,0,2,2,0
24220,9,6,11,2,3,0,1,1,2,2,0
24221,7,4,11,2,3,0,1,1,2,1,1
24222,10,5,15,2,12,2,1,0,2,2,0
24223,11,4,1,5,7,4,1,0,2,2,0
24224,6,4,11,2,8,0,1,1,0,2,1
24225,10,4,1,6,6,1,1,0,2,2,0
24226,8,0,4,2,0,0,1,1,2,2,0
24227,5,4,9,4,12,4,1,1,2,2,0
24228,4,4,15,4,1,3,1,0,3,2,0
24229,12,6,9,6,1,4,1,0,2,2,0
24230,3,4,9,4,12,1,1,0,0,2,0
24231,6,6,8,2,4,0,1,1,2,2,0
24232,4,0,11,4,0,3,1,0,2,2,0
24233,8,4,15,2,3,0,1,1,2,1,0
24234,15,4,12,2,10,0,1,1,0,2,0
24235,6,5,11,2,3,0,1,1,2,2,1
24236,4,2,15,4,1,1,1,0,1,2,1
24237,7,4,7,2,4,0,0,1,2,2,1
24238,9,4,11,2,4,0,1,1,2,2,1
24239,5,2,9,2,12,0,1,1,3,2,0
24240,8,4,9,0,10,4,1,0,1,2,0
24241,9,7,9,0,12,1,1,0,3,2,0
24242,5,1,11,2,1,0,1,1,2,2,1
24243,7,4,1,4,5,3,1,1,1,2,0
24244,7,4,9,2,1,0,1,1,2,1,1
24245,3,2,15,4,10,3,1,1,0,2,0
24246,6,4,14,4,10,3,0,0,1,2,0
24247,4,2,9,4,10,1,1,1,2,2,0
24248,7,4,11,2,4,0,1,1,2,2,1
24249,3,4,11,4,8,3,1,0,0,2,0
24250,4,4,12,4,4,1,1,1,2,2,0
24251,12,4,15,2,4,5,1,0,1,2,1
24252,4,4,11,4,8,3,1,0,1,2,0
24253,5,7,15,4,4,2,1,0,2,2,0
24254,11,4,15,2,4,0,1,1,2,2,0
24255,8,4,9,5,10,1,1,1,2,2,1
24256,3,4,15,4,1,4,0,0,1,2,0
24257,6,4,11,2,6,0,0,1,2,2,0
24258,3,4,6,4,7,3,1,1,2,2,0
24259,6,5,9,0,4,1,1,0,2,2,0
24260,6,4,15,2,1,0,1,1,1,2,0
24261,5,2,9,2,10,0,1,1,2,2,0
24262,3,4,10,4,4,3,1,0,1,2,0
24263,8,4,11,2,14,0,1,1,1,2,1
24264,6,4,11,0,1,4,0,0,1,2,0
24265,4,4,12,4,10,2,0,1,0,2,0
24266,7,4,15,2,4,0,1,1,2,2,1
24267,4,5,1,4,12,4,1,0,2,3,0
24268,4,4,14,4,10,2,0,1,1,2,0
24269,8,4,12,4,10,4,1,1,3,2,0
24270,9,4,5,2,8,0,0,1,2,2,0
24271,10,5,11,2,3,0,1,1,1,2,1
24272,6,4,11,2,6,0,1,1,2,2,0
24273,7,4,11,2,5,0,1,1,1,2,0
24274,4,1,2,4,3,1,1,1,1,2,0
24275,8,4,11,2,1,0,1,1,2,2,0
24276,12,4,11,2,8,0,1,1,3,2,1
24277,4,0,9,4,0,1,1,0,2,2,1
24278,9,4,6,4,7,4,1,0,1,2,0
24279,4,4,11,4,8,3,1,0,1,2,0
24280,7,4,11,0,1,4,0,0,2,2,0
24281,9,4,11,2,14,0,1,1,2,2,1
24282,7,6,11,2,3,0,1,1,2,2,0
24283,7,4,15,4,1,1,1,1,2,2,0
24284,6,4,11,2,1,0,1,1,2,2,0
24285,5,1,9,4,2,3,1,0,2,2,0
24286,4,4,15,4,1,1,1,0,0,2,0
24287,8,2,11,2,4,0,1,1,4,2,0
24288,9,2,12,2,10,0,1,1,3,2,0
24289,5,5,11,2,12,0,1,1,1,2,1
24290,4,5,12,4,4,3,1,0,2,2,0
24291,11,0,11,2,0,0,1,1,2,2,0
24292,6,4,15,2,1,0,0,1,3,0,0
24293,5,4,15,4,12,3,1,0,2,2,0
24294,7,1,9,4,13,3,1,0,2,2,0
24295,5,4,1,4,8,3,1,0,2,2,0
24296,3,4,9,4,12,3,1,1,0,2,0
24297,4,4,15,4,14,1,1,1,2,2,1
24298,9,4,11,2,8,0,1,1,2,2,1
24299,4,4,9,4,13,1,1,0,2,2,0
24300,9,4,11,4,5,1,1,1,3,2,0
24301,10,1,9,2,3,0,1,1,2,2,1
24302,10,4,8,2,1,5,0,0,2,2,1
24303,9,1,11,5,4,1,1,1,3,2,1
24304,8,4,6,0,3,3,1,1,2,2,0
24305,7,4,15,3,1,2,1,0,2,2,0
24306,10,5,15,2,3,0,1,1,2,2,0
24307,9,4,1,2,12,0,1,1,2,2,1
24308,8,7,11,2,12,0,1,1,2,2,1
24309,3,4,14,4,10,3,1,1,2,2,0
24310,3,0,15,4,0,3,1,0,1,2,0
24311,7,4,2,2,6,0,0,1,2,2,1
24312,8,6,11,2,3,0,1,1,2,2,1
24313,11,7,9,2,10,0,1,1,2,2,0
24314,8,5,11,2,4,0,1,1,2,2,1
24315,7,6,15,5,1,1,1,1,2,2,0
24316,7,6,11,2,5,0,1,1,2,2,0
24317,5,4,15,2,12,0,1,1,2,2,0
24318,8,6,11,2,5,0,1,1,2,2,0
24319,8,6,11,0,12,3,1,1,3,2,0
24320,16,2,8,2,0,0,1,1,3,2,0
24321,8,7,12,0,4,2,0,0,1,2,0
24322,6,4,15,2,8,0,1,1,2,2,1
24323,6,4,11,4,8,1,1,1,2,2,1
24324,7,4,15,2,6,0,1,1,2,2,1
24325,8,4,0,2,7,0,1,1,2,2,1
24326,11,4,11,2,7,0,1,1,2,2,1
24327,9,5,11,2,8,0,1,1,2,2,1
24328,8,4,11,2,1,3,1,1,1,2,0
24329,10,4,15,0,8,4,1,0,2,2,0
24330,13,6,9,0,10,4,0,0,1,0,0
24331,4,7,9,4,11,1,1,1,2,2,0
24332,11,4,2,2,8,0,1,1,1,2,1
24333,7,4,15,0,8,4,0,0,2,2,0
24334,5,4,11,4,3,3,1,0,2,2,0
24335,7,0,9,5,0,1,1,1,2,2,0
24336,5,4,15,2,1,3,1,0,2,2,0
24337,8,4,9,2,10,0,1,1,2,2,0
24338,6,4,15,0,6,1,0,1,2,2,0
24339,10,4,15,2,5,0,1,1,2,2,0
24340,4,4,6,4,6,3,0,1,0,2,0
24341,9,4,9,2,6,0,1,1,2,2,0
24342,8,7,11,2,13,0,1,1,3,2,0
24343,11,4,11,2,3,0,1,1,2,2,1
24344,11,4,11,2,6,0,0,1,2,1,0
24345,5,4,8,2,10,0,1,1,3,2,0
24346,5,4,12,4,4,3,1,0,2,2,0
24347,8,0,15,0,0,1,1,0,2,2,0
24348,8,2,9,4,10,3,1,1,2,2,0
24349,11,5,9,6,12,1,1,0,2,2,0
24350,5,2,11,2,8,0,1,1,2,2,1
24351,8,4,11,2,7,0,1,1,2,2,1
24352,3,4,5,4,7,1,1,1,0,2,0
24353,7,4,11,4,8,1,1,0,2,2,0
24354,7,4,11,2,3,0,0,1,2,2,0
24355,5,5,9,0,4,1,1,1,2,2,0
24356,11,4,15,5,1,1,0,0,1,2,1
24357,7,4,11,2,3,0,1,1,1,2,1
24358,6,4,15,4,1,1,1,0,2,2,0
24359,7,4,9,4,10,1,0,1,2,2,0
24360,7,4,12,2,13,0,1,1,1,2,1
24361,7,2,8,2,10,0,1,1,2,2,0
24362,9,2,10,2,10,0,1,1,2,2,0
24363,5,4,8,2,8,5,1,0,2,2,0
24364,9,4,15,2,12,0,1,1,1,2,0
24365,5,4,15,2,3,0,1,1,2,2,0
24366,6,4,11,2,3,0,1,1,2,2,0
24367,15,5,11,2,6,0,1,1,1,2,0
24368,7,4,3,0,8,1,1,0,3,2,0
24369,6,4,11,4,8,1,1,0,2,2,0
24370,7,5,12,0,10,4,1,0,2,2,0
24371,7,4,2,0,12,1,1,0,2,2,0
24372,3,0,11,4,0,1,1,0,2,2,0
24373,5,4,15,4,13,1,1,0,2,2,0
24374,7,4,11,0,14,3,1,1,2,2,0
24375,6,6,8,4,10,3,0,0,2,2,0
24376,11,4,15,2,1,5,0,0,2,2,1
24377,6,4,8,0,13,1,1,0,3,2,0
24378,6,2,15,4,3,1,1,1,2,2,1
24379,4,4,11,4,8,1,1,0,2,2,0
24380,7,4,11,5,12,4,0,0,2,2,0
24381,4,4,11,4,7,2,0,0,2,2,0
24382,9,0,11,2,0,0,0,1,2,2,0
24383,12,4,11,2,5,0,1,1,2,2,0
24384,10,4,11,2,8,0,0,1,3,2,0
24385,4,4,11,4,1,4,0,0,1,0,1
24386,6,6,11,2,3,0,1,1,2,2,1
24387,8,4,7,2,4,0,1,1,2,2,0
24388,7,4,11,4,1,1,1,0,2,2,0
24389,4,1,15,4,1,3,1,0,1,2,0
24390,10,4,9,2,3,0,1,1,2,1,0
24391,4,4,11,4,7,3,1,1,1,2,0
24392,8,4,2,0,14,1,1,1,2,2,0
24393,12,4,5,2,6,0,1,1,2,2,0
24394,11,0,15,2,0,5,1,0,2,1,1
24395,4,4,11,4,7,1,1,1,2,2,0
24396,4,4,14,4,10,3,1,1,2,2,0
24397,7,1,8,2,11,0,1,1,3,2,1
24398,6,4,9,2,12,0,0,1,2,2,0
24399,5,4,15,2,6,0,0,1,2,2,1
24400,9,6,15,2,5,0,1,1,2,2,1
24401,5,4,7,4,11,4,1,0,2,2,0
24402,7,4,11,0,1,4,1,0,2,4,0
24403,7,4,11,6,12,1,0,1,2,0,1
24404,6,4,7,2,1,0,1,1,2,2,0
24405,12,4,12,2,3,0,1,1,0,2,1
24406,5,4,5,2,7,0,1,1,2,2,0
24407,7,4,12,4,10,4,1,1,2,2,0
24408,13,4,11,2,3,0,1,1,2,4,1
24409,5,2,8,4,13,1,1,0,1,2,0
24410,9,4,11,2,3,0,1,1,2,2,1
24411,7,4,11,2,14,0,1,1,2,2,1
24412,7,4,11,2,12,0,1,1,2,2,0
24413,10,4,11,2,3,0,1,1,2,2,0
24414,7,4,8,2,3,0,1,1,2,2,1
24415,6,1,9,4,1,1,1,0,3,2,0
24416,6,4,5,2,8,0,1,1,2,2,0
24417,10,4,9,0,12,1,0,1,2,2,0
24418,5,6,9,2,10,0,1,1,2,2,0
24419,7,4,4,2,11,0,0,1,2,0,0
24420,9,4,11,0,7,1,1,1,1,2,0
24421,4,5,11,4,4,1,1,1,1,2,0
24422,7,6,15,2,8,0,1,1,2,2,1
24423,7,6,11,2,14,0,1,1,2,2,1
24424,5,6,12,4,10,1,1,1,2,2,0
24425,7,4,4,2,7,0,1,1,2,2,0
24426,16,4,9,2,13,0,1,1,0,2,0
24427,6,4,8,0,11,1,1,1,3,2,0
24428,4,2,12,4,10,1,1,0,1,2,0
24429,4,4,9,4,13,1,1,0,1,2,0
24430,12,4,11,2,3,0,1,1,1,2,0
24431,5,4,15,4,1,1,1,0,1,2,0
24432,4,4,9,4,1,3,1,0,2,2,0
24433,11,6,5,2,5,0,0,1,2,2,0
24434,5,4,9,4,1,3,0,1,2,2,0
24435,7,4,11,0,12,1,1,0,2,2,0
24436,14,4,9,0,12,4,1,0,0,2,0
24437,9,4,9,0,1,1,0,0,2,2,0
24438,5,4,11,2,8,0,1,1,2,2,1
24439,11,4,1,6,12,1,1,0,2,2,0
24440,8,7,11,4,1,3,1,0,2,2,0
24441,5,4,5,2,13,5,0,0,2,2,0
24442,7,4,9,4,1,4,0,0,2,2,0
24443,11,4,11,2,6,0,0,1,0,0,0
24444,4,4,1,2,7,0,1,1,1,2,1
24445,5,1,15,4,1,3,1,0,1,2,0
24446,15,4,11,6,4,1,1,1,1,2,0
24447,16,7,15,0,8,3,1,1,0,2,0
24448,5,1,9,2,10,0,1,1,2,2,0
24449,12,7,15,2,7,0,1,1,2,2,0
24450,4,4,11,4,8,2,0,0,2,2,0
24451,7,4,11,2,1,5,0,0,2,0,1
24452,8,4,15,2,12,0,1,1,2,2,1
24453,6,4,15,2,13,0,1,1,2,2,0
24454,4,4,12,2,4,0,1,1,1,2,1
24455,10,1,15,0,4,1,0,0,2,2,0
24456,11,4,0,0,3,4,1,1,2,2,0
24457,5,6,9,4,4,3,1,0,2,2,0
24458,4,6,15,4,3,3,1,1,0,2,0
24459,5,4,15,5,12,4,1,0,4,2,0
24460,7,4,9,5,12,4,1,0,2,2,0
24461,10,4,7,2,6,0,1,1,2,2,0
24462,5,4,11,2,1,0,1,1,2,2,1
24463,5,6,15,4,3,1,1,1,2,1,0
24464,5,7,8,0,1,1,1,0,3,2,0
24465,11,2,0,6,11,1,1,1,2,2,0
24466,8,4,11,5,7,4,1,1,2,2,0
24467,7,4,9,4,10,1,1,1,2,2,0
24468,5,4,8,2,3,3,1,1,2,2,0
24469,9,4,15,2,12,0,1,1,2,2,0
24470,7,4,9,2,4,0,1,1,3,2,1
24471,9,1,9,2,4,0,1,1,2,2,0
24472,9,4,15,2,6,0,1,1,3,2,0
24473,12,4,11,0,7,1,1,0,2,2,0
24474,10,4,9,6,10,4,1,1,2,2,0
24475,9,4,12,0,4,4,0,0,2,2,0
24476,11,4,15,4,14,3,1,1,2,1,0
24477,5,4,4,4,12,4,0,1,2,2,0
24478,10,4,0,2,5,0,1,1,2,2,0
24479,11,4,15,2,11,0,1,1,2,2,0
24480,5,4,0,2,12,0,1,1,1,2,0
24481,7,4,6,2,6,0,1,1,2,2,0
24482,10,4,15,0,8,1,1,0,2,2,0
24483,6,4,11,4,6,3,1,0,2,2,0
24484,5,6,15,2,12,0,1,1,3,1,1
24485,9,4,15,2,12,5,1,0,2,2,1
24486,9,5,5,2,3,0,1,1,2,2,0
24487,6,4,9,0,13,1,1,1,2,2,0
24488,9,4,11,5,13,1,1,1,2,2,0
24489,8,4,11,4,12,1,1,1,2,2,0
24490,9,4,4,2,3,0,1,1,3,2,1
24491,11,4,8,2,3,0,1,1,2,2,1
24492,11,4,9,2,12,0,1,1,1,1,0
24493,8,4,11,0,1,4,1,0,2,2,0
24494,7,4,11,0,8,4,1,1,2,2,0
24495,15,4,11,6,1,4,0,0,2,2,0
24496,10,4,11,2,6,0,1,1,4,2,1
24497,6,1,15,2,10,0,1,1,2,2,0
24498,11,0,11,6,0,4,1,0,3,2,0
24499,4,0,11,4,0,3,1,0,2,4,0
24500,6,4,9,2,10,0,1,1,3,2,1
24501,7,4,0,4,8,4,1,0,2,2,0
24502,6,4,15,2,13,0,0,1,2,2,0
24503,11,4,15,2,3,0,1,1,0,2,1
24504,8,6,15,0,8,4,0,0,2,0,0
24505,7,4,3,4,12,3,0,0,1,2,0
24506,6,4,4,2,3,0,1,1,2,2,0
24507,6,4,9,2,10,5,1,0,1,2,0
24508,5,0,8,4,0,1,1,0,2,2,0
24509,4,4,11,4,6,1,1,1,2,2,0
24510,7,4,9,2,4,0,1,1,2,2,1
24511,6,4,1,2,3,0,1,1,1,2,1
24512,6,4,15,5,13,4,0,0,2,2,0
24513,6,4,11,4,12,1,1,1,2,2,0
24514,3,7,12,4,10,3,1,1,1,1,0
24515,9,4,9,2,3,0,1,1,2,2,0
24516,9,4,15,2,7,0,1,1,2,2,0
24517,6,2,15,2,1,0,1,1,2,2,1
24518,6,4,1,2,6,0,1,1,2,2,1
24519,11,4,11,2,8,5,1,0,0,2,1
24520,11,4,0,2,8,0,1,1,2,2,1
24521,9,4,6,0,3,4,1,1,2,2,0
24522,4,4,11,4,3,3,1,1,2,2,0
24523,13,6,9,6,10,4,0,0,1,2,1
24524,6,4,11,0,1,1,0,0,3,2,0
24525,6,4,11,4,13,4,1,1,2,2,0
24526,6,4,9,2,12,0,1,1,2,2,1
24527,6,4,12,2,4,0,1,1,2,2,0
24528,5,4,11,2,12,0,1,1,2,2,0
24529,7,4,11,4,8,1,1,0,2,2,0
24530,7,4,11,2,12,4,1,0,2,2,0
24531,5,4,15,4,1,3,1,0,2,2,0
24532,6,4,15,2,4,0,0,1,2,0,0
24533,7,4,11,0,9,4,1,0,2,2,0
24534,9,4,11,2,14,5,1,0,2,2,0
24535,7,7,11,0,1,4,1,0,2,2,0
24536,4,4,15,4,11,3,1,1,2,2,0
24537,11,4,12,4,10,3,1,0,1,2,0
24538,12,4,0,4,8,3,1,0,2,2,0
24539,3,1,15,4,1,1,1,0,0,2,0
24540,5,1,12,4,1,3,1,1,2,2,0
24541,10,2,11,2,14,0,1,1,2,2,0
24542,11,4,11,2,10,0,1,1,1,2,1
24543,7,4,5,0,3,3,0,1,2,2,0
24544,14,4,11,0,1,1,1,0,1,2,0
24545,7,4,5,0,3,4,1,1,2,2,0
24546,11,2,11,6,11,4,0,0,1,0,0
24547,9,4,9,0,10,1,0,1,3,2,0
24548,4,5,5,4,12,3,1,0,2,2,0
24549,6,7,6,2,8,5,1,0,2,2,1
24550,10,4,11,2,7,0,1,1,2,2,0
24551,6,4,7,2,1,3,1,0,4,2,0
24552,11,4,11,2,3,0,1,1,2,2,1
24553,5,4,12,4,8,4,0,0,2,0,0
24554,6,2,15,4,3,1,1,1,2,2,0
24555,10,1,11,2,4,0,1,1,2,2,0
24556,6,4,15,2,12,0,1,1,2,2,1
24557,7,4,9,2,1,0,1,1,2,2,0
24558,10,4,9,2,1,5,1,0,2,2,0
24559,8,6,11,2,3,0,1,1,2,2,0
24560,14,2,9,2,10,0,1,1,3,2,0
24561,4,4,15,2,3,0,1,1,2,3,0
24562,11,4,15,2,6,0,1,1,1,2,0
24563,7,5,12,2,10,0,1,1,1,2,1
24564,10,4,1,2,7,0,1,1,2,2,1
24565,5,4,15,4,12,3,1,0,1,2,0
24566,3,0,15,4,0,3,1,1,1,2,0
24567,7,4,9,2,10,0,0,1,3,3,1
24568,10,4,7,2,12,0,1,1,2,2,1
24569,7,7,9,2,11,0,0,1,2,2,0
24570,6,4,8,4,12,1,1,0,2,2,0
24571,5,0,11,4,0,3,1,1,1,2,0
24572,6,4,9,4,4,1,1,1,2,2,0
24573,7,1,5,0,5,1,1,1,2,2,0
24574,13,2,11,2,8,0,1,1,2,2,0
24575,6,4,9,4,13,1,0,1,2,4,0
24576,4,2,11,4,1,3,1,1,2,2,0
24577,6,4,15,0,12,1,1,0,2,2,0
24578,6,4,9,4,4,1,0,0,2,2,0
24579,6,6,15,2,3,0,1,1,2,2,0
24580,4,4,15,4,12,3,1,1,2,2,0
24581,7,4,15,2,12,0,1,1,2,2,0
24582,5,4,15,4,14,2,1,0,2,2,0
24583,5,6,15,2,3,0,0,1,2,2,1
24584,3,4,9,4,12,3,1,0,0,2,0
24585,6,4,9,4,12,1,1,1,1,2,0
24586,3,4,15,4,4,1,1,0,1,2,0
24587,7,4,11,2,14,0,1,1,2,2,0
24588,5,6,15,4,7,1,1,1,2,2,0
24589,6,4,9,0,12,4,1,0,2,2,0
24590,8,0,9,4,0,1,1,1,2,2,0
24591,5,4,11,0,5,1,1,0,2,2,0
24592,9,7,9,2,10,0,1,1,3,2,1
24593,9,4,11,2,3,0,1,1,2,2,1
24594,10,6,15,2,3,0,1,1,2,2,1
24595,5,7,1,2,3,0,1,1,2,2,0
24596,4,7,5,4,8,3,0,0,2,2,0
24597,4,4,12,4,1,4,0,0,2,2,0
24598,11,4,9,6,12,4,1,0,1,2,0
24599,12,4,11,0,6,1,1,1,2,2,0
24600,6,2,15,4,10,1,1,0,2,2,0
24601,9,4,15,2,8,5,1,0,3,1,1
24602,5,7,9,2,10,3,0,0,2,2,0
24603,8,4,11,5,8,3,1,0,2,2,0
24604,8,4,0,4,8,3,1,0,2,2,0
24605,10,4,15,2,8,5,1,0,2,2,0
24606,15,2,9,2,10,0,1,1,1,2,0
24607,9,4,11,2,4,0,1,1,3,2,0
24608,11,4,15,2,8,0,1,1,2,1,0
24609,6,2,10,4,10,4,1,0,2,2,0
24610,4,7,15,4,11,3,1,1,1,2,0
24611,11,4,15,0,1,4,1,0,1,2,0
24612,12,4,15,2,3,0,1,1,2,2,0
24613,7,6,1,2,7,0,1,1,2,2,0
24614,13,4,15,6,8,4,0,0,2,0,0
24615,4,4,10,2,10,0,1,1,2,2,0
24616,10,2,11,2,11,0,1,1,2,2,0
24617,3,6,0,4,5,1,1,1,0,2,0
24618,9,5,15,2,3,0,1,1,2,2,0
24619,6,4,15,0,12,1,1,1,2,2,1
24620,9,0,1,4,0,1,1,1,2,2,0
24621,5,5,15,5,1,1,1,1,2,2,0
24622,4,5,1,4,3,3,1,1,0,2,0
24623,10,4,7,2,12,0,1,1,2,2,1
24624,9,7,11,4,14,4,1,1,2,2,0
24625,9,6,15,2,3,0,1,1,2,2,0
24626,9,4,9,2,13,0,1,1,2,2,1
24627,6,4,15,2,8,2,1,0,3,2,0
24628,7,2,12,2,4,0,1,1,2,2,0
24629,12,4,11,2,6,0,1,1,2,2,0
24630,12,4,11,0,12,4,0,0,2,2,0
24631,12,4,15,2,14,0,1,1,2,2,0
24632,11,7,15,2,4,0,1,1,2,2,0
24633,8,2,11,2,3,0,1,1,3,2,0
24634,5,4,11,4,12,3,1,0,0,2,0
24635,8,4,12,4,4,1,1,1,2,2,0
24636,4,4,11,4,4,4,0,0,0,2,0
24637,6,0,15,4,0,1,1,0,2,2,0
24638,6,4,11,2,3,0,1,1,2,2,0
24639,7,4,11,0,8,1,1,0,2,2,0
24640,7,1,9,2,10,0,0,1,2,2,1
24641,13,6,12,2,10,1,1,0,1,2,0
24642,5,6,11,4,3,1,1,1,2,2,0
24643,3,2,15,4,6,3,1,1,2,2,0
24644,9,4,11,0,3,1,1,1,0,2,0
24645,8,7,12,0,10,1,1,1,2,2,0
24646,13,4,15,4,4,3,1,0,2,2,0
24647,8,4,11,2,7,0,0,1,2,2,1
24648,7,6,11,2,14,0,1,1,2,2,0
24649,9,4,11,2,4,0,1,1,2,2,1
24650,9,4,9,2,4,3,1,1,3,2,0
24651,8,4,15,0,4,4,1,0,2,2,0
24652,7,2,9,4,10,1,1,1,2,2,0
24653,4,4,2,4,12,3,1,1,2,2,0
24654,5,4,15,4,8,1,1,1,1,2,0
24655,7,6,1,2,5,0,1,1,2,2,1
24656,5,4,15,2,6,0,1,1,2,2,0
24657,4,6,11,4,5,2,1,1,1,2,0
24658,12,4,11,4,1,1,1,0,2,2,0
24659,4,4,11,4,1,4,1,0,2,2,0
24660,3,4,11,4,1,1,0,0,2,2,0
24661,9,4,11,2,6,0,1,1,2,2,0
24662,9,4,15,0,1,4,1,0,2,2,0
24663,7,7,15,0,4,1,0,0,2,2,0
24664,6,4,9,2,12,0,1,1,1,2,1
24665,6,4,9,2,4,0,1,1,2,2,0
24666,6,4,11,2,6,0,1,1,2,2,0
24667,3,5,12,4,10,3,0,1,1,4,0
24668,7,0,15,0,0,4,1,0,2,2,0
24669,6,0,11,0,0,1,1,0,1,2,0
24670,10,4,11,2,3,0,1,1,2,2,1
24671,3,4,8,4,10,1,1,0,2,2,0
24672,6,2,14,5,10,1,1,0,2,2,0
24673,10,7,11,2,5,0,1,1,2,2,0
24674,5,4,11,4,7,3,1,1,2,2,0
24675,9,7,15,2,5,0,1,1,2,2,1
24676,4,4,12,4,10,1,1,1,2,2,0
24677,7,4,9,4,4,1,1,0,3,1,0
24678,6,0,5,2,0,5,1,0,3,2,0
24679,9,4,15,2,10,0,1,1,2,2,0
24680,10,4,11,2,14,0,1,1,2,2,0
24681,8,7,15,2,11,5,1,0,2,2,1
24682,5,4,1,2,6,0,1,1,2,2,0
24683,7,6,9,0,10,4,0,0,2,2,0
24684,8,4,11,0,14,1,1,0,2,2,0
24685,6,4,8,2,4,0,1,1,1,2,0
24686,7,4,11,2,3,0,1,1,3,2,0
24687,9,4,11,2,12,0,1,1,2,2,0
24688,6,4,9,4,4,3,1,1,2,2,0
24689,15,6,11,2,3,0,1,1,0,2,0
24690,12,4,12,6,8,3,1,0,2,1,0
24691,3,4,14,4,10,1,1,0,2,2,0
24692,5,4,11,2,7,0,1,1,2,2,1
24693,5,4,9,4,10,1,1,0,3,2,0
24694,7,4,15,4,12,2,1,0,2,2,0
24695,9,8,11,2,8,0,1,1,2,2,0
24696,6,4,7,2,8,5,0,0,1,2,1
24697,7,1,9,5,10,4,1,0,2,2,0
24698,8,0,11,2,0,0,1,1,2,2,1
24699,5,4,8,4,4,3,0,1,1,2,0
24700,8,4,9,0,12,0,1,1,1,2,1
24701,8,4,11,5,8,1,1,1,2,2,0
24702,13,6,0,2,3,0,1,1,2,2,0
24703,11,4,15,6,12,4,1,0,2,2,0
24704,10,4,15,0,8,4,0,1,1,2,0
24705,12,2,15,2,8,5,1,0,2,2,0
24706,11,5,11,2,14,0,1,1,2,2,0
24707,10,4,1,2,7,0,1,1,2,2,0
24708,5,1,11,2,1,5,1,0,3,2,0
24709,4,2,12,4,10,1,1,0,1,2,0
24710,6,4,9,2,4,0,1,1,1,2,1
24711,7,5,9,2,8,0,1,1,2,2,1
24712,11,4,11,0,7,4,0,0,2,2,0
24713,12,7,15,2,11,0,1,1,1,2,0
24714,10,4,11,4,8,3,1,0,1,2,0
24715,7,4,11,4,14,1,1,1,1,2,0
24716,6,4,15,5,4,4,1,0,2,2,0
24717,5,1,15,4,1,3,1,0,2,2,0
24718,10,4,15,2,4,0,1,1,2,2,1
24719,7,4,15,4,13,1,1,1,0,2,0
24720,7,4,15,2,14,0,1,1,2,2,1
24721,5,6,12,2,4,0,1,1,3,2,0
24722,6,4,15,0,10,4,1,0,2,2,0
24723,6,4,12,4,4,1,1,0,2,2,0
24724,8,4,9,2,12,0,1,1,2,2,1
24725,9,4,12,2,10,0,1,1,2,2,1
24726,7,4,15,2,1,0,1,1,2,2,1
24727,9,4,11,0,8,1,1,0,2,2,0
24728,9,4,11,4,4,3,1,1,2,2,0
24729,4,4,15,4,1,4,1,0,1,2,0
24730,8,4,0,2,14,5,1,0,2,1,1
24731,10,0,9,4,0,2,1,0,2,2,0
24732,8,4,11,2,4,0,1,1,2,2,0
24733,5,6,15,2,3,0,1,1,2,2,1
24734,8,4,8,2,7,0,1,1,2,2,0
24735,7,4,15,6,14,1,1,1,2,2,0
24736,7,7,11,2,3,0,1,1,2,2,0
24737,15,4,11,2,1,5,1,0,2,2,0
24738,4,4,11,4,10,4,1,1,1,2,0
24739,7,7,15,2,8,0,1,1,2,4,1
24740,14,7,14,2,10,0,0,1,1,2,1
24741,13,4,11,2,6,0,1,1,0,2,0
24742,9,4,10,2,10,0,0,1,2,2,0
24743,9,4,11,2,1,5,1,0,2,2,1
24744,11,4,2,5,13,4,1,0,2,2,1
24745,7,4,8,0,8,4,0,0,2,2,0
24746,9,4,11,2,10,0,1,1,2,4,0
24747,4,4,11,4,13,1,1,0,1,2,0
24748,9,4,11,5,12,1,1,0,3,2,0
24749,7,4,15,2,12,0,1,1,2,2,1
24750,15,5,11,6,4,4,1,0,0,2,0
24751,7,4,12,0,10,1,1,0,2,2,0
24752,9,4,11,2,3,0,1,1,2,2,0
24753,5,4,11,2,5,0,1,1,2,2,0
24754,7,4,9,0,10,4,1,0,2,2,0
24755,7,4,14,2,10,0,1,1,3,2,0
24756,7,4,12,3,12,3,1,0,2,2,0
24757,5,4,9,4,4,1,1,0,2,2,0
24758,5,4,15,4,3,4,0,0,1,2,0
24759,10,6,11,2,3,0,1,1,2,2,1
24760,10,7,11,2,10,0,0,1,2,2,1
24761,6,4,9,4,1,3,1,0,2,2,0
24762,5,4,9,2,10,0,1,1,2,2,1
24763,12,4,12,0,1,4,1,0,2,2,0
24764,5,4,5,2,7,5,1,0,2,2,1
24765,5,4,1,2,3,0,1,1,2,2,1
24766,7,2,12,0,10,5,0,0,3,2,1
24767,10,4,15,2,12,5,1,0,2,2,0
24768,7,4,11,0,12,1,1,0,2,2,0
24769,12,5,15,2,4,0,1,1,2,2,0
24770,7,6,8,4,5,4,1,1,2,2,0
24771,9,4,11,2,3,0,1,1,2,2,0
24772,5,4,11,2,3,0,1,1,2,2,1
24773,9,4,1,2,12,0,1,1,2,2,1
24774,8,4,11,2,3,0,1,1,2,2,0
24775,9,4,9,2,1,0,1,1,1,2,1
24776,6,4,2,2,7,0,1,1,2,2,1
24777,4,4,1,4,8,3,1,0,2,2,0
24778,7,4,15,2,8,0,1,1,2,2,1
24779,10,6,9,4,10,3,0,1,2,2,0
24780,6,4,15,4,3,1,1,0,2,2,0
24781,4,4,11,2,3,0,1,1,2,2,1
24782,7,4,12,0,10,4,1,0,2,2,0
24783,5,4,9,4,10,1,1,1,2,2,0
24784,5,4,12,4,10,4,1,0,2,2,0
24785,3,2,9,4,10,1,1,1,1,2,0
24786,8,4,15,0,4,4,0,0,2,2,0
24787,10,4,11,2,8,0,1,1,2,2,1
24788,5,4,8,4,13,3,1,0,1,2,0
24789,16,4,15,6,12,1,1,1,2,2,0
24790,7,4,11,2,7,0,1,1,2,2,1
24791,11,4,9,2,4,0,1,1,2,2,0
24792,4,4,9,4,1,4,1,0,2,2,1
24793,9,4,9,2,4,0,1,1,2,2,1
24794,4,4,0,4,8,4,1,0,2,2,0
24795,8,4,11,0,12,1,1,0,2,2,0
24796,9,6,0,0,3,1,0,1,2,2,0
24797,8,1,7,2,4,0,1,1,2,2,0
24798,15,4,8,2,3,0,1,1,0,4,0
24799,8,4,9,2,4,0,1,1,2,2,0
24800,13,4,9,2,12,0,1,1,0,2,1
24801,8,4,11,4,8,3,1,1,2,2,0
24802,7,5,8,2,10,0,1,1,2,2,1
24803,5,4,15,4,4,1,1,0,2,2,0
24804,10,4,0,2,8,0,0,1,0,2,1
24805,9,5,15,4,4,1,1,0,2,2,0
24806,4,7,9,4,10,3,0,1,1,2,0
24807,8,4,9,2,10,0,1,1,2,2,0
24808,6,4,15,5,12,1,1,0,2,2,0
24809,10,4,11,2,14,0,1,1,2,2,1
24810,8,4,7,2,3,0,1,1,2,2,0
24811,8,4,3,2,3,0,1,1,2,2,0
24812,5,4,9,2,3,0,0,1,2,2,1
24813,8,4,11,0,6,1,1,1,2,2,0
24814,5,4,15,4,13,3,1,0,2,2,0
24815,10,0,11,2,0,5,1,0,2,2,0
24816,5,4,12,4,4,3,1,0,2,2,0
24817,6,1,9,4,1,2,0,0,2,2,1
24818,6,7,15,0,10,4,1,0,1,2,0
24819,4,4,11,4,14,3,1,1,1,2,0
24820,6,2,15,0,6,1,1,1,2,2,1
24821,16,4,1,4,8,4,1,0,1,2,0
24822,7,4,11,2,12,5,1,0,2,2,1
24823,6,4,9,4,8,1,1,0,2,2,0
24824,9,4,9,0,4,1,1,1,2,2,0
24825,7,4,15,2,10,0,1,1,1,2,0
24826,7,4,2,2,11,0,1,1,2,2,0
24827,5,4,11,2,3,0,1,1,1,2,0
24828,6,2,15,0,8,1,1,1,2,2,0
24829,8,4,12,2,12,5,1,0,2,2,1
24830,12,4,9,6,1,4,0,0,2,2,0
24831,7,4,11,4,3,1,1,1,2,2,0
24832,8,2,9,4,10,1,1,1,2,2,1
24833,5,4,11,0,7,1,1,1,2,2,0
24834,9,4,15,4,1,1,1,0,2,4,0
24835,8,4,0,4,7,2,1,0,2,2,0
24836,6,4,9,2,4,5,1,0,2,2,1
24837,3,4,8,4,3,4,1,1,2,2,0
24838,4,4,11,4,3,3,1,1,2,1,0
24839,6,4,11,2,13,0,1,1,2,2,1
24840,6,4,11,2,13,5,1,0,2,2,1
24841,12,4,11,2,7,0,1,1,2,2,0
24842,7,4,12,2,12,0,1,1,1,2,1
24843,3,4,15,4,13,3,1,1,0,2,0
24844,10,4,11,2,4,5,0,0,2,0,0
24845,8,4,11,4,4,3,1,0,2,2,0
24846,8,4,4,2,8,0,0,1,2,4,0
24847,4,4,11,4,14,3,1,1,2,2,0
24848,7,4,15,2,3,0,1,1,1,2,1
24849,6,4,15,2,13,0,1,1,2,2,0
24850,5,7,0,2,10,0,1,1,4,2,1
24851,7,4,11,2,6,0,1,1,2,2,1
24852,11,4,11,0,6,1,1,0,2,2,1
24853,9,4,11,2,12,0,1,1,3,2,0
24854,9,4,11,2,1,5,0,0,2,2,1
24855,6,4,9,6,9,1,1,0,2,2,0
24856,10,4,12,2,4,0,1,1,2,2,0
24857,9,4,12,0,12,1,1,1,3,2,0
24858,5,4,11,4,7,1,1,1,2,2,0
24859,6,4,11,2,3,0,1,1,2,2,1
24860,3,4,11,4,6,3,1,1,0,2,0
24861,5,4,11,2,3,0,1,1,1,2,0
24862,4,0,11,4,0,1,1,1,2,2,0
24863,4,4,11,4,3,1,1,1,0,2,0
24864,7,0,5,2,0,0,1,1,1,2,1
24865,4,0,15,4,0,1,1,1,2,2,0
24866,7,2,11,2,8,0,1,1,2,2,1
24867,3,0,15,4,0,1,1,1,1,2,0
24868,6,4,11,2,14,0,1,1,2,2,0
24869,4,4,9,4,12,3,1,1,2,2,0
24870,4,4,8,4,10,1,1,0,2,2,1
24871,10,4,11,2,7,0,1,1,2,1,1
24872,13,4,12,2,4,0,1,1,1,2,1
24873,5,4,15,0,12,1,1,1,1,2,0
24874,4,0,0,4,0,2,1,1,2,2,0
24875,5,4,11,4,7,3,1,0,1,2,0
24876,7,5,11,4,4,1,0,1,0,2,1
24877,8,4,11,2,14,0,0,1,2,2,0
24878,4,4,15,4,12,1,1,0,2,2,0
24879,4,4,15,4,3,1,1,1,2,2,0
24880,5,4,15,4,4,1,1,1,1,2,0
24881,9,4,9,2,4,0,1,1,2,2,1
24882,6,4,8,4,13,3,0,1,2,2,0
24883,8,4,11,2,3,5,1,0,2,2,0
24884,4,4,15,4,8,1,1,0,1,2,0
24885,6,6,9,4,13,1,1,0,2,2,0
24886,10,4,2,2,3,0,1,1,2,2,1
24887,12,4,9,2,4,0,0,1,1,0,1
24888,7,4,15,4,9,1,1,0,3,2,0
24889,5,4,12,4,4,3,1,0,2,1,0
24890,9,4,11,2,8,5,1,0,0,2,1
24891,11,6,11,2,12,0,1,1,2,2,0
24892,12,4,12,0,8,1,1,1,2,1,0
24893,5,4,12,4,10,3,1,1,2,2,0
24894,12,4,9,2,10,0,0,1,2,2,0
24895,8,4,15,0,7,2,1,1,2,2,0
24896,6,4,11,0,1,1,0,0,2,2,0
24897,7,4,15,4,1,4,0,0,2,0,0
24898,10,2,5,2,14,0,1,1,2,2,1
24899,9,4,9,0,10,4,0,0,2,2,0
24900,7,6,11,2,10,0,1,1,2,2,0
24901,8,7,5,2,5,0,1,1,2,2,1
24902,7,4,15,4,12,1,0,0,2,2,0
24903,5,7,9,5,10,4,1,1,2,2,0
24904,4,4,11,4,14,3,1,1,2,2,0
24905,4,4,11,4,10,3,1,1,1,2,0
24906,8,1,11,2,1,0,1,1,2,2,1
24907,4,4,11,3,1,1,1,0,2,2,0
24908,11,4,7,2,1,0,1,1,2,2,0
24909,7,4,15,2,1,0,1,1,3,2,1
24910,8,4,15,0,13,1,1,1,2,2,0
24911,11,6,11,2,5,0,1,1,2,2,0
24912,5,4,1,4,8,3,1,0,1,2,0
24913,8,4,15,0,3,4,0,1,2,2,0
24914,3,1,9,4,10,1,0,1,1,0,0
24915,8,4,15,0,3,1,1,1,2,2,1
24916,5,6,15,4,3,3,1,1,2,2,0
24917,4,4,11,3,1,4,0,0,1,2,0
24918,5,4,11,2,7,3,1,0,2,2,0
24919,7,6,12,2,4,0,0,1,2,0,1
24920,9,4,11,2,1,5,1,0,2,2,0
24921,11,4,15,2,7,0,1,1,1,2,1
24922,9,1,11,0,1,1,1,0,2,2,1
24923,8,4,15,0,8,4,1,0,3,2,0
24924,5,4,11,2,1,0,1,1,2,2,1
24925,5,7,15,4,8,4,1,0,2,2,0
24926,5,4,15,2,10,0,1,1,2,2,0
24927,12,4,12,2,6,0,1,1,0,1,0
24928,10,4,15,2,14,0,1,1,2,2,0
24929,4,6,7,4,3,3,1,1,1,2,0
24930,7,4,11,6,1,1,1,0,2,2,0
24931,13,4,2,6,7,1,1,0,2,2,0
24932,8,4,11,2,14,0,1,1,2,2,1
24933,12,4,11,6,7,4,1,0,1,2,0
24934,10,4,7,2,13,5,1,0,2,2,1
24935,5,4,11,4,1,1,0,0,2,0,1
24936,9,6,12,2,10,0,1,1,2,2,0
24937,8,4,11,2,3,0,1,1,4,2,0
24938,5,2,15,4,14,1,0,1,2,4,1
24939,10,7,11,2,1,5,1,0,2,2,1
24940,8,4,2,2,6,0,1,1,2,2,0
24941,10,4,5,0,1,4,0,0,1,2,1
24942,6,4,7,4,3,3,1,1,2,2,0
24943,9,7,9,2,4,2,1,1,2,2,0
24944,9,4,15,0,8,4,0,0,2,2,0
24945,11,7,11,4,1,3,1,0,2,2,0
24946,7,6,11,2,12,0,1,1,2,2,0
24947,6,2,9,0,10,1,1,0,2,2,0
24948,10,0,11,0,0,4,1,0,2,2,1
24949,6,4,5,2,8,0,1,1,2,2,1
24950,6,4,8,2,3,0,0,1,2,2,1
24951,15,4,11,2,6,0,1,1,2,2,1
24952,10,4,15,0,3,2,1,1,2,2,0
24953,14,2,9,6,4,4,1,0,1,2,0
24954,4,4,11,4,7,3,1,1,2,2,0
24955,5,6,11,4,5,1,1,1,1,2,0
24956,4,4,11,4,3,1,1,1,2,2,0
24957,10,4,9,0,10,1,1,1,2,2,0
24958,4,4,11,4,12,4,1,0,2,2,0
24959,3,5,7,4,4,3,1,1,1,2,0
24960,14,4,15,4,1,1,1,0,2,2,0
24961,8,4,11,2,14,0,1,1,1,2,0
24962,7,0,11,2,0,2,1,1,3,2,0
24963,6,4,11,2,14,0,1,1,1,2,0
24964,4,4,15,4,4,3,1,0,2,2,0
24965,7,2,11,2,10,0,1,1,2,2,1
24966,7,6,15,2,3,0,1,1,2,2,0
24967,13,7,8,6,11,1,1,1,1,2,0
24968,9,4,13,2,5,0,1,1,2,2,0
24969,7,4,12,2,10,0,1,1,1,2,0
24970,6,7,1,2,6,0,1,1,2,2,1
24971,13,4,11,4,1,1,1,0,2,2,0
24972,9,4,8,2,13,0,1,1,2,2,1
24973,8,6,14,0,10,4,1,1,2,2,0
24974,6,4,15,0,3,1,0,0,3,2,0
24975,5,4,12,4,13,3,1,0,2,2,0
24976,10,5,11,2,4,0,1,1,2,2,1
24977,8,4,15,2,3,2,1,0,2,2,0
24978,13,4,14,2,10,0,0,1,1,2,1
24979,9,4,9,0,7,4,1,0,2,2,0
24980,8,4,9,4,10,3,1,0,2,2,0
24981,13,4,15,2,12,0,1,1,3,2,0
24982,4,2,8,4,1,4,1,0,2,1,0
24983,8,4,11,0,8,4,1,0,1,2,0
24984,5,4,15,4,8,4,1,0,2,2,0
24985,13,4,11,2,3,0,0,1,2,2,0
24986,4,2,15,4,1,1,1,0,2,2,0
24987,5,4,8,4,4,1,1,0,2,2,0
24988,6,4,9,4,10,4,1,0,1,2,0
24989,10,5,12,2,10,0,1,1,1,2,0
24990,9,4,9,2,4,0,0,1,2,2,1
24991,8,6,12,4,10,3,1,0,2,2,0
24992,11,4,15,2,4,0,0,1,2,0,1
24993,13,4,2,6,8,4,1,0,2,2,0
24994,7,4,11,4,12,3,1,0,2,2,1
24995,12,4,9,2,12,0,1,1,1,2,0
24996,10,4,15,5,5,4,1,1,2,2,0
24997,8,4,11,2,7,0,1,1,2,2,0
24998,7,4,15,2,12,0,1,1,2,2,1
24999,6,7,0,3,3,4,1,1,2,2,0
25000,7,4,11,4,5,3,0,1,1,2,0
25001,13,4,11,0,14,4,1,0,2,2,0
25002,6,7,12,4,1,3,1,0,2,2,0
25003,6,4,7,2,7,0,1,1,3,3,0
25004,10,4,11,0,9,1,1,0,2,2,0
25005,11,4,15,0,6,4,1,1,2,2,0
25006,8,4,1,0,1,4,0,0,2,2,1
25007,12,2,1,2,14,0,1,1,0,2,1
25008,4,4,7,4,12,3,1,1,1,2,0
25009,3,2,9,4,10,3,0,0,1,0,0
25010,9,4,9,2,14,0,1,1,2,2,0
25011,10,4,9,2,12,0,1,1,2,2,0
25012,5,4,7,4,12,1,1,1,2,2,0
25013,6,4,11,2,12,0,1,1,2,2,1
25014,8,4,15,2,4,0,1,1,2,2,0
25015,5,7,15,2,3,0,1,1,2,2,1
25016,7,4,15,2,7,0,1,1,2,2,1
25017,4,4,9,0,4,4,0,0,2,2,0
25018,8,1,11,0,1,4,1,1,3,2,0
25019,6,4,8,4,7,4,1,0,2,2,0
25020,3,7,9,4,11,1,1,1,1,2,0
25021,3,4,11,4,12,3,1,1,1,2,0
25022,10,4,9,0,10,1,1,0,2,2,0
25023,6,4,8,4,3,1,1,1,1,2,0
25024,12,4,11,0,8,4,1,0,3,2,0
25025,8,7,12,4,10,3,1,0,4,2,0
25026,4,4,2,2,6,0,1,1,2,2,0
25027,12,4,9,6,8,1,0,0,1,2,0
25028,3,6,15,4,4,3,1,0,1,2,1
25029,8,4,11,4,6,1,1,1,3,2,0
25030,7,4,2,2,12,0,0,1,1,2,0
25031,6,4,15,2,12,3,1,0,4,2,0
25032,13,4,11,2,3,0,1,1,0,2,0
25033,3,4,11,4,7,1,1,1,0,2,0
25034,4,5,9,4,4,3,1,0,2,2,0
25035,3,4,11,4,6,1,1,1,2,2,0
25036,5,4,0,0,8,2,1,0,2,2,0
25037,4,5,8,4,4,3,1,0,1,2,0
25038,4,4,8,4,4,3,1,0,1,2,0
25039,6,4,7,2,1,0,1,1,3,2,0
25040,18,4,11,2,8,0,1,1,2,2,0
25041,5,4,7,2,12,0,1,1,2,2,1
25042,7,4,11,2,7,0,1,1,2,2,1
25043,8,4,11,2,1,0,1,1,2,2,0
25044,5,4,11,5,8,4,1,0,2,2,0
25045,8,5,9,5,4,1,1,0,4,2,0
25046,16,4,15,6,11,1,1,0,0,2,0
25047,6,4,6,2,3,0,1,1,2,2,1
25048,13,4,11,6,4,4,1,0,4,2,0
25049,5,6,11,0,5,1,1,1,2,2,0
25050,3,4,9,4,1,4,0,1,2,2,0
25051,10,2,14,2,10,0,1,1,2,2,1
25052,9,4,9,2,4,0,1,1,2,2,1
25053,7,0,0,2,0,0,1,1,2,2,0
25054,7,4,15,2,1,5,1,0,2,2,0
25055,11,2,12,2,10,0,1,1,1,2,0
25056,5,4,11,2,5,0,1,1,2,2,0
25057,6,4,9,4,1,3,1,0,2,2,0
25058,4,4,15,4,8,1,0,0,0,2,0
25059,8,4,11,2,3,0,1,1,2,2,0
25060,11,4,15,2,1,0,1,1,2,2,1
25061,5,4,11,4,6,3,1,1,3,2,0
25062,7,4,11,2,3,0,1,1,2,2,0
25063,4,0,11,4,0,4,1,0,2,1,0
25064,8,4,8,2,1,0,1,1,2,2,1
25065,15,4,7,2,4,5,1,0,2,2,0
25066,5,6,11,2,5,0,1,1,2,2,1
25067,8,4,6,2,8,0,1,1,2,2,0
25068,6,2,9,5,10,1,1,0,0,2,0
25069,6,4,9,2,10,0,1,1,2,2,1
25070,4,4,1,2,12,0,1,1,1,2,1
25071,7,4,15,4,12,3,1,0,2,2,0
25072,12,4,11,2,3,0,1,1,2,2,0
25073,9,4,11,0,6,1,1,0,2,2,0
25074,5,4,11,4,9,4,1,0,2,2,0
25075,5,4,5,2,5,0,1,1,2,2,0
25076,5,6,11,2,3,0,1,1,1,2,0
25077,4,4,15,4,10,1,1,1,1,2,0
25078,11,2,9,2,10,0,1,1,2,2,0
25079,5,4,5,4,8,1,1,0,2,2,0
25080,10,1,11,2,4,0,1,1,2,2,0
25081,8,4,11,2,3,0,1,1,3,2,0
25082,9,6,11,2,5,2,1,1,2,2,0
25083,12,4,9,0,8,4,1,0,1,2,0
25084,4,7,1,4,14,1,1,1,1,2,0
25085,6,4,11,0,6,4,1,0,3,2,0
25086,10,4,9,2,10,0,1,1,2,2,1
25087,4,4,2,4,1,1,1,0,3,2,1
25088,7,4,9,2,10,0,1,1,2,2,1
25089,12,4,11,2,13,5,1,0,2,2,0
25090,5,4,0,2,12,0,1,1,2,2,0
25091,6,4,11,4,3,3,1,1,1,2,0
25092,8,5,9,2,3,0,1,1,2,2,1
25093,10,0,11,0,0,4,0,0,2,2,0
25094,10,7,1,0,8,1,1,0,2,2,0
25095,6,4,6,0,8,3,1,0,2,4,0
25096,7,4,8,4,3,1,1,1,2,2,0
25097,14,4,12,6,10,1,1,0,1,2,0
25098,6,4,15,4,6,4,1,0,3,2,0
25099,6,4,4,0,8,4,1,0,2,2,0
25100,4,4,15,4,12,1,1,0,2,2,0
25101,3,6,11,4,4,1,1,1,1,2,0
25102,4,0,11,4,0,1,1,0,1,2,0
25103,9,4,2,2,9,2,1,0,4,2,0
25104,5,4,9,4,10,1,1,1,2,2,0
25105,9,4,11,6,1,1,1,0,2,2,0
25106,8,4,11,0,3,1,1,1,3,2,0
25107,9,4,11,2,8,4,1,0,2,2,0
25108,8,4,10,2,6,0,1,1,1,2,0
25109,5,6,9,2,4,0,1,1,1,2,1
25110,9,4,12,2,10,0,1,1,1,2,1
25111,4,4,15,0,8,4,1,1,2,2,0
25112,4,4,11,4,3,1,1,1,2,2,0
25113,8,4,5,2,3,0,1,1,2,2,0
25114,4,4,15,4,13,1,1,0,2,2,0
25115,11,4,2,0,12,4,1,0,2,2,0
25116,12,4,15,0,10,1,1,0,2,2,0
25117,4,4,2,2,3,0,1,1,2,2,0
25118,7,2,8,4,13,1,1,0,2,2,0
25119,6,4,11,4,3,3,1,1,2,2,0
25120,5,0,11,4,0,1,1,0,3,2,0
25121,7,6,9,0,10,4,1,0,2,2,0
25122,7,4,8,2,12,0,1,1,2,2,0
25123,8,4,10,2,10,0,1,1,2,2,0
25124,7,4,9,0,10,1,1,0,3,2,0
25125,8,5,12,2,10,0,1,1,2,2,1
25126,4,4,11,2,11,0,1,1,1,2,0
25127,13,4,11,6,1,4,1,0,0,2,0
25128,7,4,9,2,10,0,1,1,2,2,0
25129,13,4,11,2,8,0,1,1,0,2,0
25130,10,4,11,2,1,0,1,1,2,2,1
25131,4,6,7,2,3,0,1,1,2,2,1
25132,10,4,8,2,4,0,1,1,3,2,0
25133,7,4,7,4,8,3,1,1,2,2,0
25134,9,4,11,4,12,1,1,1,2,2,0
25135,8,4,11,2,4,5,1,0,2,2,1
25136,6,6,7,4,3,1,1,1,2,2,0
25137,4,4,11,4,14,3,1,1,1,2,0
25138,6,4,6,2,14,0,1,1,1,2,0
25139,7,4,11,2,14,0,1,1,2,2,1
25140,4,4,11,5,8,1,1,1,2,4,0
25141,3,4,9,4,1,1,1,0,1,2,0
25142,7,4,15,2,4,0,0,1,2,2,0
25143,11,7,15,2,11,0,1,1,2,2,0
25144,9,4,11,2,8,5,1,0,2,2,0
25145,10,4,12,2,4,0,1,1,1,2,1
25146,6,4,15,2,3,0,1,1,2,2,0
25147,5,4,1,4,6,3,1,1,2,2,0
25148,4,4,15,4,14,1,1,1,1,2,0
25149,8,4,11,2,8,5,0,0,2,2,0
25150,10,4,9,0,10,4,1,1,2,2,0
25151,7,4,8,2,6,0,1,1,2,2,0
25152,11,4,11,0,7,1,1,1,1,2,0
25153,7,6,2,0,8,3,1,1,2,2,0
25154,4,4,7,4,8,1,1,0,2,2,0
25155,15,4,15,2,3,0,1,1,1,2,0
25156,4,4,11,4,8,2,1,0,2,2,0
25157,7,5,11,2,3,0,1,1,2,2,0
25158,5,4,15,2,14,0,0,1,2,2,0
25159,8,4,11,4,3,3,1,1,2,2,0
25160,10,4,7,2,3,0,1,1,1,2,1
25161,6,4,15,2,8,5,1,0,3,2,0
25162,7,4,9,4,10,3,0,1,2,2,0
25163,7,6,15,2,3,0,1,1,2,2,0
25164,5,4,5,4,7,4,1,1,2,2,0
25165,3,4,15,4,1,3,1,0,1,2,0
25166,8,6,9,2,4,0,0,1,2,2,1
25167,7,7,11,2,11,0,1,1,2,2,1
25168,9,4,11,0,4,1,1,0,1,2,0
25169,13,4,11,0,8,1,1,1,2,2,0
25170,5,4,15,0,12,1,1,0,2,2,0
25171,10,4,11,0,4,1,1,0,2,2,0
25172,9,6,9,2,12,0,1,1,2,2,0
25173,10,7,15,2,1,0,1,1,1,2,1
25174,9,4,15,2,12,0,1,1,1,2,1
25175,11,4,11,2,6,0,1,1,2,2,0
25176,7,4,9,0,3,4,0,0,2,2,0
25177,5,2,15,2,8,0,1,1,2,2,1
25178,9,2,15,2,10,0,1,1,2,2,0
25179,13,4,9,2,10,0,1,1,1,2,1
25180,3,4,15,4,14,3,1,1,0,1,0
25181,12,4,0,2,7,0,1,1,0,2,1
25182,8,4,9,2,4,0,1,1,2,2,0
25183,7,4,15,2,1,0,1,1,2,2,0
25184,7,4,9,2,12,5,1,0,2,2,0
25185,8,4,9,2,4,0,1,1,2,2,0
25186,7,7,9,0,1,4,1,0,1,2,0
25187,9,4,11,0,5,1,1,1,2,2,0
25188,8,4,7,2,4,0,1,1,3,2,0
25189,12,4,9,2,10,0,1,1,2,2,0
25190,4,4,7,4,4,1,1,0,2,2,0
25191,5,0,9,4,0,4,1,0,2,2,0
25192,5,2,15,2,10,0,1,1,2,2,0
25193,13,4,10,6,4,4,1,0,1,2,0
25194,6,4,10,4,10,1,1,0,2,2,0
25195,6,4,12,4,12,3,1,0,2,2,0
25196,7,1,11,2,4,0,1,1,2,2,0
25197,7,6,11,2,3,0,1,1,1,2,0
25198,6,4,15,2,4,0,1,1,3,2,0
25199,6,4,9,2,12,0,1,1,1,2,0
25200,8,4,9,2,12,0,1,1,2,2,0
25201,8,7,11,5,1,1,1,1,2,2,0
25202,5,4,15,4,10,1,1,1,2,2,0
25203,7,4,15,2,7,0,1,1,3,2,0
25204,10,4,11,2,3,0,1,1,2,2,0
25205,7,4,15,2,12,0,1,1,2,2,1
25206,4,5,11,2,4,0,1,1,1,2,0
25207,13,0,11,0,0,4,0,0,1,2,0
25208,3,4,15,4,4,1,1,1,1,2,0
25209,4,4,11,2,1,5,1,0,2,2,0
25210,5,4,11,4,7,1,0,0,1,2,0
25211,4,6,11,4,12,1,1,0,2,2,0
25212,9,6,15,2,4,0,1,1,2,2,0
25213,7,4,8,2,8,5,1,0,2,2,0
25214,11,4,15,2,4,0,1,1,2,2,0
25215,3,4,15,4,3,3,1,1,1,2,0
25216,5,4,11,4,1,1,1,0,0,2,0
25217,6,4,11,2,6,0,1,1,2,2,1
25218,4,0,11,4,0,1,1,0,1,2,0
25219,5,4,11,0,10,1,1,0,2,2,0
25220,7,4,11,0,14,1,1,1,2,2,0
25221,6,4,15,2,12,0,1,1,2,2,1
25222,11,4,15,2,3,0,1,1,2,2,1
25223,5,0,11,4,0,1,0,1,2,2,0
25224,9,2,9,2,4,0,1,1,2,2,1
25225,7,4,11,2,5,0,1,1,2,2,0
25226,8,4,7,0,12,3,1,1,1,2,0
25227,4,4,9,4,12,1,1,0,2,2,0
25228,14,4,9,2,12,4,0,0,0,2,0
25229,8,4,11,2,14,0,1,1,2,2,1
25230,6,6,9,2,12,0,1,1,2,2,1
25231,4,4,8,4,10,1,1,1,2,2,0
25232,6,6,9,4,4,3,1,0,2,2,0
25233,5,6,9,2,10,0,0,1,1,2,0
25234,6,1,15,2,4,0,1,1,2,2,0
25235,8,4,11,0,8,2,1,0,1,2,0
25236,10,4,10,2,4,5,1,0,2,2,1
25237,4,4,6,0,3,1,1,0,2,2,0
25238,9,4,11,2,3,0,1,1,2,2,1
25239,6,4,1,4,7,3,0,1,2,2,0
25240,5,4,9,2,10,0,0,1,2,2,0
25241,10,4,9,6,3,1,1,1,2,2,0
25242,16,4,15,0,8,1,1,0,1,2,0
25243,4,6,11,4,4,2,1,0,2,2,0
25244,11,5,14,2,10,0,0,1,2,2,1
25245,5,4,11,2,14,0,1,1,2,2,0
25246,9,6,9,0,10,1,1,1,2,2,0
25247,11,4,10,2,10,5,1,0,3,2,0
25248,7,4,9,0,10,1,1,1,2,2,0
25249,6,4,15,2,5,0,0,1,2,2,1
25250,5,4,9,4,8,1,0,0,2,2,0
25251,8,4,12,0,12,4,0,0,1,2,0
25252,9,4,15,4,1,3,1,1,1,2,0
25253,4,4,11,4,7,1,1,0,2,2,0
25254,11,2,11,2,8,0,1,1,0,2,1
25255,11,4,11,2,14,0,1,1,2,2,1
25256,4,2,12,4,10,3,1,0,2,2,0
25257,9,5,11,0,12,3,1,1,2,2,0
25258,6,5,6,2,3,0,1,1,1,2,1
25259,8,4,11,2,7,0,1,1,2,2,0
25260,6,6,15,2,3,0,1,1,3,2,0
25261,15,2,15,2,11,0,1,1,2,2,0
25262,12,4,9,2,4,0,1,1,1,2,0
25263,7,4,7,2,12,0,1,1,2,2,0
25264,10,2,15,0,14,1,1,1,2,2,0
25265,9,4,12,2,6,0,1,1,2,2,0
25266,11,7,12,2,10,0,1,1,3,2,1
25267,12,4,8,2,6,0,0,1,2,2,1
25268,10,4,11,2,6,0,1,1,3,2,1
25269,4,6,11,4,1,3,1,0,1,2,0
25270,4,4,12,2,13,0,1,1,2,2,0
25271,9,1,12,2,10,5,0,0,2,2,1
25272,10,6,15,4,12,1,1,0,1,2,0
25273,6,4,11,2,12,0,1,1,2,2,0
25274,3,6,9,4,4,3,1,1,1,2,0
25275,8,4,9,2,13,0,1,1,1,2,1
25276,3,4,9,4,6,4,1,0,1,2,0
25277,6,6,11,2,3,0,1,1,2,2,1
25278,15,2,14,2,10,0,1,1,2,2,1
25279,12,4,14,2,10,0,1,1,2,2,0
25280,6,4,11,2,12,0,1,1,2,2,1
25281,9,4,9,0,4,3,1,1,2,2,0
25282,8,4,15,5,1,4,0,0,2,2,0
25283,12,4,11,2,6,0,1,1,2,2,0
25284,9,4,15,0,12,1,1,1,2,2,1
25285,6,4,15,4,1,3,1,0,3,2,0
25286,4,7,9,4,10,4,1,0,1,2,0
25287,9,4,15,2,6,0,0,1,1,2,1
25288,7,4,15,4,4,2,0,0,2,2,0
25289,6,4,9,2,3,5,1,0,2,2,1
25290,4,4,9,4,10,3,1,1,0,2,0
25291,6,0,9,4,0,3,1,1,2,2,0
25292,3,4,11,4,6,1,1,0,1,2,0
25293,4,4,11,2,14,0,0,1,2,2,1
25294,7,5,15,2,4,0,1,1,2,2,1
25295,10,4,11,2,1,0,1,1,2,2,1
25296,8,4,11,0,8,1,1,1,2,2,1
25297,8,2,14,2,10,0,1,1,2,2,1
25298,8,4,15,3,12,1,0,0,2,2,0
25299,3,4,15,4,8,3,1,1,1,2,0
25300,7,4,9,0,12,1,1,1,2,2,0
25301,8,6,0,4,3,3,1,1,1,2,0
25302,8,4,9,5,1,1,1,0,2,2,0
25303,8,4,15,2,8,0,1,1,2,2,0
25304,7,4,15,2,8,0,1,1,2,2,1
25305,8,4,11,2,1,5,1,0,2,2,1
25306,9,4,11,2,12,0,1,1,2,2,1
25307,6,4,14,2,10,5,1,0,1,2,1
25308,5,6,15,4,1,1,1,0,0,2,0
25309,9,4,15,2,8,0,1,1,2,2,0
25310,8,4,15,4,4,3,1,1,4,2,0
25311,4,4,15,4,6,1,1,1,0,2,0
25312,9,6,0,2,5,0,1,1,1,2,0
25313,4,4,15,2,10,0,1,1,0,2,0
25314,3,4,12,4,12,1,1,0,1,2,0
25315,9,4,8,4,8,3,0,0,2,2,0
25316,11,4,9,3,12,1,1,1,2,2,0
25317,10,4,15,2,12,0,1,1,3,2,0
25318,11,4,9,0,12,1,1,1,1,2,0
25319,8,4,8,2,1,0,1,1,2,2,0
25320,5,4,11,4,1,3,1,0,2,2,0
25321,12,4,11,2,14,0,1,1,1,2,0
25322,4,4,11,2,6,0,0,1,1,0,1
25323,9,6,11,2,5,0,1,1,2,2,0
25324,3,2,9,4,11,1,1,0,0,2,0
25325,8,4,11,2,4,0,1,1,2,2,1
25326,5,4,11,5,1,2,1,0,2,2,0
25327,3,4,15,4,10,4,1,0,0,2,0
25328,10,6,11,6,12,1,1,1,2,2,0
25329,8,4,11,0,3,4,1,1,1,2,0
25330,8,4,0,2,8,0,0,1,1,2,0
25331,6,6,11,2,10,0,1,1,2,2,1
25332,7,4,11,4,8,3,1,1,2,2,0
25333,4,4,9,4,4,2,1,0,2,2,0
25334,8,4,11,2,7,0,1,1,1,2,0
25335,6,0,8,2,0,0,1,1,2,2,0
25336,6,4,7,4,12,3,1,1,2,2,0
25337,10,4,11,2,6,0,1,1,2,2,1
25338,5,4,11,4,12,3,1,1,2,2,0
25339,11,4,11,2,3,0,1,1,1,2,0
25340,6,4,9,2,12,0,1,1,2,2,1
25341,8,4,15,0,8,1,1,1,2,2,1
25342,6,4,15,0,8,4,1,0,2,2,0
25343,3,4,11,4,10,3,1,0,0,2,0
25344,4,1,12,4,13,3,1,0,2,2,0
25345,11,0,15,0,0,1,0,0,1,2,0
25346,4,4,15,4,1,1,1,0,2,2,0
25347,7,7,9,2,6,0,1,1,2,2,0
25348,5,4,15,4,1,2,1,0,2,2,0
25349,4,4,11,4,8,1,1,0,1,2,0
25350,12,6,12,2,10,5,1,0,2,2,1
25351,6,4,7,4,12,0,1,1,2,4,1
25352,5,4,9,4,10,4,0,0,2,2,0
25353,9,4,9,0,10,4,0,0,2,2,0
25354,8,4,6,2,12,0,1,1,2,2,0
25355,8,4,9,0,4,4,0,0,2,2,1
25356,7,4,9,2,3,0,1,1,2,2,1
25357,12,2,11,4,3,3,1,1,2,2,1
25358,10,4,11,2,3,0,1,1,2,2,0
25359,11,4,11,2,14,0,1,1,2,2,0
25360,8,6,11,2,14,0,1,1,2,2,0
25361,11,4,8,4,1,1,1,0,2,2,0
25362,7,4,0,2,5,0,1,1,2,2,1
25363,4,4,11,4,11,1,1,1,1,2,0
25364,9,4,11,0,4,1,1,0,2,2,0
25365,4,7,10,4,10,3,1,1,1,2,0
25366,13,4,11,2,7,0,1,1,2,2,0
25367,8,2,15,2,10,0,1,1,1,2,1
25368,3,5,11,4,4,1,1,0,2,2,0
25369,6,4,9,0,3,4,1,1,2,2,0
25370,5,4,9,4,1,4,1,0,2,2,0
25371,6,2,15,0,3,1,1,1,2,2,0
25372,8,4,10,0,12,4,0,0,2,0,0
25373,3,0,1,4,0,3,1,1,1,2,0
25374,5,1,11,2,4,0,1,1,2,2,0
25375,6,4,8,4,13,4,1,0,2,2,0
25376,5,7,11,2,8,0,1,1,2,2,1
25377,6,4,9,2,10,0,0,1,2,0,0
25378,9,6,11,2,14,0,1,1,2,2,1
25379,10,4,11,2,6,0,1,1,3,2,1
25380,4,4,11,4,6,1,1,1,1,2,0
25381,6,1,11,2,3,0,0,1,1,2,1
25382,6,0,15,4,0,1,0,0,3,2,0
25383,8,4,9,4,12,1,1,1,2,2,0
25384,6,0,11,4,0,3,1,1,2,2,0
25385,11,4,11,0,1,4,1,0,2,2,0
25386,9,4,11,2,14,0,1,1,2,2,0
25387,7,4,11,2,3,0,1,1,2,2,0
25388,9,4,11,2,6,0,0,1,2,0,0
25389,5,6,15,2,3,0,1,1,2,2,0
25390,10,4,10,4,10,1,1,0,2,2,0
25391,14,4,8,2,3,0,1,1,1,2,0
25392,4,4,1,4,12,1,1,0,2,2,0
25393,5,4,1,2,5,0,1,1,2,2,0
25394,13,4,15,6,8,1,1,1,1,2,0
25395,8,4,11,5,8,1,1,1,2,2,0
25396,9,4,12,2,10,0,1,1,2,2,0
25397,3,4,1,4,8,3,1,1,1,2,0
25398,9,4,9,2,4,5,1,0,1,1,0
25399,9,4,8,4,8,3,1,1,2,2,0
25400,9,4,10,0,10,3,1,1,2,2,0
25401,12,4,8,6,3,1,1,1,1,2,1
25402,3,4,0,3,14,3,1,1,1,2,0
25403,4,4,9,4,4,3,1,0,2,2,0
25404,5,4,15,2,8,0,1,1,2,2,1
25405,4,0,9,2,0,5,1,0,0,2,1
25406,7,4,7,4,10,1,1,1,1,2,1
25407,5,5,15,2,10,0,1,1,3,2,1
25408,5,7,15,0,11,1,1,1,1,2,0
25409,14,2,15,6,10,4,1,0,0,2,0
25410,4,4,15,4,13,3,0,0,2,2,0
25411,11,4,2,2,3,0,1,1,2,2,0
25412,6,4,6,4,3,1,1,1,2,2,0
25413,9,4,15,4,4,3,1,1,1,2,0
25414,6,4,15,2,3,0,1,1,2,2,0
25415,4,4,9,4,10,1,1,1,2,2,0
25416,5,4,11,4,12,1,1,1,2,2,0
25417,12,4,12,6,4,1,1,0,2,2,0
25418,4,4,11,2,3,0,1,1,2,2,1
25419,7,4,11,2,1,0,1,1,2,2,1
25420,6,6,10,0,10,4,1,0,2,2,0
25421,7,4,11,2,8,0,1,1,2,2,1
25422,4,4,11,2,8,0,0,1,1,2,0
25423,5,4,9,2,4,5,1,0,2,2,1
25424,12,4,11,2,6,0,1,1,2,2,0
25425,6,4,11,4,7,1,1,1,1,2,0
25426,9,4,11,2,11,0,1,1,2,2,1
25427,11,4,15,5,7,1,1,1,2,2,0
25428,3,4,9,4,4,1,1,0,1,2,0
25429,9,4,9,2,3,0,1,1,2,2,1
25430,7,4,15,2,6,0,1,1,2,2,0
25431,10,4,9,5,1,4,0,0,0,2,0
25432,3,4,11,4,1,2,1,0,1,2,0
25433,9,4,5,2,3,0,1,1,2,2,0
25434,10,6,2,2,8,0,1,1,2,2,0
25435,6,4,15,2,12,0,1,1,1,2,0
25436,12,4,8,1,7,5,1,0,2,2,0
25437,6,4,9,2,10,0,1,1,2,2,1
25438,15,4,11,2,1,0,1,1,1,2,0
25439,7,4,11,2,12,0,1,1,1,2,0
25440,4,4,15,4,1,3,1,0,2,2,0
25441,6,4,15,4,12,1,1,1,2,2,0
25442,10,4,11,2,8,0,1,1,2,2,0
25443,9,4,11,2,14,0,1,1,3,2,0
25444,7,6,15,0,10,4,1,0,2,2,0
25445,3,4,8,4,7,1,1,0,1,2,0
25446,10,0,9,0,0,1,1,1,2,2,0
25447,7,4,7,4,8,3,1,1,2,2,0
25448,6,4,15,2,14,0,1,1,2,2,0
25449,14,4,11,2,7,0,1,1,2,2,1
25450,4,4,15,4,12,3,1,0,2,2,0
25451,12,0,11,2,0,5,1,0,1,2,0
25452,7,7,15,2,4,0,1,1,2,2,0
25453,9,4,11,5,12,4,1,1,2,2,0
25454,6,4,15,0,1,1,0,0,2,2,0
25455,8,4,15,2,1,5,1,0,2,2,1
25456,4,4,11,2,7,0,1,1,2,4,0
25457,6,4,12,2,10,0,1,1,2,2,0
25458,14,4,8,4,12,3,1,0,0,2,0
25459,12,7,12,6,10,1,0,1,3,2,0
25460,5,4,11,4,7,3,1,1,2,2,0
25461,9,4,11,2,8,0,0,1,2,2,1
25462,6,2,15,2,4,0,1,1,2,2,0
25463,5,5,9,4,10,3,1,1,2,2,0
25464,9,4,11,2,1,0,1,1,2,2,1
25465,3,4,7,4,7,1,1,0,2,2,0
25466,5,4,15,4,6,1,1,1,3,2,0
25467,5,6,15,4,3,1,1,1,1,2,0
25468,7,4,15,4,1,1,0,0,2,0,0
25469,9,4,11,4,8,3,1,0,2,2,0
25470,7,4,9,2,4,0,0,1,2,2,0
25471,7,4,11,2,14,0,1,1,2,2,1
25472,6,4,15,4,3,1,1,1,2,2,0
25473,9,0,15,2,0,0,1,1,2,2,1
25474,9,6,11,2,7,0,1,1,2,2,1
25475,10,4,11,0,4,4,1,0,2,2,0
25476,3,4,15,4,8,4,1,1,1,2,0
25477,6,2,12,2,10,5,0,0,2,2,1
25478,5,6,9,4,4,3,1,0,2,2,0
25479,4,4,15,4,14,2,0,1,1,2,0
25480,11,4,15,2,7,0,1,1,1,2,0
25481,9,4,8,0,13,3,1,0,2,2,0
25482,9,2,11,0,1,1,1,0,2,2,0
25483,8,4,11,2,7,0,1,1,2,2,0
25484,12,4,15,2,5,0,1,1,1,2,0
25485,3,4,9,4,13,3,1,1,1,2,0
25486,3,4,14,4,10,3,1,1,0,2,0
25487,7,4,11,4,12,4,1,0,2,2,0
25488,6,4,11,2,3,0,1,1,1,4,0
25489,7,4,15,2,4,0,1,1,2,2,1
25490,6,4,11,0,7,1,1,1,1,2,0
25491,3,4,3,4,7,1,1,0,3,2,0
25492,4,4,15,4,8,1,1,1,2,2,0
25493,7,5,2,2,8,0,1,1,2,2,1
25494,11,4,15,2,4,0,1,1,1,2,0
25495,10,4,11,0,7,1,1,1,2,2,0
25496,7,4,1,2,7,0,1,1,0,2,1
25497,11,4,15,0,1,4,1,0,2,2,0
25498,9,4,7,5,11,1,1,0,1,2,0
25499,8,4,15,2,10,0,1,1,2,2,0
25500,7,6,1,2,5,0,1,1,2,2,1
25501,4,2,11,4,11,3,0,1,0,2,0
25502,13,4,11,2,13,0,1,1,3,2,1
25503,4,4,12,4,12,1,1,1,2,2,0
25504,5,4,15,5,7,1,1,1,2,2,0
25505,4,4,15,4,1,3,1,0,2,2,0
25506,7,4,11,2,11,0,1,1,0,2,0
25507,3,4,11,4,4,1,1,0,1,2,0
25508,3,4,11,4,12,3,1,0,1,2,0
25509,10,2,11,2,14,0,1,1,1,2,0
25510,6,7,11,0,1,4,1,0,4,2,0
25511,6,4,0,2,7,0,1,1,2,2,1
25512,4,4,9,2,4,0,1,1,2,2,0
25513,8,5,12,2,12,0,0,1,1,2,1
25514,5,4,6,2,7,0,1,1,1,2,1
25515,8,6,11,2,4,0,1,1,2,2,0
25516,7,4,11,2,7,0,1,1,2,2,1
25517,6,6,15,2,1,0,1,1,2,2,1
25518,10,4,5,0,9,4,1,0,2,2,0
25519,6,7,15,2,11,0,1,1,2,2,0
25520,9,4,11,2,1,0,1,1,2,2,0
25521,7,4,11,2,12,0,1,1,2,2,1
25522,4,4,9,4,4,2,1,0,2,4,0
25523,6,4,15,2,12,0,1,1,1,2,0
25524,7,4,8,4,12,1,0,0,2,2,0
25525,8,4,15,4,8,2,1,0,2,2,0
25526,8,4,1,5,6,4,1,1,1,2,0
25527,6,4,1,2,3,0,1,1,2,1,0
25528,11,4,14,6,10,4,1,0,2,2,0
25529,5,0,1,2,0,0,1,1,2,2,0
25530,8,2,15,2,11,0,1,1,2,2,0
25531,9,4,10,0,10,1,1,0,2,2,0
25532,5,4,11,4,7,3,0,0,2,2,0
25533,6,4,15,4,11,3,1,1,2,2,0
25534,6,4,11,2,7,0,1,1,2,2,0
25535,9,4,7,0,4,4,0,0,2,2,0
25536,18,4,11,4,3,1,1,1,1,2,1
25537,12,4,12,2,10,0,1,1,2,2,0
25538,8,6,1,0,3,1,1,1,0,2,0
25539,7,4,8,0,13,1,1,1,2,2,0
25540,7,4,7,2,7,5,1,0,2,2,0
25541,14,4,11,6,1,4,1,0,1,2,0
25542,5,4,9,4,12,1,1,1,2,2,0
25543,5,6,9,6,12,2,1,0,2,2,0
25544,5,4,15,2,3,0,1,1,1,2,0
25545,6,4,15,0,10,1,1,0,2,2,0
25546,14,4,11,2,3,0,1,1,1,2,1
25547,11,0,15,2,0,0,1,1,2,2,1
25548,6,1,9,4,4,4,1,0,1,2,0
25549,5,4,9,4,7,3,1,1,2,2,0
25550,11,4,7,2,13,0,1,1,3,2,1
25551,7,4,11,4,1,4,1,1,2,2,0
25552,5,4,11,4,5,1,1,1,2,2,0
25553,6,2,15,2,7,0,0,1,2,2,0
25554,4,4,15,4,12,3,1,1,2,2,0
25555,5,0,15,2,0,0,0,1,2,2,0
25556,4,5,11,4,8,0,1,1,1,2,1
25557,3,4,15,4,10,1,1,0,1,2,0
25558,12,4,15,6,10,1,0,1,4,2,1
25559,9,4,15,2,8,0,0,1,2,2,0
25560,6,7,11,2,7,0,1,1,3,2,1
25561,6,6,9,4,10,2,1,0,3,2,0
25562,7,4,1,2,6,0,1,1,1,2,0
25563,8,4,11,2,8,0,1,1,2,0,0
25564,9,4,15,2,6,0,1,1,2,2,0
25565,11,2,9,2,10,0,1,1,1,2,0
25566,7,4,11,2,4,0,1,1,2,2,0
25567,4,6,15,4,12,2,1,1,2,2,0
25568,6,4,11,2,14,0,1,1,3,2,0
25569,5,4,9,2,12,0,1,1,2,2,0
25570,5,6,7,4,4,3,0,1,2,2,0
25571,7,6,1,2,4,0,1,1,2,2,1
25572,10,2,15,0,14,1,1,1,2,2,0
25573,5,6,9,2,12,0,1,1,1,2,1
25574,8,4,0,2,14,0,1,1,4,2,0
25575,7,7,15,0,11,1,1,1,2,2,0
25576,12,7,15,2,3,0,1,1,3,2,1
25577,8,4,11,0,7,4,0,1,2,2,0
25578,7,4,9,2,1,0,1,1,2,2,1
25579,12,4,11,5,7,1,1,1,2,2,0
25580,6,6,11,5,3,3,1,1,2,2,0
25581,7,4,7,0,12,1,1,0,2,2,0
25582,8,4,11,2,8,0,0,1,2,2,0
25583,5,2,15,4,13,4,1,0,2,2,0
25584,12,4,11,2,3,0,1,1,2,2,1
25585,6,4,7,2,5,0,1,1,2,2,1
25586,4,4,9,4,4,3,1,1,1,2,0
25587,4,4,15,4,4,1,1,1,2,2,0
25588,16,4,9,2,4,0,1,1,0,2,0
25589,8,4,11,2,14,0,1,1,0,2,0
25590,3,5,12,4,4,1,0,1,2,0,0
25591,6,4,10,2,4,0,1,1,2,2,0
25592,5,4,11,2,6,0,1,1,2,2,0
25593,6,4,11,4,14,1,0,1,1,2,1
25594,10,4,11,2,12,0,1,1,2,2,1
25595,7,4,9,2,13,0,1,1,2,2,1
25596,6,4,15,4,1,1,1,0,1,2,0
25597,6,4,9,2,4,0,0,1,2,2,1
25598,6,5,11,5,12,1,1,0,2,2,0
25599,15,4,6,2,3,0,1,1,0,2,0
25600,8,5,9,0,4,3,1,1,2,2,0
25601,6,4,11,2,3,0,1,1,2,2,1
25602,9,6,9,2,12,0,1,1,2,2,1
25603,8,4,11,0,4,1,1,1,0,2,0
25604,7,4,1,4,1,3,1,0,2,2,0
25605,11,5,15,6,7,4,1,0,2,2,0
25606,9,4,15,2,4,0,1,1,2,2,0
25607,11,4,12,6,10,4,0,1,1,2,0
25608,3,4,11,4,3,1,1,1,0,2,0
25609,11,4,8,2,13,0,1,1,2,2,0
25610,13,4,11,6,3,1,1,1,2,2,0
25611,5,6,11,2,14,0,1,1,2,2,1
25612,9,4,15,2,12,3,1,1,3,2,0
25613,5,4,5,2,8,0,1,1,2,2,0
25614,6,1,8,4,13,1,1,1,0,2,0
25615,4,4,4,4,7,1,1,1,1,2,0
25616,7,4,9,4,4,3,1,1,2,2,0
25617,7,4,15,4,4,1,1,1,4,2,0
25618,9,4,12,2,4,0,1,1,2,2,0
25619,8,4,15,2,3,0,1,1,2,2,0
25620,9,7,7,2,10,0,1,1,2,2,0
25621,3,4,11,4,13,3,1,0,2,2,0
25622,6,4,15,2,12,0,1,1,4,2,1
25623,6,4,11,2,8,5,1,0,2,2,1
25624,7,0,11,4,0,1,1,1,2,3,0
25625,6,4,11,3,12,4,1,0,2,2,0
25626,12,4,11,6,6,1,1,1,1,2,1
25627,13,6,11,2,3,0,1,1,2,2,0
25628,4,4,3,4,6,3,1,1,2,2,0
25629,3,5,15,4,4,2,1,0,0,2,0
25630,5,1,1,4,12,4,0,0,2,2,0
25631,9,4,11,2,1,0,0,1,2,2,0
25632,5,4,9,2,3,0,1,1,1,2,1
25633,18,4,15,2,10,0,1,1,2,2,1
25634,9,4,11,2,7,0,1,1,2,2,0
25635,14,2,15,6,11,1,1,1,2,2,0
25636,7,4,14,2,10,0,1,1,2,2,0
25637,7,2,12,4,10,1,1,1,3,2,0
25638,6,4,0,4,12,3,1,1,1,2,0
25639,4,5,11,4,4,3,1,1,1,2,0
25640,12,4,9,4,10,4,0,0,1,2,0
25641,8,6,11,2,5,0,0,1,1,2,1
25642,10,4,5,2,3,0,1,1,2,2,1
25643,6,4,11,5,12,4,1,0,1,2,0
25644,8,4,11,2,14,0,1,1,2,2,0
25645,9,4,11,2,7,0,1,1,1,2,0
25646,5,4,11,4,3,3,1,1,2,2,0
25647,3,4,11,4,6,3,1,1,2,2,0
25648,7,4,15,4,5,1,0,1,2,0,0
25649,8,4,11,2,7,0,1,1,2,2,1
25650,5,4,11,2,3,0,1,1,1,2,1
25651,7,4,12,0,10,1,1,0,2,2,0
25652,11,5,11,2,3,0,1,1,2,2,1
25653,5,7,10,4,10,4,1,1,2,2,0
25654,6,5,2,2,3,0,1,1,2,2,0
25655,4,4,15,2,12,0,1,1,1,1,1
25656,9,4,9,2,12,0,1,1,2,2,1
25657,4,4,9,4,1,3,0,0,1,4,0
25658,8,4,15,0,3,4,1,1,2,2,1
25659,5,4,9,4,10,3,1,1,2,2,0
25660,8,6,9,0,3,1,1,1,2,2,0
25661,8,4,7,2,3,0,1,1,2,2,0
25662,7,4,15,4,1,3,1,0,2,2,0
25663,7,6,8,4,5,1,1,1,3,2,0
25664,8,4,12,2,10,0,1,1,2,2,1
25665,7,4,10,5,4,4,1,0,2,2,0
25666,6,4,11,2,14,0,1,1,2,2,0
25667,4,4,15,4,1,3,1,1,1,2,0
25668,10,4,1,2,3,0,1,1,2,2,1
25669,11,4,11,6,7,4,1,0,2,2,0
25670,6,4,9,4,4,3,1,1,2,2,0
25671,11,4,11,4,1,1,1,0,2,0,0
25672,5,4,11,0,8,3,1,0,2,2,0
25673,6,4,15,5,3,1,1,1,2,2,0
25674,11,4,15,6,1,1,1,1,2,2,0
25675,4,0,11,0,0,1,1,0,2,2,0
25676,12,4,11,4,3,1,1,1,2,2,0
25677,7,4,8,5,3,4,1,1,4,2,0
25678,6,4,11,2,13,0,1,1,2,2,0
25679,5,4,11,4,12,3,1,1,2,2,0
25680,14,4,11,2,6,0,1,1,0,2,1
25681,15,4,11,2,1,0,1,1,0,2,1
25682,10,6,9,2,3,0,1,1,2,2,0
25683,4,4,11,4,1,2,1,1,2,2,1
25684,5,5,15,4,4,1,1,1,3,2,0
25685,6,2,11,2,11,0,1,1,2,2,0
25686,5,4,11,0,12,4,1,0,2,2,0
25687,7,4,15,2,7,0,1,1,2,2,0
25688,11,4,10,2,4,0,1,1,2,2,0
25689,6,4,11,2,1,0,1,1,3,2,0
25690,7,4,5,0,5,1,1,1,2,2,0
25691,6,5,11,2,12,0,1,1,2,2,0
25692,4,4,11,4,8,3,1,0,1,2,0
25693,11,4,11,0,4,1,1,0,1,2,0
25694,5,4,9,4,10,1,1,1,2,2,0
25695,6,4,11,4,1,3,1,0,2,1,0
25696,10,6,9,0,12,4,1,1,2,2,0
25697,6,4,12,4,4,1,0,1,2,4,0
25698,10,7,9,0,10,3,0,1,3,2,0
25699,5,6,15,4,8,4,1,0,2,2,0
25700,5,4,8,2,8,0,1,1,1,2,0
25701,6,4,11,2,3,0,1,1,2,2,0
25702,5,4,12,2,10,5,1,0,2,2,0
25703,8,4,9,2,1,5,0,0,2,2,1
25704,13,4,9,2,12,0,1,1,2,2,1
25705,5,4,11,3,5,1,1,1,2,2,0
25706,8,0,11,2,0,0,1,1,2,2,1
25707,5,4,11,2,12,0,1,1,2,2,0
25708,12,7,15,2,8,5,0,0,1,0,0
25709,5,2,15,2,1,0,1,1,2,2,1
25710,5,4,15,2,7,0,1,1,1,2,1
25711,6,4,9,2,8,0,1,1,1,2,1
25712,5,1,9,2,10,0,1,1,2,2,1
25713,8,4,15,2,3,0,1,1,2,2,1
25714,4,4,11,2,14,0,1,1,2,2,0
25715,4,4,9,4,10,1,1,0,2,2,0
25716,6,4,11,4,7,1,1,0,2,2,0
25717,3,4,15,4,4,1,1,1,1,2,0
25718,10,1,11,2,3,0,1,1,2,3,1
25719,9,4,9,2,12,5,1,0,2,2,1
25720,12,4,9,2,12,0,1,1,1,2,0
25721,9,4,11,0,8,4,1,0,2,2,0
25722,6,4,9,2,8,5,1,0,2,2,0
25723,5,4,9,3,4,4,1,0,2,2,0
25724,5,4,14,4,10,1,0,0,2,2,0
25725,6,0,11,0,0,1,1,1,2,2,0
25726,6,4,9,2,4,0,1,1,3,2,0
25727,10,4,15,2,14,0,1,1,2,2,0
25728,6,4,7,2,10,0,1,1,1,2,0
25729,8,4,8,4,4,1,1,1,1,2,0
25730,6,4,11,4,8,4,1,0,2,2,0
25731,4,4,11,4,11,3,0,1,1,2,0
25732,5,4,15,2,1,0,1,1,2,2,1
25733,7,4,15,0,12,1,1,0,2,2,0
25734,12,4,7,3,6,4,1,0,2,2,0
25735,8,4,11,4,1,1,1,0,1,2,0
25736,6,7,9,4,4,3,1,1,2,2,0
25737,10,4,11,2,3,0,1,1,2,2,0
25738,6,4,11,4,3,4,1,1,3,2,0
25739,4,4,5,4,7,4,1,0,1,3,0
25740,7,4,11,2,3,0,1,1,2,2,0
25741,8,4,15,2,12,0,1,1,2,2,0
25742,6,6,7,2,10,0,1,1,2,2,0
25743,3,4,15,4,1,1,1,0,0,2,0
25744,7,4,11,2,1,5,1,0,0,2,0
25745,7,4,15,2,1,0,1,1,2,2,0
25746,4,4,15,2,13,0,0,1,2,2,0
25747,3,4,8,4,13,4,0,0,0,2,1
25748,10,4,15,2,8,0,1,1,1,1,1
25749,8,4,6,0,8,4,1,0,3,2,0
25750,4,4,8,4,10,3,1,1,2,2,0
25751,7,6,8,5,4,1,1,1,3,2,0
25752,5,4,11,4,8,1,1,0,4,2,0
25753,7,4,15,0,1,3,1,0,2,2,0
25754,6,4,11,4,14,1,0,1,2,2,0
25755,9,4,15,2,1,0,1,1,2,2,1
25756,6,4,6,2,3,0,1,1,1,2,0
25757,4,0,11,4,0,3,0,0,1,2,0
25758,10,4,0,2,12,0,1,1,2,2,0
25759,7,7,11,2,4,0,1,1,2,2,0
25760,5,4,9,2,12,0,1,1,2,2,1
25761,9,4,1,2,7,5,1,0,2,2,1
25762,4,4,11,4,12,2,1,0,2,2,0
25763,9,4,11,0,11,1,1,1,3,2,0
25764,7,4,15,2,12,0,1,1,2,2,0
25765,7,6,11,2,12,0,1,1,2,3,0
25766,7,0,0,0,0,1,1,1,2,2,0
25767,7,6,7,0,1,1,1,0,2,2,0
25768,8,4,11,2,9,5,1,0,2,2,1
25769,4,6,11,4,12,1,1,1,2,2,0
25770,6,4,0,2,12,0,1,1,1,2,1
25771,6,4,2,2,6,0,1,1,2,2,0
25772,4,7,15,4,1,3,1,0,2,2,0
25773,9,4,9,5,12,3,1,0,2,2,0
25774,8,4,9,2,4,0,1,1,2,2,0
25775,10,6,8,2,3,0,1,1,2,2,1
25776,4,5,11,4,4,3,1,1,1,2,0
25777,5,1,11,4,11,3,1,0,1,2,0
25778,4,4,10,4,10,3,1,1,2,2,0
25779,4,4,9,2,3,0,1,1,0,2,0
25780,8,4,9,2,3,0,1,1,1,2,1
25781,6,4,15,2,3,0,1,1,2,2,0
25782,7,4,3,2,5,0,1,1,1,2,1
25783,7,4,11,2,6,0,1,1,2,2,0
25784,9,4,11,0,8,4,0,0,2,1,0
25785,4,6,9,4,10,1,1,1,2,2,0
25786,5,6,15,4,14,3,1,1,2,2,0
25787,11,7,9,2,1,5,0,0,2,2,0
25788,8,4,5,0,8,4,0,0,2,2,0
25789,6,4,9,2,10,0,1,1,2,2,1
25790,9,4,6,2,8,5,1,0,2,2,0
25791,4,0,2,2,0,0,1,1,1,2,1
25792,11,6,11,6,8,1,0,0,3,0,0
25793,6,4,9,4,4,1,1,1,2,2,1
25794,8,4,1,4,8,3,1,1,2,2,0
25795,8,2,14,0,10,1,1,0,2,2,1
25796,6,4,11,2,4,3,1,0,3,2,0
25797,12,4,15,0,1,1,1,0,0,2,0
25798,7,4,6,2,8,0,1,1,2,2,1
25799,9,4,11,2,12,5,1,0,4,2,0
25800,9,4,1,2,9,5,1,0,2,2,0
25801,9,4,15,5,12,4,0,1,2,2,1
25802,8,7,11,2,8,0,1,1,2,2,0
25803,7,2,11,4,10,3,1,1,2,2,0
25804,10,4,0,2,10,0,1,1,2,2,0
25805,9,4,9,2,10,0,1,1,2,2,1
25806,12,6,9,2,4,0,1,1,2,2,1
25807,9,0,15,6,0,1,1,0,2,2,1
25808,5,7,9,2,11,0,0,1,1,2,0
25809,11,2,15,2,13,0,1,1,2,2,0
25810,12,4,11,2,7,5,1,0,2,2,0
25811,7,4,1,4,3,3,1,1,2,2,0
25812,12,5,11,3,12,1,1,0,2,2,0
25813,8,2,8,2,3,0,1,1,2,2,0
25814,13,6,0,6,5,1,1,1,1,2,0
25815,10,4,11,2,6,0,1,1,1,2,1
25816,12,4,11,6,3,1,1,1,2,2,0
25817,6,4,15,2,7,0,1,1,2,2,1
25818,9,4,9,2,11,0,1,1,1,2,0
25819,3,4,4,4,3,3,1,1,1,4,0
25820,10,4,11,2,8,5,1,0,1,2,0
25821,5,4,11,4,1,3,1,0,1,2,0
25822,4,6,15,4,12,1,1,0,2,2,0
25823,9,4,11,2,1,0,1,1,2,2,0
25824,9,4,11,4,12,1,1,1,2,2,0
25825,9,4,15,2,12,5,1,0,1,2,1
25826,8,4,11,0,1,1,1,1,2,2,0
25827,10,7,8,2,10,0,1,1,2,2,0
25828,9,4,11,2,7,0,1,1,1,2,1
25829,6,4,15,4,13,4,1,0,2,2,0
25830,10,4,0,2,6,0,1,1,2,2,1
25831,7,4,11,2,1,5,0,0,2,2,1
25832,7,4,1,2,7,0,1,1,2,2,0
25833,9,4,9,5,4,4,1,1,1,2,0
25834,11,4,7,0,1,1,1,0,2,2,0
25835,4,4,12,4,4,3,1,0,2,2,0
25836,9,4,15,0,10,2,1,0,3,2,0
25837,8,4,11,2,1,0,1,1,2,2,0
25838,14,4,15,2,3,0,1,1,1,2,1
25839,7,4,11,2,1,0,1,1,2,2,1
25840,11,5,15,0,5,1,1,0,2,2,1
25841,5,4,11,4,8,3,0,1,3,2,0
25842,7,7,11,5,14,3,1,1,2,2,0
25843,13,4,7,2,12,0,1,1,2,2,1
25844,5,2,12,2,10,0,1,1,1,2,1
25845,11,1,9,2,12,5,1,0,2,2,1
25846,6,6,6,2,3,0,1,1,3,2,1
25847,5,4,11,4,1,3,1,0,2,2,0
25848,8,7,15,2,8,0,1,1,2,2,1
25849,5,2,11,4,8,4,1,0,2,2,0
25850,4,4,8,4,12,3,1,0,2,2,0
25851,12,4,11,2,3,0,1,1,2,2,1
25852,5,4,7,4,4,1,1,0,2,2,0
25853,6,0,0,4,0,1,1,0,2,2,0
25854,10,4,7,0,10,1,1,1,3,2,0
25855,7,4,8,0,3,3,0,0,2,0,0
25856,6,4,1,0,8,1,1,0,2,2,0
25857,3,4,15,4,12,3,0,0,2,2,0
25858,9,6,8,0,4,4,1,0,2,2,0
25859,9,4,12,2,10,0,1,1,2,2,1
25860,9,4,6,2,8,5,0,0,2,2,1
25861,12,4,4,2,14,0,1,1,0,2,0
25862,8,2,11,2,3,0,1,1,2,2,0
25863,7,4,9,0,10,1,1,0,2,2,0
25864,9,4,11,6,12,1,1,0,1,2,0
25865,4,2,15,4,1,3,1,0,2,2,0
25866,7,4,8,4,4,3,1,0,2,2,0
25867,6,0,15,2,0,0,1,1,1,2,0
25868,7,4,6,2,3,0,1,1,2,2,1
25869,6,5,12,2,4,0,1,1,2,2,0
25870,7,2,15,5,11,1,1,0,1,2,1
25871,9,4,7,2,3,0,0,1,2,2,0
25872,4,4,1,4,8,3,0,1,2,2,0
25873,8,4,15,6,6,1,1,1,2,2,0
25874,4,4,12,4,12,3,1,0,2,2,0
25875,9,4,9,2,10,0,1,1,3,2,1
25876,14,6,11,2,12,0,1,1,2,2,0
25877,7,4,15,5,8,1,0,0,2,2,0
25878,7,2,15,4,11,4,1,1,1,2,0
25879,6,4,1,2,8,5,1,0,2,2,0
25880,4,4,12,2,4,0,1,1,1,2,1
25881,6,4,8,2,13,0,1,1,2,2,1
25882,5,4,15,4,13,3,1,0,1,2,0
25883,8,6,15,2,4,0,1,1,4,1,1
25884,6,4,12,4,10,1,1,0,2,2,0
25885,6,4,15,2,6,0,1,1,2,2,0
25886,13,7,7,2,8,0,1,1,2,2,1
25887,11,4,15,2,12,0,1,1,3,2,1
25888,9,4,15,2,12,0,1,1,2,2,0
25889,11,4,15,2,1,5,1,0,1,2,1
25890,4,4,9,2,12,0,1,1,2,2,0
25891,5,0,11,4,0,3,1,0,2,2,0
25892,13,2,0,2,11,0,1,1,2,2,0
25893,7,2,11,4,11,2,1,0,2,2,0
25894,7,4,11,2,3,0,1,1,3,2,0
25895,8,4,1,2,3,0,1,1,2,2,0
25896,6,4,8,2,5,0,0,1,2,2,0
25897,8,4,12,2,10,0,1,1,1,2,0
25898,6,4,11,2,6,0,1,1,3,2,1
25899,8,4,15,2,7,0,1,1,2,2,0
25900,7,4,11,2,8,0,0,1,2,2,1
25901,8,4,4,2,3,0,0,1,4,2,1
25902,7,4,12,3,4,1,1,0,2,2,0
25903,9,6,11,4,8,2,0,0,1,2,0
25904,11,4,9,2,4,0,1,1,2,2,0
25905,3,6,9,4,10,1,1,1,0,2,0
25906,7,4,15,4,12,1,1,0,2,2,0
25907,9,4,11,0,1,4,0,0,2,2,0
25908,7,4,11,0,3,1,1,1,2,2,0
25909,5,7,15,4,8,3,0,1,2,2,1
25910,11,4,0,2,7,0,1,1,2,2,0
25911,5,7,15,4,11,1,0,1,2,2,1
25912,7,0,9,2,0,0,1,1,1,2,0
25913,5,4,15,2,1,0,1,1,2,2,0
25914,6,4,9,5,13,1,1,1,2,2,0
25915,4,4,9,4,10,3,1,1,2,2,0
25916,5,4,7,2,4,0,1,1,2,2,1
25917,4,6,11,4,4,1,1,1,2,2,0
25918,8,4,5,4,8,3,1,0,2,2,0
25919,8,4,8,2,13,5,1,0,2,2,1
25920,4,4,15,4,3,1,1,1,0,4,1
25921,5,4,15,4,8,1,1,1,1,2,0
25922,9,5,11,2,3,0,1,1,3,2,0
25923,5,4,12,0,4,1,1,1,1,2,0
25924,5,4,15,4,6,1,0,1,1,2,0
25925,7,4,11,2,7,0,1,1,1,2,0
25926,12,4,11,2,3,0,1,1,0,2,0
25927,12,4,14,6,12,4,1,1,2,2,0
25928,4,4,12,2,12,5,1,0,2,2,1
25929,3,4,8,4,10,4,0,0,0,0,1
25930,8,4,11,0,3,1,1,1,2,2,0
25931,6,4,9,2,10,0,1,1,1,2,1
25932,9,4,6,2,3,0,0,1,1,2,0
25933,3,7,11,4,10,3,1,0,2,2,0
25934,5,6,9,4,4,2,1,0,2,2,0
25935,12,4,9,2,13,0,1,1,3,2,0
25936,5,5,11,4,4,3,1,1,2,2,0
25937,5,6,15,2,12,0,1,1,1,2,0
25938,4,4,15,4,12,1,1,0,1,2,0
25939,11,4,9,4,4,3,1,1,2,2,0
25940,4,4,11,4,1,4,1,0,2,2,0
25941,5,4,11,0,14,1,1,1,2,2,0
25942,4,2,12,4,10,3,1,0,3,2,0
25943,4,0,9,4,0,3,1,0,2,2,0
25944,3,4,2,4,1,3,1,0,0,2,0
25945,7,1,9,2,4,0,1,1,2,2,1
25946,8,5,9,0,4,1,1,0,2,2,0
25947,8,4,11,2,14,0,1,1,2,2,0
25948,4,4,11,0,11,1,1,1,2,2,0
25949,3,4,15,4,4,3,1,1,1,2,0
25950,4,0,15,4,0,3,1,1,2,2,0
25951,4,4,12,4,4,3,1,1,2,2,0
25952,3,4,11,4,10,3,0,0,2,1,0
25953,8,1,11,2,3,0,1,1,2,2,1
25954,7,4,8,5,12,1,1,1,2,2,0
25955,10,4,6,2,3,0,1,1,0,2,1
25956,5,5,4,4,4,1,0,1,2,2,0
25957,3,6,11,4,14,3,1,1,1,2,0
25958,5,4,4,4,8,1,0,0,2,2,0
25959,5,7,15,4,1,1,1,0,1,2,0
25960,9,4,15,0,4,2,1,0,2,2,0
25961,7,4,11,2,12,5,0,0,3,2,1
25962,4,1,11,4,1,1,1,0,2,2,0
25963,5,4,11,0,5,1,0,1,2,2,0
25964,9,4,11,2,5,0,1,1,2,2,0
25965,10,0,15,2,0,0,1,1,2,2,0
25966,5,4,11,4,9,3,0,0,2,2,0
25967,10,4,11,4,7,3,0,1,3,2,0
25968,6,4,15,2,1,5,1,0,2,2,0
25969,9,4,11,2,14,0,1,1,4,2,1
25970,3,4,1,4,7,3,1,0,0,2,0
25971,10,4,11,2,12,0,1,1,2,2,1
25972,11,4,11,2,14,0,1,1,2,2,0
25973,5,4,5,0,6,1,1,0,2,2,0
25974,4,6,9,4,4,1,0,1,1,2,0
25975,13,4,15,6,3,2,1,1,2,2,0
25976,5,1,1,4,1,3,1,1,2,2,0
25977,12,4,7,0,1,4,1,1,2,2,0
25978,11,6,11,0,14,1,1,1,2,2,0
25979,8,4,11,6,3,1,1,1,1,2,0
25980,6,4,11,4,1,4,1,0,4,2,0
25981,6,7,8,4,13,3,1,1,1,2,0
25982,8,4,11,2,1,0,1,1,2,2,1
25983,10,4,7,2,12,0,1,1,2,2,0
25984,9,4,11,2,3,0,1,1,4,2,1
25985,4,4,11,4,5,3,0,1,1,0,0
25986,8,4,11,2,6,0,1,1,2,2,1
25987,9,6,15,2,8,0,1,1,2,2,1
25988,7,4,9,2,13,0,1,1,2,2,0
25989,5,4,15,4,1,3,0,0,2,2,0
25990,7,4,15,2,7,0,1,1,2,2,0
25991,11,4,8,0,10,1,1,1,2,2,1
25992,3,4,15,3,8,2,1,0,1,2,0
25993,4,4,11,4,7,3,1,1,2,2,0
25994,7,2,9,2,10,0,0,1,2,2,0
25995,5,4,11,2,7,0,1,1,2,2,0
25996,13,4,15,2,7,0,1,1,2,2,0
25997,4,4,6,4,8,3,0,0,1,2,0
25998,12,5,11,4,3,1,0,1,2,2,1
25999,13,2,9,0,10,4,1,1,1,2,0
26000,9,4,11,2,3,0,1,1,3,2,0
26001,8,4,9,2,12,5,1,0,2,2,1
26002,5,4,11,2,14,0,1,1,2,3,0
26003,10,4,11,2,12,5,1,0,2,2,0
26004,12,0,5,6,0,1,0,0,2,2,0
26005,4,4,11,4,7,1,1,1,2,2,0
26006,4,4,15,2,10,0,0,1,2,2,0
26007,6,4,1,2,5,0,1,1,2,2,0
26008,4,7,9,4,10,1,1,1,2,2,0
26009,8,7,9,4,10,3,1,1,2,2,0
26010,5,4,8,2,13,0,1,1,2,2,1
26011,14,4,11,2,14,0,1,1,2,2,0
26012,7,4,11,4,13,1,1,0,1,2,0
26013,3,4,15,4,8,4,0,0,2,2,0
26014,10,4,7,2,7,0,1,1,2,2,1
26015,12,4,9,2,12,0,1,1,1,2,1
26016,5,7,6,4,14,3,1,1,2,2,0
26017,9,7,15,0,4,4,1,0,2,2,0
26018,6,4,0,4,8,3,0,1,2,2,0
26019,12,4,11,2,4,0,0,1,3,2,1
26020,7,4,0,0,8,1,1,0,2,2,0
26021,4,4,11,4,12,1,1,1,2,2,0
26022,8,4,6,2,3,0,1,1,3,2,1
26023,5,4,4,4,8,4,1,1,2,2,0
26024,5,4,11,4,3,1,1,1,2,2,0
26025,8,4,9,2,3,0,1,1,1,2,0
26026,10,4,9,2,10,0,1,1,2,2,1
26027,5,4,11,0,14,1,1,1,2,2,1
26028,7,4,4,2,7,0,1,1,2,2,0
26029,7,2,15,0,4,1,1,1,2,2,0
26030,10,4,3,2,3,0,0,1,2,2,1
26031,6,4,11,2,3,0,1,1,2,2,0
26032,6,2,14,0,10,1,1,1,2,2,0
26033,7,4,11,4,1,4,1,0,1,2,0
26034,5,4,11,4,14,1,0,1,2,2,0
26035,9,4,11,2,14,0,1,1,2,2,0
26036,8,6,8,0,1,1,1,0,1,2,0
26037,7,4,1,2,5,0,1,1,2,2,1
26038,10,4,15,2,3,0,1,1,2,2,0
26039,5,4,9,4,6,1,1,0,2,2,0
26040,6,4,9,2,10,2,1,1,1,2,0
26041,6,7,11,2,4,0,1,1,2,2,0
26042,12,4,12,2,12,0,1,1,0,2,0
26043,4,4,9,4,10,3,1,0,2,2,0
26044,8,4,0,2,14,0,1,1,2,2,1
26045,11,4,15,4,13,3,0,0,2,2,0
26046,4,4,15,4,4,1,1,1,2,2,0
26047,5,7,11,4,4,1,1,1,2,2,0
26048,10,6,7,0,4,1,1,1,2,2,0
26049,5,4,1,2,3,0,1,1,2,2,1
26050,12,6,15,2,3,0,1,1,2,2,0
26051,12,4,15,2,1,0,1,1,2,2,1
26052,6,4,11,4,1,4,1,0,2,2,0
26053,4,6,11,4,8,3,1,1,3,2,0
26054,4,0,7,4,0,1,1,1,2,2,0
26055,3,4,15,4,3,1,1,1,1,2,0
26056,3,2,14,4,10,3,1,0,2,2,0
26057,7,6,11,2,12,0,1,1,2,2,0
26058,7,4,11,4,7,4,1,0,2,2,0
26059,11,1,11,0,1,1,1,0,1,2,0
26060,5,4,7,2,1,5,1,0,2,2,0
26061,10,4,0,0,14,3,1,0,2,2,0
26062,8,4,11,2,8,0,1,1,2,2,0
26063,6,4,2,0,1,2,0,0,4,2,0
26064,9,4,15,2,12,0,0,1,2,0,1
26065,7,4,11,5,1,4,0,0,1,2,0
26066,4,6,9,2,12,0,1,1,0,2,0
26067,9,4,9,0,12,1,0,1,2,2,0
26068,4,4,11,4,4,3,1,1,2,2,0
26069,7,4,5,2,13,0,1,1,2,2,0
26070,13,4,1,2,6,0,1,1,1,2,0
26071,4,4,9,2,12,0,1,1,2,2,1
26072,11,4,15,4,1,1,0,0,2,0,0
26073,4,2,11,4,8,4,1,0,1,2,0
26074,9,6,15,2,3,0,1,1,2,2,1
26075,7,4,1,4,3,1,1,1,1,2,0
26076,12,5,11,6,4,4,1,1,2,2,0
26077,6,4,2,2,10,0,1,1,3,2,1
26078,6,6,9,0,12,4,1,1,2,2,0
26079,8,4,9,0,4,1,1,0,2,2,0
26080,8,4,15,2,12,0,1,1,3,2,1
26081,6,4,15,2,6,0,0,1,2,2,1
26082,3,4,9,4,10,1,1,0,2,2,0
26083,10,4,7,0,1,1,1,1,2,2,1
26084,7,5,9,2,4,0,1,1,2,2,1
26085,10,4,5,2,8,5,1,0,2,2,1
26086,12,2,10,2,10,5,1,0,1,2,1
26087,10,4,15,2,10,0,1,1,2,2,1
26088,6,4,11,2,14,0,1,1,2,2,1
26089,9,4,8,2,3,0,1,1,2,2,0
26090,5,4,11,2,7,0,1,1,3,2,0
26091,9,7,9,4,10,1,1,1,1,2,0
26092,8,4,9,5,4,1,0,0,2,2,0
26093,5,4,11,2,8,0,1,1,2,2,0
26094,6,2,11,4,11,1,1,1,2,2,0
26095,8,4,12,3,10,1,1,1,2,2,0
26096,4,4,9,4,6,2,0,0,2,2,0
26097,8,4,12,0,4,1,1,1,2,2,0
26098,5,6,15,4,4,1,1,1,2,2,0
26099,11,4,11,2,8,0,1,1,4,2,0
26100,6,6,11,2,12,0,1,1,2,2,1
26101,9,4,15,2,12,0,1,1,1,2,1
26102,6,4,7,4,13,3,1,1,2,2,0
26103,6,4,1,2,14,0,1,1,2,2,0
26104,10,4,5,3,6,4,1,0,2,2,0
26105,7,4,9,2,12,0,1,1,3,2,0
26106,4,4,7,4,7,3,0,1,2,2,0
26107,9,4,9,2,10,0,1,1,2,2,0
26108,12,4,7,6,1,4,1,1,0,2,0
26109,10,4,9,2,4,0,0,1,2,0,0
26110,6,4,11,4,7,3,1,1,2,2,0
26111,10,4,11,2,4,5,1,0,0,2,1
26112,6,4,8,2,1,0,1,1,2,2,0
26113,10,4,13,2,4,0,1,1,2,2,0
26114,8,4,15,2,14,0,1,1,4,2,1
26115,8,4,11,2,7,0,1,1,2,2,0
26116,8,4,11,2,7,0,0,1,2,2,1
26117,4,0,15,4,0,1,1,1,2,2,0
26118,5,4,15,4,10,3,1,1,2,2,0
26119,15,4,14,2,10,0,1,1,1,2,0
26120,4,4,15,2,14,0,1,1,2,2,1
26121,9,4,12,0,7,4,0,0,2,4,0
26122,4,5,12,2,4,0,0,1,2,2,0
26123,5,4,15,4,8,1,0,0,2,2,0
26124,10,2,9,0,10,1,1,1,2,2,1
26125,4,4,11,4,7,3,1,0,1,2,0
26126,7,4,11,2,3,0,1,1,2,2,1
26127,7,6,5,2,3,0,1,1,3,2,0
26128,6,4,7,2,14,0,1,1,1,4,0
26129,10,4,1,2,6,0,1,1,2,2,1
26130,6,7,10,0,10,1,0,0,2,2,0
26131,6,2,15,2,11,0,1,1,2,2,1
26132,9,0,7,2,0,0,1,1,2,2,1
26133,14,7,11,6,1,4,0,0,2,2,0
26134,13,4,11,2,7,0,1,1,1,2,1
26135,4,4,12,4,10,1,1,1,2,2,0
26136,10,4,11,4,7,3,0,1,1,2,0
26137,10,4,9,2,10,0,1,1,2,2,0
26138,9,4,11,2,3,0,0,1,2,2,1
26139,4,4,1,3,6,1,1,1,1,4,0
26140,5,2,9,4,4,2,0,1,1,2,0
26141,6,6,11,2,4,0,1,1,2,2,1
26142,6,4,15,4,9,4,1,0,2,2,0
26143,9,4,9,0,10,4,1,1,2,2,0
26144,7,4,8,0,4,1,1,1,1,2,0
26145,4,4,12,4,12,1,1,0,2,2,0
26146,4,4,8,4,10,1,1,0,2,2,0
26147,9,4,15,2,3,0,0,1,2,2,0
26148,7,2,9,0,10,4,1,0,2,2,0
26149,7,6,7,2,4,0,1,1,3,2,0
26150,8,4,9,2,4,0,1,1,2,2,1
26151,12,2,2,2,6,0,1,1,2,2,0
26152,15,4,11,0,7,1,1,1,1,2,0
26153,7,4,15,0,4,1,1,0,2,2,1
26154,12,4,11,6,12,1,1,1,1,2,0
26155,10,4,1,2,6,0,0,1,1,2,0
26156,6,1,9,2,4,0,1,1,0,2,0
26157,5,2,15,4,10,1,1,0,2,2,0
26158,9,4,11,0,6,4,1,1,2,2,0
26159,5,0,11,5,0,3,1,0,2,2,0
26160,9,6,11,2,5,5,1,0,3,2,1
26161,8,0,11,2,0,0,1,1,2,2,1
26162,5,4,11,4,3,2,0,1,2,2,0
26163,6,4,11,2,8,0,1,1,2,2,0
26164,11,4,11,2,7,0,1,1,2,2,1
26165,3,4,7,4,8,1,1,0,2,2,0
26166,11,4,11,2,3,0,1,1,2,2,0
26167,8,4,9,2,12,5,1,0,2,2,1
26168,9,4,9,2,10,0,1,1,2,2,0
26169,3,2,15,4,13,3,1,1,1,1,0
26170,3,4,15,4,1,1,1,0,1,1,0
26171,8,4,11,2,12,0,1,1,3,2,0
26172,9,4,15,4,3,1,1,1,2,2,0
26173,4,0,15,4,0,1,1,0,1,2,0
26174,4,1,15,4,10,3,1,1,1,2,0
26175,9,4,11,2,7,0,1,1,2,2,1
26176,4,6,11,2,3,0,1,1,2,2,1
26177,6,4,15,4,10,1,1,0,0,2,0
26178,6,4,3,2,5,0,1,1,2,2,1
26179,7,4,9,4,10,1,1,0,2,2,1
26180,6,6,11,2,8,0,1,1,2,2,1
26181,6,4,11,0,4,1,0,1,2,2,0
26182,13,4,15,2,3,0,1,1,0,2,0
26183,12,4,15,2,11,0,1,1,1,2,0
26184,9,5,12,4,12,1,1,1,1,4,0
26185,9,4,15,2,12,0,1,1,2,2,1
26186,14,4,11,2,4,5,1,0,1,2,0
26187,7,4,11,4,8,3,1,0,1,2,0
26188,8,1,7,4,4,1,1,1,2,2,0
26189,10,4,11,5,6,1,1,1,2,2,0
26190,10,2,7,0,8,4,1,0,2,2,0
26191,7,6,5,2,9,0,1,1,2,2,1
26192,8,4,7,2,3,0,1,1,2,2,0
26193,11,4,11,6,4,1,1,1,2,2,0
26194,7,4,15,2,12,0,1,1,2,2,0
26195,13,4,11,2,3,0,1,1,3,2,1
26196,4,2,11,0,14,1,1,1,1,2,0
26197,4,4,12,4,3,1,1,1,2,2,0
26198,9,6,14,4,14,3,1,1,2,2,0
26199,6,7,9,2,1,5,1,0,3,2,1
26200,6,2,11,4,11,3,1,1,2,2,0
26201,6,4,1,4,8,1,1,1,2,2,0
26202,6,1,15,2,5,0,1,1,4,2,0
26203,9,6,9,0,12,4,1,0,2,2,0
26204,7,4,9,2,11,0,1,1,2,2,0
26205,7,4,15,0,1,4,1,0,2,2,0
26206,6,4,12,4,10,3,1,1,1,2,0
26207,7,0,11,2,0,0,1,1,2,2,1
26208,13,4,15,0,1,1,1,1,2,2,0
26209,9,4,9,0,4,1,1,1,2,2,0
26210,12,2,9,2,10,0,1,1,2,2,0
26211,4,4,15,4,12,3,0,1,1,2,0
26212,8,4,0,2,6,0,1,1,2,2,1
26213,10,6,9,0,10,1,0,1,2,2,0
26214,9,4,9,2,10,5,1,0,3,2,1
26215,6,6,11,2,12,0,1,1,3,2,0
26216,10,4,11,2,4,0,0,1,1,0,0
26217,4,5,9,4,1,1,1,0,2,2,0
26218,5,4,11,2,12,0,1,1,2,2,0
26219,5,6,15,4,7,3,1,1,2,2,0
26220,16,4,9,0,13,1,1,0,0,2,0
26221,6,4,11,2,8,0,1,1,2,2,1
26222,7,4,8,2,3,0,1,1,2,2,0
26223,4,4,5,4,1,1,1,0,0,2,0
26224,7,0,12,4,0,3,1,1,2,2,0
26225,7,4,11,3,1,1,1,1,3,2,0
26226,3,4,9,4,1,1,1,0,1,2,0
26227,3,4,11,4,12,1,1,0,0,2,0
26228,11,4,15,4,1,1,1,0,1,2,0
26229,6,4,9,4,10,1,1,1,2,2,0
26230,10,0,11,0,0,1,1,0,2,2,0
26231,5,2,15,2,8,0,1,1,2,2,1
26232,4,7,11,4,1,1,1,0,2,2,0
26233,4,4,11,4,12,1,1,1,1,2,1
26234,7,4,9,4,1,3,1,0,2,2,0
26235,13,4,7,0,7,1,1,0,3,2,1
26236,5,6,15,4,3,3,0,1,2,2,0
26237,8,4,11,2,12,0,0,1,2,2,1
26238,11,6,2,0,5,1,1,0,1,2,0
26239,4,4,1,4,14,3,1,1,2,2,0
26240,3,4,7,4,8,2,1,1,1,2,0
26241,11,4,11,2,1,0,1,1,2,2,0
26242,9,4,12,2,12,0,1,1,2,2,0
26243,6,1,10,2,10,0,1,1,2,2,0
26244,8,4,11,4,12,3,0,1,2,4,0
26245,3,7,9,4,10,1,1,0,1,2,0
26246,10,4,8,2,13,0,1,1,2,2,0
26247,9,4,1,2,6,0,1,1,2,2,1
26248,9,4,11,4,4,1,1,1,2,1,0
26249,9,4,15,4,1,4,1,0,1,2,0
26250,5,4,9,4,1,1,1,1,2,2,0
26251,10,0,15,0,0,1,1,0,2,2,0
26252,6,1,9,4,2,1,1,1,2,2,0
26253,9,4,15,0,1,4,1,0,4,2,0
26254,3,4,6,4,3,1,1,1,0,2,1
26255,11,6,9,2,10,5,0,0,2,2,0
26256,9,4,11,2,3,0,1,1,2,2,0
26257,8,4,11,4,3,3,1,1,2,2,0
26258,4,4,8,4,10,4,1,0,0,2,0
26259,15,4,11,2,7,5,1,0,1,2,1
26260,9,2,15,0,11,1,0,0,2,2,0
26261,8,4,15,4,14,3,1,1,1,2,0
26262,13,4,1,6,12,1,1,1,2,2,0
26263,8,4,11,0,6,1,1,1,2,2,1
26264,4,5,12,2,5,0,0,1,2,2,1
26265,4,4,11,4,1,1,1,0,2,2,0
26266,7,4,15,3,12,1,1,1,2,2,0
26267,4,4,11,4,7,3,1,1,2,2,0
26268,10,4,11,2,6,0,1,1,2,2,1
26269,7,4,11,2,8,0,1,1,1,2,1
26270,6,4,15,2,7,0,1,1,2,2,0
26271,10,7,0,2,10,0,1,1,2,2,1
26272,9,4,15,4,4,3,1,1,3,2,0
26273,6,4,9,4,1,3,0,0,2,2,0
26274,5,6,11,0,3,1,1,1,2,2,0
26275,7,4,11,2,3,0,1,1,2,2,0
26276,7,6,11,2,3,0,1,1,2,2,1
26277,6,4,8,2,3,0,1,1,2,2,0
26278,5,6,11,4,5,1,1,1,3,2,0
26279,9,2,15,2,10,0,1,1,1,2,1
26280,9,4,11,2,8,0,1,1,2,2,0
26281,6,4,15,2,12,0,1,1,2,2,0
26282,9,4,9,4,1,1,1,0,2,2,0
26283,5,2,11,3,8,1,1,0,2,2,0
26284,4,4,8,4,13,3,1,1,2,2,0
26285,4,4,3,4,13,1,0,1,2,2,0
26286,8,6,11,2,3,3,1,1,0,2,0
26287,4,1,11,4,13,3,1,0,1,2,0
26288,8,6,11,5,8,4,1,0,2,2,1
26289,6,4,0,2,5,0,1,1,2,2,1
26290,8,0,15,0,0,4,1,0,2,2,1
26291,5,2,15,4,10,1,1,0,2,2,0
26292,10,4,7,6,12,1,1,0,2,2,0
26293,11,4,1,2,12,0,1,1,2,2,1
26294,6,2,10,2,10,0,1,1,1,2,1
26295,6,4,15,0,8,4,1,0,2,2,0
26296,4,0,15,2,0,0,1,1,2,2,1
26297,5,6,9,4,12,3,1,0,3,2,0
26298,9,4,11,2,7,0,1,1,2,2,0
26299,6,1,15,4,13,1,1,0,2,2,0
26300,6,4,11,4,1,4,1,0,2,2,0
26301,5,4,15,2,3,0,1,1,2,2,1
26302,4,6,5,4,5,1,1,1,2,2,0
26303,5,5,11,4,12,3,0,1,1,2,0
26304,6,2,7,0,13,4,1,0,2,2,0
26305,6,0,11,2,0,0,1,1,2,2,0
26306,8,4,11,0,9,1,1,0,3,2,0
26307,9,6,11,2,3,0,1,1,2,2,1
26308,14,4,11,2,3,0,0,1,1,2,0
26309,16,4,1,6,12,4,1,0,0,2,0
26310,7,1,11,2,6,5,1,0,2,2,0
26311,8,4,11,2,7,0,1,1,2,2,1
26312,5,1,11,4,1,3,0,0,2,2,0
26313,3,4,9,4,12,3,1,0,1,2,0
26314,10,4,1,2,3,2,1,1,2,2,0
26315,3,4,11,4,7,3,1,1,0,1,0
26316,7,6,12,2,12,0,1,1,2,2,0
26317,8,4,11,4,3,1,1,1,2,2,0
26318,11,4,9,2,4,5,0,0,2,2,0
26319,5,4,11,4,4,1,0,0,2,2,0
26320,8,4,1,2,3,0,1,1,1,2,0
26321,3,7,15,4,11,1,1,0,1,2,0
26322,8,4,11,2,6,0,1,1,2,2,0
26323,8,6,0,0,14,3,1,1,2,2,0
26324,10,4,15,0,1,4,1,0,3,2,0
26325,6,4,11,2,3,0,0,1,2,4,1
26326,6,0,8,2,0,0,1,1,2,4,1
26327,6,2,15,2,1,5,1,0,2,2,1
26328,9,6,11,0,3,1,1,1,2,2,0
26329,11,4,7,2,6,0,1,1,2,1,0
26330,9,0,11,0,0,1,1,1,2,4,1
26331,4,4,11,4,12,3,1,0,2,2,0
26332,10,2,9,0,11,1,0,1,2,2,1
26333,11,4,11,0,3,1,1,1,2,2,0
26334,12,4,9,2,1,5,0,0,3,2,1
26335,7,0,15,2,0,0,1,1,3,2,1
26336,7,2,9,2,11,0,1,1,2,2,1
26337,9,7,11,0,4,1,1,1,2,2,0
26338,5,7,11,4,1,1,1,0,2,2,0
26339,7,4,15,0,8,1,1,1,2,2,0
26340,7,4,9,2,12,0,1,1,2,2,0
26341,4,4,15,4,4,3,1,1,1,2,0
26342,9,4,9,2,10,0,1,1,2,2,0
26343,10,4,11,4,7,3,1,0,2,2,0
26344,11,7,15,2,11,0,0,1,2,0,1
26345,13,4,11,2,12,0,1,1,1,2,0
26346,11,4,15,6,4,4,1,0,2,2,0
26347,9,6,9,2,10,0,0,1,2,2,1
26348,6,4,15,4,1,3,1,0,2,2,0
26349,8,1,15,0,13,1,1,1,2,2,0
26350,10,4,1,5,12,4,1,0,2,2,0
26351,5,4,10,2,10,0,1,1,2,2,0
26352,10,4,2,2,12,0,1,1,2,1,1
26353,6,4,9,5,1,1,1,0,2,2,0
26354,3,4,15,4,12,1,1,0,0,2,0
26355,8,4,11,2,13,0,1,1,2,2,0
26356,6,4,15,2,3,0,0,1,2,2,0
26357,7,4,11,2,1,0,1,1,2,2,0
26358,3,2,9,4,10,3,1,0,2,2,0
26359,11,6,15,0,3,1,1,0,2,2,0
26360,4,4,15,4,2,1,0,1,1,2,0
26361,8,4,4,2,12,0,1,1,1,2,1
26362,5,4,11,2,4,0,1,1,1,2,0
26363,11,5,9,0,11,1,1,1,2,2,0
26364,5,4,15,4,12,3,1,1,2,2,0
26365,12,4,8,2,10,0,1,1,2,2,1
26366,3,5,9,4,2,4,1,0,1,2,0
26367,9,0,15,2,0,0,1,1,2,2,1
26368,10,4,0,2,7,0,0,1,1,2,0
26369,5,7,12,4,10,3,1,1,2,2,0
26370,12,4,7,2,12,0,1,1,2,2,1
26371,4,2,9,4,4,3,1,1,1,2,0
26372,4,4,7,4,1,1,1,1,0,2,0
26373,8,4,11,0,1,4,1,0,2,2,0
26374,6,7,1,2,3,0,1,1,2,2,0
26375,3,4,15,4,12,1,1,1,1,2,0
26376,4,6,12,4,10,1,0,1,2,2,0
26377,4,4,11,4,12,3,1,1,1,2,0
26378,15,4,15,2,1,0,1,1,0,2,0
26379,8,4,11,0,9,1,0,0,2,2,0
26380,12,4,11,0,3,1,1,1,1,2,0
26381,8,4,9,2,10,0,1,1,2,2,0
26382,4,4,11,2,14,0,1,1,2,2,0
26383,9,4,11,2,7,0,1,1,2,2,1
26384,8,4,11,2,5,0,1,1,2,2,1
26385,9,4,0,2,3,0,1,1,2,2,1
26386,7,4,11,2,4,0,1,1,2,2,0
26387,7,4,11,0,6,3,1,1,1,2,0
26388,6,4,1,2,10,5,1,0,2,2,1
26389,4,0,15,4,0,1,1,0,2,2,0
26390,8,6,8,2,3,0,1,1,2,2,1
26391,4,4,15,4,4,3,0,1,2,0,0
26392,3,6,11,4,5,3,1,1,1,2,0
26393,10,4,15,2,1,5,1,0,2,2,1
26394,6,4,11,2,3,0,1,1,2,2,1
26395,5,4,15,4,10,1,1,1,2,2,0
26396,3,4,11,4,3,3,1,1,1,2,0
26397,10,7,9,4,10,3,1,0,2,2,0
26398,11,1,15,2,13,0,1,1,2,2,1
26399,9,4,11,2,1,5,1,0,2,2,0
26400,9,4,11,6,1,4,1,0,2,2,0
26401,10,5,1,0,4,4,1,1,2,2,0
26402,8,4,1,0,8,4,1,0,2,2,0
26403,8,4,9,2,10,0,1,1,1,2,0
26404,9,4,9,2,4,0,1,1,2,2,0
26405,9,4,1,2,4,0,1,1,3,2,0
26406,8,6,12,2,10,5,1,0,2,2,0
26407,6,4,11,2,14,0,1,1,2,2,0
26408,5,4,11,4,12,3,1,0,1,2,0
26409,4,4,15,4,6,3,1,1,2,2,0
26410,6,4,11,4,7,1,1,0,2,2,1
26411,6,4,15,0,12,1,0,1,2,3,0
26412,7,4,11,2,14,0,1,1,2,2,0
26413,6,4,12,2,10,0,1,1,2,2,1
26414,6,7,9,2,4,0,1,1,2,2,0
26415,4,4,11,4,1,1,1,0,2,2,0
26416,9,4,11,2,8,0,0,1,2,2,1
26417,6,6,11,2,3,0,1,1,2,2,0
26418,11,2,8,2,3,0,1,1,3,2,0
26419,12,6,12,2,10,5,0,0,0,2,1
26420,6,6,15,0,3,1,1,1,0,2,0
26421,8,4,11,0,14,3,1,1,2,2,0
26422,3,4,10,4,10,4,1,0,0,3,0
26423,6,4,11,4,8,1,1,1,2,2,0
26424,10,4,11,4,3,1,1,1,3,2,0
26425,5,4,1,4,7,1,0,1,2,0,0
26426,5,6,15,4,12,2,1,0,1,2,0
26427,10,4,11,6,7,1,1,0,2,2,0
26428,6,4,15,4,1,3,1,0,2,2,0
26429,6,4,8,4,1,3,1,0,2,2,0
26430,9,4,15,2,4,0,1,1,2,2,1
26431,9,4,0,2,4,0,1,1,2,2,0
26432,6,4,11,2,3,0,1,1,1,2,1
26433,8,4,11,2,11,0,0,1,2,2,1
26434,12,4,10,6,10,4,1,1,2,2,0
26435,5,4,9,2,10,0,1,1,0,2,0
26436,12,4,11,2,7,0,1,1,1,2,1
26437,10,4,11,2,3,0,1,1,2,2,1
26438,4,4,15,4,1,3,1,0,1,2,0
26439,8,4,6,5,8,4,1,0,2,2,0
26440,13,4,11,6,7,1,1,1,1,2,0
26441,6,5,9,2,4,0,1,1,2,2,0
26442,12,4,9,2,8,5,0,0,1,0,1
26443,8,7,9,0,4,3,1,1,2,2,0
26444,11,4,11,0,12,2,1,0,1,2,0
26445,6,6,11,0,3,1,0,1,2,2,0
26446,5,4,15,2,8,0,1,1,3,2,0
26447,10,4,11,2,14,0,1,1,1,2,0
26448,6,4,9,4,1,1,1,0,2,2,1
26449,4,4,11,4,8,3,1,1,2,2,0
26450,6,4,15,4,12,3,1,0,2,2,0
26451,7,4,2,4,7,1,1,1,2,2,0
26452,14,4,8,6,13,1,1,1,0,2,1
26453,7,4,11,4,5,1,1,0,1,2,0
26454,10,5,15,5,4,4,1,0,2,2,0
26455,12,4,9,6,4,1,0,1,4,2,0
26456,10,4,9,2,11,0,1,1,2,2,0
26457,10,4,11,2,3,0,1,1,2,2,0
26458,7,4,8,2,10,0,1,1,3,2,0
26459,4,4,12,4,1,3,1,1,2,2,0
26460,10,4,15,5,1,4,0,0,1,2,0
26461,4,4,7,4,3,1,1,1,0,2,0
26462,3,4,15,4,8,1,1,0,1,1,0
26463,7,4,8,4,1,1,1,0,2,4,0
26464,3,4,15,4,1,3,1,0,1,2,0
26465,8,4,11,4,1,3,1,0,2,2,0
26466,5,4,11,2,7,0,1,1,2,2,0
26467,6,4,12,2,4,0,1,1,2,2,0
26468,4,4,3,2,5,0,1,1,2,2,1
26469,5,4,15,2,7,0,1,1,2,2,0
26470,4,4,15,4,1,3,0,0,2,2,0
26471,4,5,9,4,10,3,1,1,2,2,0
26472,3,4,15,4,12,3,1,1,0,2,0
26473,9,4,9,5,5,1,1,1,2,2,0
26474,9,2,12,2,10,0,1,1,1,2,1
26475,9,4,1,6,8,2,0,0,1,2,0
26476,9,4,11,0,4,4,1,1,2,2,0
26477,8,4,11,0,8,1,1,0,2,2,0
26478,9,6,5,2,14,0,1,1,2,2,0
26479,9,1,10,0,1,4,0,0,2,2,0
26480,9,1,9,2,10,0,1,1,1,2,0
26481,8,2,15,2,14,0,1,1,2,2,1
26482,5,4,11,2,4,0,1,1,2,2,0
26483,11,4,9,2,7,0,1,1,2,2,1
26484,5,4,8,4,6,1,0,1,2,2,0
26485,9,6,9,2,10,0,1,1,2,2,1
26486,6,6,9,4,5,3,1,1,3,2,0
26487,9,4,9,6,10,1,1,1,2,2,0
26488,8,6,15,4,12,3,1,0,2,2,0
26489,10,4,9,2,14,0,1,1,2,2,1
26490,8,7,9,2,10,0,1,1,2,2,1
26491,10,4,15,2,13,0,1,1,2,2,1
26492,11,4,11,2,6,0,1,1,3,2,1
26493,6,6,12,2,10,0,0,1,3,2,0
26494,11,6,9,2,10,0,1,1,2,2,1
26495,5,4,9,0,4,1,1,1,2,2,0
26496,12,4,15,2,12,0,1,1,2,2,0
26497,5,6,2,4,4,2,1,1,1,2,0
26498,6,4,15,4,12,3,1,1,2,2,0
26499,6,4,8,0,10,4,0,0,2,2,0
26500,10,4,11,2,8,0,1,1,2,2,1
26501,8,4,11,4,14,3,1,1,2,2,0
26502,10,4,15,5,3,1,1,1,2,4,0
26503,6,2,11,5,14,4,1,1,1,2,0
26504,9,6,15,2,5,0,1,1,2,2,0
26505,3,4,15,4,3,3,0,1,1,2,0
26506,8,7,12,2,10,0,1,1,1,2,0
26507,5,4,11,4,8,3,1,1,2,2,0
26508,5,4,11,4,8,3,1,0,2,2,0
26509,6,4,11,2,14,0,1,1,2,2,0
26510,7,4,0,0,14,1,1,1,2,2,0
26511,5,4,9,4,10,1,1,0,2,2,0
26512,7,2,9,2,11,0,1,1,2,2,1
26513,5,4,11,2,14,0,1,1,2,2,0
26514,5,4,11,2,12,0,1,1,1,2,1
26515,8,4,9,2,10,0,1,1,1,2,1
26516,10,4,11,2,6,0,1,1,2,2,0
26517,7,7,15,4,4,1,0,1,2,2,0
26518,5,5,8,4,3,1,0,1,2,2,0
26519,9,4,9,0,1,1,1,0,1,2,0
26520,5,4,11,2,7,5,1,0,1,2,0
26521,11,6,9,0,10,3,1,0,2,2,0
26522,9,4,14,0,10,4,1,0,1,2,0
26523,4,4,13,4,1,3,1,0,0,2,0
26524,9,6,9,2,5,0,1,1,2,2,0
26525,12,4,15,5,8,4,1,0,0,2,0
26526,8,4,15,2,1,0,1,1,2,2,0
26527,7,4,9,4,1,4,1,0,2,2,0
26528,7,1,11,4,3,4,0,1,2,2,0
26529,9,4,11,0,12,1,1,0,2,2,0
26530,4,6,12,4,12,1,1,0,1,2,0
26531,4,4,11,4,3,1,0,1,1,2,0
26532,5,4,15,5,1,4,1,0,2,2,1
26533,9,4,15,2,4,0,0,1,2,0,1
26534,8,7,15,5,1,4,0,0,1,2,0
26535,6,6,3,2,5,0,1,1,2,2,0
26536,7,4,15,2,7,0,1,1,2,2,0
26537,6,4,9,2,3,0,1,1,2,2,0
26538,5,4,8,4,4,1,1,1,2,2,0
26539,11,4,0,2,3,0,1,1,2,2,0
26540,4,4,11,4,14,3,0,1,2,2,0
26541,5,1,1,0,8,4,0,1,2,2,0
26542,4,4,15,2,8,0,1,1,2,2,1
26543,6,4,15,4,12,1,1,0,2,2,0
26544,7,5,11,0,4,1,0,1,2,2,0
26545,5,4,9,4,4,4,1,1,3,2,0
26546,3,1,11,4,1,1,1,1,0,2,1
26547,12,5,8,0,4,4,1,0,2,2,0
26548,9,4,12,2,10,0,1,1,2,4,0
26549,5,1,15,2,1,0,1,1,0,2,0
26550,7,2,9,4,10,1,1,1,2,2,0
26551,5,4,11,4,7,3,1,1,2,2,0
26552,12,4,11,2,1,0,1,1,1,2,0
26553,7,6,4,2,5,0,1,1,2,2,0
26554,11,2,8,2,14,0,1,1,2,4,0
26555,9,4,1,2,8,0,1,1,3,2,0
26556,12,4,11,0,6,1,1,0,2,2,0
26557,4,4,11,4,12,3,0,0,0,2,0
26558,3,5,15,4,12,3,1,0,1,2,0
26559,6,4,11,4,3,1,1,1,2,2,0
26560,6,4,1,2,12,0,0,1,0,2,1
26561,5,4,5,4,1,3,1,0,1,2,0
26562,7,4,9,2,10,0,1,1,2,2,0
26563,5,2,12,5,10,4,1,0,1,2,0
26564,6,4,15,4,8,3,1,0,2,2,0
26565,5,4,12,0,4,1,1,1,2,2,0
26566,10,4,9,2,10,0,1,1,2,2,0
26567,6,4,11,2,14,0,1,1,2,2,0
26568,8,4,11,2,3,0,1,1,2,2,1
26569,8,4,11,5,3,4,0,1,2,2,0
26570,4,5,14,4,10,4,0,1,2,2,0
26571,8,4,9,2,1,5,1,0,2,2,1
26572,13,4,11,2,1,0,1,1,2,2,0
26573,6,4,12,4,12,1,1,1,2,2,0
26574,7,4,11,2,8,5,1,0,2,1,1
26575,8,4,15,2,3,0,1,1,2,2,1
26576,9,2,8,2,11,0,0,1,2,2,1
26577,3,4,7,4,12,3,1,0,1,2,0
26578,8,4,11,2,13,0,1,1,2,2,0
26579,6,4,10,4,10,3,1,1,2,2,0
26580,11,4,11,5,7,2,0,1,2,1,0
26581,9,4,11,0,7,4,1,0,2,2,0
26582,10,4,11,0,13,4,0,0,1,2,0
26583,4,4,15,4,7,1,1,1,2,1,1
26584,8,4,15,0,3,1,1,1,2,2,0
26585,10,2,9,0,1,4,1,0,2,2,1
26586,11,4,1,2,8,0,1,1,1,2,1
26587,11,4,7,2,1,0,1,1,2,2,1
26588,13,4,11,2,7,0,1,1,2,2,0
26589,9,4,15,5,8,4,0,0,2,2,0
26590,3,4,6,4,3,3,1,1,0,2,0
26591,5,0,11,2,0,0,1,1,2,2,0
26592,3,4,11,4,12,3,1,1,1,2,0
26593,5,4,15,4,4,1,1,0,2,2,0
26594,14,6,10,6,4,1,1,0,1,2,0
26595,13,4,11,2,8,0,1,1,2,2,0
26596,5,4,11,4,6,1,1,1,2,2,0
26597,9,4,12,2,4,5,1,0,2,2,1
26598,5,2,7,4,8,4,1,0,2,2,0
26599,7,4,9,2,4,0,1,1,2,2,0
26600,7,4,11,2,3,0,0,1,2,2,1
26601,7,4,11,4,12,1,1,1,1,2,0
26602,4,4,12,4,10,2,1,0,2,2,1
26603,8,4,15,2,7,0,1,1,2,2,0
26604,10,4,11,2,1,5,1,0,2,2,1
26605,5,4,1,4,6,1,1,0,2,2,0
26606,6,4,9,2,10,0,1,1,1,2,1
26607,10,4,15,2,11,0,1,1,2,2,0
26608,5,4,9,2,11,0,1,1,2,2,0
26609,5,2,15,2,1,0,1,1,2,2,0
26610,9,4,15,2,4,0,1,1,2,2,1
26611,6,2,9,2,4,0,1,1,2,2,0
26612,13,4,15,2,8,0,1,1,2,2,0
26613,8,2,12,2,10,0,1,1,2,2,0
26614,6,4,9,0,12,4,1,0,2,2,0
26615,4,4,15,4,1,3,1,1,2,2,0
26616,6,4,1,4,6,1,0,1,2,2,0
26617,5,4,0,4,5,1,1,0,2,2,0
26618,9,4,11,2,8,0,0,1,2,2,1
26619,6,1,12,2,4,0,1,1,2,2,1
26620,9,4,11,2,1,5,1,0,2,2,1
26621,5,4,11,4,8,3,1,1,2,2,0
26622,11,4,15,0,12,4,1,0,2,2,0
26623,8,4,1,2,14,0,1,1,3,2,0
26624,4,4,11,4,1,1,1,1,1,2,0
26625,8,0,11,0,0,1,1,0,2,2,0
26626,5,1,14,0,13,1,0,1,2,2,0
26627,8,4,11,2,3,0,0,1,2,2,0
26628,7,5,12,0,4,2,1,1,2,2,0
26629,11,4,9,6,4,1,1,0,2,2,0
26630,8,4,9,2,10,0,1,1,2,2,0
26631,8,5,11,2,4,0,1,1,2,2,0
26632,9,4,1,2,12,0,0,1,2,2,0
26633,6,4,7,2,10,0,1,1,2,2,0
26634,7,4,15,5,12,4,1,0,2,2,0
26635,4,4,11,4,14,1,1,1,2,2,0
26636,15,0,11,0,0,3,0,0,0,2,0
26637,14,4,12,6,10,4,1,0,1,0,0
26638,12,4,15,6,3,1,0,1,0,2,0
26639,3,7,9,4,14,2,1,1,1,2,0
26640,14,4,11,0,3,4,0,0,1,0,0
26641,4,6,12,4,12,1,1,0,0,2,0
26642,10,6,11,3,3,1,1,1,4,2,0
26643,7,4,9,2,4,0,1,1,2,2,0
26644,9,4,15,0,9,1,0,0,2,0,0
26645,6,4,6,2,6,0,1,1,2,2,1
26646,4,7,15,4,1,3,1,0,2,2,0
26647,10,6,9,2,10,0,1,1,2,2,0
26648,4,4,0,4,8,2,0,0,2,4,0
26649,4,4,11,4,3,3,0,1,2,2,0
26650,7,4,11,2,7,0,1,1,2,2,1
26651,9,7,12,6,10,4,0,0,2,4,0
26652,5,4,11,4,1,2,1,0,2,2,0
26653,4,4,15,4,8,1,1,0,1,2,0
26654,4,2,9,4,10,2,0,0,1,2,0
26655,10,4,11,0,7,4,1,0,2,2,0
26656,11,4,1,2,8,0,1,1,2,2,0
26657,5,4,11,2,4,0,1,1,2,2,0
26658,7,4,0,4,3,3,1,1,1,2,0
26659,11,4,11,2,1,0,1,1,2,2,0
26660,10,6,7,2,3,0,1,1,2,2,1
26661,10,4,11,2,11,0,1,1,2,2,0
26662,3,4,11,4,4,1,1,1,1,2,0
26663,6,2,12,4,10,3,1,0,2,2,0
26664,3,6,11,4,12,2,1,0,1,2,0
26665,11,0,4,2,0,0,1,1,2,2,0
26666,4,4,1,4,12,1,1,0,0,2,0
26667,6,4,4,0,9,2,0,0,2,2,0
26668,10,4,15,0,8,1,1,1,2,2,0
26669,11,0,7,2,0,0,1,1,0,2,1
26670,3,4,11,4,1,1,1,0,1,2,0
26671,6,4,9,4,4,3,1,1,2,2,0
26672,6,6,11,2,3,0,1,1,1,2,1
26673,8,4,15,2,8,0,1,1,1,2,1
26674,5,4,9,4,10,3,1,1,2,2,0
26675,7,4,11,2,4,0,1,1,2,2,1
26676,5,4,11,4,7,2,1,1,2,2,0
26677,10,2,11,2,10,5,0,0,2,2,0
26678,5,4,11,3,8,4,0,0,2,2,1
26679,12,4,11,0,1,4,0,0,2,2,0
26680,8,4,4,2,8,0,1,1,2,2,0
26681,9,0,8,0,0,4,0,1,2,2,0
26682,5,2,11,4,11,1,1,1,2,2,0
26683,12,4,5,2,4,0,1,1,2,2,0
26684,7,4,15,4,1,1,0,0,1,0,0
26685,9,4,11,0,3,4,0,1,2,2,0
26686,5,4,15,4,1,1,1,0,2,2,1
26687,9,4,11,2,4,0,1,1,2,2,0
26688,5,0,15,0,0,1,1,0,2,2,0
26689,6,4,9,2,4,0,1,1,2,2,1
26690,7,4,11,2,3,0,1,1,2,2,0
26691,6,4,11,4,8,1,1,1,2,2,0
26692,13,4,15,2,14,0,1,1,1,2,0
26693,9,4,11,0,12,4,1,0,2,2,0
26694,9,6,11,2,8,0,1,1,2,2,1
26695,12,4,9,2,4,3,1,0,0,2,0
26696,9,4,7,2,13,0,1,1,2,2,1
26697,7,4,14,2,10,0,1,1,2,2,1
26698,5,0,14,4,10,4,1,0,2,2,0
26699,8,4,9,2,12,0,1,1,2,2,0
26700,5,1,11,4,1,2,1,0,2,2,0
26701,6,4,11,4,4,3,1,1,2,2,0
26702,6,7,9,0,10,1,1,1,2,2,0
26703,9,0,2,2,0,0,0,1,1,2,0
26704,6,4,9,2,1,0,1,1,2,2,0
26705,5,4,12,2,10,0,1,1,1,2,0
26706,5,4,15,4,1,1,1,0,2,2,0
26707,8,4,13,5,3,1,1,1,1,2,0
26708,10,4,11,2,7,5,1,0,2,2,0
26709,6,4,9,2,4,0,0,1,2,4,1
26710,5,2,15,4,11,1,1,0,2,2,0
26711,6,4,15,0,1,4,1,0,2,2,0
26712,7,6,9,2,3,0,1,1,2,2,1
26713,3,5,11,4,3,1,1,1,2,2,1
26714,7,4,8,2,5,0,1,1,2,2,0
26715,7,4,15,0,13,4,1,0,2,2,0
26716,9,4,15,5,12,4,1,1,2,2,0
26717,9,4,8,5,13,1,1,0,3,2,0
26718,6,4,11,0,3,1,0,1,2,2,0
26719,6,4,11,4,8,1,0,0,1,0,0
26720,3,4,11,4,12,2,1,1,2,2,0
26721,6,4,8,0,10,1,1,1,2,2,0
26722,6,4,15,2,3,0,1,1,2,2,1
26723,7,4,11,6,1,4,1,0,2,2,0
26724,5,4,11,4,6,1,1,1,2,2,0
26725,5,4,11,4,3,1,0,0,2,2,0
26726,8,4,15,0,1,1,0,1,2,2,0
26727,9,4,1,2,6,2,1,0,2,2,0
26728,11,6,11,2,5,0,1,1,2,2,0
26729,7,4,12,5,10,4,1,0,3,2,0
26730,5,4,9,4,4,3,1,0,1,2,0
26731,15,4,15,2,1,5,0,0,0,2,1
26732,6,4,11,2,12,0,1,1,2,2,1
26733,6,4,11,2,8,0,1,1,2,2,0
26734,9,4,11,2,5,0,1,1,3,2,1
26735,4,4,11,4,8,1,1,0,2,2,0
26736,11,1,15,2,1,0,1,1,2,2,1
26737,10,4,11,2,7,0,1,1,2,2,0
26738,8,4,11,2,4,0,1,1,2,2,0
26739,3,4,15,4,7,1,1,0,3,2,0
26740,6,4,11,4,8,3,1,1,2,2,0
26741,15,4,11,2,1,0,1,1,1,2,1
26742,7,4,11,4,12,3,1,0,2,2,0
26743,8,4,11,0,7,1,1,1,2,2,0
26744,6,4,8,5,1,4,0,0,2,2,0
26745,10,4,15,2,1,5,1,0,2,2,0
26746,10,4,15,2,12,0,1,1,1,2,0
26747,9,4,9,0,3,1,0,1,1,2,1
26748,10,4,7,2,12,0,1,1,1,2,0
26749,12,4,11,2,6,0,1,1,2,2,0
26750,9,2,12,0,10,1,0,1,3,0,0
26751,4,6,9,4,4,1,1,1,2,2,0
26752,12,4,15,2,12,0,1,1,2,2,0
26753,3,7,9,4,10,3,1,1,2,2,0
26754,10,4,11,2,14,0,1,1,3,2,1
26755,7,1,12,4,10,3,1,0,2,2,0
26756,8,4,11,2,3,0,1,1,2,2,0
26757,8,4,11,2,4,0,1,1,2,2,1
26758,6,4,11,4,1,3,1,1,2,2,0
26759,9,4,11,2,7,0,1,1,1,2,0
26760,3,4,4,4,8,4,1,0,1,2,0
26761,4,4,7,4,4,3,1,1,1,2,0
26762,9,4,0,2,4,0,1,1,4,2,1
26763,4,6,10,4,5,3,0,1,2,0,0
26764,10,4,14,2,10,0,1,1,3,2,0
26765,12,4,7,0,7,4,1,0,2,2,0
26766,11,4,8,2,3,0,1,1,2,2,0
26767,6,2,14,2,10,0,1,1,1,2,0
26768,4,4,12,4,13,3,1,1,1,2,0
26769,4,4,11,2,3,0,1,1,1,2,1
26770,7,4,11,2,14,0,1,1,2,2,1
26771,6,4,7,2,12,0,1,1,2,2,0
26772,11,4,15,4,13,3,1,0,2,2,0
26773,5,6,11,4,3,1,1,1,2,2,0
26774,4,4,9,4,4,1,1,0,1,2,0
26775,12,4,12,0,3,1,1,1,2,2,0
26776,4,0,11,4,0,3,1,1,2,2,0
26777,4,4,11,4,12,3,0,0,1,2,0
26778,6,4,9,0,12,4,1,0,2,2,0
26779,10,4,11,2,4,0,1,1,2,2,0
26780,8,4,15,4,8,3,1,1,1,2,0
26781,8,4,12,0,10,1,1,1,2,2,0
26782,8,7,9,2,10,0,1,1,2,2,0
26783,16,2,15,4,1,1,1,0,2,2,0
26784,11,4,9,0,1,1,1,1,3,2,0
26785,8,4,11,2,7,5,1,0,2,2,0
26786,5,2,9,4,1,1,1,0,2,2,0
26787,11,4,1,0,8,1,1,1,2,2,0
26788,5,4,11,0,12,2,1,1,2,2,0
26789,9,6,9,5,10,4,0,1,2,2,0
26790,5,4,15,4,1,1,0,0,2,2,0
26791,8,4,15,2,14,0,1,1,2,2,0
26792,10,6,7,2,10,3,1,0,2,2,0
26793,5,2,9,2,10,0,1,1,0,2,1
26794,10,6,9,6,10,1,1,0,0,2,0
26795,5,5,11,4,12,3,1,0,2,2,0
26796,10,6,8,2,3,0,1,1,2,2,0
26797,9,4,15,2,12,0,1,1,2,2,0
26798,12,4,11,2,7,0,1,1,3,2,0
26799,4,4,0,4,8,4,1,0,2,2,0
26800,7,4,1,2,7,0,0,1,2,2,0
26801,8,4,2,2,12,0,0,1,2,2,1
26802,9,4,11,3,10,3,1,1,2,2,0
26803,6,4,0,2,7,0,1,1,2,2,1
26804,4,6,15,4,12,4,0,0,2,2,0
26805,7,4,9,2,12,0,1,1,2,2,1
26806,15,4,2,2,7,0,1,1,1,2,0
26807,5,4,6,4,1,3,1,0,2,2,0
26808,6,4,11,0,8,4,1,0,2,2,0
26809,8,4,4,2,3,0,1,1,2,2,0
26810,6,4,11,2,3,0,1,1,2,2,1
26811,5,0,6,4,0,1,1,0,3,2,0
26812,13,1,11,2,11,0,1,1,1,2,1
26813,6,4,11,2,6,0,1,1,2,2,0
26814,6,4,15,2,12,5,1,0,2,2,1
26815,4,4,15,4,3,1,1,1,2,2,0
26816,5,4,11,4,12,3,1,1,1,2,0
26817,9,4,11,4,4,3,1,1,2,2,0
26818,10,2,11,2,3,0,1,1,2,2,0
26819,11,4,4,0,8,1,1,0,2,2,0
26820,4,4,11,2,3,0,1,1,2,2,1
26821,7,4,11,2,3,0,1,1,2,2,1
26822,9,4,11,0,1,4,1,0,2,2,0
26823,5,6,11,2,3,0,1,1,2,2,0
26824,7,4,1,4,7,1,1,0,2,2,0
26825,8,4,11,2,12,0,1,1,2,2,0
26826,9,6,11,4,5,1,0,0,1,2,0
26827,5,5,9,4,8,1,1,0,2,2,0
26828,7,4,15,4,1,1,1,0,2,2,0
26829,12,1,11,6,1,1,0,0,1,0,0
26830,9,4,11,4,8,1,1,1,2,2,0
26831,7,4,15,4,13,3,0,1,1,2,0
26832,7,4,11,0,6,1,0,1,2,2,1
26833,7,4,0,2,3,0,1,1,2,2,0
26834,5,2,12,3,10,1,1,0,3,2,0
26835,5,4,9,4,7,1,0,1,2,2,0
26836,9,0,15,2,0,0,1,1,2,2,0
26837,10,4,15,2,6,0,1,1,1,2,0
26838,4,7,9,4,11,1,1,1,2,2,0
26839,7,7,15,2,10,0,1,1,2,2,1
26840,4,4,11,5,8,1,1,0,2,2,0
26841,8,4,12,3,10,4,1,0,2,2,0
26842,10,4,9,2,12,0,1,1,3,2,1
26843,4,4,11,4,1,1,1,0,2,2,0
26844,7,4,9,0,12,1,1,0,2,2,0
26845,9,4,11,0,1,4,1,0,2,2,0
26846,7,4,15,5,8,1,1,0,2,2,0
26847,8,6,11,4,12,1,1,0,2,2,0
26848,6,7,9,4,10,1,1,0,2,2,0
26849,3,4,6,4,9,3,1,0,0,2,0
26850,6,4,9,2,4,0,1,1,2,2,0
26851,6,4,1,2,9,2,1,0,2,2,0
26852,10,7,9,2,10,0,1,1,2,2,0
26853,7,4,9,2,10,0,1,1,2,2,1
26854,13,4,11,2,14,0,1,1,2,2,1
26855,5,4,9,4,8,1,0,0,2,2,0
26856,6,4,11,2,7,5,1,0,2,2,0
26857,4,4,15,4,4,3,1,0,2,2,0
26858,9,4,12,2,4,0,1,1,2,2,1
26859,8,7,11,0,1,1,1,0,2,2,0
26860,4,4,2,4,12,1,1,0,3,2,0
26861,5,4,11,4,3,1,0,1,3,2,0
26862,4,4,9,4,4,1,1,0,2,2,0
26863,6,4,11,2,4,0,1,1,2,2,1
26864,7,4,11,2,3,0,1,1,2,2,0
26865,4,4,11,4,12,1,0,0,2,2,0
26866,6,7,14,2,10,0,1,1,2,2,1
26867,7,6,8,0,10,1,1,1,2,2,0
26868,4,4,12,4,10,3,1,1,2,1,0
26869,4,7,8,4,8,3,1,0,2,2,0
26870,5,4,11,2,12,0,1,1,2,2,0
26871,7,5,15,2,4,0,1,1,2,2,0
26872,9,2,11,4,10,1,0,0,2,0,0
26873,7,2,9,2,10,0,1,1,1,2,0
26874,8,4,15,2,12,0,1,1,3,2,0
26875,11,4,2,2,14,0,0,1,0,2,1
26876,10,4,9,0,11,3,1,0,2,2,0
26877,12,4,11,0,8,4,1,0,1,2,0
26878,11,7,8,2,11,0,0,1,1,2,0
26879,6,4,11,2,7,0,1,1,2,2,1
26880,8,4,15,2,7,0,0,1,2,2,1
26881,3,4,9,4,1,1,1,0,0,2,0
26882,9,4,11,0,8,1,1,0,2,2,0
26883,5,4,9,0,4,1,1,1,2,2,0
26884,9,4,8,2,12,5,1,0,1,2,0
26885,9,4,9,3,1,2,1,1,2,2,0
26886,4,4,11,2,3,0,1,1,2,2,0
26887,10,6,11,0,4,4,1,0,1,2,0
26888,7,4,11,2,12,0,1,1,3,2,1
26889,8,6,9,2,4,0,1,1,4,2,1
26890,9,4,9,0,4,1,1,1,3,2,0
26891,12,4,15,2,14,0,1,1,2,2,0
26892,9,1,15,0,8,4,1,0,2,2,0
26893,11,4,4,2,3,0,1,1,2,2,1
26894,10,4,15,0,8,1,1,0,2,2,0
26895,5,4,9,2,4,0,0,1,2,2,0
26896,14,4,7,2,13,0,1,1,2,2,0
26897,7,4,11,2,7,0,1,1,2,2,1
26898,8,6,14,2,12,0,1,1,2,1,0
26899,9,5,9,2,4,0,1,1,2,2,0
26900,6,4,15,2,10,0,1,1,1,2,1
26901,5,4,15,4,3,2,1,1,2,2,0
26902,7,4,11,2,12,0,1,1,1,2,1
26903,4,4,4,4,8,3,1,0,2,2,0
26904,7,5,15,2,3,0,0,1,2,2,0
26905,11,4,9,4,12,3,1,1,2,2,0
26906,9,2,12,4,10,3,1,0,1,2,0
26907,3,4,5,4,3,3,1,1,1,2,0
26908,11,0,1,2,0,5,0,0,2,2,1
26909,9,4,11,2,3,0,1,1,2,1,1
26910,7,4,15,4,8,1,1,0,1,2,0
26911,8,7,11,4,1,1,1,0,2,2,0
26912,3,4,15,4,12,1,1,0,1,2,0
26913,7,4,8,2,10,0,1,1,2,2,0
26914,5,1,7,4,4,3,1,0,2,2,0
26915,4,4,15,4,4,1,1,0,2,2,0
26916,5,4,12,4,4,3,1,0,2,2,0
26917,10,4,0,4,13,3,1,1,2,2,0
26918,10,4,9,2,4,5,1,0,2,2,0
26919,15,7,15,6,13,4,0,0,0,2,0
26920,3,6,11,4,4,1,1,1,1,2,0
26921,11,4,11,2,7,0,1,1,2,2,1
26922,5,4,11,2,8,0,1,1,2,2,1
26923,12,4,4,2,14,0,1,1,0,2,1
26924,4,7,7,4,13,3,1,1,2,2,0
26925,9,4,11,2,3,0,1,1,1,2,1
26926,4,4,15,4,1,2,0,0,1,2,0
26927,4,4,11,4,1,3,1,0,2,2,0
26928,4,6,15,4,12,1,1,0,1,2,0
26929,10,7,0,2,3,0,1,1,3,2,1
26930,6,7,12,2,10,0,1,1,2,2,1
26931,12,4,9,2,1,5,0,0,1,2,0
26932,4,6,11,4,4,1,1,1,1,2,0
26933,5,4,12,2,4,0,1,1,0,2,0
26934,7,4,8,2,4,0,1,1,2,2,1
26935,9,4,11,2,13,0,1,1,2,2,1
26936,5,4,15,0,7,4,1,0,2,2,1
26937,7,1,11,2,1,0,1,1,2,2,1
26938,7,0,7,2,0,0,0,1,2,2,1
26939,7,4,15,2,3,0,1,1,2,2,0
26940,5,4,4,4,6,3,0,1,2,0,0
26941,7,4,11,0,10,4,1,0,1,2,0
26942,3,0,5,4,0,1,1,1,0,2,0
26943,3,6,11,4,3,1,1,1,1,2,0
26944,4,4,11,4,8,1,1,0,2,2,0
26945,6,4,15,2,3,0,1,1,1,2,0
26946,8,1,15,2,1,0,1,1,2,2,1
26947,4,4,15,4,7,1,1,1,1,2,0
26948,7,4,11,0,8,4,1,0,3,2,0
26949,12,1,9,2,8,0,1,1,2,2,0
26950,4,6,2,2,3,0,1,1,2,2,1
26951,9,4,11,0,1,4,1,0,1,2,0
26952,4,4,11,4,14,3,0,1,2,2,0
26953,10,5,11,2,4,0,0,1,2,2,0
26954,15,4,9,0,1,1,1,0,2,2,0
26955,7,4,9,0,10,4,1,0,2,2,0
26956,14,4,8,6,12,1,1,0,1,2,0
26957,9,4,7,2,12,0,1,1,4,2,0
26958,6,5,12,4,4,1,1,1,2,2,0
26959,10,4,2,5,8,0,1,1,2,2,1
26960,3,4,9,4,4,4,1,0,1,2,0
26961,9,5,11,2,8,5,1,0,3,2,1
26962,5,0,1,2,0,5,1,0,1,2,0
26963,7,4,10,2,10,0,1,1,2,2,1
26964,6,4,12,4,10,1,1,1,2,2,0
26965,7,0,15,2,0,0,0,1,2,2,1
26966,6,4,15,2,4,5,1,0,2,2,0
26967,8,4,9,2,8,0,1,1,2,2,0
26968,7,4,8,2,1,5,1,0,2,2,0
26969,10,4,15,2,13,0,0,1,2,2,0
26970,7,4,15,4,3,1,1,1,2,2,0
26971,4,4,11,4,6,3,1,0,1,2,0
26972,7,7,12,4,10,3,1,1,4,2,0
26973,7,2,11,2,4,0,1,1,1,2,1
26974,3,6,0,2,5,0,0,1,1,2,1
26975,9,2,8,2,10,0,1,1,2,2,1
26976,4,4,5,4,5,1,1,1,1,2,0
26977,5,4,12,4,10,1,1,1,2,2,0
26978,9,7,9,2,12,0,1,1,2,2,0
26979,9,4,11,3,12,1,1,0,2,2,0
26980,8,4,15,2,12,0,1,1,2,2,0
26981,3,0,15,4,0,1,1,0,1,2,0
26982,6,4,11,2,7,0,0,1,2,2,0
26983,9,4,1,2,12,0,1,1,1,2,1
26984,3,4,15,4,8,1,1,0,1,2,0
26985,10,4,5,2,3,0,1,1,2,2,1
26986,9,1,15,2,1,5,1,0,2,2,0
26987,6,1,15,0,1,4,1,0,2,2,0
26988,12,0,7,2,0,0,1,1,2,2,1
26989,12,4,15,5,4,1,0,1,3,2,0
26990,3,4,9,4,1,3,1,0,2,2,0
26991,8,4,11,2,3,0,1,1,2,2,1
26992,6,4,11,2,1,0,1,1,2,2,1
26993,9,5,15,2,12,1,1,1,2,2,0
26994,9,4,11,0,7,4,1,0,3,2,0
26995,6,6,2,0,3,4,1,1,3,2,0
26996,9,2,9,4,10,1,1,0,2,1,0
26997,12,4,12,2,10,5,1,0,0,2,0
26998,5,2,9,4,10,3,0,0,2,2,0
26999,10,4,12,0,13,1,1,1,1,2,0
27000,7,4,11,5,6,2,1,1,2,2,0
27001,9,4,11,6,1,4,0,0,1,2,0
27002,12,4,11,2,6,0,1,1,2,2,0
27003,5,4,8,4,4,3,0,1,2,2,0
27004,4,4,11,2,11,0,1,1,2,2,0
27005,6,4,4,4,6,3,1,1,2,2,0
27006,4,7,15,0,4,4,1,0,1,1,0
27007,11,6,10,2,10,0,1,1,2,2,0
27008,9,4,11,2,10,0,1,1,1,2,0
27009,3,4,9,4,12,1,0,1,3,2,0
27010,11,4,9,0,13,1,1,1,1,2,0
27011,5,0,1,4,0,3,0,0,1,2,0
27012,3,4,1,4,7,3,1,1,1,2,0
27013,5,4,15,4,12,1,1,0,2,2,0
27014,7,6,9,2,12,0,1,1,0,2,0
27015,6,4,11,2,6,0,0,1,2,2,0
27016,5,2,11,4,11,1,0,0,2,2,0
27017,11,4,8,2,10,0,1,1,2,2,1
27018,3,4,11,4,1,1,0,0,1,2,0
27019,12,4,9,2,12,5,1,0,2,2,1
27020,3,4,9,4,10,3,0,1,1,2,0
27021,5,4,15,2,4,0,1,1,2,2,0
27022,4,4,9,4,12,1,1,1,2,2,0
27023,6,4,11,0,14,4,1,1,2,2,0
27024,8,4,11,2,3,0,1,1,1,2,0
27025,6,4,5,4,10,3,1,0,2,2,0
27026,12,4,15,2,12,0,1,1,2,2,0
27027,13,4,0,6,1,4,1,0,1,2,0
27028,11,4,1,2,8,5,1,0,1,2,0
27029,10,6,12,2,10,0,1,1,2,2,0
27030,3,4,15,4,1,1,1,0,0,2,0
27031,12,4,11,2,14,0,1,1,2,2,1
27032,12,4,8,2,1,0,1,1,2,2,0
27033,8,4,15,0,1,4,0,0,2,3,0
27034,7,2,15,2,11,5,1,0,1,2,1
27035,8,2,9,0,10,1,1,0,2,2,0
27036,8,6,11,3,14,1,1,1,2,2,0
27037,11,4,9,2,8,0,1,1,2,2,1
27038,6,2,15,2,3,0,1,1,2,2,1
27039,4,4,11,4,6,1,1,0,2,2,0
27040,3,4,12,4,1,3,1,0,0,2,0
27041,7,4,11,4,8,1,1,0,2,2,0
27042,9,6,12,2,10,0,1,1,2,2,0
27043,14,5,9,2,4,0,1,1,0,2,0
27044,14,4,9,0,12,4,1,0,1,2,0
27045,10,4,4,2,6,0,1,1,2,2,0
27046,8,1,15,0,10,4,1,0,2,2,0
27047,10,4,11,0,1,4,1,0,2,2,0
27048,10,6,0,2,14,0,1,1,2,2,0
27049,4,4,1,2,8,0,1,1,2,2,1
27050,6,4,15,2,4,0,0,1,3,2,0
27051,5,4,6,2,3,0,1,1,1,2,0
27052,8,4,9,2,13,0,1,1,2,2,0
27053,3,0,15,4,0,1,1,0,1,2,0
27054,8,4,5,0,8,1,0,0,2,2,0
27055,6,4,15,2,10,0,0,1,0,0,1
27056,4,4,11,4,7,4,1,0,2,4,1
27057,4,4,0,4,14,3,1,1,2,2,0
27058,8,4,11,4,3,1,1,1,2,2,0
27059,9,4,1,0,12,2,0,0,2,2,0
27060,9,4,11,2,3,0,1,1,2,2,0
27061,8,4,11,0,4,2,1,1,2,2,0
27062,5,4,15,2,1,0,1,1,1,2,0
27063,15,2,7,2,1,0,0,1,2,2,1
27064,11,4,11,2,3,0,1,1,2,2,1
27065,5,4,11,4,10,1,0,0,2,2,0
27066,9,4,11,2,8,5,1,0,2,2,0
27067,4,1,11,2,1,0,1,1,1,2,0
27068,6,4,11,4,1,3,1,0,1,2,0
27069,7,4,11,4,1,1,1,1,2,2,0
27070,11,2,13,2,11,0,1,1,2,2,0
27071,9,6,11,2,8,0,1,1,2,2,1
27072,8,0,6,6,0,1,0,0,4,3,0
27073,13,4,15,3,12,2,1,0,0,2,0
27074,12,4,11,0,8,4,1,0,2,2,1
27075,5,4,15,4,1,1,1,1,1,2,0
27076,9,4,11,0,7,1,1,1,2,2,0
27077,5,4,15,2,12,0,0,1,2,0,0
27078,6,6,9,0,4,4,1,1,2,2,0
27079,12,7,14,2,10,0,1,1,2,2,0
27080,4,4,12,4,10,1,0,1,3,2,1
27081,6,4,15,4,8,3,0,0,2,2,0
27082,4,4,2,4,8,1,1,0,2,2,0
27083,8,4,12,0,4,4,1,0,2,2,1
27084,10,4,11,0,6,1,1,1,2,2,1
27085,8,4,12,2,4,0,1,1,2,2,1
27086,7,4,12,4,10,3,1,0,2,2,0
27087,11,2,9,4,4,3,1,1,2,2,0
27088,7,4,7,2,3,0,1,1,2,2,0
27089,13,7,11,6,12,1,1,0,1,2,0
27090,3,4,0,4,8,3,1,0,1,2,0
27091,7,4,11,2,1,0,1,1,2,2,0
27092,9,6,15,2,14,0,0,1,2,2,0
27093,8,4,9,2,12,0,1,1,2,2,0
27094,9,4,11,2,3,0,1,1,2,2,1
27095,6,1,12,2,4,0,1,1,2,2,1
27096,12,2,11,2,8,2,0,0,2,2,0
27097,10,4,0,2,8,0,1,1,2,2,1
27098,8,4,11,0,13,4,1,0,2,2,0
27099,8,4,9,0,4,1,1,0,0,2,0
27100,5,6,7,4,10,4,1,0,2,2,0
27101,7,2,9,0,10,4,1,0,2,2,1
27102,8,6,11,4,3,3,1,0,3,2,0
27103,10,7,9,2,4,5,1,0,2,2,0
27104,7,4,15,0,13,1,1,1,2,2,0
27105,8,4,9,0,4,1,1,1,2,2,0
27106,10,4,11,2,1,0,1,1,2,2,0
27107,7,4,4,2,14,0,1,1,2,2,0
27108,4,4,10,4,10,3,1,1,1,2,0
27109,7,7,11,2,1,5,1,0,2,2,0
27110,3,4,8,4,4,3,0,1,0,2,0
27111,9,4,11,4,1,1,1,0,2,2,0
27112,5,4,9,4,12,1,1,0,2,2,0
27113,7,4,15,2,10,0,1,1,2,2,1
27114,3,4,7,4,10,1,1,1,1,2,0
27115,4,4,11,5,6,1,1,0,2,2,0
27116,6,4,0,2,3,0,1,1,2,2,1
27117,8,6,15,0,4,4,1,0,3,2,0
27118,10,4,11,2,3,0,1,1,2,2,0
27119,5,4,9,4,12,1,0,1,3,2,0
27120,11,4,12,0,10,1,1,1,1,2,0
27121,7,4,9,4,4,3,1,0,2,2,0
27122,8,4,11,2,4,0,1,1,3,2,1
27123,6,4,9,4,3,1,1,1,2,2,0
27124,3,4,2,4,3,3,0,1,0,2,0
27125,9,6,12,4,4,3,1,1,2,1,0
27126,9,6,15,2,14,0,1,1,1,2,0
27127,9,4,8,2,3,0,1,1,2,2,0
27128,6,4,15,0,8,3,1,1,1,2,0
27129,5,0,15,4,0,1,1,0,2,2,0
27130,7,0,11,4,0,3,1,0,2,2,0
27131,9,4,9,2,4,0,1,1,2,2,0
27132,10,4,11,0,4,1,1,1,2,0,0
27133,6,4,9,0,10,1,1,0,2,2,0
27134,5,4,0,4,14,3,0,1,2,2,0
27135,9,4,15,2,4,0,1,1,2,2,1
27136,8,5,15,6,4,4,0,0,2,2,0
27137,6,4,11,2,6,0,0,1,2,0,0
27138,8,5,11,2,6,0,1,1,2,2,1
27139,7,4,7,2,4,0,1,1,2,2,1
27140,7,4,11,2,3,0,1,1,2,2,0
27141,13,6,10,6,10,4,1,1,0,2,0
27142,7,2,11,2,10,0,1,1,2,2,1
27143,5,4,11,2,14,0,0,1,3,0,0
27144,9,4,11,2,8,0,1,1,3,2,0
27145,6,2,12,2,10,0,1,1,2,2,0
27146,4,0,1,4,0,1,1,0,1,2,0
27147,5,4,15,4,8,3,1,0,1,2,0
27148,8,4,5,4,8,4,1,0,1,2,0
27149,7,0,15,4,0,3,1,0,2,2,0
27150,7,6,9,0,12,4,1,0,2,2,0
27151,5,4,12,4,12,1,0,1,2,2,0
27152,7,7,11,4,1,1,1,0,2,1,0
27153,7,6,9,0,12,3,1,0,2,2,0
27154,8,4,15,2,11,0,1,1,2,1,0
27155,12,2,7,0,11,3,1,1,0,2,0
27156,6,0,15,2,0,0,1,1,1,2,0
27157,6,4,15,4,12,3,1,1,3,2,0
27158,10,4,11,2,7,0,1,1,2,2,1
27159,7,2,12,2,1,0,1,1,2,2,1
27160,12,7,5,2,3,0,1,1,3,2,1
27161,5,4,15,0,1,4,1,0,3,2,0
27162,6,4,9,2,1,0,1,1,1,2,0
27163,8,4,0,4,6,1,1,1,2,2,0
27164,11,4,12,2,4,3,1,0,2,2,0
27165,7,4,11,2,12,0,0,1,2,2,1
27166,5,1,11,4,13,3,1,0,2,2,0
27167,6,4,1,4,12,2,1,0,4,2,0
27168,5,4,11,2,3,0,1,1,2,2,1
27169,8,0,11,2,0,0,1,1,2,2,0
27170,3,0,11,4,0,1,1,0,0,2,0
27171,6,4,11,4,1,1,1,1,2,2,0
27172,11,4,15,0,1,1,1,1,4,2,0
27173,7,1,15,2,4,0,1,1,3,2,0
27174,4,4,1,0,3,1,1,1,4,2,0
27175,4,4,11,4,3,1,1,1,2,2,0
27176,8,4,15,2,12,0,1,1,2,2,0
27177,11,2,9,2,4,0,1,1,2,2,0
27178,7,4,15,2,12,0,1,1,3,2,0
27179,11,4,9,6,13,2,1,0,1,2,0
27180,6,4,15,4,1,1,1,0,2,2,0
27181,6,4,15,2,4,0,1,1,2,2,0
27182,5,4,1,4,7,1,1,0,1,2,0
27183,11,2,15,2,1,0,1,1,2,2,0
27184,5,4,7,2,5,0,1,1,2,2,0
27185,4,4,1,4,8,3,1,1,1,2,0
27186,9,4,15,2,14,0,1,1,2,2,1
27187,9,4,15,5,4,3,1,0,2,4,0
27188,5,4,15,4,3,1,1,1,1,2,1
27189,8,7,14,2,10,5,1,0,2,2,0
27190,6,4,15,4,13,1,1,1,2,2,0
27191,6,2,7,4,11,1,1,1,2,2,0
27192,7,4,15,0,8,1,0,0,2,2,0
27193,7,7,12,2,10,0,1,1,2,2,0
27194,3,4,10,4,10,1,1,1,2,2,0
27195,7,2,9,4,10,3,1,1,1,2,0
27196,10,2,11,2,10,5,1,0,1,2,0
27197,10,4,9,4,8,1,1,0,4,2,0
27198,11,5,9,2,12,0,1,1,1,2,0
27199,11,4,11,2,14,0,1,1,3,2,1
27200,8,6,11,0,12,4,1,0,2,2,0
27201,12,4,11,4,4,3,1,1,2,2,0
27202,10,2,1,2,8,0,1,1,2,2,0
27203,7,4,11,2,8,0,1,1,2,2,0
27204,9,6,15,2,12,0,1,1,2,2,1
27205,6,1,9,4,10,1,1,1,3,2,0
27206,7,6,12,2,4,0,1,1,2,2,0
27207,5,4,11,4,7,4,1,0,2,2,0
27208,8,7,12,2,10,5,1,0,2,2,1
27209,18,6,9,2,12,0,1,1,2,2,1
27210,9,4,0,2,9,5,0,0,3,2,0
27211,9,4,2,2,14,0,1,1,2,2,1
27212,7,2,12,4,10,4,1,0,3,2,0
27213,7,4,5,2,7,0,1,1,2,2,0
27214,7,0,15,2,0,0,1,1,2,2,1
27215,10,4,9,4,1,4,1,0,2,2,0
27216,8,4,11,5,9,4,1,0,2,2,0
27217,6,4,11,4,1,1,0,1,2,2,0
27218,9,4,15,2,7,0,1,1,2,2,0
27219,12,4,15,2,11,0,1,1,2,2,1
27220,8,4,11,2,7,0,1,1,2,2,0
27221,6,0,7,4,0,1,1,1,2,2,0
27222,6,4,11,2,6,0,1,1,2,2,0
27223,10,4,9,2,13,0,1,1,2,2,0
27224,3,4,5,4,3,1,1,1,1,2,0
27225,5,4,11,2,4,0,1,1,2,2,1
27226,9,7,15,0,4,1,1,0,2,2,0
27227,4,2,15,4,14,1,1,1,2,2,0
27228,5,4,11,2,14,0,1,1,2,2,0
27229,7,1,15,2,3,0,0,1,2,2,0
27230,9,4,11,6,12,1,1,1,2,2,0
27231,8,4,6,2,4,0,1,1,2,2,1
27232,11,4,0,2,3,0,1,1,1,4,0
27233,5,6,1,4,5,1,1,1,2,2,0
27234,5,4,15,4,3,3,1,1,1,2,0
27235,6,4,14,4,10,3,1,1,1,2,0
27236,5,4,0,2,8,2,1,0,2,2,0
27237,10,6,11,2,5,0,1,1,2,2,0
27238,5,4,11,2,3,0,1,1,2,2,1
27239,5,4,11,4,7,3,1,1,2,2,0
27240,8,4,11,2,6,0,1,1,2,2,1
27241,5,4,1,4,7,1,1,1,2,2,0
27242,8,4,1,2,3,0,1,1,1,2,1
27243,6,5,11,5,4,4,1,0,1,2,0
27244,10,4,2,2,3,0,1,1,2,2,1
27245,13,4,15,6,12,1,1,0,2,2,0
27246,4,4,11,4,12,3,1,1,0,2,0
27247,15,5,9,2,12,0,1,1,2,2,0
27248,6,4,12,4,10,3,1,0,2,2,0
27249,6,6,15,2,4,0,1,1,2,2,1
27250,10,4,15,2,4,0,1,1,1,2,1
27251,9,4,9,3,12,1,1,0,2,2,0
27252,5,4,11,4,14,1,1,1,2,2,0
27253,9,5,8,0,12,1,1,0,2,2,0
27254,9,4,11,2,1,5,1,0,2,2,0
27255,5,2,9,4,10,2,1,1,2,2,0
27256,11,2,15,0,10,4,1,0,4,2,0
27257,7,6,5,0,8,1,1,1,2,2,0
27258,11,4,11,0,8,1,1,1,2,2,0
27259,7,4,11,4,7,3,1,1,2,2,0
27260,8,4,11,4,8,2,0,0,2,0,0
27261,10,4,1,2,1,5,1,0,2,2,0
27262,3,4,11,4,3,1,0,1,0,2,0
27263,7,4,9,2,12,0,1,1,2,4,1
27264,4,4,9,4,10,1,1,1,1,2,0
27265,11,4,11,0,8,4,1,0,2,2,0
27266,7,4,9,4,1,1,0,1,2,0,0
27267,10,4,11,2,3,0,1,1,1,2,0
27268,7,4,11,2,1,0,1,1,2,2,1
27269,10,4,9,2,12,0,1,1,2,2,0
27270,11,4,15,0,1,1,1,0,2,2,0
27271,6,4,15,2,5,0,1,1,2,2,1
27272,7,4,12,4,4,1,0,0,2,2,0
27273,8,4,11,2,14,0,1,1,1,2,0
27274,4,4,12,4,4,3,1,0,2,2,0
27275,13,4,15,2,1,0,1,1,0,2,0
27276,9,2,9,4,4,3,1,1,2,2,0
27277,7,4,11,0,14,1,1,1,3,2,0
27278,6,4,11,4,1,2,1,0,2,2,0
27279,13,4,15,2,4,0,1,1,0,2,1
27280,4,4,9,2,12,0,1,1,1,2,0
27281,3,4,2,4,8,3,1,0,1,2,0
27282,4,0,12,4,0,1,1,1,2,2,0
27283,7,4,9,0,1,4,1,0,2,2,0
27284,5,4,11,2,6,0,1,1,1,2,0
27285,6,4,11,2,4,0,1,1,2,2,1
27286,4,4,9,2,3,0,1,1,0,2,0
27287,6,4,5,5,8,1,1,1,2,2,0
27288,9,4,14,2,4,5,1,0,2,2,1
27289,6,4,8,2,10,0,1,1,2,2,0
27290,12,4,1,4,3,3,1,1,3,2,0
27291,12,4,12,0,8,1,0,1,4,4,1
27292,7,4,11,2,4,0,1,1,2,2,0
27293,7,4,4,4,3,1,1,0,2,2,0
27294,8,4,8,2,5,0,1,1,2,2,1
27295,8,4,11,5,3,1,1,1,2,2,0
27296,12,4,15,2,4,0,1,1,1,2,1
27297,6,4,15,5,1,4,0,0,0,2,0
27298,6,4,9,2,12,0,1,1,1,1,1
27299,6,4,2,4,12,3,1,1,1,2,0
27300,4,4,11,4,12,1,1,1,2,2,0
27301,6,4,7,2,13,0,1,1,2,2,1
27302,10,4,11,2,12,0,1,1,2,2,1
27303,4,4,7,2,3,0,1,1,2,2,0
27304,12,4,11,2,14,0,1,1,2,2,0
27305,5,6,1,4,3,1,0,1,1,2,0
27306,3,4,0,4,8,3,1,1,0,4,0
27307,11,0,2,5,0,4,1,0,1,2,0
27308,10,6,6,0,5,1,0,1,2,2,0
27309,8,2,8,0,1,1,1,0,2,2,0
27310,6,4,9,2,12,5,1,0,2,2,1
27311,14,4,2,6,7,1,1,0,1,2,0
27312,7,4,9,4,4,1,1,1,2,2,0
27313,8,4,11,2,3,0,1,1,2,2,1
27314,8,4,11,4,7,3,1,0,2,2,0
27315,7,4,5,2,5,3,1,1,2,2,0
27316,4,4,14,4,6,3,1,1,2,2,0
27317,12,4,11,6,8,1,1,0,3,2,0
27318,3,7,6,4,8,3,0,0,1,2,0
27319,6,4,11,2,10,0,1,1,1,2,1
27320,6,4,11,2,3,0,1,1,2,2,0
27321,6,0,1,2,0,0,1,1,2,2,1
27322,4,4,11,4,8,3,1,0,0,4,0
27323,9,4,11,0,12,1,1,0,2,2,0
27324,5,6,11,0,5,4,1,1,2,2,0
27325,5,4,11,2,8,0,1,1,2,2,1
27326,8,4,7,4,12,1,1,1,2,2,0
27327,6,2,15,2,11,0,0,1,0,2,0
27328,12,4,11,2,7,0,1,1,2,2,0
27329,10,4,9,2,4,0,1,1,2,2,0
27330,8,4,11,2,14,0,1,1,2,2,1
27331,6,0,1,0,0,1,0,0,2,0,0
27332,7,6,9,2,4,0,1,1,2,2,1
27333,11,4,11,2,5,0,1,1,1,2,0
27334,10,4,11,0,8,1,1,0,0,2,0
27335,11,4,10,0,4,3,1,0,2,2,0
27336,11,4,11,2,12,0,1,1,2,2,0
27337,9,4,11,2,8,0,0,1,1,2,1
27338,6,2,9,5,10,4,0,0,2,2,0
27339,7,4,11,2,6,0,1,1,2,2,1
27340,9,4,10,2,10,0,1,1,2,2,0
27341,7,4,12,2,10,0,1,1,2,4,0
27342,4,4,11,4,3,1,0,1,0,2,0
27343,4,0,15,4,0,4,1,1,0,2,0
27344,10,4,15,2,14,0,1,1,2,2,0
27345,3,4,11,4,4,1,1,0,2,2,0
27346,10,5,11,2,10,0,1,1,1,2,1
27347,5,4,11,2,14,0,1,1,2,2,0
27348,10,6,12,2,10,0,1,1,3,2,0
27349,7,4,11,0,5,4,1,0,2,2,0
27350,5,7,9,4,10,4,0,0,2,2,0
27351,8,4,15,2,4,5,1,0,2,2,0
27352,3,4,11,4,13,3,1,1,1,2,0
27353,8,4,8,2,3,0,1,1,1,2,0
27354,5,4,9,2,4,0,0,1,2,2,0
27355,12,5,12,5,4,2,1,1,1,2,0
27356,7,4,11,2,3,0,1,1,2,2,1
27357,12,4,11,0,1,1,1,0,2,2,0
27358,6,4,11,2,3,0,1,1,3,2,0
27359,9,4,15,2,6,0,1,1,2,2,1
27360,10,0,12,4,0,1,1,0,2,2,0
27361,8,4,11,0,10,1,1,0,2,2,0
27362,11,7,11,6,8,2,1,0,2,2,0
27363,5,4,15,4,10,1,1,1,1,2,0
27364,7,4,9,2,3,0,1,1,2,2,0
27365,9,6,15,0,12,1,1,0,2,2,0
27366,6,4,9,4,12,3,1,0,2,2,0
27367,6,4,11,2,7,0,1,1,2,2,0
27368,6,4,0,2,6,0,0,1,2,0,0
27369,15,7,9,0,10,3,1,0,0,2,0
27370,6,2,11,4,1,1,1,0,2,2,0
27371,9,4,9,2,5,0,1,1,2,2,1
27372,7,4,7,2,8,5,1,0,2,2,0
27373,11,4,12,0,10,1,1,1,2,2,0
27374,4,4,0,4,8,4,1,0,2,2,0
27375,5,4,11,2,12,5,1,0,2,2,1
27376,9,4,9,3,4,1,1,0,2,2,0
27377,11,4,15,4,4,3,0,0,4,2,0
27378,13,0,15,2,0,0,1,1,1,2,0
27379,3,3,9,4,4,1,1,0,1,2,0
27380,5,4,11,4,7,1,1,1,2,2,0
27381,10,4,9,2,10,5,0,0,2,2,0
27382,8,4,7,2,3,0,1,1,2,2,0
27383,4,6,11,4,3,4,0,0,2,0,0
27384,14,4,9,6,10,4,1,0,1,2,0
27385,6,0,5,2,0,0,1,1,2,2,0
27386,10,4,11,2,3,0,0,1,3,2,1
27387,8,5,15,2,12,0,0,1,1,2,1
27388,6,4,15,4,6,1,1,1,2,2,0
27389,5,4,1,4,3,1,1,1,1,2,0
27390,6,4,15,0,1,4,1,0,3,2,0
27391,4,4,9,4,1,3,1,1,2,2,0
27392,9,4,4,2,6,0,1,1,2,2,1
27393,11,4,11,6,1,1,1,0,2,2,0
27394,8,4,11,2,14,0,1,1,2,2,1
27395,6,4,7,2,12,0,1,1,2,2,0
27396,4,4,11,4,10,1,1,0,1,2,0
27397,4,5,11,4,14,3,0,1,2,2,0
27398,6,4,7,2,4,0,1,1,1,2,1
27399,4,0,11,4,0,3,1,0,2,2,0
27400,9,2,11,2,4,5,1,0,1,2,0
27401,9,6,11,0,14,1,1,1,2,2,0
27402,12,0,11,2,0,0,1,1,2,2,1
27403,7,4,15,2,12,0,1,1,2,2,1
27404,4,4,11,4,7,1,1,1,0,2,0
27405,4,6,0,4,8,1,1,0,2,2,0
27406,9,4,9,2,1,0,1,1,2,2,1
27407,5,2,11,2,3,0,1,1,2,2,1
27408,7,4,11,0,1,4,1,0,2,2,0
27409,9,4,11,0,14,4,1,1,1,2,1
27410,5,4,11,2,7,0,1,1,3,2,0
27411,9,4,0,0,7,1,1,1,0,2,1
27412,7,4,11,2,3,0,1,1,2,2,0
27413,5,4,11,4,12,1,1,1,2,2,1
27414,7,4,0,2,12,0,1,1,2,2,1
27415,7,4,9,2,4,5,1,0,2,2,1
27416,13,4,9,4,1,1,1,0,1,2,0
27417,7,1,15,2,1,5,1,0,2,2,0
27418,7,4,8,2,3,0,1,1,3,2,1
27419,9,1,11,2,6,0,1,1,2,2,1
27420,14,4,11,2,12,0,1,1,1,2,1
27421,9,4,9,0,4,4,0,0,2,2,0
27422,10,2,15,2,11,0,1,1,2,2,1
27423,7,4,11,2,4,0,1,1,2,2,0
27424,7,4,11,4,7,1,0,1,0,2,0
27425,11,6,10,2,10,0,1,1,1,2,1
27426,7,4,11,4,9,3,1,0,2,2,0
27427,6,0,15,4,0,3,1,1,2,2,0
27428,4,4,8,4,3,1,1,1,2,2,0
27429,11,4,11,2,3,0,1,1,2,2,0
27430,4,4,9,4,1,1,1,1,1,2,0
27431,5,4,9,4,12,3,0,1,2,2,0
27432,7,4,11,2,10,5,1,0,2,2,0
27433,9,4,15,0,4,4,0,0,4,2,0
27434,8,4,5,2,1,0,1,1,2,2,1
27435,5,4,15,0,8,4,1,0,2,2,0
27436,6,4,0,4,3,1,1,1,2,2,0
27437,4,7,9,4,10,1,0,1,2,2,0
27438,7,4,1,4,8,1,1,0,1,2,0
27439,10,1,8,2,10,0,1,1,2,2,1
27440,14,4,15,2,12,0,0,1,0,2,1
27441,4,0,11,4,0,3,1,0,2,2,0
27442,10,4,8,0,3,4,1,0,1,2,0
27443,8,2,11,2,4,0,1,1,3,2,0
27444,8,4,11,0,12,3,1,0,1,2,0
27445,8,4,11,2,7,0,1,1,2,2,1
27446,6,2,9,0,10,1,0,1,2,2,0
27447,9,4,1,2,6,0,1,1,2,2,0
27448,7,4,15,2,7,0,1,1,2,2,1
27449,10,2,11,0,1,4,1,0,2,2,0
27450,6,4,11,4,12,2,1,1,2,2,0
27451,9,4,11,2,12,0,1,1,2,2,0
27452,8,6,8,2,13,0,1,1,0,2,0
27453,4,0,15,4,0,1,1,0,1,2,0
27454,10,4,9,4,1,1,1,0,1,2,0
27455,8,4,11,2,7,0,1,1,2,2,1
27456,3,4,14,4,10,1,1,1,2,2,0
27457,4,4,12,4,10,3,1,1,2,2,0
27458,8,6,7,2,4,0,1,1,2,2,1
27459,13,4,11,2,10,2,1,1,2,2,0
27460,4,4,11,4,1,4,1,0,0,2,0
27461,8,4,0,3,3,2,0,1,1,2,0
27462,10,2,11,2,1,5,1,0,2,2,0
27463,5,4,9,2,12,0,1,1,2,2,0
27464,8,4,7,2,1,0,1,1,4,2,1
27465,8,5,9,2,10,0,0,1,1,2,0
27466,3,4,11,4,3,3,1,1,1,2,1
27467,4,4,9,4,10,1,1,1,1,2,0
27468,8,6,9,2,12,0,1,1,2,2,1
27469,7,4,8,4,4,1,1,1,2,2,0
27470,7,4,11,0,8,1,1,0,2,2,0
27471,9,4,15,0,1,1,1,0,2,2,0
27472,8,7,11,5,6,1,1,0,1,2,0
27473,8,4,15,4,4,1,1,1,2,2,0
27474,9,7,15,4,8,3,1,1,1,2,0
27475,11,4,15,2,8,5,1,0,2,2,0
27476,7,4,15,2,14,0,0,1,2,2,1
27477,8,4,11,2,3,0,1,1,2,2,0
27478,9,4,1,2,3,0,1,1,2,1,1
27479,6,4,15,5,1,1,0,0,3,2,0
27480,7,1,9,0,1,1,1,0,2,2,0
27481,7,4,11,2,4,0,0,1,2,2,1
27482,3,4,0,4,7,3,0,0,0,2,0
27483,8,4,11,4,9,1,1,0,2,2,0
27484,8,4,15,4,6,1,1,0,2,2,0
27485,5,4,11,0,1,1,1,0,2,2,0
27486,5,6,9,2,3,0,1,1,2,2,1
27487,8,4,15,2,14,0,1,1,2,2,0
27488,5,4,11,4,8,4,1,0,2,2,0
27489,5,4,15,2,12,0,1,1,2,2,0
27490,8,2,11,5,8,4,1,0,1,2,0
27491,7,5,11,2,12,0,1,1,2,3,1
27492,9,2,11,2,11,0,1,1,2,2,1
27493,4,4,11,4,12,1,1,1,1,2,1
27494,8,4,6,2,6,0,1,1,2,2,0
27495,8,4,5,2,6,0,1,1,3,2,1
27496,5,4,2,2,14,0,1,1,2,2,0
27497,12,4,15,2,7,0,1,1,2,2,0
27498,9,4,7,2,7,0,0,1,2,2,1
27499,3,4,12,4,10,1,1,0,1,2,0
27500,8,2,11,4,8,3,1,1,2,2,0
27501,7,4,11,2,7,0,1,1,2,2,1
27502,8,4,11,0,13,1,1,1,2,2,0
27503,3,4,6,4,8,1,1,0,2,2,0
27504,10,4,11,6,6,1,1,1,1,2,0
27505,5,4,11,2,7,0,1,1,2,2,0
27506,3,2,14,4,10,3,1,0,0,2,0
27507,6,4,15,4,12,1,1,0,2,2,0
27508,4,4,11,4,8,2,1,1,2,2,0
27509,7,4,8,2,3,0,1,1,2,2,0
27510,8,6,12,2,4,0,1,1,2,2,1
27511,7,0,11,2,0,0,0,1,2,2,0
27512,5,4,11,4,4,3,1,0,2,2,0
27513,4,0,12,4,0,1,1,0,2,2,0
27514,12,5,15,2,12,0,1,1,3,2,0
27515,6,4,11,2,8,5,1,0,2,2,0
27516,7,4,15,2,13,0,1,1,2,2,0
27517,13,2,7,2,11,0,1,1,1,2,0
27518,6,4,8,0,6,1,1,0,3,2,0
27519,5,4,12,4,13,1,1,0,1,2,0
27520,11,4,15,4,1,1,1,0,3,2,0
27521,4,4,5,4,7,1,1,1,1,2,0
27522,6,4,12,2,12,0,1,1,3,2,0
27523,7,4,15,4,1,3,1,0,2,2,0
27524,12,4,11,4,6,3,1,1,2,2,0
27525,9,4,0,3,14,1,1,1,1,2,0
27526,5,4,11,2,7,0,1,1,2,2,0
27527,6,4,15,2,7,0,1,1,2,2,0
27528,8,4,15,4,7,1,1,1,1,2,1
27529,13,6,0,4,5,1,1,1,2,2,0
27530,11,4,0,0,7,4,1,0,2,2,0
27531,5,1,9,4,10,3,1,0,3,2,0
27532,12,2,15,2,11,0,1,1,2,2,1
27533,10,4,11,2,5,0,1,1,2,2,0
27534,14,4,9,2,12,0,1,1,0,2,1
27535,4,4,15,2,1,0,1,1,2,2,1
27536,6,4,11,2,10,0,1,1,2,2,0
27537,7,4,15,0,3,4,0,1,2,2,1
27538,6,7,14,2,10,0,1,1,2,2,1
27539,4,4,15,4,12,3,1,0,2,2,0
27540,7,4,11,2,7,0,1,1,2,2,0
27541,14,4,8,2,3,0,1,1,0,2,0
27542,6,6,11,2,3,0,1,1,2,2,0
27543,13,2,8,6,10,4,1,0,1,2,0
27544,5,7,9,4,1,3,0,0,2,2,0
27545,7,4,15,4,14,3,1,1,2,2,0
27546,4,4,11,4,8,1,0,0,2,0,0
27547,10,4,9,0,6,4,0,0,3,0,0
27548,9,4,4,2,3,0,1,1,2,2,1
27549,8,1,11,0,14,1,1,1,2,2,0
27550,7,4,11,2,14,0,1,1,3,2,0
27551,7,4,9,0,12,4,0,0,2,2,0
27552,7,4,12,4,12,3,1,1,2,2,0
27553,6,4,9,2,12,0,1,1,2,2,1
27554,5,5,15,4,3,3,1,1,2,1,0
27555,7,4,12,5,10,1,1,1,2,2,0
27556,11,4,15,2,1,0,1,1,3,2,1
27557,6,7,14,2,10,0,1,1,2,2,1
27558,7,4,15,2,12,0,1,1,2,2,1
27559,6,4,9,2,3,0,1,1,2,2,0
27560,9,4,11,2,14,0,1,1,1,2,0
27561,8,4,7,2,3,0,1,1,3,2,1
27562,3,6,5,4,8,3,1,0,2,2,0
27563,10,4,11,2,3,0,1,1,2,2,1
27564,4,4,1,4,8,3,1,0,0,2,0
27565,8,4,11,2,13,0,1,1,2,2,1
27566,12,4,9,2,1,5,1,0,2,2,0
27567,8,5,15,2,10,0,1,1,2,2,0
27568,10,4,11,2,3,5,1,0,2,2,0
27569,7,4,12,4,10,1,1,0,1,2,0
27570,6,7,12,4,10,3,0,1,1,2,0
27571,9,4,15,2,1,0,0,1,2,2,1
27572,9,4,11,2,3,0,1,1,2,2,1
27573,6,4,11,2,12,0,1,1,1,2,1
27574,4,4,11,4,1,1,1,0,1,2,0
27575,4,4,9,4,1,3,0,1,2,2,0
27576,14,0,15,6,0,1,1,1,2,2,1
27577,5,4,9,2,5,0,1,1,2,2,0
27578,4,4,11,4,3,3,1,1,2,2,0
27579,8,4,11,0,8,1,1,1,3,2,0
27580,7,4,12,2,10,0,1,1,2,2,1
27581,9,6,11,2,4,0,1,1,4,2,1
27582,6,4,11,2,8,0,1,1,2,2,0
27583,13,4,15,2,1,0,1,1,2,2,0
27584,7,4,9,2,5,0,1,1,1,2,0
27585,10,4,15,2,1,0,1,1,2,2,0
27586,3,6,15,4,4,4,1,1,2,2,0
27587,6,4,9,5,4,1,1,1,2,2,0
27588,9,4,0,2,6,0,1,1,1,2,1
27589,5,4,11,2,4,0,1,1,2,2,0
27590,6,4,10,0,10,1,1,1,2,2,0
27591,6,4,11,2,9,5,1,0,2,2,0
27592,6,4,11,4,6,3,0,0,2,2,0
27593,8,4,2,4,6,3,0,1,3,2,0
27594,6,4,9,2,4,2,1,0,2,2,0
27595,7,1,15,4,1,1,1,0,2,2,0
27596,3,4,9,4,4,1,1,1,0,2,0
27597,7,4,11,4,4,4,1,0,2,2,0
27598,9,4,9,0,13,1,1,1,1,2,0
27599,9,4,15,2,3,0,1,1,2,2,0
27600,8,1,15,5,10,4,1,0,2,2,0
27601,4,4,10,4,10,1,1,1,1,2,0
27602,5,4,15,4,12,1,0,0,2,4,0
27603,11,4,15,2,4,0,1,1,2,2,0
27604,12,4,5,2,3,0,0,1,2,2,0
27605,3,4,2,4,8,3,1,1,1,2,0
27606,7,0,9,2,0,0,1,1,2,2,1
27607,12,5,15,2,3,0,1,1,2,2,0
27608,5,4,11,2,14,0,1,1,2,2,1
27609,6,4,11,4,12,3,0,1,2,2,0
27610,5,4,9,2,13,0,1,1,1,2,0
27611,7,6,11,2,12,5,0,0,2,2,0
27612,8,1,9,0,12,1,1,1,2,2,0
27613,6,4,11,0,12,4,0,0,2,0,0
27614,9,4,9,2,10,0,1,1,2,2,0
27615,11,2,12,2,10,0,0,1,2,2,0
27616,11,6,1,2,5,0,1,1,2,2,1
27617,11,2,15,2,11,5,1,0,2,2,0
27618,6,6,11,0,3,1,1,1,3,2,0
27619,11,7,9,2,4,0,0,1,2,0,0
27620,9,4,15,0,4,4,0,0,2,4,0
27621,4,7,9,4,10,3,1,0,2,2,0
27622,5,4,9,2,10,0,1,1,2,2,0
27623,7,4,15,2,4,0,1,1,2,2,0
27624,5,4,11,2,3,0,1,1,2,2,0
27625,11,4,10,0,4,1,1,0,0,2,1
27626,7,2,11,4,1,2,1,0,2,2,0
27627,10,4,1,2,12,0,1,1,3,2,1
27628,6,5,12,4,4,1,1,1,2,2,0
27629,3,5,9,4,12,3,1,1,0,1,0
27630,7,4,2,2,8,5,1,0,2,2,0
27631,5,7,9,4,4,1,1,0,1,2,0
27632,5,4,11,2,8,0,1,1,1,2,0
27633,11,4,11,2,7,0,1,1,0,2,0
27634,9,4,15,2,12,0,1,1,2,2,1
27635,4,0,15,4,0,3,0,0,0,2,0
27636,8,4,3,0,8,1,1,1,2,2,0
27637,7,6,11,2,5,0,1,1,2,2,1
27638,5,4,15,2,8,0,1,1,2,2,1
27639,11,4,9,2,4,0,1,1,2,2,0
27640,7,4,9,2,10,0,1,1,2,1,0
27641,8,4,11,2,12,0,1,1,2,2,1
27642,18,7,11,2,1,0,1,1,1,2,0
27643,10,4,11,2,7,0,0,1,1,4,0
27644,8,0,2,0,0,4,1,0,2,2,0
27645,6,2,15,2,3,0,1,1,1,2,0
27646,14,5,11,2,5,0,1,1,1,2,0
27647,9,5,11,2,12,0,1,1,3,2,0
27648,9,4,15,2,12,0,1,1,2,2,0
27649,10,4,5,0,7,1,1,0,2,2,0
27650,10,4,11,4,4,3,1,1,1,2,0
27651,7,0,15,0,0,1,1,0,1,2,0
27652,4,4,15,4,4,1,1,1,2,2,0
27653,8,4,9,2,13,0,1,1,2,2,1
27654,11,4,6,2,14,0,1,1,2,2,1
27655,4,0,15,4,0,3,0,0,0,2,0
27656,8,4,0,2,8,5,0,0,2,2,0
27657,5,4,11,4,4,4,0,0,1,2,0
27658,9,4,11,2,1,0,1,1,2,2,1
27659,7,4,15,4,4,3,1,1,2,2,0
27660,6,4,9,4,1,3,1,1,2,2,0
27661,5,4,11,4,3,3,0,1,2,4,0
27662,9,4,12,4,10,3,1,1,2,2,0
27663,7,4,0,2,14,0,1,1,2,2,1
27664,8,4,10,2,4,0,1,1,1,2,0
27665,6,5,15,2,12,0,1,1,2,2,1
27666,12,4,0,4,14,4,1,0,2,2,0
27667,8,4,15,2,13,0,1,1,2,2,0
27668,7,6,15,2,12,0,1,1,2,2,1
27669,13,6,11,2,4,0,1,1,1,2,0
27670,6,4,9,2,12,0,1,1,2,2,1
27671,6,4,13,4,1,1,1,0,2,2,0
27672,3,4,15,4,1,3,1,0,2,2,1
27673,4,4,8,4,12,1,1,0,2,2,0
27674,7,4,11,0,8,4,1,1,2,2,1
27675,4,4,11,4,7,1,1,0,2,2,0
27676,7,4,9,2,3,0,0,1,3,2,1
27677,6,4,9,2,10,0,1,1,2,2,0
27678,8,5,15,0,12,1,1,1,2,2,0
27679,4,4,11,4,1,4,1,0,2,2,0
27680,8,4,15,0,1,1,1,1,2,2,0
27681,6,4,11,2,14,0,1,1,2,2,1
27682,7,4,11,0,6,3,1,1,2,2,0
27683,5,4,5,4,3,3,0,1,2,2,0
27684,6,4,15,4,8,3,1,1,3,2,0
27685,9,4,11,0,6,1,1,0,2,2,0
27686,6,4,11,4,8,3,1,0,2,2,0
27687,11,4,11,2,8,0,1,1,2,2,0
27688,4,4,11,4,8,4,0,0,1,2,0
27689,8,4,9,2,10,0,1,1,2,2,0
27690,12,4,11,4,1,1,0,1,1,2,0
27691,7,4,11,2,3,0,1,1,4,2,1
27692,4,4,9,4,7,1,1,1,1,2,0
27693,4,1,9,4,10,1,0,0,2,2,0
27694,10,4,11,2,3,0,1,1,2,2,0
27695,4,4,11,4,8,3,1,0,2,2,0
27696,6,4,9,2,12,0,1,1,0,2,0
27697,5,6,9,0,4,4,1,1,2,2,0
27698,8,4,15,0,4,1,1,1,2,2,0
27699,6,7,12,4,4,1,1,1,2,2,0
27700,6,7,5,2,8,0,1,1,2,2,1
27701,5,2,9,4,1,3,1,0,2,2,0
27702,9,4,15,0,13,1,1,0,2,4,0
27703,5,4,11,4,4,1,1,1,1,2,0
27704,8,4,0,2,8,0,1,1,3,2,0
27705,10,4,7,2,12,0,1,1,2,2,0
27706,11,4,11,2,3,0,1,1,2,1,1
27707,5,1,9,4,4,3,1,1,2,2,0
27708,5,4,11,4,12,1,1,1,3,2,0
27709,5,6,11,2,3,0,0,1,1,2,1
27710,9,1,3,2,5,0,1,1,2,2,0
27711,4,4,7,4,4,1,1,1,2,2,0
27712,5,4,7,4,1,1,1,0,2,2,0
27713,5,4,11,4,8,1,1,0,3,2,0
27714,5,6,15,2,5,0,1,1,1,2,1
27715,6,4,5,2,7,0,1,1,2,2,0
27716,6,2,15,4,11,3,1,1,2,2,0
27717,8,4,9,2,1,5,1,0,2,2,0
27718,10,4,11,2,6,0,1,1,3,2,1
27719,12,4,11,6,3,1,1,1,1,2,0
27720,6,4,11,2,3,0,1,1,2,2,1
27721,7,2,14,2,10,0,1,1,2,2,0
27722,7,4,11,2,12,0,1,1,2,2,0
27723,7,2,15,4,10,1,0,0,2,2,0
27724,9,0,6,2,0,0,1,1,2,2,0
27725,15,6,11,6,5,1,1,1,2,2,0
27726,9,5,9,4,10,1,1,1,2,2,0
27727,18,4,11,2,3,5,0,0,1,2,0
27728,8,4,11,2,1,0,1,1,2,2,0
27729,7,2,12,2,10,0,1,1,3,2,1
27730,8,4,9,2,4,0,1,1,2,2,0
27731,9,4,15,2,12,0,1,1,2,2,0
27732,7,4,11,0,1,4,1,0,2,2,0
27733,10,4,9,2,7,0,1,1,2,2,0
27734,4,7,15,4,1,3,1,0,1,2,0
27735,13,4,11,6,4,4,1,0,1,2,0
27736,9,4,7,2,6,0,0,1,2,2,0
27737,4,5,8,4,3,3,1,1,2,2,0
27738,10,4,9,0,4,4,1,0,1,2,0
27739,5,4,15,0,1,4,1,0,2,2,0
27740,7,4,6,2,8,0,1,1,1,1,0
27741,6,4,11,2,14,0,1,1,2,2,0
27742,10,4,4,2,14,0,1,1,2,2,1
27743,6,4,9,2,4,0,1,1,2,2,1
27744,8,4,7,0,12,3,1,0,2,2,0
27745,5,7,11,4,1,1,1,0,2,2,0
27746,5,5,11,2,12,0,1,1,2,2,1
27747,10,4,11,2,4,5,1,0,2,2,0
27748,8,6,11,4,8,4,0,0,2,2,1
27749,11,0,9,2,0,0,1,1,2,2,1
27750,12,4,8,2,8,0,1,1,1,2,1
27751,7,4,11,2,14,0,1,1,0,2,1
27752,9,4,9,2,1,1,1,0,2,2,0
27753,13,4,9,2,4,3,1,1,1,2,0
27754,13,4,11,6,6,1,0,1,2,2,1
27755,9,4,11,2,8,0,1,1,2,2,1
27756,14,4,9,0,10,1,1,0,1,2,0
27757,5,4,15,2,7,0,1,1,2,2,1
27758,11,4,15,2,8,5,1,0,2,2,1
27759,5,4,11,2,3,0,1,1,2,2,0
27760,4,4,9,4,12,3,1,0,2,2,0
27761,10,4,8,0,3,4,1,0,2,2,1
27762,10,4,0,2,7,0,1,1,4,2,1
27763,5,4,9,5,10,4,1,0,2,2,0
27764,4,4,6,4,6,1,0,1,2,2,0
27765,9,4,11,2,7,0,1,1,2,2,0
27766,9,7,9,0,10,1,1,0,2,2,0
27767,8,4,11,2,12,0,1,1,3,2,0
27768,7,4,11,2,7,0,1,1,2,2,1
27769,9,4,1,2,3,0,1,1,2,2,0
27770,12,4,11,2,8,0,1,1,2,2,0
27771,8,4,2,2,7,0,1,1,1,2,0
27772,7,4,11,2,14,0,1,1,3,2,0
27773,8,6,1,2,14,0,1,1,4,2,0
27774,6,4,12,4,4,1,0,0,2,2,0
27775,4,4,15,4,8,3,1,0,2,2,0
27776,3,4,11,4,3,3,1,1,2,2,0
27777,4,4,0,2,14,0,1,1,2,2,0
27778,11,1,9,2,4,0,1,1,2,2,1
27779,10,5,15,2,4,0,1,1,1,2,0
27780,10,4,0,2,14,0,1,1,2,2,1
27781,8,4,1,2,8,0,1,1,2,2,1
27782,11,0,11,0,0,3,1,0,2,2,0
27783,4,4,11,4,7,1,1,0,2,2,0
27784,6,4,11,2,3,0,1,1,1,2,1
27785,11,4,15,0,4,1,1,0,2,1,0
27786,7,4,11,2,3,0,1,1,1,2,0
27787,8,4,9,2,12,0,1,1,2,2,0
27788,6,4,15,4,13,1,1,0,2,2,0
27789,10,4,15,2,7,0,0,1,2,2,0
27790,6,4,11,4,12,1,1,1,0,2,0
27791,4,4,9,4,1,1,1,1,2,2,0
27792,7,4,0,2,2,0,1,1,2,2,0
27793,4,2,15,4,1,1,1,1,2,2,0
27794,8,2,11,2,1,0,1,1,2,2,0
27795,7,4,15,0,13,1,1,0,2,2,1
27796,8,6,8,2,4,5,1,0,2,2,1
27797,12,4,11,2,3,0,1,1,2,2,1
27798,6,4,9,2,3,0,0,1,1,2,1
27799,7,4,12,2,4,0,1,1,2,2,1
27800,8,6,11,2,12,0,1,1,1,2,0
27801,8,6,15,2,12,0,1,1,2,2,0
27802,14,6,9,5,10,2,1,1,2,2,0
27803,10,4,15,2,4,0,1,1,3,2,0
27804,4,4,11,4,14,1,1,1,1,2,0
27805,7,4,15,4,6,1,1,1,1,2,0
27806,5,4,8,4,12,3,1,0,2,2,0
27807,8,4,11,2,11,0,1,1,4,2,1
27808,6,4,11,2,1,0,1,1,1,2,0
27809,7,4,2,2,10,0,1,1,2,2,0
27810,4,4,11,4,12,1,0,0,2,2,0
27811,7,4,9,2,10,0,1,1,2,2,0
27812,8,4,9,0,12,1,1,0,1,4,0
27813,11,4,11,2,12,0,1,1,2,2,1
27814,5,2,8,4,8,1,0,0,2,2,0
27815,3,4,15,4,1,3,1,0,2,2,0
27816,12,4,9,6,12,1,1,0,2,2,0
27817,6,4,11,4,12,1,1,1,2,2,0
27818,7,4,11,5,8,1,1,0,2,2,0
27819,8,2,15,4,1,1,0,0,2,2,0
27820,8,7,14,2,10,0,1,1,2,2,1
27821,6,4,15,2,11,0,1,1,2,2,1
27822,4,4,11,4,6,1,1,1,1,2,0
27823,8,4,12,0,10,4,1,1,2,2,0
27824,5,4,15,2,1,0,0,1,1,2,0
27825,8,6,15,2,5,0,1,1,2,2,1
27826,7,4,11,2,8,0,1,1,2,2,1
27827,7,4,11,0,3,1,1,0,4,2,0
27828,7,4,0,2,14,0,1,1,3,2,1
27829,6,4,11,4,1,1,1,0,2,2,0
27830,5,6,8,2,10,0,1,1,1,1,0
27831,12,6,12,2,4,0,1,1,2,2,0
27832,13,4,9,4,12,1,1,0,2,2,1
27833,4,4,15,4,13,1,1,0,1,2,0
27834,6,6,11,2,8,5,1,0,1,2,0
27835,4,4,6,4,8,1,0,0,1,2,0
27836,6,0,11,2,0,0,1,1,2,2,1
27837,3,4,15,4,12,4,1,1,1,2,1
27838,12,4,11,6,3,4,1,1,1,2,0
27839,12,4,11,2,6,0,1,1,1,2,0
27840,9,4,15,2,8,0,1,1,2,2,1
27841,8,4,9,2,1,0,0,1,2,2,1
27842,8,6,9,5,10,1,1,0,2,2,0
27843,5,4,12,4,10,4,1,0,1,1,0
27844,9,4,11,2,14,0,1,1,2,2,0
27845,9,4,11,2,7,0,1,1,2,2,0
27846,5,4,7,4,4,1,1,1,2,2,0
27847,15,4,15,3,1,4,0,0,3,0,0
27848,12,4,4,2,5,0,1,1,1,4,0
27849,3,4,9,4,4,1,0,1,1,0,0
27850,9,6,15,2,5,0,1,1,2,2,0
27851,5,5,9,4,10,4,1,0,1,2,0
27852,4,4,9,4,12,4,1,0,0,2,0
27853,8,5,11,2,5,0,1,1,2,2,0
27854,6,4,15,2,12,0,0,1,2,2,0
27855,11,4,15,5,1,4,1,0,2,2,0
27856,4,0,6,4,0,1,1,0,3,2,0
27857,13,4,15,2,8,0,1,1,0,2,0
27858,10,4,3,0,3,1,1,0,2,2,1
27859,8,4,15,4,1,3,1,0,2,2,0
27860,5,4,5,5,6,1,1,1,2,2,0
27861,12,4,1,0,7,4,1,0,2,2,0
27862,6,4,11,2,3,0,1,1,2,2,0
27863,5,4,0,4,8,3,0,0,2,2,0
27864,4,1,14,4,10,3,1,1,2,2,0
27865,7,4,15,4,12,2,0,1,2,2,0
27866,3,4,11,4,8,3,0,1,1,0,0
27867,9,4,11,5,1,4,0,0,2,0,0
27868,4,4,15,2,8,0,1,1,2,2,0
27869,6,4,9,5,12,4,1,0,3,2,0
27870,10,4,6,2,12,0,1,1,2,2,1
27871,7,7,3,2,8,0,0,1,2,2,0
27872,9,4,11,2,3,5,1,0,2,2,0
27873,8,2,9,0,10,1,1,0,2,2,0
27874,6,6,11,4,5,3,1,1,2,2,0
27875,10,0,9,2,0,0,1,1,2,2,0
27876,7,4,14,2,13,0,1,1,3,2,0
27877,7,4,5,2,7,0,1,1,2,2,0
27878,6,4,11,4,4,1,0,1,2,2,0
27879,9,0,15,0,0,1,1,1,2,2,0
27880,9,0,11,2,0,0,1,1,1,2,1
27881,5,0,11,4,0,3,1,1,2,2,0
27882,6,5,5,2,5,0,1,1,2,2,1
27883,6,4,12,2,10,0,1,1,2,2,0
27884,5,2,11,4,8,3,1,0,2,2,0
27885,12,4,7,0,4,2,0,1,2,2,0
27886,6,4,11,4,1,2,1,0,2,1,0
27887,4,4,9,4,4,3,1,1,3,2,0
27888,4,4,9,4,10,4,1,0,2,2,0
27889,6,7,11,2,10,0,1,1,2,2,0
27890,12,1,12,0,10,1,1,0,2,2,0
27891,6,4,15,4,8,1,1,0,2,2,0
27892,18,4,11,6,6,1,1,1,2,2,0
27893,7,4,6,2,3,0,1,1,2,2,1
27894,11,4,15,2,3,0,1,1,2,2,0
27895,6,4,11,2,4,0,1,1,2,2,0
27896,7,2,12,0,10,1,0,0,2,0,0
27897,5,4,11,4,1,1,1,1,2,2,0
27898,7,2,7,2,11,5,1,0,1,2,0
27899,15,4,11,2,7,0,1,1,1,2,0
27900,9,4,15,5,1,3,1,1,2,2,0
27901,9,4,11,0,3,1,1,1,3,2,0
27902,4,5,2,4,8,1,1,0,2,2,0
27903,10,4,15,2,13,0,1,1,3,2,0
27904,11,4,11,0,3,3,0,1,2,2,0
27905,6,1,9,4,13,1,0,0,1,2,0
27906,7,4,11,6,3,4,1,0,2,2,0
27907,8,4,4,4,3,1,1,1,4,2,0
27908,6,7,15,0,1,4,0,0,2,2,1
27909,10,4,3,0,8,1,1,0,2,2,0
27910,8,4,9,2,1,0,1,1,3,4,0
27911,6,4,9,4,4,3,1,0,2,2,0
27912,7,4,15,4,1,1,1,0,2,2,0
27913,4,4,9,4,4,1,1,1,2,2,0
27914,5,4,15,4,3,1,1,1,2,2,0
27915,6,4,11,0,8,4,1,0,2,2,0
27916,13,4,15,2,12,0,1,1,1,2,0
27917,12,5,15,2,12,0,1,1,3,2,0
27918,7,4,9,0,10,1,1,0,1,2,0
27919,5,0,8,4,0,1,1,0,2,2,0
27920,10,1,15,2,0,0,1,1,3,2,0
27921,5,4,15,4,12,3,1,0,2,2,0
27922,5,4,11,2,3,0,0,1,2,2,1
27923,4,4,15,4,1,1,1,1,1,2,0
27924,5,4,12,2,12,0,1,1,2,2,0
27925,5,6,11,2,3,0,1,1,2,2,1
27926,9,6,0,3,12,4,1,1,2,2,0
27927,5,4,11,0,14,4,1,1,2,2,0
27928,7,0,11,4,0,1,1,0,4,2,0
27929,10,4,11,2,4,0,1,1,2,2,0
27930,8,4,11,2,12,0,1,1,2,2,1
27931,12,1,7,2,10,5,0,0,1,2,0
27932,4,4,9,4,13,1,1,1,1,2,0
27933,6,4,6,4,8,3,1,1,2,4,0
27934,6,6,11,2,4,0,1,1,2,4,1
27935,3,4,9,4,4,3,1,1,0,2,0
27936,5,4,11,4,7,3,1,1,2,2,0
27937,13,4,9,2,12,0,1,1,2,2,1
27938,5,4,15,4,5,1,0,1,3,4,0
27939,4,4,11,4,6,2,1,1,0,2,0
27940,9,4,11,0,7,4,1,0,2,2,0
27941,7,6,9,0,12,1,1,1,2,4,0
27942,13,2,15,4,4,3,1,0,1,2,0
27943,8,2,10,6,10,4,1,0,2,2,0
27944,7,4,15,2,8,5,0,0,2,2,1
27945,3,4,9,4,11,1,1,0,2,2,0
27946,5,4,9,4,12,3,1,0,1,2,0
27947,7,6,7,0,4,3,1,1,2,2,0
27948,4,7,1,4,0,3,1,0,0,2,0
27949,9,4,11,2,6,0,1,1,1,2,1
27950,10,4,11,2,1,0,1,1,3,2,1
27951,8,4,15,2,4,3,1,1,3,2,0
27952,9,4,11,0,8,4,1,0,2,2,0
27953,4,2,0,4,14,3,1,1,1,2,0
27954,10,5,12,0,10,4,1,1,2,2,0
27955,4,4,15,2,5,0,1,1,3,2,1
27956,9,4,11,2,8,0,1,1,2,2,1
27957,6,4,15,0,8,1,1,0,1,2,0
27958,3,4,2,4,12,3,1,1,1,2,0
27959,12,4,11,1,6,2,1,1,2,2,0
27960,4,4,9,4,12,1,1,1,2,2,0
27961,10,4,11,6,3,1,0,1,1,2,0
27962,12,4,11,6,1,1,1,0,1,2,0
27963,10,6,11,2,5,0,1,1,1,2,0
27964,6,6,9,2,5,0,1,1,2,2,0
27965,13,4,11,2,1,0,1,1,2,2,0
27966,9,2,15,2,10,0,1,1,2,2,0
27967,7,4,9,2,5,0,1,1,2,2,1
27968,5,4,9,2,4,0,0,1,1,2,1
27969,6,4,1,2,7,0,1,1,2,2,0
27970,4,7,9,4,10,1,1,0,1,2,0
27971,10,4,15,2,8,0,1,1,2,2,1
27972,8,4,1,2,8,0,1,1,2,2,0
27973,4,4,9,4,10,3,1,0,1,2,0
27974,9,4,8,2,14,0,1,1,3,2,1
27975,7,4,15,2,6,0,1,1,2,2,0
27976,4,4,9,4,1,3,1,0,2,2,0
27977,10,7,15,2,1,0,1,1,2,2,1
27978,5,4,11,4,7,1,1,1,3,2,0
27979,9,4,11,0,4,1,1,1,2,2,0
27980,8,4,5,0,14,1,0,1,2,2,0
27981,4,4,11,4,8,1,1,0,1,2,0
27982,9,4,9,2,4,0,1,1,1,2,0
27983,6,2,15,2,8,5,1,0,2,2,1
27984,6,4,11,2,13,0,1,1,2,2,0
27985,4,2,15,4,0,1,1,0,2,2,1
27986,5,4,11,2,8,0,1,1,2,2,1
27987,6,4,9,4,8,3,1,0,2,2,0
27988,8,4,10,0,10,4,1,0,3,2,0
27989,4,4,5,4,3,3,1,1,1,2,0
27990,8,4,11,0,8,1,1,0,1,2,0
27991,9,4,1,2,3,0,1,1,3,2,0
27992,10,4,11,2,14,0,1,1,1,2,0
27993,7,4,11,2,4,0,1,1,2,2,1
27994,7,4,15,6,4,1,1,0,3,2,0
27995,14,5,9,2,4,0,1,1,0,2,1
27996,4,2,15,4,1,1,1,0,2,2,0
27997,5,4,11,2,6,0,1,1,2,2,0
27998,4,4,11,4,12,1,0,1,2,2,0
27999,9,4,15,0,4,4,0,0,2,2,0
28000,10,4,15,0,1,4,0,0,3,2,0
28001,10,4,15,2,1,0,1,1,2,2,1
28002,9,4,15,0,8,1,1,0,3,2,0
28003,6,4,11,2,7,0,1,1,3,2,1
28004,6,7,15,0,11,1,1,0,2,2,0
28005,6,7,11,2,14,0,1,1,2,2,1
28006,10,4,11,0,1,4,0,0,2,2,0
28007,6,4,0,4,14,2,1,1,2,2,1
28008,10,4,6,2,6,0,1,1,2,2,0
28009,3,4,11,4,14,1,1,1,1,2,0
28010,3,0,7,4,13,3,1,0,1,2,0
28011,8,6,7,2,3,0,1,1,2,2,0
28012,3,4,15,4,1,2,1,0,0,4,1
28013,9,6,5,0,8,4,0,0,2,2,0
28014,5,4,15,4,10,1,0,0,1,2,0
28015,6,5,11,2,3,0,1,1,2,2,1
28016,14,4,1,2,8,0,1,1,0,2,0
28017,11,4,0,6,7,4,1,0,2,2,0
28018,5,7,11,4,3,1,0,1,2,2,0
28019,11,4,15,4,1,1,0,0,2,0,0
28020,4,4,12,4,10,3,1,1,2,2,0
28021,7,4,11,2,7,0,1,1,2,2,1
28022,7,4,11,2,3,0,1,1,2,2,0
28023,7,2,11,4,1,3,1,0,1,2,0
28024,12,4,8,2,3,0,1,1,1,2,1
28025,14,4,9,0,10,4,0,0,1,2,0
28026,11,4,11,2,6,5,1,0,0,2,1
28027,6,7,11,2,14,2,0,1,3,0,0
28028,9,4,11,2,4,0,0,1,2,2,1
28029,8,4,11,2,14,0,0,1,2,0,1
28030,3,4,11,4,6,1,1,1,0,2,0
28031,6,7,14,2,10,0,1,1,2,2,0
28032,4,0,15,4,0,3,1,0,0,2,0
28033,9,2,9,2,4,0,1,1,1,2,1
28034,5,4,11,4,1,1,1,0,2,2,0
28035,7,4,0,2,7,0,1,1,2,2,1
28036,9,4,12,2,10,0,1,1,1,2,0
28037,4,4,15,4,8,4,0,0,3,2,0
28038,10,4,9,4,12,1,1,1,2,2,0
28039,9,4,15,2,11,0,1,1,2,2,0
28040,11,4,15,2,12,0,1,1,2,2,0
28041,14,4,15,6,12,1,1,0,0,2,0
28042,9,2,4,4,7,3,0,0,2,2,0
28043,7,4,7,2,12,0,1,1,2,2,1
28044,6,4,5,2,6,0,1,1,2,2,1
28045,13,4,15,2,4,0,1,1,2,2,0
28046,9,4,11,2,8,5,1,0,2,2,0
28047,11,4,7,2,1,0,1,1,2,2,0
28048,8,4,11,2,1,5,1,0,2,2,1
28049,3,4,15,4,7,4,1,0,2,2,0
28050,3,4,9,4,10,1,0,1,1,2,0
28051,9,4,15,4,6,3,0,0,2,2,0
28052,14,4,15,6,8,1,1,1,2,2,0
28053,9,4,11,6,7,1,1,0,2,0,0
28054,6,4,11,5,8,4,1,0,2,2,0
28055,5,4,15,5,1,4,1,0,2,2,0
28056,5,2,11,2,1,0,1,1,2,4,0
28057,5,4,9,4,12,3,0,1,2,2,0
28058,7,2,9,2,10,0,1,1,2,2,1
28059,10,4,8,6,1,4,0,0,2,2,0
28060,7,4,11,0,12,1,0,1,2,2,0
28061,8,4,9,5,10,3,1,0,0,2,0
28062,13,4,11,6,1,1,0,0,0,2,0
28063,5,4,11,4,4,3,1,0,0,2,0
28064,12,4,15,2,12,0,0,1,2,0,0
28065,6,4,14,2,12,0,1,1,2,2,0
28066,13,0,11,6,0,1,1,1,0,4,0
28067,7,4,15,2,6,0,1,1,2,2,1
28068,5,2,9,0,11,4,0,0,3,2,0
28069,8,4,15,2,1,0,1,1,2,2,0
28070,10,4,2,2,9,5,1,0,2,1,0
28071,7,6,11,2,5,0,1,1,2,2,0
28072,6,4,11,2,6,0,1,1,2,2,0
28073,4,0,11,4,0,1,1,1,2,2,0
28074,6,4,5,0,8,4,1,1,2,2,0
28075,4,0,8,4,0,3,1,0,2,2,0
28076,6,4,11,2,3,0,1,1,2,2,1
28077,7,4,15,3,8,4,0,1,2,2,0
28078,9,4,9,2,1,0,0,1,2,2,1
28079,6,6,15,2,3,0,1,1,2,2,0
28080,7,4,15,2,12,0,1,1,2,2,1
28081,7,4,0,0,3,1,1,1,2,1,0
28082,9,4,11,2,3,0,1,1,2,2,1
28083,6,1,11,4,1,1,1,0,2,2,0
28084,11,6,11,0,5,4,1,0,1,2,0
28085,9,5,9,2,4,0,1,1,2,2,1
28086,6,4,11,5,1,4,1,0,2,2,0
28087,11,4,11,0,7,1,0,1,2,2,0
28088,7,4,11,2,11,0,1,1,2,2,1
28089,4,4,11,4,8,1,1,1,2,2,0
28090,8,4,11,2,1,0,1,1,2,2,1
28091,11,2,15,2,12,0,1,1,2,2,0
28092,7,4,15,2,8,5,1,0,3,2,0
28093,4,4,14,4,10,4,0,0,2,0,0
28094,12,5,1,0,8,1,1,0,1,2,0
28095,8,4,11,2,4,0,1,1,2,2,1
28096,9,4,15,5,5,1,1,1,0,2,0
28097,6,4,15,2,4,0,1,1,2,2,0
28098,4,7,15,4,4,3,0,0,1,2,0
28099,6,4,1,2,5,0,1,1,2,2,1
28100,5,4,6,4,4,1,1,1,2,2,0
28101,4,4,7,4,3,3,1,1,1,2,0
28102,7,4,1,5,7,4,1,0,2,2,0
28103,9,4,7,2,10,0,1,1,2,2,0
28104,8,4,5,2,1,0,1,1,2,2,0
28105,12,4,0,2,3,0,1,1,1,2,1
28106,10,2,11,2,11,0,1,1,1,2,0
28107,5,4,11,4,12,3,1,1,2,2,0
28108,3,2,10,4,11,3,0,1,1,2,0
28109,7,6,15,4,3,1,1,1,3,2,0
28110,3,4,11,4,4,3,1,0,2,2,0
28111,6,2,5,2,14,2,1,1,2,2,0
28112,5,4,11,2,6,0,1,1,2,2,1
28113,9,4,11,2,6,0,1,1,2,2,0
28114,10,0,15,2,0,0,1,1,2,2,1
28115,8,4,15,2,1,0,1,1,2,2,0
28116,5,4,15,0,8,1,1,0,1,2,0
28117,5,4,15,4,8,1,1,0,2,2,0
28118,4,5,11,2,3,0,1,1,1,2,1
28119,4,4,11,4,12,1,1,0,2,2,0
28120,9,2,9,2,10,5,1,0,1,2,0
28121,7,1,11,4,1,1,1,1,1,2,0
28122,8,4,15,2,5,0,1,1,2,2,0
28123,7,4,15,0,12,1,1,1,4,2,0
28124,10,0,9,2,0,0,1,1,2,2,0
28125,9,6,11,2,14,0,1,1,2,2,1
28126,9,4,14,0,10,1,1,0,1,2,0
28127,8,4,8,4,10,3,1,0,2,2,0
28128,6,4,14,4,10,2,1,1,2,2,0
28129,6,4,15,2,11,0,1,1,2,2,1
28130,9,2,9,2,10,0,1,1,2,2,0
28131,3,4,5,4,11,2,1,1,2,2,0
28132,8,1,9,4,10,1,1,1,2,2,0
28133,7,7,11,2,12,0,1,1,2,2,1
28134,7,4,15,4,1,1,1,0,2,2,0
28135,5,4,11,4,12,3,1,1,1,2,0
28136,6,4,9,2,4,0,0,1,2,2,1
28137,8,4,11,0,3,1,1,1,2,2,1
28138,3,1,15,4,4,3,1,1,1,2,0
28139,5,4,14,2,4,0,1,1,2,2,0
28140,12,6,9,2,4,0,1,1,2,2,0
28141,10,4,9,2,3,0,1,1,2,2,0
28142,8,4,15,2,7,0,1,1,2,2,0
28143,3,2,11,4,11,3,1,0,0,2,0
28144,8,4,15,2,8,5,1,0,3,2,0
28145,8,4,15,2,8,0,0,1,2,2,0
28146,13,4,9,2,4,5,1,0,2,2,1
28147,6,0,11,4,0,1,1,1,2,2,1
28148,6,4,11,4,8,3,1,0,1,2,0
28149,5,4,15,4,3,1,0,1,2,2,0
28150,9,4,11,2,6,0,1,1,1,2,1
28151,3,4,7,4,4,3,1,1,1,1,0
28152,7,4,9,2,12,0,1,1,2,2,0
28153,7,4,14,2,4,0,1,1,2,2,0
28154,7,4,9,2,10,0,1,1,2,2,1
28155,4,4,11,4,14,3,1,1,1,2,0
28156,8,4,15,2,12,0,1,1,2,2,1
28157,7,4,15,2,1,0,1,1,2,2,0
28158,5,4,9,4,12,3,1,1,2,2,0
28159,10,4,7,0,1,1,1,0,2,2,0
28160,8,4,12,0,10,1,1,1,3,2,0
28161,11,7,9,2,4,0,1,1,3,2,0
28162,7,4,9,5,1,3,1,0,2,2,0
28163,8,4,15,2,8,0,1,1,2,2,0
28164,6,6,3,2,7,0,1,1,2,2,0
28165,10,6,11,0,5,1,1,1,2,2,0
28166,10,2,10,2,11,0,1,1,2,2,0
28167,7,4,0,2,12,0,1,1,2,2,0
28168,4,4,9,4,1,3,1,0,2,2,0
28169,13,7,15,4,11,1,1,0,1,2,0
28170,9,4,11,2,9,5,1,0,2,2,1
28171,6,4,5,2,8,0,1,1,2,2,0
28172,6,6,11,2,3,0,0,1,2,2,1
28173,8,4,15,2,7,0,1,1,2,2,0
28174,8,4,11,2,3,0,1,1,2,2,0
28175,4,5,9,4,4,1,0,1,2,0,0
28176,5,4,9,4,8,3,1,0,1,2,0
28177,10,4,15,2,11,0,1,1,2,2,1
28178,7,2,9,2,10,0,1,1,2,2,1
28179,6,2,9,2,10,0,1,1,2,2,0
28180,3,4,15,4,10,4,0,0,2,2,0
28181,9,4,9,2,7,0,1,1,1,2,0
28182,4,4,15,4,4,3,1,1,1,2,0
28183,11,4,11,2,5,0,1,1,2,2,0
28184,5,4,15,2,4,0,1,1,2,2,1
28185,6,4,9,2,11,0,1,1,2,2,0
28186,9,5,15,4,4,1,1,0,2,2,0
28187,7,4,0,4,8,3,1,1,2,2,0
28188,7,2,7,2,3,0,1,1,2,2,1
28189,6,4,8,4,7,4,0,0,3,2,0
28190,12,4,11,2,3,0,1,1,2,2,0
28191,7,4,11,4,13,3,1,1,2,2,0
28192,5,4,11,4,4,1,1,1,2,2,0
28193,12,4,15,6,13,1,1,0,0,2,0
28194,7,0,11,2,0,0,1,1,2,2,0
28195,5,2,12,4,4,4,1,0,2,2,0
28196,4,4,15,5,10,3,1,0,2,2,0
28197,5,4,12,2,4,0,1,1,2,2,0
28198,12,4,1,2,3,0,0,1,0,2,0
28199,9,4,11,0,8,4,1,0,1,2,0
28200,5,5,15,2,4,0,1,1,3,2,1
28201,4,4,15,4,5,1,1,1,2,2,0
28202,11,4,11,2,4,0,1,1,1,2,0
28203,7,4,9,2,4,0,1,1,3,2,1
28204,5,4,15,4,12,1,1,1,2,2,0
28205,7,0,6,2,0,0,1,1,2,2,0
28206,4,4,11,4,7,1,1,0,1,2,0
28207,4,4,7,4,10,1,1,0,1,2,0
28208,7,2,9,5,10,4,1,1,2,2,0
28209,5,6,11,2,3,0,1,1,1,2,0
28210,7,6,11,2,5,0,1,1,2,2,0
28211,10,4,9,2,12,0,1,1,1,2,0
28212,11,4,9,5,4,1,0,0,2,2,0
28213,16,4,9,2,13,0,1,1,0,2,1
28214,6,4,14,4,10,4,1,0,2,2,0
28215,6,4,15,2,10,0,1,1,1,2,1
28216,4,4,9,4,12,1,1,1,1,4,0
28217,7,4,15,2,14,0,1,1,2,0,1
28218,9,4,11,2,6,0,1,1,1,2,1
28219,6,4,15,4,1,1,1,1,2,2,0
28220,8,1,9,2,10,5,1,0,2,2,0
28221,4,4,11,4,6,1,1,1,2,2,0
28222,8,4,15,2,3,0,1,1,2,2,0
28223,13,4,11,2,1,0,1,1,2,2,1
28224,6,4,4,4,6,3,1,1,2,2,0
28225,4,7,9,4,12,1,1,1,1,2,0
28226,4,4,7,4,12,1,1,1,0,2,0
28227,4,4,12,4,12,1,1,0,2,2,0
28228,7,7,11,2,1,5,1,0,0,2,1
28229,11,5,15,4,4,4,1,0,2,2,0
28230,4,4,11,4,8,1,1,0,2,2,0
28231,9,6,15,2,8,0,1,1,1,2,1
28232,3,1,15,4,1,1,1,0,2,2,0
28233,3,7,6,4,3,1,1,1,1,2,0
28234,7,4,15,2,4,0,1,1,2,2,0
28235,8,4,11,2,12,0,1,1,1,2,0
28236,11,4,11,2,7,0,1,1,2,2,1
28237,8,4,7,2,14,0,1,1,3,2,0
28238,7,4,11,2,3,0,1,1,2,2,0
28239,5,2,9,4,10,3,1,1,2,2,0
28240,12,6,15,2,13,0,1,1,2,2,0
28241,4,4,11,4,1,4,1,0,0,2,0
28242,7,4,9,2,4,0,1,1,1,2,1
28243,11,4,11,0,3,4,1,0,1,2,0
28244,5,6,11,5,12,4,1,1,2,2,0
28245,5,4,11,4,3,1,1,0,2,2,0
28246,6,7,9,4,10,1,1,1,2,2,0
28247,10,4,11,2,3,0,1,1,4,2,1
28248,7,4,6,2,4,5,1,0,2,2,1
28249,8,4,15,2,12,5,1,0,1,2,1
28250,6,4,11,2,6,0,1,1,2,2,0
28251,6,4,11,2,3,0,1,1,2,2,1
28252,9,4,11,2,6,0,1,1,4,2,0
28253,4,4,4,4,6,4,1,1,2,2,0
28254,5,4,9,4,8,1,1,0,2,2,0
28255,12,4,12,2,4,0,1,1,2,2,1
28256,7,1,15,0,1,1,1,1,1,2,0
28257,5,4,10,3,10,4,1,1,2,2,0
28258,8,4,15,2,12,5,1,0,1,2,1
28259,3,2,7,4,14,3,1,1,2,2,0
28260,4,5,1,4,14,3,1,1,2,2,0
28261,7,4,15,4,1,1,1,0,1,2,0
28262,8,1,14,2,10,0,1,1,3,2,1
28263,8,4,0,2,5,0,1,1,2,2,1
28264,5,4,6,4,7,1,1,1,2,2,0
28265,5,4,15,2,12,0,1,1,2,2,1
28266,8,1,11,2,10,0,1,1,2,2,1
28267,3,4,15,4,1,3,1,0,0,2,0
28268,12,6,11,4,5,1,1,1,2,2,0
28269,4,4,9,4,1,1,1,0,2,2,0
28270,10,4,11,4,3,1,1,1,2,2,0
28271,10,4,4,6,7,1,1,1,2,2,0
28272,8,4,7,3,1,3,1,1,3,2,0
28273,7,4,11,0,4,1,0,0,2,2,0
28274,8,4,11,0,14,1,1,1,3,2,0
28275,9,1,11,2,11,0,1,1,1,2,1
28276,8,4,7,4,14,1,1,1,2,2,0
28277,10,2,8,0,10,4,1,0,2,2,1
28278,7,4,11,2,3,0,1,1,2,2,0
28279,6,4,11,4,4,1,1,1,2,2,0
28280,8,4,11,4,6,1,1,1,2,2,0
28281,5,4,11,4,3,1,0,1,2,2,0
28282,8,4,9,2,1,5,1,0,2,2,0
28283,3,4,7,4,4,2,0,1,2,2,0
28284,4,4,15,2,12,0,1,1,2,2,0
28285,9,5,9,2,12,0,1,1,2,2,1
28286,8,4,9,2,4,0,0,1,2,2,0
28287,6,1,12,2,10,5,1,0,2,2,0
28288,7,1,11,2,1,0,1,1,3,2,0
28289,6,4,11,4,12,4,1,0,2,2,0
28290,7,4,12,2,4,0,1,1,2,2,0
28291,5,7,15,4,1,3,1,0,2,2,0
28292,5,6,9,2,4,0,1,1,2,2,0
28293,9,4,9,0,10,1,1,1,2,2,1
28294,7,4,0,2,6,0,1,1,2,2,1
28295,6,4,15,4,1,4,1,0,2,2,0
28296,7,4,9,2,11,0,1,1,2,2,1
28297,11,4,4,2,7,0,1,1,0,2,0
28298,3,4,15,4,8,3,1,1,1,2,0
28299,5,5,11,4,3,1,0,1,2,2,0
28300,5,6,2,4,4,1,1,1,2,2,0
28301,4,4,11,4,6,1,0,1,2,2,0
28302,5,0,11,4,0,1,1,0,2,2,0
28303,6,4,6,4,1,1,1,0,2,2,0
28304,4,1,11,4,1,1,1,0,2,2,0
28305,5,4,15,4,1,1,1,0,0,2,0
28306,10,4,11,2,8,5,1,0,2,2,1
28307,8,4,15,0,14,1,1,1,2,2,0
28308,5,4,15,4,3,1,1,1,2,2,0
28309,5,4,9,5,8,1,1,0,2,2,0
28310,3,4,11,4,7,3,1,1,2,2,0
28311,8,4,11,2,1,5,1,0,2,2,1
28312,6,4,5,4,3,4,1,1,1,2,0
28313,4,7,11,4,1,1,1,1,0,2,0
28314,4,2,14,4,10,1,1,0,2,2,0
28315,8,4,15,2,4,0,1,1,2,2,0
28316,10,4,15,6,10,1,1,1,2,2,0
28317,9,4,12,2,10,0,1,1,1,2,1
28318,4,4,7,4,3,1,1,1,2,2,0
28319,8,4,11,2,7,0,1,1,1,2,0
28320,8,4,1,2,3,0,1,1,2,2,1
28321,4,4,11,4,7,3,1,1,2,2,0
28322,5,0,7,2,0,0,0,1,2,0,1
28323,11,4,13,2,6,0,1,1,2,2,0
28324,4,4,12,4,1,1,1,0,2,2,0
28325,12,4,9,2,10,0,1,1,1,2,1
28326,7,6,15,4,12,3,1,1,2,2,0
28327,7,4,10,2,4,0,1,1,1,2,1
28328,8,4,15,2,12,5,1,0,2,2,0
28329,10,4,1,4,8,1,1,0,2,2,0
28330,6,2,9,4,11,3,1,1,2,2,0
28331,4,4,5,4,7,1,1,1,2,2,1
28332,9,0,8,2,0,0,0,1,2,2,0
28333,4,4,15,4,3,1,1,0,2,2,0
28334,4,4,8,4,13,3,1,1,2,1,0
28335,7,4,9,2,12,0,1,1,3,2,0
28336,11,4,15,5,12,1,1,1,2,2,0
28337,8,4,10,0,10,4,0,1,3,2,0
28338,6,4,1,2,3,0,1,1,0,2,0
28339,5,4,11,2,14,0,1,1,2,2,0
28340,10,4,3,0,7,4,1,0,2,2,0
28341,8,4,11,3,1,2,0,1,3,2,0
28342,4,4,9,4,13,3,1,1,2,2,0
28343,12,4,11,2,3,0,1,1,2,2,1
28344,12,4,9,2,12,0,1,1,2,2,0
28345,4,4,15,4,12,2,0,1,2,2,0
28346,12,4,7,4,1,1,1,1,2,2,1
28347,15,4,5,6,14,1,1,1,3,2,0
28348,4,4,15,2,10,0,1,1,0,2,0
28349,5,5,3,2,5,0,0,1,2,2,1
28350,6,4,11,4,1,3,0,0,2,2,0
28351,8,5,9,4,12,3,1,0,2,2,0
28352,12,4,15,0,8,4,1,0,1,2,0
28353,11,5,9,3,4,1,1,1,2,2,0
28354,4,4,1,4,12,4,0,0,2,0,0
28355,3,0,15,4,0,1,1,0,2,1,0
28356,3,4,11,4,8,2,1,0,2,2,0
28357,8,4,15,4,8,2,0,1,1,0,0
28358,12,4,9,1,8,3,1,0,2,2,0
28359,4,4,9,4,1,1,1,0,1,2,1
28360,16,4,11,4,6,3,1,1,2,2,0
28361,8,4,15,5,8,1,1,1,2,2,0
28362,7,2,4,2,14,5,1,0,2,2,0
28363,10,4,8,2,14,0,1,1,2,2,1
28364,6,4,15,4,8,3,0,1,3,2,0
28365,8,2,11,2,1,0,1,1,2,2,1
28366,7,4,15,2,12,5,1,0,1,2,0
28367,6,4,15,2,10,0,1,1,2,2,0
28368,6,7,15,4,14,1,1,1,3,2,0
28369,10,4,5,2,5,0,0,1,2,2,0
28370,9,5,11,2,3,0,1,1,2,2,0
28371,4,4,11,4,7,3,1,1,1,2,0
28372,4,4,9,4,13,1,0,1,2,2,0
28373,12,7,15,2,5,0,1,1,2,2,1
28374,4,2,9,2,11,0,1,1,1,2,1
28375,9,4,8,2,1,0,1,1,2,2,1
28376,4,4,15,4,3,1,1,1,1,2,0
28377,5,2,11,4,1,3,1,0,2,1,0
28378,10,4,11,4,7,1,1,1,2,2,0
28379,8,0,9,4,0,1,1,1,2,2,0
28380,9,7,15,2,4,0,0,1,2,0,1
28381,9,4,12,2,4,0,1,1,1,2,1
28382,5,4,11,4,1,2,1,0,2,2,1
28383,4,0,11,4,0,1,1,1,2,2,0
28384,5,4,9,4,1,1,0,0,2,2,0
28385,5,4,9,4,9,2,1,0,1,2,0
28386,6,4,11,2,14,0,1,1,2,2,0
28387,13,4,9,0,4,4,1,0,0,2,0
28388,8,2,15,2,3,0,1,1,2,2,0
28389,5,4,9,2,12,0,1,1,1,2,1
28390,9,4,11,4,1,1,1,1,2,2,0
28391,7,4,11,0,8,1,1,0,1,2,0
28392,5,4,11,4,7,3,1,1,1,2,0
28393,3,4,11,4,12,1,1,0,2,2,1
28394,3,2,7,4,4,3,1,1,0,2,0
28395,11,4,11,0,8,4,1,0,2,4,0
28396,11,4,12,0,10,1,1,0,3,2,0
28397,7,4,11,2,6,0,1,1,2,2,0
28398,12,2,9,2,14,0,1,1,2,2,0
28399,10,2,11,2,3,0,1,1,2,2,0
28400,6,4,9,4,4,3,1,1,2,2,0
28401,5,2,12,3,10,1,1,1,2,2,1
28402,4,6,1,4,8,1,1,0,1,2,0
28403,7,6,9,2,12,5,1,0,2,2,1
28404,5,4,11,2,7,0,1,1,2,2,0
28405,12,4,11,6,5,4,0,1,1,4,0
28406,11,4,11,2,3,0,1,1,2,2,0
28407,7,4,11,2,1,5,1,0,1,2,1
28408,10,4,12,4,10,1,1,0,2,2,0
28409,6,4,15,2,7,0,1,1,2,2,0
28410,12,4,2,0,6,1,1,1,2,2,1
28411,11,7,15,4,11,3,1,1,1,2,0
28412,10,4,3,4,6,3,0,1,1,2,0
28413,10,4,4,2,14,0,1,1,3,2,1
28414,9,4,11,0,4,4,0,0,1,4,0
28415,4,4,15,4,6,1,1,1,1,2,0
28416,4,4,0,4,1,4,0,0,2,4,0
28417,8,4,11,2,3,0,1,1,2,2,0
28418,9,7,9,2,4,0,1,1,3,2,0
28419,9,4,8,0,4,4,0,0,2,2,0
28420,3,4,11,4,3,1,1,1,1,2,0
28421,9,4,11,2,1,0,1,1,3,2,0
28422,9,4,9,5,10,4,1,0,3,2,0
28423,6,4,0,2,8,5,1,0,2,2,1
28424,4,4,2,4,7,3,0,1,1,2,0
28425,7,4,15,2,1,5,1,0,3,2,1
28426,3,4,15,4,10,3,1,1,1,2,0
28427,3,4,1,4,8,2,1,1,1,2,0
28428,13,4,15,2,3,0,1,1,1,2,0
28429,5,4,15,2,12,0,1,1,2,2,0
28430,9,2,7,2,1,0,1,1,1,2,1
28431,7,7,15,2,4,0,0,1,2,2,1
28432,4,4,12,4,12,1,0,0,2,4,1
28433,10,4,11,2,14,0,1,1,2,2,1
28434,7,4,2,0,1,4,1,0,2,2,0
28435,7,4,15,2,8,0,1,1,1,2,1
28436,4,4,15,4,13,1,1,1,1,2,0
28437,7,4,11,2,6,0,1,1,2,2,1
28438,6,0,11,4,0,3,0,1,2,4,0
28439,6,4,15,4,1,1,1,0,2,2,0
28440,13,1,11,2,6,0,1,1,2,2,1
28441,7,4,11,0,1,1,1,0,3,2,0
28442,4,6,11,1,4,4,0,0,1,2,0
28443,8,4,15,2,7,0,1,1,2,2,0
28444,8,4,9,2,3,0,1,1,2,2,0
28445,5,4,9,4,12,1,1,1,1,2,0
28446,4,6,15,4,4,1,0,0,2,4,0
28447,3,4,11,4,9,3,0,0,2,2,0
28448,6,4,5,2,8,0,1,1,1,2,1
28449,10,4,8,2,3,0,1,1,2,2,1
28450,3,4,13,4,8,3,1,0,2,2,0
28451,5,4,15,4,1,1,1,0,3,2,0
28452,7,2,15,4,10,3,1,1,2,2,0
28453,8,2,11,4,1,1,1,1,2,2,0
28454,8,4,11,2,1,0,1,1,2,2,0
28455,10,4,1,2,6,0,1,1,3,2,0
28456,6,4,12,2,4,0,1,1,1,2,0
28457,7,4,11,2,3,0,1,1,1,2,0
28458,7,4,8,0,3,1,1,1,2,2,0
28459,3,4,11,4,8,1,1,1,0,2,0
28460,6,4,11,4,12,3,1,0,2,2,0
28461,13,6,11,6,14,1,1,1,2,2,1
28462,8,4,8,2,1,0,1,1,3,2,0
28463,5,4,9,2,4,0,1,1,2,2,0
28464,6,4,1,2,6,0,1,1,2,2,1
28465,3,4,15,4,8,3,1,0,1,2,0
28466,6,4,11,2,8,0,0,1,2,2,0
28467,12,4,7,0,4,3,1,1,2,2,0
28468,6,4,15,2,1,0,1,1,1,2,0
28469,3,4,9,4,13,4,1,0,0,2,1
28470,8,4,11,2,8,0,1,1,3,2,0
28471,6,4,9,4,4,4,0,0,2,2,0
28472,9,1,10,4,10,3,1,1,3,4,0
28473,9,2,11,2,8,0,1,1,2,2,0
28474,5,4,9,2,10,0,1,1,2,2,0
28475,5,4,11,4,11,1,1,1,1,2,0
28476,5,4,12,4,10,3,1,0,3,2,0
28477,5,4,12,4,4,1,1,1,2,2,0
28478,7,4,11,2,12,0,1,1,2,2,1
28479,8,4,11,2,3,0,1,1,2,2,0
28480,8,0,15,2,6,0,1,1,2,2,1
28481,10,4,11,0,8,1,1,0,2,2,0
28482,7,4,11,2,8,0,1,1,2,2,0
28483,3,4,11,4,12,3,1,1,1,2,0
28484,7,6,15,4,12,4,1,0,2,2,0
28485,8,4,0,2,4,0,0,1,2,2,1
28486,7,2,9,4,1,4,1,0,2,2,0
28487,3,4,9,4,4,1,1,1,2,2,0
28488,8,4,14,2,6,0,1,1,2,2,0
28489,6,4,6,4,7,3,1,1,2,2,0
28490,8,4,11,4,14,1,1,1,2,2,0
28491,6,4,11,4,1,1,1,0,2,2,0
28492,11,4,9,6,10,4,1,0,2,2,0
28493,6,4,12,4,4,3,1,1,2,2,0
28494,12,4,15,2,3,0,1,1,1,2,0
28495,8,4,11,2,1,0,1,1,2,2,1
28496,5,4,8,2,4,0,0,1,2,2,1
28497,14,6,15,2,12,0,1,1,0,2,1
28498,3,4,11,4,3,3,0,0,1,2,0
28499,4,4,8,2,10,0,1,1,1,2,0
28500,9,4,2,2,6,0,1,1,2,2,0
28501,10,4,7,2,12,0,1,1,1,2,0
28502,7,4,4,0,6,1,1,1,2,2,0
28503,8,4,9,2,10,0,1,1,2,2,0
28504,11,6,5,2,5,0,1,1,2,2,0
28505,8,4,7,2,13,0,1,1,3,2,1
28506,8,4,12,4,1,1,1,1,2,2,0
28507,12,4,15,2,8,0,1,1,2,2,1
28508,9,4,15,2,6,0,1,1,3,2,1
28509,5,4,11,4,12,1,1,0,2,2,0
28510,3,4,15,4,3,3,1,1,1,2,0
28511,12,4,4,6,6,1,1,1,2,2,1
28512,13,4,11,2,3,0,1,1,1,2,0
28513,4,1,15,4,1,1,1,0,1,2,1
28514,8,4,9,2,12,0,1,1,2,2,1
28515,5,4,5,4,7,1,1,0,2,2,0
28516,8,4,9,2,8,0,1,1,2,2,0
28517,7,7,8,4,13,2,1,0,2,2,0
28518,3,4,11,4,7,1,1,1,1,1,0
28519,7,7,11,0,1,4,1,0,2,2,0
28520,7,5,9,2,4,0,1,1,2,2,0
28521,5,4,12,4,10,1,0,0,2,2,0
28522,6,4,15,2,7,5,1,0,2,2,0
28523,5,7,7,5,10,2,1,1,2,2,0
28524,9,6,5,4,8,1,1,1,2,2,0
28525,7,6,0,2,3,0,1,1,3,2,1
28526,11,6,9,2,4,0,1,1,2,2,1
28527,11,5,15,6,12,1,1,0,1,2,0
28528,6,4,5,2,8,0,1,1,2,2,1
28529,5,7,11,4,3,1,1,1,2,2,0
28530,6,4,11,2,3,0,1,1,2,2,1
28531,5,4,12,4,4,1,1,0,2,2,0
28532,4,4,12,2,10,0,1,1,2,2,0
28533,12,4,9,2,10,0,1,1,2,2,0
28534,4,4,1,4,7,1,1,0,2,2,0
28535,4,0,11,4,0,1,1,1,1,2,0
28536,10,4,9,2,13,0,1,1,2,2,1
28537,10,4,15,0,12,1,1,1,0,2,1
28538,8,4,11,2,1,0,1,1,2,2,1
28539,8,4,9,2,10,0,1,1,2,2,1
28540,6,4,11,2,12,0,1,1,2,2,1
28541,5,2,14,2,10,0,1,1,3,2,1
28542,5,4,15,4,7,1,0,0,1,2,0
28543,4,4,6,4,14,3,1,1,2,2,0
28544,8,4,8,2,3,0,1,1,3,2,0
28545,5,4,15,4,8,1,1,0,2,2,0
28546,6,4,11,4,3,3,1,0,2,2,0
28547,5,4,11,2,6,0,1,1,1,2,0
28548,5,4,11,4,6,1,1,1,2,2,0
28549,11,4,2,2,6,0,1,1,2,2,1
28550,10,7,12,2,4,0,1,1,2,2,0
28551,8,4,7,2,10,0,1,1,2,2,1
28552,10,4,0,4,12,1,1,0,2,2,0
28553,8,4,11,2,7,0,1,1,2,2,1
28554,11,6,9,5,12,1,1,1,1,2,0
28555,4,4,9,4,3,1,1,1,2,2,0
28556,9,4,15,2,12,0,1,1,2,2,0
28557,4,0,8,4,0,1,1,1,1,2,0
28558,5,4,1,2,8,0,1,1,1,2,1
28559,4,4,11,4,14,3,1,1,2,2,0
28560,4,7,15,4,1,3,0,0,1,2,0
28561,12,7,11,4,10,3,1,1,1,2,0
28562,3,4,15,4,4,1,1,1,1,2,0
28563,4,4,5,4,1,3,1,0,2,2,0
28564,8,4,11,0,3,1,1,1,2,2,0
28565,7,4,9,4,8,3,0,0,2,2,0
28566,11,4,8,2,12,0,1,1,2,2,0
28567,11,2,9,4,10,1,1,1,2,2,0
28568,7,4,9,3,10,1,1,0,2,2,0
28569,5,4,11,4,6,1,1,1,2,2,0
28570,7,4,15,0,8,1,0,0,2,2,1
28571,7,4,7,4,13,3,1,1,2,2,0
