,R,Q,A,Y
12062,0,1,0,0
21928,1,2,0,1
8470,0,3,1,1
25365,1,0,1,1
19407,1,0,0,1
8530,0,2,0,0
17491,0,2,0,0
29886,0,1,1,1
21648,0,3,1,1
11,0,0,1,1
6213,0,2,0,0
16056,0,0,0,0
24069,0,1,1,0
20894,0,3,0,0
17134,0,2,0,0
22631,3,1,0,1
29467,0,2,1,1
12789,0,2,1,0
7815,0,2,0,0
19128,0,1,1,1
26190,0,2,1,1
20983,0,0,0,0
28857,1,3,1,0
8837,0,3,0,0
24142,1,2,1,1
29140,0,1,0,0
26887,0,1,0,0
12143,0,0,0,0
27560,0,2,0,0
6439,0,1,1,1
22988,0,3,0,0
28059,0,2,1,0
17716,0,0,1,0
17128,1,1,0,1
982,0,2,0,0
3792,2,1,1,1
15572,0,1,0,0
25306,0,2,1,1
23650,1,1,1,1
24734,0,1,1,1
24438,0,1,1,1
28018,0,3,0,0
17991,0,3,1,1
16619,0,2,0,0
7908,1,2,0,1
10466,0,3,0,0
11190,0,2,1,0
18796,0,2,0,0
22655,1,1,0,0
2391,0,1,1,1
29620,1,3,1,1
26461,0,2,1,0
16301,0,2,1,1
13943,1,1,0,1
12603,0,1,1,1
2617,0,1,0,0
28036,1,2,0,1
20628,0,2,0,0
1439,0,1,1,0
3314,0,3,0,0
24886,0,0,1,0
5025,0,2,1,1
21955,0,1,0,0
15798,0,1,0,0
21759,0,1,0,1
27325,1,3,1,1
22492,0,0,1,0
10495,0,2,0,1
12011,0,3,0,0
24641,0,1,0,0
446,0,2,0,0
25236,0,1,0,0
16407,0,2,0,1
4191,0,2,1,0
24359,1,1,1,1
2485,0,2,1,1
7766,1,1,0,1
10998,0,2,0,0
3171,0,2,1,0
24123,0,1,0,0
27511,0,3,0,0
28459,0,2,0,0
7317,0,1,1,1
13639,0,2,1,1
25740,0,2,0,0
11502,0,0,1,1
28383,0,1,1,0
29312,1,2,0,1
10048,0,0,0,0
5086,0,1,1,1
16696,0,2,0,0
4355,0,0,0,0
27144,0,2,0,0
27716,0,1,1,1
12070,0,1,1,1
9339,0,2,0,0
24288,0,1,1,1
9971,0,2,1,1
26610,0,3,0,0
8896,0,1,1,1
18181,0,1,0,0
10983,0,1,0,0
14839,0,2,1,1
1085,0,1,0,0
25429,0,1,0,0
1547,0,2,1,1
5769,0,1,1,1
22859,1,2,0,0
26789,0,1,1,0
12074,0,1,0,0
22170,1,1,0,0
14821,0,2,0,0
5224,0,2,0,1
1997,1,3,0,0
17642,0,3,0,0
22850,0,2,0,1
21379,0,2,0,0
8856,0,3,0,0
23828,0,3,1,1
24435,0,2,0,0
8390,0,1,0,0
8133,0,3,0,0
29922,0,1,1,1
1906,0,1,1,1
24822,0,0,1,1
5243,1,1,0,1
19307,1,3,0,0
6290,0,1,0,0
20049,1,1,1,1
5908,0,3,0,0
20141,1,3,1,1
19652,0,3,1,0
17065,0,2,1,1
13769,0,1,1,0
8636,0,1,1,1
1754,0,1,1,1
27036,2,2,1,1
27664,0,1,1,0
1745,0,0,0,0
622,1,0,0,1
21168,1,1,0,1
22661,1,1,0,0
26707,0,1,1,1
17631,0,1,1,1
28453,0,2,0,1
23063,1,2,1,1
5796,0,1,0,0
841,1,2,1,1
9615,0,2,1,1
23794,0,0,1,1
16733,1,3,0,0
9772,0,1,0,0
22162,0,1,1,1
14668,0,1,1,1
27832,0,0,1,1
23950,1,1,0,1
29581,1,2,0,1
7795,1,2,0,1
14798,0,2,1,0
5442,0,1,1,1
20303,0,1,0,0
14987,0,0,0,0
7506,0,2,1,1
11836,1,3,0,1
12361,0,2,0,0
11541,0,2,1,1
4480,0,2,0,1
8333,2,2,0,1
8970,0,1,0,0
6844,0,2,0,1
20695,0,1,0,0
21632,0,1,0,1
19134,0,1,1,0
12778,1,1,0,1
11628,0,3,0,0
3620,1,2,0,0
17403,1,0,1,1
12620,0,3,1,0
21387,0,3,0,0
22676,0,1,1,1
28102,0,1,0,0
11589,0,2,0,0
19284,1,2,1,0
7381,0,0,1,1
18570,0,1,0,0
5104,1,2,0,1
5724,0,0,0,1
27830,1,1,1,1
100,1,1,0,0
7881,0,1,0,0
21705,0,2,1,1
24601,0,1,1,1
10473,1,2,0,0
18558,0,1,1,1
23215,0,3,1,0
21670,0,2,1,0
8493,1,2,0,1
10423,1,1,1,1
11925,0,2,0,0
12394,1,3,0,1
3098,0,1,1,1
3760,0,2,1,0
25258,0,3,1,0
1104,1,1,1,1
10772,0,2,0,0
11786,0,2,1,1
20868,1,2,1,1
6988,0,0,1,0
473,0,3,0,0
6744,0,2,1,1
4319,1,0,1,1
9956,1,2,1,1
6486,0,2,1,1
15060,0,1,0,1
21779,0,1,1,1
16016,0,2,1,1
7372,1,2,1,1
29162,0,1,1,1
28167,0,3,0,0
25352,0,1,0,0
4844,0,1,0,1
28129,1,2,0,0
26448,0,1,0,0
701,0,1,0,0
20490,0,1,1,1
3104,1,1,1,1
979,0,1,0,0
6321,1,0,0,1
14141,1,1,0,1
29898,0,0,1,1
1625,1,2,0,0
13459,0,2,0,0
27764,0,1,0,0
19679,0,1,1,1
26938,0,2,1,0
3532,0,2,1,0
13114,0,2,0,0
22936,1,2,0,0
21117,1,1,0,0
15843,0,2,0,0
25784,0,0,1,1
21015,0,1,0,0
4348,0,3,0,0
19734,0,2,0,0
29367,0,2,1,0
15681,0,0,0,0
22367,0,2,1,1
21388,1,1,1,1
20122,1,0,1,1
25053,0,1,0,1
20944,0,1,1,1
19906,0,3,1,1
23614,1,2,0,0
1610,0,0,0,0
28612,1,1,0,0
17782,1,1,0,0
3867,0,0,1,1
12465,0,2,0,0
9559,0,2,0,0
4772,1,3,0,0
14564,0,2,0,0
8170,0,1,1,0
17124,0,1,1,1
8808,0,1,1,1
24574,1,0,1,1
21510,1,0,0,0
29645,0,2,0,0
25230,1,2,1,1
22773,0,2,1,1
5176,1,2,0,0
6314,0,3,1,0
4141,0,1,0,0
6132,1,2,1,1
29101,0,1,0,0
3939,0,2,0,0
11309,0,1,1,1
13300,0,3,0,0
20235,1,0,0,1
4861,0,2,1,0
18346,0,3,1,0
18670,0,2,1,1
6616,0,2,1,0
7790,0,3,1,0
15786,1,3,0,0
2659,0,2,1,0
19338,0,1,1,1
22137,0,0,1,0
5959,0,0,0,1
25798,0,2,1,1
5538,0,0,0,0
25572,1,0,1,1
22876,0,3,1,1
124,1,3,0,0
9921,0,3,0,0
20080,1,2,1,1
28146,0,2,0,0
9155,0,2,0,0
8371,0,1,1,1
5195,0,2,1,0
11677,0,2,0,0
18778,1,1,0,0
24991,0,2,0,0
29074,1,2,1,1
23211,0,1,1,1
22571,0,1,0,0
2115,0,2,1,1
24548,1,2,1,1
18978,0,0,1,1
19353,0,0,0,0
14341,0,2,1,0
5058,0,2,0,0
19086,0,2,1,0
26,0,1,1,1
12454,1,0,1,1
8577,0,2,0,0
2545,0,1,0,0
8476,1,2,0,0
9263,1,3,0,0
6327,0,2,0,0
9738,0,3,1,0
2768,1,1,0,1
6231,0,2,1,1
25043,1,1,1,1
11013,0,3,1,1
7246,0,2,0,0
26246,1,2,1,1
26900,0,1,0,0
22574,1,0,0,1
4723,0,1,0,0
4625,0,2,0,0
11730,0,1,1,0
7166,0,1,0,0
25320,0,1,0,0
9254,1,2,0,0
29323,0,1,0,0
4203,1,1,0,1
1267,0,1,1,1
27550,0,2,1,1
27339,0,1,1,1
24265,0,3,0,0
6365,0,2,0,0
17250,1,3,0,0
1912,1,2,0,0
19021,0,1,1,0
5479,1,2,1,1
21975,1,2,1,1
3466,0,1,0,0
19510,1,1,0,0
22795,1,1,0,1
25779,0,2,1,0
9206,0,2,1,0
21981,0,1,0,1
21561,0,2,0,0
12737,0,3,0,0
13220,0,2,0,0
17845,1,0,1,1
19012,1,1,0,0
7155,0,1,1,1
7503,1,2,1,1
18857,0,3,1,1
25868,0,0,1,1
2400,0,1,0,0
8909,0,1,0,0
15023,0,2,1,0
19504,0,0,1,0
9165,0,1,1,1
2774,0,2,0,0
1372,0,1,1,1
16991,0,0,0,0
24978,0,1,1,1
3016,0,2,1,0
11505,0,3,0,0
4773,0,2,1,1
27117,0,1,1,1
5483,1,3,0,1
12309,0,1,1,1
20251,0,2,1,1
24382,1,1,1,1
22094,0,1,0,0
21349,1,0,0,0
28325,1,2,0,1
10368,0,2,0,0
2564,1,2,0,0
28297,0,1,1,1
2856,0,0,0,0
5349,0,2,0,0
19819,1,2,0,0
27274,0,3,1,0
23080,0,2,0,0
19860,0,2,1,1
4842,0,2,0,0
24828,0,2,1,1
12984,0,2,0,0
21888,0,2,1,1
11955,0,1,1,1
26434,0,1,0,0
7512,0,1,1,1
20074,0,0,0,0
12120,0,1,0,0
9799,1,2,0,1
26915,0,1,0,1
8210,1,1,0,1
19606,1,2,1,1
26447,1,1,0,0
9119,0,1,1,1
22504,0,3,1,0
9774,0,2,1,0
16853,0,3,1,0
18934,0,1,1,1
19171,0,1,1,1
15539,1,2,0,0
6592,0,1,1,1
27778,0,2,1,0
12226,1,2,0,0
11455,0,1,1,1
6043,0,3,0,0
26141,1,1,1,1
15143,1,1,1,1
9497,1,2,1,1
20905,0,1,1,0
1219,0,1,1,1
17237,1,3,0,1
29086,2,1,0,1
4367,0,1,1,1
2412,0,2,0,0
14317,1,2,1,1
6824,1,2,0,0
23291,0,3,1,0
19917,0,3,1,0
27244,0,1,1,1
9350,0,2,1,0
14910,2,1,1,1
28486,0,1,1,0
8944,0,1,0,0
19833,0,1,0,1
18148,0,3,1,1
12108,1,1,0,0
6535,0,0,0,1
1759,0,1,1,1
14283,0,2,1,1
29407,0,2,1,0
10752,2,2,0,1
23669,0,1,1,0
15819,1,3,0,1
9601,0,0,1,1
8094,0,0,1,1
23954,0,0,1,1
25113,0,1,1,1
29776,0,2,1,0
28336,0,2,1,1
25428,1,2,0,0
17609,0,2,0,0
7917,0,1,0,0
8294,0,1,1,1
20406,0,0,1,1
5230,0,2,0,0
13392,1,1,1,1
17110,1,0,1,1
25542,0,3,0,0
8715,0,3,0,0
20951,0,2,1,0
19058,1,0,1,1
5643,0,0,0,1
12630,0,3,0,0
21270,0,3,1,1
27818,0,1,1,1
21502,0,2,0,0
19373,0,2,0,0
24577,1,1,1,1
21666,0,0,1,1
26118,0,3,0,0
4568,2,3,1,1
14828,1,1,0,0
5508,0,3,0,0
25047,0,0,1,1
7199,0,1,1,1
19460,0,2,1,1
5827,0,2,0,0
7711,0,2,1,0
9311,0,2,1,1
11452,0,0,1,1
12013,1,1,1,1
14137,0,1,1,1
10073,2,2,0,1
29681,1,0,1,1
2179,0,1,1,1
18154,0,1,1,1
19188,0,2,0,0
16981,0,2,1,0
8874,0,2,1,1
11246,0,1,1,0
7186,0,2,0,0
5644,0,2,0,0
11948,0,2,1,1
26668,0,1,1,1
8075,0,1,1,1
16054,1,2,1,1
10477,0,2,1,1
6994,0,2,0,0
24675,1,1,0,1
19198,0,0,0,0
132,0,1,0,0
5140,0,1,0,0
3502,0,1,0,0
10403,0,1,1,1
25057,1,2,0,0
26803,1,2,0,1
24895,0,2,0,0
20841,1,3,0,1
24476,1,3,1,1
8043,0,1,0,1
20501,0,1,1,1
16521,0,2,1,0
8116,0,1,0,0
24541,0,0,0,0
13157,0,2,0,0
28681,0,1,0,0
22803,0,3,1,0
2237,0,1,0,0
25049,0,2,1,1
9878,1,0,1,1
6558,1,2,1,1
15523,1,3,0,0
8940,1,2,0,1
9590,0,2,0,0
4239,1,1,1,1
645,0,1,1,1
1566,0,1,1,1
27078,0,2,0,1
4449,0,1,0,0
19766,0,2,1,1
11540,0,1,0,0
11152,0,3,1,1
10153,1,1,1,1
9504,0,1,1,0
28451,0,1,1,1
5873,0,1,0,0
21153,0,1,0,0
2141,0,2,0,0
11718,0,1,0,0
13937,1,1,0,0
27020,0,1,0,0
14352,0,2,1,1
11259,0,3,1,0
2904,0,2,1,1
1225,1,1,0,1
7105,1,2,1,1
13451,0,0,0,1
16633,0,2,0,0
12623,0,2,0,1
14647,0,1,0,0
3228,0,3,1,1
13565,0,2,1,1
9088,1,1,0,1
6301,0,2,1,0
5332,1,2,0,0
11743,1,1,0,1
13702,0,1,1,1
8034,0,2,1,0
20878,1,0,0,0
10398,0,2,1,1
24515,1,1,0,1
8092,1,2,0,1
7259,0,3,1,1
3461,0,2,1,1
26244,0,0,1,1
12334,0,1,1,1
29740,0,2,0,0
10127,0,2,0,0
14465,0,2,1,1
21469,0,3,0,0
9718,0,1,0,0
26004,0,2,1,1
26377,0,1,1,1
752,0,2,0,0
29127,1,2,0,0
14130,1,0,1,0
1229,0,3,0,0
8235,1,2,0,0
22121,0,0,1,1
16710,2,1,1,1
9768,0,2,0,0
2709,0,2,0,0
22682,0,3,0,1
11976,0,3,0,0
11759,0,2,1,1
6133,1,2,1,1
20535,1,2,0,0
13624,0,2,1,0
1130,0,2,1,1
12788,1,2,0,1
27008,2,0,0,1
7645,0,1,0,0
12856,0,3,1,0
18443,1,1,1,1
25747,0,1,0,0
3329,0,0,0,0
3987,0,2,1,1
16092,0,1,1,1
3851,0,1,1,1
27481,1,2,1,1
7494,0,1,1,0
16556,0,2,0,0
21423,0,0,1,1
19809,0,2,1,0
19091,0,2,1,1
17317,0,2,1,0
3549,0,0,0,0
22474,0,3,0,0
11355,0,2,1,1
19697,0,0,0,1
18484,1,2,1,0
3161,0,2,0,1
14210,0,2,1,1
23050,1,2,1,1
11945,0,1,0,0
2731,1,2,1,1
21531,0,1,1,1
27767,0,1,1,1
27358,0,1,1,1
24341,0,2,0,0
28465,0,1,0,0
22357,0,1,1,1
28174,0,1,0,0
14592,0,3,0,0
23192,0,1,1,1
15991,1,1,1,1
19194,1,3,1,1
10405,0,1,0,1
16401,0,1,1,1
10225,1,3,0,0
13598,0,2,0,0
11961,1,2,0,0
11954,1,1,0,1
6637,0,2,1,1
6820,0,1,0,0
4205,1,1,1,1
26754,0,0,1,1
21806,0,2,1,0
19162,0,2,1,1
15286,0,3,1,0
6845,0,1,1,1
2170,1,1,0,0
2781,1,3,0,0
23328,0,2,0,0
24371,0,1,1,1
22680,0,1,0,0
1643,0,1,0,0
7743,1,1,0,0
29022,0,3,0,0
19047,0,1,0,0
11510,0,3,1,0
20237,0,2,0,0
24398,0,1,0,0
22158,0,2,0,0
22586,0,1,1,1
23635,1,2,1,1
17377,0,1,1,1
24035,1,3,0,0
25084,0,2,0,0
15276,0,3,0,0
686,0,1,1,1
17606,1,1,0,0
6589,0,2,0,0
11603,0,1,1,0
15567,0,0,1,0
10957,0,0,1,1
21427,0,2,0,0
28771,0,2,0,0
23992,0,1,0,1
13510,0,2,0,0
17792,0,2,0,0
29343,0,2,0,0
25826,0,2,0,0
13973,0,0,0,1
18805,0,3,0,0
433,0,2,0,0
26952,1,3,1,1
25662,0,1,0,0
757,1,0,0,1
21835,0,0,0,1
2580,0,1,0,0
28972,1,2,1,1
10278,2,0,1,1
23747,1,2,0,0
12221,0,1,0,0
15246,1,2,1,1
12774,0,1,1,1
19202,1,1,1,1
15832,0,0,1,1
12449,0,0,0,0
5187,0,2,0,0
26647,1,1,0,1
26216,0,2,1,0
1220,0,1,1,1
6438,1,2,0,0
28216,0,2,0,0
20458,0,1,1,1
1937,0,0,1,1
21982,0,1,1,1
26808,0,2,0,0
7440,0,2,0,0
14858,2,2,0,1
12192,2,2,0,1
24801,1,1,0,0
27508,0,2,1,1
824,0,2,1,0
13015,0,2,1,0
14884,1,2,1,1
1118,0,3,1,0
29972,0,3,1,1
5156,1,0,1,1
12886,0,1,1,1
16243,0,0,1,0
14057,0,1,0,0
21813,0,1,0,0
7658,0,2,1,1
6454,0,2,1,1
13496,0,1,1,1
423,1,2,1,1
11372,1,2,0,1
12502,0,1,0,0
23773,2,1,0,1
17794,0,1,0,0
5917,0,1,1,1
8766,1,1,0,0
26810,0,1,1,0
29993,2,2,0,1
28445,0,2,0,0
7899,0,1,0,0
8377,1,1,0,0
4566,0,2,0,0
7511,0,2,1,0
13325,2,3,0,0
5958,0,1,0,0
14252,1,1,0,0
4634,0,0,0,0
11965,0,2,0,0
13461,0,2,0,0
14748,1,0,1,1
27766,0,1,0,0
14122,0,2,0,1
23477,0,1,0,0
12401,0,1,1,1
17006,0,2,0,0
7472,0,2,0,0
21880,0,2,1,1
24031,0,2,0,0
22182,0,2,1,0
14446,0,1,0,0
26278,0,2,0,0
5445,0,1,1,1
21706,0,1,1,1
4738,0,2,1,1
19483,0,3,0,0
10058,0,1,0,0
17819,0,1,0,0
18258,0,3,0,0
6448,0,1,0,0
16270,0,2,1,0
29340,2,2,1,1
19938,0,3,1,1
28052,0,1,0,0
2270,1,0,1,1
11251,0,1,0,0
21756,0,3,0,0
15824,0,3,0,0
27563,0,1,0,0
8459,1,1,0,1
23487,0,0,0,0
24378,0,1,0,0
28001,0,1,1,1
2989,0,3,0,0
19225,0,1,1,1
23867,0,1,0,0
13216,0,2,1,1
29911,1,1,0,0
4320,0,3,1,0
10615,0,2,1,0
11282,0,1,1,1
404,0,2,1,0
16387,1,1,1,1
22217,0,2,0,1
25488,0,2,0,1
17087,0,2,0,0
15098,1,0,1,1
28350,1,1,1,1
18137,0,2,0,0
17828,0,1,0,0
6355,0,2,1,1
29337,0,2,1,1
14295,0,3,1,1
18402,0,1,0,0
23530,0,2,0,0
26538,0,1,1,0
22058,0,3,1,1
29752,0,0,0,1
9025,1,2,0,1
8081,0,1,1,1
6186,0,0,1,1
14285,2,1,0,1
22214,0,1,1,1
27770,0,1,1,1
7882,0,1,1,0
18098,0,0,0,0
14529,0,2,1,0
8717,0,2,0,0
21533,0,2,1,1
26391,0,2,0,0
18342,0,2,1,1
15751,0,1,1,1
11132,0,2,1,1
125,1,1,1,1
2952,0,2,1,1
21884,1,0,1,1
12548,2,3,1,1
11571,0,0,0,1
22848,0,3,0,0
13347,0,3,0,0
29758,0,2,1,1
26806,0,3,0,0
11129,0,3,0,0
18868,0,3,0,0
27854,0,1,0,0
11920,0,2,0,0
16797,0,2,1,0
14476,0,3,0,0
729,2,2,1,1
9827,0,2,0,0
23842,0,1,1,1
16362,0,2,0,0
7418,1,2,1,1
6324,0,1,1,0
664,1,1,1,1
170,0,2,1,1
10987,0,2,0,0
20062,0,2,0,0
29070,1,2,1,1
14652,0,2,0,0
27241,1,0,0,0
6422,1,2,0,0
12542,0,0,0,0
28849,0,1,1,0
6716,1,2,0,0
13086,0,0,0,1
19582,0,2,1,1
10157,1,1,0,0
4266,0,2,1,0
16516,2,0,1,1
14757,0,0,0,1
417,0,1,0,0
10289,0,1,0,0
26312,0,1,0,0
7698,0,2,1,1
8834,1,2,1,1
20258,0,2,1,1
27535,0,1,0,0
29998,0,3,1,0
29855,0,2,0,0
20555,0,3,0,0
21181,0,2,0,0
13473,1,2,1,1
17120,0,2,0,0
28319,0,2,1,1
54,0,0,0,0
5027,1,1,1,1
22285,0,2,0,0
8602,0,2,1,0
23149,1,2,1,1
27760,0,2,0,0
29387,0,2,0,0
324,0,2,1,0
27217,1,0,1,1
25743,0,3,0,0
16272,1,0,0,1
14703,0,2,1,0
1975,1,0,1,1
6682,1,1,1,1
17224,0,2,0,0
28931,1,2,1,1
28948,0,1,0,0
24427,1,1,1,1
21816,0,2,0,0
14340,0,3,0,0
29828,2,2,0,1
25498,1,1,0,0
27038,1,2,1,1
12586,0,2,1,1
17265,0,2,0,0
24654,1,0,1,1
14038,1,1,1,1
3240,0,2,0,0
14076,0,0,0,0
17618,1,2,0,0
12025,0,1,0,1
6218,0,2,0,1
15964,0,1,1,1
5242,1,1,0,1
28143,1,1,0,0
23340,0,1,0,0
21812,1,2,0,1
9222,0,1,0,0
4174,0,2,0,0
4712,0,2,1,0
6344,0,2,0,0
25127,0,2,0,0
16244,0,1,1,1
5107,1,1,1,1
16153,0,2,1,1
11356,0,2,0,0
27361,0,3,1,0
12324,0,1,0,0
15184,0,3,1,1
29345,1,1,0,1
7268,0,3,0,0
1665,0,1,0,0
6330,0,1,1,1
27941,0,2,0,0
16365,1,2,0,0
22488,0,2,1,1
1156,0,1,0,0
20525,0,1,1,1
14608,1,2,0,1
17637,0,1,1,1
1108,0,2,1,1
10414,0,2,0,0
5359,0,1,1,1
25045,0,1,0,0
21417,1,2,1,1
11565,0,0,1,1
4204,0,2,1,1
1099,0,1,1,0
6615,0,3,1,1
8841,0,2,0,0
13680,1,0,1,1
2264,0,3,1,0
22152,0,2,0,0
2120,1,0,1,1
16801,1,1,0,1
13886,0,1,1,1
21652,0,3,0,1
24800,0,1,1,1
23742,1,2,1,1
22662,1,1,0,0
25218,0,2,1,1
5968,0,2,1,1
20854,0,1,0,0
29925,0,1,0,0
8547,1,3,1,1
10880,0,2,1,0
25696,0,0,1,1
22696,1,3,1,1
10762,0,0,1,1
7674,2,1,0,1
28291,1,1,1,1
20085,0,2,0,1
21348,0,2,0,0
6136,0,2,0,0
22592,0,1,0,0
8512,0,2,0,0
18221,1,2,0,1
12896,1,0,1,1
7934,0,2,0,0
6010,0,1,0,0
29900,0,0,0,0
4103,0,1,1,1
23304,1,3,1,1
18656,0,1,0,0
15796,1,2,0,0
5497,0,2,1,0
11231,1,0,1,1
26129,0,3,0,0
2028,0,1,0,0
22956,1,0,0,1
23548,1,2,0,0
8899,1,2,0,1
28894,0,1,0,0
14451,0,1,1,1
2551,0,2,0,0
24056,1,0,1,1
13862,1,2,0,1
18859,1,2,0,0
17730,0,2,1,1
29272,0,2,0,0
16397,2,2,1,1
7700,0,2,1,1
28266,0,2,1,1
17331,0,2,1,0
5500,1,2,1,1
29044,0,2,1,0
16506,0,1,1,1
23140,0,3,0,0
22272,0,0,1,1
1332,0,0,0,0
10642,0,2,0,0
18573,0,1,1,1
13025,1,2,1,1
16745,0,3,0,0
17563,0,2,1,1
19476,0,0,0,0
15089,1,1,0,1
16084,0,1,0,0
10552,1,1,0,1
4018,2,2,1,1
20232,0,2,1,1
15107,0,0,1,0
9839,0,2,1,1
16624,0,2,1,1
15332,0,1,1,1
10106,0,2,0,0
7788,0,1,0,0
14329,0,3,0,0
17196,1,1,1,1
20763,1,2,1,1
12060,1,2,0,0
21644,1,1,1,1
11451,0,2,1,1
12422,1,0,1,1
17189,0,1,0,0
18018,0,1,1,1
29530,1,1,0,0
21378,0,1,1,0
22500,0,1,1,1
25196,0,1,1,1
22878,0,1,1,1
17080,0,1,0,0
15001,0,1,1,1
27464,0,3,0,0
15656,4,2,1,1
14525,0,1,1,1
21002,1,0,1,1
16238,0,1,1,1
4201,0,0,0,0
10626,0,0,1,1
24620,0,2,0,0
8525,0,3,1,1
18511,0,1,0,1
4130,0,1,0,0
29756,0,0,1,1
6741,0,0,0,0
11816,1,3,1,1
20665,1,2,0,1
12885,0,1,1,1
5485,0,0,0,1
23439,1,1,0,1
29659,0,2,1,1
15078,0,1,0,0
24609,0,1,1,0
15449,0,1,0,0
25983,0,0,1,1
22999,1,2,0,0
14735,0,1,1,1
22011,0,1,0,0
17089,0,1,1,1
28905,0,0,0,0
7703,1,0,1,1
20029,0,2,1,1
3623,0,2,1,1
20142,0,2,1,1
19417,0,1,1,1
20644,0,1,0,0
20524,1,1,0,1
19117,0,1,1,0
26899,1,1,0,1
22929,0,2,0,0
10960,0,1,1,0
21864,0,2,0,0
17549,0,1,0,0
5983,0,1,0,0
26813,0,2,1,1
591,0,1,1,0
16627,0,0,0,0
13573,0,2,1,1
20956,0,3,0,0
25543,0,2,1,1
2438,1,1,1,1
2233,1,1,0,0
15894,0,2,0,0
2946,0,1,1,1
11530,1,1,1,1
5597,0,1,1,1
23371,1,1,0,1
15238,0,1,1,1
28880,0,0,1,1
27844,0,1,0,0
16777,1,2,1,1
9509,0,0,0,1
1237,1,0,0,0
2078,0,1,0,0
4750,0,0,1,1
6039,0,2,0,0
26271,0,0,0,0
7116,0,2,0,0
21892,2,2,1,1
21660,0,1,0,0
18180,0,2,1,0
11391,0,1,0,1
22349,1,1,0,1
10886,0,2,1,0
3608,0,0,0,0
8955,0,2,0,0
21118,0,2,1,0
29309,0,3,0,0
20198,0,0,1,1
27720,1,2,0,1
11953,0,2,0,0
21342,1,0,0,1
20511,0,2,1,1
25492,0,2,1,0
21556,0,1,1,1
11943,0,1,1,1
8599,0,0,1,1
29918,0,1,0,0
21603,0,1,1,1
6323,0,3,1,0
24230,1,2,0,1
25759,0,1,1,1
2450,0,3,0,0
16311,0,1,0,1
15956,0,2,0,0
3196,0,2,1,0
1476,1,1,1,1
15342,1,1,0,1
15041,2,3,1,1
28834,1,1,1,1
15019,0,2,0,0
14547,0,1,1,1
23231,0,1,0,0
16169,0,0,1,1
19223,0,2,0,0
24137,0,2,0,0
19815,1,1,1,1
4124,0,1,0,0
17590,0,1,1,1
25569,0,0,1,1
22145,0,1,1,1
10286,0,2,0,0
1260,1,3,0,0
11969,0,1,0,0
427,0,0,1,1
9002,0,2,0,0
7765,0,0,0,0
29887,0,1,0,0
11755,0,1,1,1
17171,0,1,1,1
22827,0,3,0,0
24462,0,1,0,1
25962,0,1,1,1
8731,0,1,0,0
8575,0,1,1,0
9752,0,1,1,1
26067,0,2,0,0
19793,0,0,1,1
17366,0,2,0,0
20581,0,1,1,0
4505,0,0,1,1
21787,1,1,1,1
27949,0,2,1,0
10199,0,2,1,1
8299,0,2,0,1
3102,0,2,0,0
8860,0,1,1,1
29513,0,2,1,1
5737,0,3,0,0
1582,0,1,0,0
26281,1,1,0,0
28911,0,1,1,1
19331,0,1,0,0
6171,1,2,0,0
6482,1,1,0,0
23025,1,2,0,0
20322,0,0,0,0
6366,1,0,0,1
22410,0,2,1,1
8202,0,1,0,0
29206,1,2,1,1
25122,1,3,0,0
7631,1,2,0,0
28278,0,3,0,0
25179,0,1,0,0
11211,0,3,1,0
12461,0,2,0,0
21443,0,1,1,1
14167,0,3,1,0
19633,0,1,0,0
24300,0,2,0,0
2284,1,2,1,1
141,0,2,0,0
13890,1,1,0,1
20974,0,1,0,0
3263,0,1,0,0
9625,0,2,0,0
1767,0,2,1,1
24025,0,1,1,1
24437,1,2,1,1
19486,1,1,0,1
7984,0,1,0,0
22583,0,2,1,1
27551,0,1,0,0
10766,0,2,0,0
8265,0,2,0,0
2436,0,1,1,1
6559,0,2,1,0
8264,0,2,1,0
24687,0,1,1,1
28225,0,0,1,1
18865,0,2,0,0
28048,0,2,0,0
5464,0,1,1,1
389,1,3,0,0
10768,0,1,0,0
22211,1,2,1,1
3805,1,2,0,0
4939,1,2,1,1
1743,0,3,1,0
3360,0,1,0,1
10198,0,1,0,0
20470,0,1,1,1
5255,0,1,1,0
15883,1,0,1,1
2998,0,1,1,0
7627,1,2,0,0
3137,1,2,1,1
27189,0,1,0,0
6393,2,2,1,1
19150,0,2,0,0
4157,0,1,0,0
26265,1,2,1,1
24711,0,1,0,0
10321,0,1,0,0
25837,0,2,0,0
26150,0,0,0,0
26861,1,1,0,1
3220,0,0,1,0
28878,0,3,1,0
296,0,2,1,1
11655,0,1,0,0
23391,0,3,1,1
23710,0,1,1,0
12327,1,1,1,1
29348,0,1,0,0
7104,0,1,1,0
4206,0,1,1,1
22535,0,1,1,1
24131,0,3,0,0
22917,0,3,0,0
20383,0,2,0,0
1667,0,1,1,1
1586,0,1,1,0
1788,0,1,1,1
20916,0,2,1,1
23339,0,1,1,0
19243,0,0,1,1
2286,0,0,0,0
6601,0,1,1,1
7979,0,1,0,1
14515,0,1,1,1
12921,0,1,1,1
26515,0,2,1,1
20734,1,2,0,0
10939,1,1,1,1
22797,0,3,1,0
20096,0,1,1,1
6371,0,2,1,1
11105,0,2,0,0
17635,0,0,0,0
5781,0,2,1,1
24225,0,1,1,1
1399,0,2,1,1
5101,0,3,0,0
26427,0,2,1,1
12260,0,2,1,1
14185,0,2,1,0
25422,0,2,0,0
17259,0,2,0,0
22127,0,3,0,0
11758,1,3,0,0
18002,1,1,0,0
27631,0,1,1,1
8162,1,3,0,1
14516,0,3,0,0
10896,0,2,0,0
17292,0,3,1,0
7879,0,3,0,0
26361,0,2,0,0
16798,1,1,1,1
14425,0,0,0,0
13213,0,2,0,0
22022,0,2,1,0
458,0,1,1,1
1457,0,1,1,1
9423,2,2,1,1
24630,0,1,0,0
21307,0,1,1,1
6071,0,1,0,0
16709,0,1,1,1
24782,0,2,1,1
449,0,0,0,1
13239,0,1,1,1
13010,0,1,1,1
3700,0,0,1,1
29339,0,1,1,1
10451,0,2,0,0
27919,1,0,0,0
18140,0,3,1,0
20910,0,1,1,0
17739,0,2,1,0
5089,0,1,1,0
10422,0,1,1,1
27842,0,1,1,1
19718,0,1,0,0
14503,0,2,1,0
22715,0,3,1,1
20109,1,1,1,1
8269,1,2,0,1
28067,0,0,0,0
21463,1,1,1,1
24395,0,1,1,0
13448,0,1,1,1
12981,0,1,1,1
14861,1,1,1,1
4580,2,1,0,1
25421,1,3,0,1
26873,0,1,0,0
22265,0,3,1,0
2755,0,3,1,1
6002,0,2,0,0
22996,0,1,1,1
12061,0,2,0,0
16491,1,2,1,1
3219,0,1,1,1
13851,0,2,0,0
10137,0,1,1,0
17388,1,1,0,0
25294,0,1,1,1
8824,0,3,1,1
25147,0,1,0,0
17946,0,3,0,0
14127,0,1,1,1
4643,0,2,1,0
22444,0,2,1,1
25349,0,1,1,1
12580,0,2,0,1
2229,0,3,1,0
9286,1,0,0,0
11348,1,2,1,1
18906,0,2,1,0
23500,0,1,0,0
29915,1,1,1,1
20201,0,2,1,1
7915,0,1,1,1
9288,0,1,1,1
28242,1,0,1,1
27442,0,1,1,1
5064,1,1,0,0
22753,0,2,1,1
14069,0,3,1,0
5609,0,1,1,1
11056,0,2,1,0
9577,0,2,0,0
8369,0,1,1,1
8436,0,1,0,0
11714,0,2,1,1
12743,1,1,1,1
5009,0,3,0,0
11647,0,0,0,1
3664,1,1,0,1
19784,0,2,0,1
11639,1,1,0,0
21158,0,2,0,1
20417,1,2,0,1
26640,0,2,0,1
25796,0,2,1,0
26032,1,1,0,0
29414,0,0,1,1
22964,0,2,0,0
13961,0,3,1,1
16097,1,0,0,1
21698,1,0,0,0
9614,1,1,1,1
25273,0,2,1,1
4862,0,0,0,1
20103,0,2,1,0
5525,1,3,1,0
17082,0,0,1,1
17493,0,1,0,0
20292,0,2,1,0
16493,0,0,0,0
24583,1,3,0,0
6809,0,3,1,0
20503,0,1,0,0
16194,0,2,0,0
8404,1,1,1,1
18714,1,2,0,1
13855,0,3,1,0
13553,0,2,0,0
13406,1,1,0,0
989,1,3,0,0
25841,0,3,0,0
7628,0,1,1,1
12855,1,2,0,0
25846,0,0,0,0
9868,0,2,0,0
5170,0,2,1,1
9926,0,2,0,0
2548,0,1,1,1
1989,0,3,1,1
2854,0,1,0,0
6125,0,2,1,0
19160,1,2,0,0
9409,1,0,1,1
2826,0,0,1,1
11258,0,2,1,0
20174,0,2,1,1
5805,0,0,1,1
6400,0,3,1,0
18214,0,1,1,0
14008,0,2,1,1
3243,0,2,1,0
1285,0,3,1,0
29287,0,1,0,0
25587,0,0,0,0
27288,0,1,0,0
29873,1,2,0,0
1887,0,1,1,1
23509,1,3,0,0
24380,0,0,1,1
9294,0,1,1,1
4334,0,1,1,1
2343,0,2,1,0
8613,0,2,1,1
12400,0,2,1,1
27717,1,1,0,0
23874,0,2,1,1
624,0,1,0,1
26212,0,1,1,1
11454,0,3,1,1
493,0,2,1,1
19006,1,3,0,1
29413,0,0,1,1
26059,1,2,1,1
13604,0,1,0,0
26967,1,2,1,1
21055,0,1,0,0
25843,0,2,0,0
15723,0,1,0,0
14713,0,2,0,0
14309,0,2,1,1
18149,0,0,1,0
21295,0,0,1,1
27637,0,1,0,0
22545,0,2,1,1
14613,1,1,1,1
11058,1,3,1,1
23102,0,2,0,0
22193,0,1,0,0
29230,0,1,1,1
6500,0,0,0,0
863,0,1,1,0
15608,0,1,1,1
17026,1,3,1,1
12568,0,2,1,1
17645,0,1,1,1
8643,1,2,0,0
4190,0,1,1,1
19871,0,1,0,0
15438,0,0,0,0
15433,0,2,0,0
26462,0,1,0,0
2741,0,2,0,0
13679,0,2,1,1
28213,0,2,1,1
10138,0,3,1,0
16376,0,2,0,0
27909,1,3,1,1
28474,1,0,1,1
10022,0,2,0,0
3135,1,2,1,1
9942,0,0,1,1
9026,0,2,0,0
15330,0,1,1,1
23443,2,1,1,1
2823,0,2,0,0
3574,0,1,1,1
20286,0,1,1,0
20482,0,2,0,0
20105,0,2,1,0
26376,0,2,1,0
11909,1,3,1,1
23866,0,0,1,0
15027,0,1,1,0
9570,0,1,1,1
399,0,2,1,1
8068,0,1,1,1
29734,0,2,1,0
16771,0,1,1,1
22259,0,2,1,1
16452,1,0,1,1
20636,0,1,1,1
14174,1,0,1,1
21937,0,3,1,0
23495,0,2,1,0
27240,0,2,0,0
23194,1,0,0,1
382,0,1,1,1
15104,0,3,0,0
21996,2,3,1,1
4280,0,3,0,0
27127,0,3,0,0
22382,0,1,1,1
3860,0,1,0,1
8870,0,2,0,0
28767,0,2,1,0
18235,0,1,0,0
25278,0,1,1,0
4822,0,3,0,0
3876,0,0,0,0
22026,0,2,1,1
21563,0,1,0,0
4525,0,2,1,1
14630,1,1,1,1
23446,0,1,0,0
14661,0,1,1,0
15242,0,2,1,0
7033,0,1,1,1
7260,1,0,0,1
1207,0,2,0,0
27237,0,2,0,0
10736,0,2,0,0
12904,0,1,0,0
21441,0,0,1,0
1096,0,2,1,1
15578,2,2,0,1
3771,1,1,0,1
19780,1,1,0,0
918,0,3,1,0
19717,1,2,1,1
8978,1,1,0,0
13537,0,2,0,0
10609,1,2,0,1
25968,0,1,0,1
7231,1,3,0,0
6707,0,3,1,0
7709,0,2,0,0
29221,0,2,1,1
14612,0,0,1,1
17759,0,2,1,0
13358,0,3,0,0
7070,1,2,0,0
12616,1,2,0,0
8903,1,1,1,1
6808,1,2,1,1
7060,1,1,1,1
994,0,0,0,1
20182,0,1,1,1
25472,1,1,0,0
4913,0,1,0,0
13955,0,2,1,1
20911,0,2,0,0
14826,1,3,0,0
9289,0,1,0,0
19025,0,1,0,0
474,0,1,0,0
13339,1,2,0,1
3254,0,1,1,0
14886,0,2,0,0
9102,2,1,1,1
4536,1,2,0,0
10325,1,2,1,1
8556,0,3,0,0
23919,2,1,1,1
7193,0,2,0,0
3224,1,1,1,0
21399,0,2,0,0
1343,0,1,0,0
16497,0,2,1,1
20675,0,1,1,1
29874,0,2,0,0
1951,0,3,0,0
5083,0,1,0,0
7004,1,2,1,1
18500,1,2,0,0
26950,0,2,1,1
24477,0,1,0,0
3085,0,1,1,1
9214,0,1,1,1
17898,0,1,0,0
22691,0,1,0,0
13206,1,2,1,1
10429,0,2,1,1
22266,1,2,1,1
20722,0,1,0,0
28753,0,0,1,1
19192,1,1,0,1
13387,1,2,1,0
4706,2,1,0,1
18830,0,2,1,1
18642,0,0,0,1
13499,0,3,1,0
24030,0,3,1,1
8406,0,1,0,0
21838,0,1,0,0
3728,0,2,0,0
10002,1,2,0,1
1426,0,1,1,1
5577,0,2,0,0
15965,0,1,0,0
738,0,3,1,0
7028,1,0,0,1
19630,1,2,1,1
13999,1,2,1,1
310,0,2,1,0
12986,1,1,1,1
8147,0,1,1,1
3570,0,3,0,0
19952,0,3,1,1
17227,1,0,1,1
5867,0,1,0,0
28430,0,3,1,1
14473,0,1,0,1
16547,1,0,0,0
15712,0,2,0,0
22683,0,2,0,0
28578,0,2,1,0
4918,0,2,1,1
9208,0,1,1,1
15138,0,2,0,0
29281,0,1,1,1
6959,0,2,0,0
23544,0,0,1,1
2274,0,1,1,1
7010,0,1,1,1
566,0,3,0,0
26941,0,1,0,0
17042,0,1,0,0
10460,0,1,1,1
7958,0,2,0,0
17360,0,1,0,0
12024,0,1,1,1
16082,0,3,1,0
4232,1,3,1,1
18343,0,2,1,1
4185,0,2,1,1
1043,1,2,1,1
14246,0,1,1,0
27080,0,2,0,0
2586,0,1,1,0
11545,0,2,0,0
11410,0,1,1,1
20683,1,1,1,1
16863,0,2,0,0
2008,0,0,1,0
15873,0,2,1,1
26106,0,2,1,1
7968,1,1,0,0
14322,0,1,0,0
3292,1,3,0,0
5985,0,1,1,1
361,0,2,0,0
26107,0,1,1,0
7953,0,1,0,0
7704,2,1,0,1
12816,0,0,1,1
29197,0,2,0,0
2935,0,1,0,0
17852,0,1,0,1
26128,1,0,1,1
6503,0,1,0,1
12643,0,3,1,0
12273,0,0,1,1
28246,0,1,1,1
11384,1,0,1,1
20741,0,3,1,0
25033,1,1,1,1
25910,0,2,0,0
7983,0,1,0,0
9954,1,2,0,1
26587,0,0,0,0
1485,0,2,0,0
15999,0,0,1,1
18977,0,1,1,1
13259,0,1,0,0
4748,0,0,0,1
24664,0,3,0,0
16585,0,2,1,0
11662,1,2,0,0
28399,1,2,0,1
25792,0,1,0,0
13137,0,3,0,0
6431,0,0,1,0
9654,0,1,0,0
16264,0,2,1,1
23782,0,2,1,1
23985,1,2,0,0
2331,0,2,0,0
17320,0,3,1,0
24089,0,2,0,0
21335,0,1,1,0
15699,1,2,1,1
26001,0,2,1,1
4938,0,0,0,1
786,0,2,1,1
17537,1,2,0,0
15805,0,1,1,1
2232,0,2,0,0
29410,1,1,0,1
26114,0,0,1,1
321,0,3,0,0
3152,0,2,1,1
3855,1,2,1,1
20921,0,1,0,0
8957,0,1,0,0
25509,0,2,0,0
6174,0,3,0,0
11984,0,1,1,0
24439,0,1,0,0
381,0,1,1,0
14400,0,2,1,1
17448,0,2,1,0
18855,0,1,1,0
15155,1,0,0,1
21573,0,1,0,0
4144,1,1,1,1
3048,0,3,0,0
6505,1,3,0,0
24235,1,2,0,1
27351,0,3,1,0
3118,0,1,1,1
2737,0,2,0,0
4547,0,0,1,1
25158,1,2,0,1
27111,0,2,0,0
19244,0,2,0,0
22520,0,2,1,1
20327,0,1,1,1
11933,0,1,1,1
7800,1,1,1,1
21491,0,3,1,1
19450,1,2,1,1
21936,0,2,1,0
14356,1,2,0,0
23054,0,1,0,0
5069,1,1,1,1
26318,0,1,0,0
17583,0,3,1,1
16061,0,3,0,0
22288,0,3,1,1
19834,0,1,1,1
29914,0,0,1,1
11079,1,1,1,1
5585,0,2,0,0
16603,1,3,1,1
11823,0,2,1,1
21203,0,2,1,1
8891,0,1,1,0
19240,0,0,0,0
19954,0,1,1,1
89,1,1,1,1
7762,0,2,0,0
16229,0,1,0,0
3034,0,2,0,0
15672,2,2,1,1
1798,0,2,1,1
20965,1,2,1,1
21046,0,0,1,1
23012,0,1,1,1
12516,0,2,1,0
9199,0,2,1,0
19118,1,2,1,1
19761,1,2,0,0
21398,0,1,1,1
9062,0,3,0,0
23449,0,2,1,1
8121,0,2,0,0
18364,0,1,0,0
8190,0,0,0,1
6173,0,3,0,1
29935,0,2,0,0
11825,0,2,0,0
24198,0,2,0,0
27858,0,3,1,1
13378,0,2,0,0
6724,1,2,1,1
11057,1,1,1,1
29823,0,2,0,0
4289,1,2,0,1
7918,0,3,0,0
256,0,1,0,1
13987,2,3,1,1
26831,0,2,0,0
2536,0,1,0,0
18197,0,1,1,1
17371,0,2,0,1
15269,0,2,1,1
17927,0,0,0,0
17204,0,2,1,0
21255,1,2,1,1
22181,0,3,0,0
7339,0,1,0,0
25302,0,0,0,1
17266,1,2,0,0
27409,0,1,1,0
15518,0,1,0,0
12344,0,2,1,1
13684,0,3,1,0
14253,1,2,1,1
12237,0,1,1,0
18397,1,2,1,1
1271,0,3,0,0
28993,1,1,0,1
8344,0,3,0,0
7296,0,1,0,0
29159,1,2,1,1
13085,0,2,0,0
18105,1,0,1,1
4526,0,2,1,1
2085,0,1,0,0
3376,1,3,1,1
20441,0,1,1,1
18157,1,1,1,1
612,0,1,1,1
24789,0,2,1,1
24529,1,1,1,1
7380,0,1,1,0
29175,0,1,1,1
8330,0,2,1,1
1127,1,2,1,1
6523,0,2,1,1
29819,0,1,0,0
13656,0,0,1,0
26256,2,2,1,1
18142,1,2,1,1
25877,0,1,0,0
19986,0,3,1,0
12245,0,2,0,0
14020,0,0,1,1
9270,0,2,1,1
13133,0,1,1,1
9058,0,0,1,1
12118,0,0,0,1
12919,0,3,0,0
10892,0,1,0,1
5248,0,3,1,0
23671,0,1,1,1
19872,0,1,0,0
10315,0,0,0,0
4496,0,0,0,1
13053,0,0,0,0
10435,0,1,1,1
4767,0,2,0,0
21887,0,2,1,0
22556,0,2,1,1
10300,0,1,1,1
12752,0,3,0,0
14875,0,3,1,0
20223,1,2,0,0
12982,1,2,0,1
28524,1,1,1,1
9490,0,1,0,0
21785,1,0,1,1
26345,0,0,1,1
4946,0,1,1,0
11793,0,1,0,0
27345,0,2,1,1
25976,0,1,0,1
11220,0,2,0,1
17611,0,2,1,1
26790,0,2,1,0
22829,0,2,0,1
7978,0,2,1,0
15540,0,1,1,0
27796,0,3,0,0
285,1,1,1,1
27315,0,1,1,0
24266,0,1,0,1
18374,0,1,0,0
7039,0,1,0,0
8863,0,2,1,0
26501,0,2,1,0
3473,0,1,0,1
22866,0,2,0,0
2668,1,2,0,1
15623,0,2,0,0
21428,1,2,0,0
9893,1,0,0,1
9357,0,2,1,0
10506,0,2,0,0
22913,0,2,1,1
16725,1,2,0,0
15856,0,1,0,0
27994,0,1,0,0
19721,0,1,0,0
20369,1,0,0,1
13628,0,2,0,0
7956,0,1,0,0
5857,0,0,1,1
14070,0,1,1,1
12880,0,2,1,1
1489,0,1,1,1
6379,0,2,0,0
4416,0,2,1,1
20835,0,1,0,0
25330,0,2,0,0
9815,0,2,1,1
17088,0,2,0,0
13498,1,1,1,1
661,0,2,0,0
9536,0,1,0,0
8603,0,1,0,0
26689,0,1,0,0
21353,0,1,0,1
28429,0,3,0,0
6312,0,1,0,0
3031,0,1,0,0
17616,0,2,0,0
5914,2,3,1,1
6403,0,1,0,0
24719,0,3,0,0
8461,0,1,1,1
11237,0,2,1,0
8260,0,0,1,1
4780,0,1,1,1
211,0,2,0,1
13228,0,2,1,0
8533,0,1,1,1
4060,0,1,0,0
9306,0,1,0,1
24607,0,0,0,0
6140,0,1,1,0
17126,1,2,0,1
6386,1,1,1,1
7376,0,2,0,0
632,1,1,1,0
23806,0,1,1,1
9811,0,1,0,0
26838,0,1,1,1
11626,2,2,1,1
4062,1,2,0,0
10264,0,0,1,1
19002,0,1,1,1
14819,1,0,0,1
8598,0,2,0,0
6789,0,1,0,0
4212,0,2,0,0
21590,1,0,0,1
26638,0,0,0,0
2801,0,1,0,0
11112,0,1,1,1
14585,0,1,1,1
4873,0,2,0,0
4599,0,2,0,0
13643,0,1,1,1
2749,0,1,0,0
26949,0,1,0,0
7120,0,3,1,0
20432,0,3,1,0
29093,0,0,0,0
696,0,3,0,0
11224,0,2,0,0
20291,0,0,0,0
2129,0,1,0,0
26443,0,3,0,0
11824,0,1,0,1
29639,2,2,0,1
21956,0,2,0,0
8066,0,1,1,1
25589,0,1,1,1
27538,1,1,1,1
8773,1,1,1,1
21081,0,3,0,0
6139,1,2,0,0
12340,0,0,0,0
18658,0,1,0,0
19515,1,2,1,1
16087,0,3,1,1
7430,0,2,1,0
1437,0,2,1,1
864,0,1,1,1
19365,0,2,1,1
8134,0,2,1,1
7594,0,3,0,0
2235,0,1,0,0
29192,0,2,0,0
15943,0,3,0,0
6660,0,0,0,0
2254,0,2,1,0
8859,0,1,0,0
21249,0,2,0,0
15981,0,1,0,0
316,0,1,0,0
26827,1,1,1,1
16159,0,1,1,1
4471,0,1,0,0
6960,0,2,1,0
10191,0,0,0,0
17682,1,2,1,1
21617,0,0,1,1
19187,0,1,1,1
26268,0,1,0,0
354,0,1,0,0
27269,0,2,1,1
4921,0,2,0,0
20690,0,2,0,0
1420,1,1,1,1
7911,0,2,0,0
29083,0,1,0,0
18727,0,3,0,0
18745,0,1,1,1
20467,0,2,1,1
19963,1,2,1,1
6614,0,1,0,0
19408,0,2,1,1
26544,0,1,0,1
195,0,2,0,0
21997,1,2,0,1
27510,0,0,1,0
28796,1,2,0,0
22884,1,1,0,1
6531,0,2,1,1
9229,1,2,1,1
29469,0,1,0,0
3869,1,2,0,0
13843,0,0,0,0
25507,0,2,0,0
14524,0,3,0,0
10581,1,2,1,1
12945,0,2,1,1
11860,0,0,1,1
21534,0,1,0,0
26972,0,2,1,1
37,0,1,0,0
27376,0,1,0,0
7836,0,3,1,1
28064,0,1,1,1
19432,0,1,0,0
27693,0,0,1,0
3811,1,1,1,1
28113,0,3,1,1
17452,0,1,0,0
28267,0,3,0,0
12409,0,1,0,0
22192,0,0,0,0
2784,0,3,0,0
4863,0,0,0,1
14391,0,2,1,1
11549,0,0,1,1
7093,1,1,1,1
23698,0,1,1,1
26531,0,2,1,0
18131,1,2,1,1
13386,1,3,1,1
11553,0,3,0,0
17143,1,2,0,0
16330,0,2,0,0
1658,0,2,0,1
22977,1,1,0,1
28050,0,2,0,0
2753,0,1,1,1
11562,0,1,0,0
2220,0,2,0,0
10807,0,0,0,1
15417,1,0,1,1
23096,0,1,1,1
5782,0,2,1,1
4287,0,0,1,1
5984,1,1,1,1
14328,0,1,1,0
24045,1,3,1,0
7856,0,1,1,0
17987,0,3,0,0
29544,0,1,0,0
23997,0,2,1,1
28810,0,2,0,0
8689,0,0,0,0
27528,0,1,0,0
26215,0,2,0,0
20136,0,2,0,0
25041,0,1,0,0
6604,0,1,0,0
28245,0,2,1,1
12464,0,2,0,0
15682,0,3,0,0
8422,0,3,1,0
27397,0,3,0,0
18341,0,2,0,0
7721,0,2,1,1
24329,0,1,0,0
12694,0,1,1,1
26400,0,2,1,0
25350,0,2,0,0
762,1,3,1,0
14789,0,1,0,1
24428,0,1,0,0
23870,2,1,1,1
3686,0,1,1,0
29134,0,2,1,0
13367,0,2,0,0
17918,0,2,1,1
22467,0,2,1,1
13004,1,2,1,1
16197,0,1,0,0
677,0,1,1,0
6655,0,1,0,0
1703,1,1,1,1
18819,0,2,1,0
2318,0,1,0,0
8871,0,2,0,0
28095,0,2,0,0
8865,0,2,0,1
14380,0,2,1,1
25362,0,1,0,1
14879,0,2,0,0
13364,0,0,1,0
29868,0,2,0,0
23305,1,1,1,1
15568,0,1,0,1
29095,0,0,0,0
10549,0,1,1,1
14627,1,2,1,1
18552,1,1,0,0
14921,0,1,1,1
22873,1,2,1,1
18218,0,0,0,1
12939,0,2,1,0
8176,0,2,1,0
4819,0,2,0,0
10520,0,3,0,0
21271,0,1,0,0
9829,0,0,0,0
18452,0,1,1,1
28144,2,1,1,1
99,1,1,0,0
8802,0,1,1,1
15055,2,2,1,1
7227,0,0,0,0
11464,0,2,1,0
2835,0,1,0,0
216,0,2,0,0
5565,0,0,1,0
675,0,1,1,1
15176,0,2,0,0
17775,0,0,0,0
14645,1,1,0,1
23610,0,2,0,0
16622,0,2,0,0
9246,0,3,0,0
26614,0,1,1,0
25061,0,1,0,0
1678,0,0,1,1
24626,0,0,1,1
513,0,3,0,0
18241,0,1,0,0
7024,0,1,0,0
13758,0,2,0,1
27633,0,3,1,1
364,0,2,0,0
21009,0,3,1,1
25173,0,3,0,0
9008,1,1,0,1
584,0,1,1,1
20259,0,1,0,0
16080,1,2,0,1
14730,0,1,1,1
18676,0,1,1,1
26807,0,0,1,1
1905,0,3,0,0
19036,0,0,0,0
25146,1,1,1,1
2518,0,1,1,0
4058,0,1,0,0
12637,0,0,1,1
18671,1,1,1,1
14383,0,2,1,1
17660,2,0,1,1
8178,0,1,1,1
28419,0,2,1,1
27450,0,2,1,1
22823,1,2,0,1
7644,3,2,1,1
16929,0,2,1,1
3654,1,2,1,1
26772,1,3,1,1
2974,0,2,1,1
5671,0,2,0,0
29600,0,1,1,1
21560,0,2,0,0
17411,0,3,0,0
2775,2,2,1,1
26820,0,0,1,1
25165,0,3,1,1
15261,0,0,1,1
21407,0,1,1,1
13073,0,1,0,0
17182,0,1,1,1
6357,0,1,1,1
8543,0,1,0,0
28650,1,1,1,1
17924,0,2,0,0
6015,0,1,1,1
21451,1,2,1,1
11519,0,1,1,1
6568,1,2,0,0
25998,0,3,1,1
1117,0,2,0,0
7249,1,2,0,1
7599,0,1,0,1
24303,1,1,0,1
6867,0,2,1,1
8501,0,0,1,1
4414,1,2,1,1
22711,0,3,1,1
28798,1,2,0,0
21433,0,1,1,1
21120,1,1,0,0
20411,0,2,1,1
11385,0,3,1,1
1164,0,1,1,1
2209,0,2,0,0
16463,0,3,1,0
2782,2,2,0,1
1375,2,2,1,1
20562,0,1,1,0
16753,0,1,1,1
10067,1,2,1,1
9128,1,0,0,0
27939,1,3,1,1
21179,0,1,1,1
12440,0,3,0,0
17251,0,1,0,0
6941,1,2,0,0
24570,0,2,1,0
5574,0,3,0,0
2544,0,2,0,0
1383,1,1,0,1
2151,0,3,1,0
24452,0,1,0,0
15415,0,1,0,0
11524,0,3,0,0
17391,0,1,0,0
3209,0,2,0,0
15392,0,1,0,1
6398,0,0,1,1
3462,0,1,1,1
13912,0,1,0,0
10287,0,1,1,1
6928,1,2,1,1
17925,1,2,0,0
13786,0,1,1,0
7153,0,2,1,1
1235,2,2,0,1
5205,0,1,0,0
1203,1,2,0,0
12266,0,3,0,0
26178,1,1,1,1
15913,0,1,1,1
17490,0,3,0,0
7940,1,2,1,1
5462,0,1,0,0
21102,0,2,1,0
7901,0,3,1,1
29851,1,2,1,1
14976,1,2,1,1
12590,0,1,0,1
20531,0,1,1,1
28038,0,0,0,0
2565,0,3,0,1
18243,0,3,1,0
5892,0,3,1,1
14169,0,2,1,1
27143,0,1,1,1
20165,1,1,1,1
26024,0,1,1,1
13835,0,2,0,0
11343,1,1,1,1
12012,0,1,0,0
9322,0,1,1,1
20682,0,2,1,0
22238,0,1,1,0
491,1,2,0,0
15320,0,2,1,0
15789,1,0,1,1
16141,0,2,1,1
5437,0,1,0,0
14,0,1,1,0
9037,1,1,0,0
28322,0,2,0,0
25576,0,2,0,0
15044,0,1,0,0
14836,1,1,1,1
27254,0,1,0,0
19557,1,2,0,0
1463,0,0,0,1
28045,0,1,0,0
25703,0,1,1,0
21053,0,2,1,1
4934,0,3,0,0
16030,0,1,1,1
26029,0,2,1,0
9889,0,2,1,1
21882,1,3,1,1
21256,0,1,0,0
26405,1,2,1,1
18582,1,2,0,1
10730,1,1,0,1
10659,0,1,1,1
22979,0,2,1,1
926,0,2,0,0
6260,0,0,0,1
4579,0,2,1,0
11142,1,2,0,1
28310,0,0,0,0
2075,0,1,0,0
3129,0,1,0,0
18449,0,0,0,0
10933,0,2,0,0
29766,0,3,1,1
1845,0,2,0,0
9873,0,2,0,0
3105,0,1,0,0
10932,0,1,1,0
4718,0,2,1,1
7809,0,2,1,0
4268,1,2,1,1
17670,0,0,0,1
6942,0,0,0,0
8058,0,2,0,0
1258,0,2,0,0
13567,0,2,0,0
10332,1,1,1,1
22258,1,2,1,1
14715,0,2,0,0
16162,1,2,1,1
25431,2,0,1,1
26457,1,1,0,1
5288,0,0,1,1
18126,0,3,1,0
14256,0,1,1,1
5168,0,1,1,1
12152,1,1,1,1
14397,0,2,0,0
16456,0,2,0,0
27446,0,2,1,1
12599,0,1,1,1
26904,1,0,0,1
15939,0,1,1,1
2276,0,2,0,0
12055,0,2,0,0
25314,0,1,1,1
22262,1,1,0,0
1282,0,1,1,1
20578,0,3,0,0
11154,1,2,1,1
7919,0,2,1,1
17985,0,1,1,1
22741,1,0,0,1
529,0,1,0,0
8889,1,3,1,1
13590,1,2,1,1
12003,0,1,0,0
6780,0,1,1,0
8365,0,0,0,1
11020,0,0,0,0
6478,0,2,0,0
29995,0,1,0,0
16394,0,2,0,0
29422,0,1,1,0
2,0,3,0,0
12658,1,0,0,1
17415,0,1,0,0
26230,2,0,0,1
24659,1,2,0,1
20266,0,0,1,1
19768,0,1,1,1
21823,0,0,0,1
6296,0,1,0,0
24788,0,1,1,1
18406,0,1,0,0
16214,0,2,0,0
5419,0,2,0,0
19814,1,3,0,1
967,0,2,1,0
3067,0,0,0,0
13903,0,3,1,1
22854,0,1,1,1
25989,0,3,0,0
15133,0,1,1,1
7933,1,0,1,1
13673,0,3,1,1
22734,0,1,0,0
23405,0,0,1,1
25574,2,1,1,1
24769,0,2,0,0
935,1,2,0,1
26193,1,1,1,1
21852,1,2,0,1
19200,1,3,1,1
25547,0,2,1,1
26732,0,2,1,1
5327,0,1,1,1
14493,0,0,0,0
25438,0,1,1,1
12304,0,1,0,0
22657,0,3,0,0
2040,0,2,1,1
24135,0,2,0,0
14551,0,1,1,1
2166,1,1,0,1
25419,1,1,1,1
10293,0,2,0,0
6281,0,0,0,0
2051,0,0,1,1
9375,0,2,1,0
29618,0,1,1,1
8680,1,2,0,1
21712,1,1,0,0
2793,0,3,1,1
14281,2,1,0,1
29593,0,1,0,0
11101,0,1,1,0
14109,0,1,0,0
15756,0,3,1,1
1144,0,0,1,1
620,0,2,1,1
22801,0,2,1,1
28141,0,1,0,0
15385,0,2,1,1
846,1,1,0,0
18486,0,3,1,0
29000,1,2,1,0
26697,0,1,1,1
28639,0,1,0,0
2505,0,0,1,1
16250,1,2,0,0
320,0,3,0,0
26598,0,1,1,1
19501,0,3,1,0
13740,0,0,1,0
4707,0,2,1,1
854,0,3,1,1
1055,0,2,1,1
11375,0,2,1,0
22399,1,1,1,1
27378,1,2,1,1
5637,0,3,0,0
29355,0,1,0,0
22786,0,1,1,1
22218,1,2,0,0
7887,0,1,1,1
18268,0,2,0,0
18504,0,0,1,1
3352,1,2,0,1
13184,0,1,0,0
4521,0,0,1,1
17528,0,1,0,0
28339,0,1,1,1
1075,0,0,0,0
14494,1,2,0,1
28502,0,3,0,0
12955,0,1,1,1
392,0,3,1,1
22497,0,1,0,0
21836,0,0,1,1
2486,0,1,0,1
20010,0,2,1,1
16286,0,0,1,1
23522,0,1,0,0
18649,0,1,1,1
25688,0,1,0,0
20355,1,1,0,1
7225,0,1,0,1
23787,0,0,1,1
26065,1,3,1,1
25577,0,3,0,0
15585,0,2,0,0
26749,0,2,1,1
2842,0,1,1,0
15787,0,0,1,1
29148,0,1,0,0
8464,1,0,1,1
10850,1,1,1,1
11977,1,1,1,1
8749,0,1,1,1
20224,1,2,1,1
347,0,2,0,0
121,0,2,0,0
14584,1,1,1,1
22220,0,1,1,1
21613,1,1,1,1
20313,1,2,1,1
13237,0,3,1,1
24021,0,2,1,0
5690,0,3,1,0
13962,0,2,1,1
14276,1,1,1,1
2882,0,0,0,1
26153,0,1,1,0
217,0,1,1,1
27398,0,2,0,0
27147,0,2,1,1
27066,0,2,1,0
16897,1,1,0,0
21665,0,2,0,0
27811,0,0,1,1
26646,0,3,0,0
9977,1,2,0,0
16593,1,3,1,1
26572,0,3,0,0
19490,0,1,0,0
24867,0,2,0,1
26086,1,2,1,1
17830,1,3,1,1
17217,0,1,0,0
11087,0,1,0,1
4329,1,1,1,1
20651,0,3,1,1
12373,0,1,1,1
2554,0,2,0,0
16503,0,3,1,0
16803,0,3,1,0
6040,0,0,0,0
4619,0,3,1,0
27171,1,1,0,0
4084,0,3,1,1
29035,0,2,0,0
23365,0,3,0,0
18159,0,1,0,0
27122,0,2,0,1
27301,0,2,1,1
14483,0,1,1,1
9250,0,2,0,0
861,1,0,0,1
21410,0,3,1,0
4576,1,1,1,1
5368,0,0,1,1
18767,0,2,1,0
29351,0,2,0,0
20570,0,2,0,0
3813,0,3,1,0
22916,0,0,1,1
4005,0,2,1,1
3977,1,1,1,1
16338,0,1,1,1
21695,0,1,1,1
16901,0,2,0,0
29,1,2,1,1
3386,1,1,0,0
419,0,2,0,0
29208,0,1,0,0
24960,0,1,1,1
19332,0,1,0,0
4241,0,3,0,0
24479,0,1,1,1
16796,1,2,1,1
10815,0,2,0,0
23179,0,1,1,1
6235,0,2,1,1
8268,0,2,0,0
25469,0,2,0,0
29626,1,2,1,1
20747,0,0,0,0
25715,1,0,0,1
12155,0,2,1,1
27317,0,1,1,1
14064,1,1,0,1
3043,0,0,0,1
16759,0,3,1,1
14007,2,1,0,1
2296,0,2,0,0
10935,0,2,1,1
4000,1,2,0,0
25769,0,2,1,1
485,0,1,0,1
25882,0,1,1,1
13058,0,3,1,0
21228,1,1,0,1
9967,1,1,0,1
931,0,1,0,0
17586,0,3,0,0
22564,0,1,0,0
28651,0,1,0,1
10419,0,3,1,0
27086,0,3,0,0
22064,1,2,1,1
28703,1,2,1,1
27864,0,2,0,0
5752,0,1,1,0
27106,0,3,0,0
14221,1,2,0,0
6534,1,2,1,1
2660,0,1,0,0
3320,2,0,1,1
20028,0,2,1,0
2591,0,3,1,1
15429,1,0,1,1
3762,0,3,0,0
23684,0,1,0,0
21891,0,1,1,0
6672,0,3,0,0
24605,0,1,0,0
7833,0,1,1,1
26956,1,2,1,1
25833,1,2,1,1
16587,0,3,1,1
242,1,1,1,1
26189,0,0,0,0
24598,0,2,1,1
16072,1,1,0,1
1062,0,3,1,1
24821,0,0,1,1
1772,0,1,1,1
23600,0,0,0,1
25672,0,1,1,1
3158,0,2,0,0
9843,0,0,0,0
5589,0,0,1,1
23802,0,1,1,0
26527,0,0,1,0
21796,0,2,1,1
8905,1,3,0,0
21973,1,2,1,1
29113,0,2,1,1
24704,0,0,1,1
16127,0,1,1,0
7220,2,3,0,1
7423,1,2,1,1
4742,0,1,1,1
22424,0,1,1,1
14159,1,1,0,1
12396,0,2,1,1
29448,0,3,0,0
15760,0,1,0,0
22445,1,3,1,1
9030,0,3,0,0
15017,0,1,0,1
25920,0,2,0,0
24872,0,2,1,1
4874,0,2,0,0
808,1,1,0,0
19111,0,1,0,0
15866,0,0,1,1
24963,0,2,0,0
3009,0,3,0,0
19030,0,0,0,0
17827,0,1,1,1
6917,0,1,1,1
1134,0,1,0,0
18617,1,1,1,1
7607,0,0,1,1
1446,0,1,1,0
10268,0,2,1,0
9925,0,2,1,1
1034,0,1,0,0
3847,0,2,0,0
29606,0,0,1,1
3891,0,3,0,0
23840,0,0,1,1
16429,0,2,0,0
10347,0,2,0,0
22154,0,1,0,0
5023,0,1,1,1
16963,0,1,1,1
25106,1,2,0,0
20918,0,1,1,1
12835,0,1,1,1
7014,0,2,1,1
13833,0,1,0,0
10614,2,3,0,1
19355,0,0,1,1
6212,0,3,1,0
28152,0,1,1,1
3398,1,2,0,1
4665,0,0,1,1
10165,0,0,1,1
29663,0,1,0,0
25540,0,3,0,0
16160,0,2,0,0
19660,0,2,0,0
25657,0,2,1,0
29296,0,2,0,0
26407,0,2,1,0
20076,0,2,0,0
20874,0,1,0,1
21113,1,0,1,1
3679,0,1,1,1
5383,0,1,0,0
13205,1,2,0,1
16747,0,0,1,1
18283,0,0,1,1
16006,1,3,1,1
16900,0,2,0,0
1226,0,2,1,1
9939,0,1,1,1
143,0,1,0,0
4754,1,1,1,1
17372,0,2,1,1
15730,0,3,0,0
560,0,2,0,0
26869,0,1,1,1
16761,0,2,1,0
20352,0,2,1,0
6271,0,2,0,0
23029,0,1,0,0
22796,1,0,1,1
478,1,1,0,1
18613,0,0,1,1
240,0,2,1,1
13202,0,2,0,0
5522,0,3,0,0
16972,1,2,1,1
18510,0,2,1,1
16046,0,2,1,0
24823,1,2,1,1
22165,0,0,1,0
3726,0,1,1,1
531,1,1,1,1
27459,0,2,1,1
14695,0,1,0,0
418,0,2,0,0
928,1,2,0,0
19778,0,1,1,1
20931,0,2,0,0
6654,1,2,0,0
9747,1,0,1,1
746,0,3,0,0
26199,0,2,0,0
21207,1,3,1,1
13196,1,3,1,1
3641,0,1,1,1
16830,0,2,0,0
7701,0,2,1,1
14143,1,0,0,1
11768,0,1,0,1
26578,0,2,1,1
14726,0,2,1,1
15935,1,2,1,1
8496,1,2,1,1
24314,0,0,0,1
24998,0,0,1,0
1279,0,2,1,0
1449,0,2,1,1
1705,0,1,0,1
26297,0,1,1,1
28151,0,1,0,0
5750,0,1,0,0
3748,1,0,1,1
9611,0,1,1,0
18849,0,2,0,0
9473,0,2,0,0
24971,0,3,0,1
28017,0,3,1,1
29481,0,2,0,0
22822,0,1,1,1
6168,0,3,0,0
25342,0,1,1,1
5031,0,2,0,0
28274,0,0,0,0
7363,0,1,1,1
17444,0,3,1,1
11838,0,1,0,0
7741,0,3,1,1
24876,0,1,0,1
20680,0,2,1,1
10778,0,2,1,0
2682,0,2,0,0
2922,0,2,1,1
10028,1,2,0,1
16140,1,2,1,1
13365,1,0,1,1
29403,0,0,0,0
2615,1,3,1,1
27541,0,3,0,0
8682,0,3,0,0
5309,0,0,0,0
28071,0,2,1,1
7323,0,1,0,0
26047,0,1,0,0
11123,1,2,0,0
28608,0,1,1,1
761,0,2,1,1
16448,0,2,0,0
7482,0,2,1,1
20760,1,1,0,1
12897,0,2,1,0
9349,0,1,1,1
1433,0,0,0,1
136,1,2,0,1
527,0,0,0,1
22032,1,2,0,1
26148,0,2,0,0
13521,0,2,1,0
7063,1,1,0,1
2845,0,1,0,0
25804,0,2,1,1
10145,0,1,1,0
1302,0,1,1,1
26038,0,0,1,1
21003,0,2,1,0
1633,0,2,0,0
29472,0,2,0,1
15770,0,2,0,0
22776,0,2,1,1
24646,0,2,0,0
11194,0,0,1,1
29718,0,0,1,0
198,0,2,0,1
26970,0,3,0,0
525,0,1,0,1
4551,0,1,1,1
9005,0,2,0,0
1149,0,3,0,0
17269,0,0,1,1
23862,0,1,1,1
9609,1,2,0,1
28672,0,2,1,1
19175,0,1,1,1
13020,0,1,1,1
26354,0,2,0,0
10279,0,1,0,0
21607,0,1,1,1
22659,1,3,1,1
9936,0,2,1,0
20765,0,1,0,0
4716,0,2,1,1
15365,1,1,1,1
24512,0,3,0,0
27089,0,1,0,0
5998,0,2,0,0
5420,0,1,1,1
18873,1,0,0,1
17806,1,1,1,1
29096,0,3,0,0
288,0,0,1,1
5747,0,2,0,0
120,0,2,1,1
16581,1,3,1,1
20919,1,2,0,1
10224,0,3,0,0
24072,2,1,1,1
17951,0,1,0,0
2857,0,1,0,0
27786,0,0,0,1
20860,1,2,0,1
7679,0,3,1,0
16440,0,3,0,0
26360,0,1,0,0
11369,1,1,0,0
10203,0,0,1,1
7436,0,2,1,1
5700,1,1,1,1
18935,0,3,0,0
21857,0,2,0,0
28717,1,2,0,0
27897,0,0,1,1
16882,1,2,1,1
17380,1,2,0,0
5616,2,1,0,1
5227,1,3,1,1
21500,1,0,0,1
17825,1,2,0,0
429,0,2,0,0
14201,0,2,1,1
5788,1,3,0,0
5216,0,0,1,1
20007,0,2,0,0
1719,1,3,1,1
22538,0,1,0,0
22480,0,3,1,1
25680,0,3,1,1
27653,0,2,1,1
16202,0,2,1,0
22630,0,1,1,0
19208,1,2,0,1
20065,0,3,0,0
17953,1,3,0,0
25199,1,3,0,1
8853,0,1,0,0
7874,1,2,1,1
23044,0,1,0,0
27249,0,2,1,0
6391,1,1,1,1
1415,0,1,1,1
13189,0,3,0,0
12767,1,2,1,1
23547,0,3,0,0
25174,0,1,1,1
2762,0,0,1,1
4960,0,2,1,1
27370,0,3,1,1
17553,0,1,0,0
443,0,1,0,0
15719,0,2,0,0
22754,0,2,1,0
5019,1,3,1,1
6631,0,2,0,0
27918,0,3,1,0
23356,0,0,0,0
17772,0,2,0,0
5809,0,0,1,1
23969,0,0,1,1
14284,1,2,0,1
17468,0,2,0,0
9359,0,0,0,0
18096,1,2,1,1
8919,1,2,0,0
17573,0,0,1,1
20834,0,1,1,0
26957,0,1,1,1
17901,0,0,1,1
12740,1,1,0,0
9561,0,1,1,1
7002,0,0,1,1
17210,0,2,1,1
6420,0,0,0,0
19925,1,2,0,1
23598,0,1,0,0
27487,0,1,1,1
29327,0,2,0,0
14578,1,1,0,1
27179,0,1,0,1
18948,0,2,1,1
27420,0,3,0,0
15833,0,2,0,0
8006,1,2,0,1
29692,0,1,0,0
8044,1,1,1,1
14091,0,1,1,1
6890,0,2,1,0
28619,1,2,0,0
28415,0,1,0,0
1044,0,1,0,0
21810,0,1,0,0
18814,0,0,1,1
27634,0,1,1,1
11559,0,1,0,0
343,0,1,1,1
14562,1,1,0,0
5888,0,3,1,1
4189,0,1,1,1
910,0,2,0,0
19533,1,0,0,1
3569,0,0,1,1
1804,0,0,1,1
12763,0,1,0,0
2465,0,1,0,1
22037,0,1,0,0
6461,1,2,1,1
2330,1,2,0,1
18446,0,1,1,0
550,1,2,1,1
20869,0,1,1,0
24164,0,3,0,0
8551,0,2,0,0
11587,0,2,1,0
2094,0,1,1,1
15841,0,0,0,0
27356,0,1,1,0
14299,0,3,0,0
12895,1,2,0,0
29318,1,0,1,1
2488,0,1,1,1
7686,1,1,1,1
23526,0,0,0,0
29179,2,2,0,1
1281,1,3,1,1
17118,0,0,0,0
6298,2,2,1,1
833,0,1,0,1
15858,1,3,1,1
19304,0,1,0,0
12600,0,1,0,0
28868,0,1,1,0
15859,0,2,1,1
17869,0,1,0,1
5749,0,1,1,0
13543,1,1,1,1
9390,0,1,1,1
9931,0,2,1,1
17271,1,2,1,1
24861,0,2,1,1
14813,1,1,0,1
20159,0,2,0,0
16211,0,1,0,0
15625,0,2,1,1
23086,0,3,1,0
7132,0,1,1,1
6208,0,1,1,1
10071,0,2,0,0
21365,1,2,0,1
5694,2,0,0,1
23889,0,0,1,0
3471,0,2,0,0
22595,1,2,1,1
4500,3,1,0,1
3330,1,2,1,1
11381,0,0,0,0
3229,1,1,1,1
10623,0,1,1,1
6381,0,1,0,0
29376,0,2,1,0
5861,0,1,0,0
16053,0,3,1,0
20814,1,1,1,1
12165,0,0,0,0
22354,1,3,1,1
16734,0,3,1,0
23879,0,1,0,0
4483,0,2,0,0
7232,1,1,0,0
4092,0,2,1,1
26098,1,1,1,1
18685,0,2,1,0
27164,0,0,1,1
14565,0,0,0,0
23515,0,2,1,0
17766,1,1,0,0
29394,0,2,1,1
22650,0,2,0,0
27683,0,1,1,1
1840,0,1,0,1
15764,2,1,0,1
17399,0,1,0,0
27515,0,1,0,0
7787,1,1,1,1
2872,0,2,0,0
20186,0,3,1,1
17424,1,3,1,1
12268,1,1,0,1
22547,0,0,1,1
4727,0,1,1,1
28309,0,2,0,0
1031,0,2,1,1
27661,0,2,1,0
16124,0,0,1,1
13088,0,1,0,0
28976,0,2,1,1
2429,0,2,0,0
3358,0,0,1,1
23112,1,2,1,1
3121,0,2,1,1
6675,0,2,1,0
26476,1,2,0,0
19655,0,2,1,1
5470,0,2,0,0
9816,0,1,0,0
3063,0,2,1,1
26622,0,3,0,0
5921,2,1,1,1
23830,0,2,1,1
20429,0,1,1,1
27898,0,1,0,0
2930,0,1,0,0
25121,1,1,0,1
24846,1,2,0,1
2600,0,1,0,0
19564,0,2,0,0
1480,0,2,0,0
17418,0,0,0,1
15488,0,2,1,0
11111,0,0,1,1
28882,2,3,1,1
5524,1,2,0,0
765,0,2,1,1
28837,0,2,1,0
17591,0,2,0,0
12280,0,3,0,0
21565,0,3,0,0
14650,0,0,0,0
8288,0,0,0,0
11533,0,0,1,1
15035,1,3,0,0
23271,0,1,1,1
18960,0,2,0,1
12949,1,2,1,1
24500,0,1,1,1
14731,0,3,1,1
1953,0,2,1,1
20585,0,2,0,0
29257,1,2,1,1
29723,1,2,0,1
15427,0,2,1,1
8182,0,2,0,0
17897,0,1,0,0
22393,0,1,0,1
13649,1,1,0,1
17917,2,1,0,1
19865,0,3,0,0
11620,0,0,0,1
1292,0,2,1,0
27826,0,0,1,1
12875,0,0,1,1
114,0,0,1,1
8739,0,2,1,0
21239,0,1,1,0
25701,0,2,1,1
21462,0,1,1,1
26495,0,1,1,0
5989,0,1,0,0
23596,0,0,0,0
3459,0,1,1,1
28748,0,2,0,0
26143,0,2,1,1
14139,0,2,0,0
24975,0,1,0,0
1587,0,2,0,0
19574,0,1,0,0
12731,0,1,0,0
18019,0,2,1,0
29959,0,2,0,0
25722,0,1,0,0
27872,1,2,1,1
27195,0,2,1,0
6313,0,0,1,0
27617,0,2,1,1
17013,0,2,0,1
20295,0,2,1,0
7035,0,0,0,1
7298,0,1,0,0
26685,0,2,0,0
24054,0,2,1,0
12704,1,3,1,1
13460,0,2,1,0
20221,0,0,1,1
7475,0,1,0,0
18362,0,2,0,0
4053,0,3,0,0
25292,0,3,1,0
15149,1,2,1,1
7476,0,2,1,0
28177,0,1,0,0
27119,1,1,0,1
29028,0,3,0,0
19783,0,1,0,0
7319,1,2,1,1
11937,0,1,0,0
16165,0,2,1,0
8821,2,1,0,1
5074,0,2,0,0
13991,0,0,0,0
16402,0,1,0,0
15826,0,3,1,1
9372,0,1,0,0
20496,0,2,1,0
22083,0,1,0,0
18543,1,2,1,1
14849,0,1,0,0
15967,0,2,1,0
24060,0,3,0,0
9351,0,2,0,0
4549,0,1,1,1
27121,0,0,0,1
4213,1,2,1,1
10301,1,1,0,1
14882,0,2,0,0
24447,1,0,1,1
26388,0,3,0,0
24349,0,2,0,0
27200,1,1,0,1
896,0,2,1,1
2073,0,1,1,1
2609,0,2,1,1
15303,0,2,1,0
16524,0,0,0,1
23991,0,3,1,0
20063,2,0,0,1
24698,0,2,0,0
22128,0,1,0,1
6712,0,1,0,0
3602,0,2,0,0
23788,0,1,1,1
5767,0,2,0,0
27043,0,2,1,0
11024,0,1,1,1
23605,0,1,1,1
19170,0,1,0,0
11062,0,2,0,0
26918,0,3,1,0
5103,0,1,0,0
21855,0,1,1,1
21964,1,1,1,1
4564,0,3,1,1
5126,1,1,1,1
19556,1,3,1,1
17092,0,1,0,0
15351,0,1,1,1
23072,0,2,1,1
25358,0,1,0,0
16171,0,1,0,0
19587,1,1,0,1
10140,2,3,0,0
8100,0,0,1,1
26511,0,1,1,1
23201,0,2,1,0
10522,1,1,1,1
26145,0,1,1,0
7000,0,3,0,0
3680,1,2,1,1
17858,1,2,1,0
1065,0,1,0,0
23377,1,3,0,0
27458,0,0,1,0
22147,0,1,0,0
23752,0,1,0,0
13757,0,2,1,1
27623,0,2,1,1
6875,0,2,0,0
18557,0,0,1,1
1459,0,1,0,0
10054,0,0,1,1
11981,0,1,0,0
7534,0,2,0,0
18320,1,1,1,1
14728,0,2,0,0
18980,0,3,1,1
10,0,1,1,1
26341,1,2,0,1
4094,1,2,1,1
11734,1,2,1,1
25226,0,2,1,0
18669,0,3,0,0
16629,0,0,1,1
1389,0,2,0,0
3624,1,0,0,1
9554,0,1,0,1
5011,1,2,1,1
8386,0,1,1,0
23239,0,1,1,1
28136,0,0,1,1
7559,1,1,0,0
11978,0,1,1,1
17767,0,1,0,0
18886,0,1,1,1
5851,0,2,0,0
7536,0,1,0,0
7646,0,3,0,0
22358,0,1,0,0
3934,0,2,0,1
13522,0,2,1,1
899,2,2,1,1
6455,1,2,0,1
7255,1,0,1,1
12264,0,1,1,1
26369,0,2,0,0
16535,0,0,0,0
756,0,1,1,1
21582,0,1,1,1
1028,0,3,0,0
1641,1,1,0,0
2792,0,3,1,0
15896,0,2,0,0
1606,0,0,1,1
29980,0,2,1,0
10981,2,2,0,1
19767,0,2,0,0
28116,0,1,1,1
12766,0,2,1,1
4108,0,1,0,0
16372,1,2,0,1
24773,1,2,1,1
29520,1,2,1,1
14412,0,2,1,1
27470,0,3,1,1
16567,0,0,1,1
8001,0,2,1,0
16502,0,2,0,0
23852,0,2,0,0
2516,0,1,1,1
11905,1,2,1,1
29560,1,2,1,1
18615,1,2,1,1
8055,0,1,1,1
12578,0,1,0,0
13572,0,2,1,1
26556,0,1,1,1
22060,0,1,1,0
9479,0,2,0,0
4395,0,3,1,1
16263,1,2,1,1
15447,1,1,0,0
7235,1,1,0,0
27071,0,2,0,0
16758,2,0,1,1
10790,0,0,1,1
9986,0,2,1,1
19493,0,1,0,0
6338,1,2,1,1
2680,0,1,0,0
2546,0,0,0,1
14590,0,1,0,0
9481,0,3,1,1
5017,1,1,0,0
16957,2,1,1,1
8135,0,1,0,0
11071,0,2,1,0
17944,0,1,0,0
29785,1,1,1,1
11051,0,1,0,1
2177,0,2,0,0
20521,0,2,0,0
2453,1,0,1,1
16720,0,0,1,1
29584,0,2,0,0
5088,0,2,1,0
6766,0,2,1,1
17812,0,1,1,1
7561,0,2,0,0
19161,0,2,0,0
27044,0,1,0,0
27228,0,1,0,0
3675,0,2,1,1
18734,0,1,1,1
14950,0,1,1,1
23632,0,2,0,0
21414,1,2,0,0
22598,0,1,0,0
4428,2,2,1,1
6008,0,0,0,0
14776,0,3,1,0
26776,0,3,0,0
16471,1,3,0,0
11492,0,3,0,0
3470,1,2,0,1
25441,0,2,1,1
10334,0,1,0,1
13542,1,3,0,0
10837,1,2,0,0
15947,0,2,1,1
7410,2,3,0,1
2509,0,3,0,0
27359,0,1,1,1
14754,0,2,1,1
12509,0,2,0,0
25447,0,2,1,1
19271,0,1,1,1
17287,0,2,1,0
16791,0,2,0,1
25347,0,1,1,1
15215,0,2,1,0
15872,0,0,0,1
24283,0,0,1,1
24879,0,2,0,0
5695,0,2,1,0
9690,0,3,1,0
21987,0,1,1,1
5705,0,1,0,0
10439,1,2,1,1
8280,0,0,0,0
11577,0,0,1,1
17333,0,2,1,1
18277,0,2,0,0
24779,1,3,1,1
19625,0,3,1,0
29878,0,2,1,1
16893,0,2,0,0
10330,0,2,1,0
24415,0,2,0,1
21178,0,1,1,1
28231,1,3,1,1
7854,0,3,1,0
7789,1,1,1,1
20154,0,1,1,1
29193,0,0,0,0
18907,0,0,1,1
27705,0,3,1,1
29073,1,1,1,1
8076,1,2,1,1
24572,1,1,1,1
29187,0,3,0,0
14896,0,0,0,0
1722,0,2,1,0
6977,0,1,0,0
19015,0,1,1,1
14999,1,1,1,1
4714,1,3,0,1
8356,0,1,1,1
11588,0,1,1,1
21343,0,1,0,1
13342,0,3,1,1
25694,0,2,0,0
21601,0,2,0,0
16507,0,2,0,0
3804,1,1,1,1
11794,0,2,1,1
956,1,1,0,0
587,1,3,1,1
15992,0,1,1,1
28135,1,1,1,1
27790,0,1,0,0
21751,0,1,0,1
4696,0,0,0,1
13880,0,1,0,0
3882,0,1,1,0
24860,0,1,1,1
1990,0,1,0,0
1795,1,2,1,1
7335,1,0,1,1
182,1,1,0,0
6918,0,2,1,1
934,0,0,0,1
22353,1,1,1,1
10015,0,1,1,1
18107,0,1,0,0
18006,1,1,0,0
27702,0,0,1,0
25627,0,2,1,0
2100,0,1,1,0
5180,0,2,0,0
16661,0,3,1,1
10322,0,1,0,0
26682,0,3,0,0
6522,1,0,0,1
9854,0,1,0,0
415,0,2,1,1
27408,1,0,1,1
360,0,2,1,1
29948,0,3,0,0
8994,0,1,1,1
9135,0,2,0,0
23499,0,1,0,0
23812,0,1,1,1
17057,0,1,1,1
29301,0,2,0,0
12007,0,2,1,1
9331,0,2,0,0
28626,0,2,0,1
1655,0,0,0,0
4878,0,0,0,1
29714,0,1,1,0
17456,1,1,0,1
1342,1,2,0,0
18984,1,1,1,1
6728,0,2,0,0
16391,1,0,0,0
1008,0,3,1,1
1436,1,1,0,0
25021,0,1,1,1
10057,0,0,0,0
19654,0,1,0,0
24361,0,2,0,0
14097,0,1,1,1
13980,0,3,1,0
8471,1,1,0,0
5000,0,1,1,1
2155,1,3,1,0
4337,0,3,0,0
13797,0,3,0,0
18065,0,0,0,0
12987,1,2,0,1
10457,0,3,1,1
16508,0,2,0,0
19566,0,3,0,0
10432,0,2,0,0
21664,0,3,1,0
15749,0,1,1,0
29863,0,1,0,0
5202,0,2,0,0
5365,0,2,0,0
2086,0,3,0,0
13608,0,1,0,0
24937,2,1,0,1
23948,0,0,1,1
5214,0,1,0,0
25439,0,1,1,1
13751,0,1,1,1
25684,0,0,0,0
10970,0,1,0,0
22901,0,2,1,1
27722,0,1,1,1
5822,0,2,1,1
208,0,1,1,1
21790,0,1,1,1
11463,0,2,1,0
8270,0,3,0,0
28630,0,1,0,0
1836,0,1,0,0
16354,0,1,1,1
7408,0,2,1,0
29743,0,1,0,0
28080,2,1,0,1
16449,0,0,0,0
29592,0,1,1,1
6658,1,0,0,1
4810,0,1,0,0
5215,0,1,1,1
17754,0,1,1,1
25042,1,1,1,1
22029,0,2,1,1
11357,0,1,1,1
24766,0,2,0,0
13560,0,3,1,0
25811,2,2,0,1
6061,0,1,1,1
17475,0,0,0,0
16312,0,2,0,0
25052,0,3,0,0
1639,0,1,0,0
28616,1,1,1,1
18583,0,1,1,1
12942,0,1,0,0
8199,0,2,0,0
13790,0,3,0,0
6868,1,3,0,1
1247,0,2,1,1
25640,0,0,1,1
12087,0,0,0,0
5547,1,3,0,1
16300,0,2,1,0
16106,0,2,0,0
22328,0,2,1,1
11118,0,1,0,0
12252,0,2,1,0
18129,0,2,1,1
10061,0,2,1,0
634,0,2,0,1
9158,0,2,0,0
6097,1,1,1,1
398,0,1,0,1
7659,0,0,1,0
26702,0,2,0,0
23186,0,2,1,1
19135,0,1,1,0
5416,0,3,1,0
19801,0,2,0,0
24869,0,1,0,0
306,0,3,0,0
5553,0,1,0,1
4222,0,3,0,0
9813,0,2,1,1
25086,2,1,1,1
4279,1,2,1,1
4209,0,2,1,1
1070,0,3,0,0
18162,0,3,0,0
23777,0,1,1,1
432,0,1,1,1
20071,0,1,0,0
29849,0,1,0,0
12387,0,2,0,0
10444,0,3,0,0
12125,0,3,0,0
28955,0,2,1,1
27750,0,1,1,1
4670,0,3,0,0
24810,1,0,1,1
23097,1,0,0,1
8779,0,2,1,1
22724,0,2,1,0
29624,0,0,0,0
3999,0,2,1,0
17867,1,1,1,1
25858,0,1,0,0
27243,1,1,1,1
367,0,1,1,0
29129,1,1,0,1
22403,0,2,0,0
7282,0,1,1,1
6699,0,1,0,0
27951,0,2,0,0
1121,0,1,0,0
29824,0,1,0,0
4346,0,1,1,1
15591,0,1,0,0
17614,0,0,0,0
29117,1,2,0,0
14912,0,3,0,0
21518,0,1,1,1
19813,3,2,0,1
27905,0,2,0,0
22040,0,3,1,0
8217,0,1,1,1
21827,1,2,1,1
24307,0,1,1,1
15455,0,0,0,0
22872,1,1,1,1
1142,1,1,1,1
12528,0,2,1,0
13587,0,2,1,1
28168,0,1,1,0
1523,1,0,0,0
27065,0,2,1,1
12735,0,2,1,0
25612,0,0,0,0
12514,1,3,1,0
15232,0,1,0,0
10167,0,3,0,0
11427,0,0,1,1
4969,0,1,0,1
26621,0,0,1,1
10462,0,2,1,0
913,0,2,1,1
1450,0,2,1,1
4872,0,1,1,0
10132,0,1,0,0
19280,0,1,0,0
18944,0,2,1,1
7865,0,1,0,0
5299,0,2,1,1
10967,0,1,1,1
4455,0,1,0,0
26902,0,2,0,0
25878,0,2,1,0
11982,2,2,0,1
23115,1,1,0,0
18468,0,1,1,1
20178,1,2,1,1
20135,1,1,0,1
21678,0,1,1,1
3929,1,0,1,1
16984,0,1,1,0
2763,0,3,0,0
7869,0,2,0,0
15056,0,2,1,1
26528,0,1,1,0
20111,2,1,0,1
12684,0,3,1,0
7062,0,2,0,0
828,1,2,1,1
16780,0,3,0,1
6696,1,3,0,1
16896,1,0,1,1
22138,0,1,0,0
26656,0,0,0,0
22446,0,3,0,0
6109,1,2,0,0
2521,1,1,0,1
23130,0,1,1,1
11610,0,2,0,0
25031,0,2,1,1
10618,1,2,1,1
24509,0,3,0,0
13924,0,2,0,1
23117,0,2,1,1
8021,0,3,1,0
25424,0,1,0,0
5291,1,2,0,1
13515,0,2,0,0
5660,0,1,0,1
12602,0,0,0,1
6681,1,1,0,1
21753,0,0,1,1
24816,1,1,1,1
12081,0,1,1,1
23637,0,2,1,1
28969,0,0,1,1
8110,0,3,0,0
27184,1,1,1,1
16537,1,1,0,1
16938,0,0,1,1
21075,0,2,1,1
7077,0,2,1,0
25764,2,3,0,1
16520,0,2,1,0
25177,0,3,0,0
28085,0,2,0,0
23180,2,3,0,1
26348,0,0,0,1
27557,0,2,0,0
5951,1,2,1,1
3370,0,2,0,0
15405,0,0,0,0
13050,0,1,1,1
16782,0,0,0,0
23882,0,1,1,1
27373,2,3,1,1
16586,1,0,1,1
4400,0,1,1,1
12860,2,1,1,1
27676,0,2,1,1
21386,1,1,1,1
1556,0,1,0,0
21597,0,0,0,0
10874,0,2,0,0
10088,0,2,1,1
8848,0,3,0,0
17315,1,1,1,1
740,0,1,1,1
2212,0,3,1,0
8374,0,3,0,0
2047,1,1,1,1
7625,0,2,0,0
12254,0,1,1,1
302,0,0,1,0
586,0,0,0,0
10910,0,1,0,0
16551,0,3,1,1
23069,0,2,1,1
9238,0,0,1,1
26867,0,0,0,0
28463,0,2,0,0
29447,0,1,0,0
27314,0,1,1,0
18487,2,2,0,1
18072,1,1,0,0
5944,0,0,0,0
28979,0,2,1,1
13155,0,1,1,1
4286,0,1,1,1
11940,0,3,0,0
1569,0,1,0,0
29183,0,3,1,0
27212,0,2,1,1
27046,1,1,0,1
26792,1,2,1,1
29105,0,1,0,1
7162,1,1,1,1
7522,0,2,1,0
16832,0,2,1,1
12960,0,2,0,0
28215,1,2,0,1
2366,0,1,0,0
22216,0,2,1,0
29722,0,1,0,0
28007,0,1,1,1
23323,1,1,0,0
17408,0,2,1,1
9024,0,2,0,0
6397,0,3,0,0
802,0,1,0,0
12649,0,2,0,0
13428,0,3,1,1
1005,0,2,0,0
29719,0,1,0,0
19377,0,2,1,0
14477,0,3,1,0
7930,0,2,0,0
3475,1,1,0,0
7420,1,1,0,0
5363,0,1,0,0
26901,1,3,1,0
11651,0,1,0,0
10928,0,2,1,0
13953,0,2,0,0
11089,0,2,1,0
18052,0,1,0,0
16002,0,1,0,0
20567,0,3,0,0
18274,1,3,0,0
21409,0,1,0,0
10229,0,1,0,0
25913,0,1,1,1
10304,1,1,1,1
8795,0,2,0,0
2746,0,2,0,0
15367,1,1,1,1
29486,0,2,1,1
19841,0,0,0,0
1733,0,2,1,1
10588,0,1,0,0
995,1,3,0,0
14664,0,2,0,0
6210,0,0,0,0
20343,0,2,0,0
4182,0,3,1,1
26684,0,1,0,0
28863,0,2,0,0
27341,0,2,0,0
28835,1,3,0,0
1629,0,2,1,0
9334,0,3,1,0
291,1,1,1,0
13824,0,2,1,0
16320,0,2,0,0
8240,0,0,1,1
12656,0,1,0,0
23589,0,0,1,0
6527,0,0,1,1
25430,0,1,1,1
103,0,1,0,0
12363,0,2,1,1
14611,0,1,0,0
13618,0,2,1,1
22744,0,2,1,0
25220,0,0,0,0
18785,0,2,0,0
20488,1,3,0,0
29777,1,0,1,1
19275,0,1,0,1
20519,0,3,0,0
27509,1,1,1,0
14189,0,1,1,1
5653,0,2,0,0
10852,1,0,0,1
21278,0,3,1,0
19066,0,3,1,0
22910,1,2,0,1
27873,0,1,0,0
19605,0,2,1,0
8298,1,3,0,0
19289,0,3,0,0
15492,0,2,1,0
4783,0,2,0,1
1056,0,2,1,1
22114,0,2,0,0
22289,1,1,1,1
9963,0,3,0,0
22952,0,1,1,0
21718,0,3,0,0
11900,0,2,0,0
13941,0,2,1,1
9340,1,2,1,1
1041,0,1,1,1
1320,0,2,1,0
18371,0,2,1,1
11397,0,2,1,1
29551,0,1,0,0
22515,0,1,1,1
18194,1,2,1,1
13003,0,1,1,0
289,0,2,1,0
16730,0,1,1,1
16597,0,2,0,0
18695,2,0,1,1
18138,0,1,0,0
21011,0,1,0,0
21359,1,1,0,1
8648,1,2,1,1
25289,2,2,1,1
9842,0,1,1,1
15593,0,2,0,0
16988,0,1,1,0
11772,0,3,1,0
10929,0,2,0,0
6906,2,1,0,1
11196,0,1,1,1
16349,0,0,0,0
22921,0,0,1,1
3282,0,2,1,0
22807,0,2,1,1
9406,1,2,0,0
20830,0,3,0,0
7266,0,3,1,1
4366,0,3,0,0
27574,0,1,0,0
24651,0,2,1,0
23661,1,2,0,0
25335,1,1,1,1
5925,0,0,0,0
8915,0,2,0,0
16631,0,1,1,1
17067,0,0,1,1
23676,1,0,0,1
5858,1,1,0,0
13464,1,1,0,1
10118,3,3,1,1
24356,0,1,0,0
13966,0,1,1,1
8873,0,1,1,1
6567,0,3,0,0
4378,1,0,1,1
5036,0,3,1,0
24130,1,1,1,1
1145,0,2,0,0
21159,0,2,1,1
16001,1,3,0,0
25898,1,1,0,1
6574,0,3,1,1
25315,1,0,0,1
11934,1,0,0,1
9454,1,1,0,1
19519,0,3,1,0
2109,1,2,1,1
13104,0,3,0,0
29831,1,1,0,0
3989,1,3,0,0
8758,0,2,1,1
22191,0,0,0,0
27338,0,1,1,1
29426,0,2,0,0
19869,1,2,1,0
23195,0,3,1,1
15745,1,1,0,1
8828,0,1,0,0
24752,0,2,1,1
21575,0,2,1,0
21456,0,2,1,1
29419,0,3,1,1
4048,0,0,1,0
20516,0,1,1,1
15987,0,0,1,1
10510,2,1,1,1
14029,1,0,0,1
1893,0,1,0,0
7920,0,2,0,0
2924,0,0,0,1
2162,1,1,0,0
10290,0,2,1,1
3616,0,1,0,0
8719,0,2,0,0
26718,1,2,1,1
2955,1,0,0,1
8091,0,2,0,1
4664,1,3,1,1
13681,0,1,1,1
15477,0,1,0,0
20800,0,1,1,0
2451,0,3,0,0
8796,0,3,0,0
5222,0,0,0,1
735,0,1,1,1
29594,1,1,1,1
2463,1,1,0,1
13571,0,2,0,0
10258,0,2,0,0
24702,0,2,0,0
4749,1,2,0,0
22483,1,1,1,1
7633,0,0,0,0
17967,0,3,1,1
8209,0,2,0,0
26826,0,2,0,1
24253,0,1,1,1
14354,1,1,0,0
26295,1,2,0,0
20234,0,2,1,1
28252,0,1,0,0
7485,2,2,1,1
24102,0,1,1,1
16356,0,2,0,0
15051,0,2,0,0
14693,0,2,1,1
15097,0,2,1,1
6085,0,2,1,0
22020,1,2,1,1
22123,0,1,1,0
22567,0,3,1,0
6990,0,2,1,0
15413,0,1,1,1
9400,1,1,1,1
25928,0,0,0,0
29067,0,0,0,0
26081,0,1,0,0
22922,1,0,1,1
15116,1,2,0,0
27834,0,0,0,0
18718,0,3,0,0
9223,0,2,1,0
8638,0,2,1,0
1925,0,2,0,0
17141,1,1,0,1
24798,0,1,0,0
19023,0,0,1,1
20006,0,1,1,1
19142,0,1,1,1
18518,0,2,1,1
9934,0,2,0,0
14030,0,3,0,0
26172,0,2,0,0
1589,0,3,0,0
13380,0,2,0,0
21583,0,1,0,0
3483,0,2,0,0
26652,0,1,1,0
2427,0,0,1,0
22014,0,1,0,0
4042,0,2,0,0
29913,1,2,1,1
16174,0,2,0,0
2639,1,1,0,1
18915,0,1,0,0
27988,1,1,0,1
29732,1,1,0,0
2421,0,2,0,0
720,0,3,1,1
22200,0,2,1,1
18439,0,1,0,0
21916,1,2,1,1
13340,1,3,1,1
26897,0,3,0,0
8146,1,3,1,1
16341,0,2,1,0
14033,0,1,1,1
15061,0,0,1,1
7026,0,2,0,0
22233,0,2,0,0
19133,0,1,1,0
9178,0,1,0,0
10179,0,2,1,0
22700,0,2,0,0
12124,1,2,0,1
13675,0,1,0,0
15942,1,2,0,1
24899,1,1,1,1
1102,0,1,0,0
10566,0,2,0,1
15221,0,3,0,0
14575,0,2,1,0
22616,0,1,1,0
21436,0,2,1,0
17145,0,0,1,0
3903,0,0,0,0
8901,0,1,1,1
13485,0,2,1,1
18707,0,1,0,0
11629,0,1,0,0
22286,1,2,0,0
8281,0,2,0,0
6752,0,1,1,1
14018,1,1,1,1
18372,0,1,0,0
1329,0,2,0,0
3501,0,2,1,1
26623,0,2,1,0
19112,1,3,1,1
20778,1,2,0,1
5927,0,2,0,0
1454,0,2,0,0
29525,0,1,1,0
7368,1,1,1,1
19638,1,1,1,1
23745,0,3,1,0
23587,0,1,1,1
18997,0,0,0,0
26245,0,3,1,1
27882,0,0,1,1
13670,1,3,1,1
17327,0,1,0,0
21223,2,3,1,1
19631,0,0,0,0
28873,0,0,0,0
4817,1,2,0,1
26096,1,3,1,1
26989,1,2,1,1
3160,1,2,1,1
17107,0,1,1,1
1482,0,1,1,1
15189,0,1,0,1
21162,0,3,0,0
1839,1,1,0,0
15072,3,1,0,1
24124,0,2,0,0
29814,0,2,1,0
2064,0,3,1,0
25997,0,1,0,0
17667,0,1,1,1
26472,0,1,0,0
22870,0,3,1,0
27851,0,2,0,0
8916,0,0,0,1
25064,1,1,1,1
22522,0,3,1,1
17049,0,3,1,1
5191,0,2,1,1
7797,0,2,1,1
2244,0,0,1,1
18848,0,0,0,0
11307,0,2,0,0
17296,1,1,0,1
26676,0,2,0,0
13235,0,0,0,1
17883,0,1,0,0
17294,0,1,0,0
5007,0,2,0,0
20783,0,2,1,1
26044,0,0,0,0
82,0,1,0,0
12431,0,2,1,1
26477,1,3,0,1
5839,1,1,0,1
23573,0,0,1,0
3607,0,2,1,0
16763,2,0,0,1
11975,0,3,0,0
10037,0,2,1,1
25838,1,1,0,0
18529,0,1,0,1
7977,1,1,0,1
28472,1,1,1,0
4661,0,2,0,0
13691,0,2,1,1
29835,0,1,1,1
27828,0,2,1,1
23490,1,2,0,1
5905,0,1,1,1
25676,1,3,1,1
3287,1,2,0,0
6704,1,0,0,1
16693,0,1,0,0
16079,0,2,0,0
2069,0,1,0,0
2931,0,1,0,0
28211,1,0,1,1
28582,0,1,0,1
29968,0,2,1,0
27548,0,2,0,0
20904,0,1,0,1
18516,0,1,1,1
15906,1,3,1,1
29396,1,2,0,0
5710,0,2,1,1
25960,0,0,0,1
7422,0,1,1,0
5042,1,2,1,1
27585,0,3,0,1
1715,0,2,0,1
5212,0,1,0,0
19898,0,1,0,0
12008,0,3,0,0
13752,0,3,1,1
27428,0,3,1,1
13844,0,2,1,1
28910,0,2,0,0
9154,0,1,1,1
11799,0,2,0,0
24095,0,3,1,1
6094,0,1,1,1
13295,0,2,1,1
859,0,2,1,1
21461,1,0,0,0
9323,1,2,0,0
10352,0,3,0,0
14124,0,1,1,1
5614,0,0,0,0
24153,0,0,1,0
27632,0,2,0,0
4059,0,2,0,0
10873,0,1,0,0
4800,1,2,1,1
17703,0,1,0,0
14437,1,1,0,1
24057,1,2,1,1
19861,0,2,0,0
18630,1,3,1,1
25776,0,3,1,1
28678,0,1,1,1
19203,0,1,1,0
19632,1,0,0,1
5793,0,1,0,0
6058,0,3,0,0
5341,0,2,0,0
7041,0,1,1,1
6036,0,2,0,0
25212,0,1,0,1
21235,0,2,0,0
25992,0,0,1,1
14415,0,2,1,1
20767,0,2,1,0
3652,0,1,0,0
497,0,2,0,0
19236,1,1,1,1
20515,0,3,1,1
21047,0,3,1,0
22098,0,2,0,0
23014,0,2,0,0
16499,0,3,0,0
26847,0,1,1,0
22290,0,2,0,0
8968,1,2,0,0
14225,1,1,1,1
22119,0,2,0,0
16638,0,2,0,0
15064,0,0,0,0
885,1,2,0,0
6862,0,1,1,1
12351,0,1,1,0
6939,0,2,1,1
12265,0,1,1,1
26557,0,2,0,0
28769,0,0,0,1
5891,0,2,1,0
3028,0,3,1,1
22485,1,2,1,1
10174,0,1,0,0
29502,0,2,0,0
23074,0,2,0,0
21171,0,1,0,1
1079,0,3,1,0
8943,1,1,0,0
11684,1,1,1,1
8368,0,1,0,0
11208,1,2,0,0
13728,0,2,1,1
15490,1,1,1,1
22389,0,1,0,0
7277,0,1,1,1
3629,0,2,1,1
13491,0,1,1,0
28731,0,2,0,0
26293,0,1,1,1
20735,0,2,0,0
21389,0,1,0,0
3566,0,0,0,0
28906,1,2,1,0
24970,0,1,0,1
572,0,1,1,1
19076,0,0,0,0
11554,0,2,0,0
8969,1,2,0,0
3267,0,3,0,0
9953,0,2,1,0
21829,0,2,0,0
1718,1,2,0,1
23168,0,1,0,0
16576,0,2,1,1
3157,0,2,0,0
14550,0,1,1,1
17831,1,2,0,1
18812,0,2,1,1
21285,0,1,1,0
4328,0,1,0,0
13309,0,1,0,0
5992,2,2,1,1
21050,0,1,1,1
18433,0,1,1,1
13312,0,1,0,0
11276,0,1,1,1
21766,1,2,1,1
998,0,1,0,0
9393,0,1,1,1
18073,1,2,1,1
4156,0,1,1,1
19886,0,2,0,0
10192,2,2,1,1
27776,0,0,1,1
20772,0,2,0,0
21375,1,2,1,1
3099,1,1,1,1
14290,1,0,0,1
10284,1,1,0,1
1943,0,2,1,1
24720,0,0,0,0
15103,0,0,1,1
14370,0,1,0,0
10271,0,2,1,0
15177,0,2,1,1
3691,0,1,1,1
25733,0,0,0,0
339,0,0,0,0
24110,1,3,1,1
19500,0,1,1,1
8403,0,2,0,0
4641,0,2,1,0
11784,0,3,0,0
3846,0,3,0,0
4948,1,1,0,1
4834,0,1,0,0
10553,0,3,0,1
10900,0,1,1,1
21656,0,1,0,0
4372,2,1,0,1
10267,1,1,0,1
25702,0,1,1,1
23720,0,3,1,0
1601,1,2,0,0
5575,0,2,1,1
18155,0,2,1,1
8271,0,0,1,1
19850,0,1,1,1
3427,1,1,1,1
17700,0,2,0,0
25661,0,0,0,0
13746,0,0,0,1
4123,0,2,1,0
18202,0,2,1,1
29081,0,2,1,1
6726,0,0,1,1
9054,0,2,0,0
14771,0,3,0,0
26663,1,3,0,0
26653,0,1,1,1
29267,2,0,1,1
16595,0,1,0,0
12411,0,2,1,1
14963,0,1,0,0
3403,1,1,0,1
24680,1,1,0,0
3651,0,1,0,0
4099,0,1,1,1
13250,0,2,1,1
7396,0,1,0,0
25378,0,2,1,1
21194,0,1,1,1
1344,0,2,1,0
8693,0,1,1,1
27268,0,2,0,0
26094,1,2,1,1
9645,0,0,1,1
25413,0,1,1,1
12489,0,0,0,0
26852,0,1,1,1
17536,0,1,1,1
22225,1,3,1,0
28096,0,1,0,1
21952,0,1,0,0
24369,0,1,0,0
13754,0,1,1,1
2766,0,0,0,0
21679,0,3,0,0
6377,0,1,1,1
26039,0,1,0,1
8314,0,2,1,1
25750,1,2,1,1
9157,0,1,0,0
11951,0,0,0,0
15346,0,1,0,0
22144,0,2,1,0
8011,1,0,1,1
14553,0,1,0,1
15380,0,2,0,0
22736,0,3,1,1
15909,1,1,1,1
22325,0,1,1,1
13796,0,1,0,0
23243,0,2,0,0
24020,0,1,1,0
21868,0,2,0,1
8310,1,2,1,1
2568,0,1,1,1
14478,1,1,0,0
287,0,2,0,0
11601,0,2,1,0
16234,0,0,1,1
22716,1,3,1,1
27302,0,3,1,1
21795,2,1,1,1
29695,0,1,1,1
13497,0,2,0,0
5531,0,2,1,0
9098,1,1,0,1
21723,0,0,1,1
7580,0,2,1,1
25815,0,2,0,0
12142,0,1,0,0
29802,0,1,0,0
10827,0,2,0,0
15797,1,2,0,1
19052,2,1,1,1
13539,0,3,0,0
2654,1,3,0,0
3942,1,0,0,1
920,0,2,1,1
29832,1,2,1,1
5269,0,2,0,0
18821,0,2,0,0
27412,1,1,1,1
19209,1,0,1,1
29969,2,2,0,1
21941,0,2,1,0
17435,0,3,0,0
28382,0,1,0,0
14518,1,1,0,1
20365,1,2,1,1
28772,0,2,0,0
27573,0,1,0,0
27857,0,2,1,0
4435,0,2,1,0
16951,0,0,1,1
18710,0,1,0,1
18784,0,0,0,1
23946,0,2,1,0
28301,0,2,1,1
18555,0,0,0,0
23394,1,3,1,1
23488,1,2,1,1
6472,0,2,0,0
24247,0,1,0,0
27182,0,0,0,0
16768,0,1,1,1
28977,0,1,0,0
3821,1,1,0,0
2626,0,2,0,0
14979,0,2,1,1
26460,0,1,0,0
1240,1,1,0,1
8647,0,2,1,1
14956,1,3,0,1
19559,0,1,0,1
23355,0,1,1,0
20770,0,0,1,0
28201,0,2,0,0
26692,0,2,1,0
1222,0,1,1,1
19437,0,2,1,0
23150,1,2,0,0
2403,0,1,1,1
25777,0,1,1,0
4503,0,2,1,1
5770,1,1,0,1
14377,2,1,0,1
1695,0,1,1,1
27084,0,2,1,0
2305,0,2,1,1
27506,0,0,0,1
26759,0,2,0,0
11345,0,2,1,1
10051,0,2,0,0
10385,0,2,1,1
2818,0,2,1,1
9191,0,2,0,0
14589,0,2,1,1
13503,0,2,1,1
17547,0,2,1,1
3410,0,2,0,0
7981,0,2,1,1
28927,0,1,1,0
2723,0,1,1,1
10149,0,2,0,0
9541,0,1,0,0
3568,1,2,0,0
28265,1,2,1,1
3579,0,2,0,0
8101,0,3,0,0
23353,1,1,0,0
2776,0,2,1,1
7191,0,2,0,0
15325,0,0,0,0
8052,0,3,0,0
15268,0,1,1,1
3863,1,2,1,1
24067,0,2,0,0
17096,0,1,1,1
5869,0,2,0,0
11667,0,3,0,0
4368,0,0,1,0
20813,1,1,0,1
20844,1,3,0,0
3856,1,1,1,1
28706,1,2,0,0
17835,1,1,0,0
12183,0,1,1,1
3633,0,2,0,0
29064,0,0,0,0
20798,0,2,1,0
28744,1,1,1,1
25448,0,2,0,0
1014,0,1,0,0
9328,0,0,0,0
264,0,2,0,0
10714,0,1,1,1
29820,0,2,0,0
25096,1,2,1,1
3244,0,1,1,1
29452,0,2,1,0
8221,1,1,0,1
12698,0,2,0,0
26740,0,2,0,0
26637,0,1,1,1
115,0,2,0,0
28250,0,0,0,0
19851,0,0,1,1
22001,1,0,0,1
21811,0,2,1,0
127,0,1,0,0
11301,0,1,1,1
16550,0,1,0,0
6092,0,1,0,0
21384,1,1,1,1
29569,0,2,0,0
13715,0,3,0,0
3006,0,0,0,1
25664,1,3,1,1
16815,0,1,0,0
28282,0,2,1,0
2590,1,0,0,1
27410,1,3,1,1
4867,1,2,1,1
5669,0,0,0,1
22,0,1,1,0
19855,0,2,1,1
6283,0,2,0,0
27752,1,0,0,0
20687,1,3,0,0
12335,0,1,1,1
16371,1,2,0,1
12988,0,2,0,0
20112,0,1,0,0
25221,0,1,1,0
1880,1,1,0,1
8387,0,2,0,1
16147,0,1,0,0
10150,0,3,0,0
20627,0,2,1,0
13017,0,2,1,1
3900,0,2,0,0
17823,0,3,0,0
15368,0,1,1,1
249,1,2,0,1
7697,0,2,1,0
8174,0,0,1,1
24199,1,1,1,1
17668,0,2,0,1
9568,1,1,1,1
14834,0,3,1,0
6966,0,0,0,1
23880,0,1,1,1
12492,0,1,1,1
11392,0,3,1,0
3861,2,2,0,1
3215,0,1,0,0
13592,0,3,0,0
20534,0,0,1,1
4121,0,3,0,0
18667,0,1,0,0
28440,0,1,0,1
20022,0,0,0,0
12197,0,2,0,0
6359,0,1,0,0
17569,0,0,0,0
24648,0,3,1,0
25380,0,3,1,1
25956,0,1,1,1
7274,0,3,0,0
24118,1,1,0,1
12924,0,3,1,0
951,0,1,1,1
21045,0,1,1,1
8619,0,1,0,0
18531,0,1,0,0
14763,1,3,1,1
8695,0,3,0,0
9542,0,2,1,1
17873,0,3,1,0
12352,1,1,0,1
13399,0,0,0,0
2119,0,2,0,0
12487,0,3,0,0
14694,0,0,0,0
19003,0,1,1,1
6847,1,2,1,1
732,0,2,0,0
24377,0,1,1,1
29890,1,2,1,1
7746,0,3,0,0
1949,0,2,1,0
25886,0,0,0,0
20137,1,0,1,1
11396,2,1,1,1
27192,0,1,1,1
8705,0,2,1,1
14916,0,2,0,0
21845,0,1,1,1
21318,0,3,0,0
4731,0,1,0,0
9187,1,2,0,0
679,0,1,0,1
14017,0,1,0,0
25835,0,1,1,1
27304,0,1,1,1
13490,0,2,1,1
23183,1,2,1,1
15092,0,1,1,1
22933,1,1,1,1
8846,0,1,0,0
8400,0,1,0,0
19115,1,1,1,1
20658,0,1,1,1
18273,1,1,0,1
23696,0,0,0,0
700,1,2,0,1
1373,0,3,1,0
5409,1,2,0,0
28039,0,2,0,0
23922,1,2,0,0
7776,0,2,1,1
20726,0,2,0,0
7888,0,0,0,0
29308,0,1,1,1
29131,0,1,0,0
29178,0,2,0,0
21470,0,2,1,1
14512,0,1,0,0
7733,0,3,1,1
26464,0,2,1,0
21248,0,1,0,0
17971,1,3,1,1
15782,0,1,1,1
27987,0,2,0,1
13842,0,1,0,0
14279,0,2,1,1
28103,1,1,1,1
17397,1,2,1,1
3827,0,3,0,0
28526,0,1,0,0
2727,0,2,1,0
930,0,2,0,0
22104,0,0,1,1
14129,0,3,0,0
20851,0,0,0,0
25721,0,2,1,1
13169,1,1,1,1
11820,0,1,0,0
5169,0,2,0,0
28595,1,0,1,1
1871,2,2,1,1
413,0,2,1,0
8812,0,2,0,0
27194,0,0,1,0
4636,0,1,1,1
8079,0,2,0,0
24839,1,1,1,1
12185,0,2,0,0
11334,0,2,1,1
10601,0,2,1,1
9434,0,2,1,0
8097,0,1,1,1
24445,0,2,1,1
11569,1,2,0,0
14540,0,1,0,1
12543,0,2,0,0
15260,2,2,0,1
23385,0,2,0,0
17046,0,2,0,0
6519,0,1,1,1
20962,0,1,1,1
8067,0,0,1,1
12408,0,1,0,1
15928,0,1,1,1
18901,0,1,1,0
11853,0,2,1,1
25793,0,3,1,1
10327,0,1,0,0
24517,1,2,0,1
8186,1,3,0,0
2435,0,1,1,0
23634,0,2,1,1
13244,0,0,0,0
26034,0,1,0,1
6618,0,2,0,0
8025,0,1,0,0
24492,1,2,0,0
14657,0,0,0,1
20356,0,3,0,0
20541,0,2,1,0
8429,0,1,1,1
25561,0,2,1,0
23359,0,2,1,1
29170,0,3,1,0
14930,0,1,0,0
22072,0,1,1,1
12413,0,1,1,1
22284,1,2,0,0
12762,0,2,0,0
10633,0,1,0,0
2747,0,2,0,0
9,0,1,1,0
23324,0,2,0,0
18256,0,0,1,1
19517,0,1,1,0
7960,0,1,1,0
11037,0,1,1,0
23560,0,0,1,1
21327,0,2,1,0
15192,0,1,0,0
17058,0,1,1,0
13233,0,2,1,1
12042,0,2,0,1
20423,0,2,0,0
1385,0,1,0,0
2387,0,0,1,1
12310,0,1,0,0
13666,0,1,1,1
4584,0,3,1,1
7667,0,2,0,0
9160,1,2,0,0
19255,0,2,0,0
21091,0,1,1,1
19346,0,3,1,1
6771,1,2,0,0
7735,0,2,1,1
27777,0,1,0,0
2147,0,2,0,0
27620,0,2,0,0
14859,0,2,0,0
24013,0,1,1,0
7336,0,1,1,1
1923,1,1,1,1
17983,0,1,0,0
20017,0,1,1,1
29638,1,1,0,0
11033,0,3,1,1
10400,1,2,1,1
8198,0,2,1,1
25674,0,3,0,0
24930,1,2,1,1
11358,1,3,1,1
9356,2,2,0,1
15903,0,3,1,0
20002,0,1,0,0
15402,0,2,1,1
1954,0,1,1,0
8220,0,1,1,0
8041,1,3,0,0
18930,0,3,1,1
4841,0,1,0,0
22377,0,2,1,0
17186,1,3,0,1
11552,1,1,0,1
12966,0,1,0,0
22404,0,0,1,1
14721,1,1,0,0
29856,0,1,0,0
21043,0,0,1,1
10371,0,1,1,1
20001,0,1,1,0
11320,0,3,1,0
7221,0,2,1,1
16656,0,3,0,0
25591,0,1,0,1
21258,0,1,1,0
11128,0,2,0,0
8073,0,1,0,0
27916,2,0,1,1
2925,1,3,0,0
27067,1,0,1,1
4653,0,1,0,0
27783,0,0,0,0
3862,0,2,0,0
12359,1,2,0,0
24888,0,0,0,0
21250,0,2,0,0
15693,0,1,0,0
17306,0,2,1,1
7029,0,1,1,0
20044,0,0,1,1
17477,0,2,1,0
9522,0,1,1,1
6852,0,1,1,1
18286,0,2,0,0
27742,0,1,1,1
15057,2,1,1,1
6678,0,1,0,0
3334,2,1,0,1
5431,0,2,1,1
673,0,0,0,0
7454,0,1,0,0
3853,1,2,1,1
23206,2,2,1,1
16015,0,2,0,0
10582,1,2,0,1
3644,0,1,0,0
14806,1,1,0,1
8793,1,3,1,1
11431,0,0,1,1
29042,0,3,0,0
20128,0,2,1,1
7250,0,1,1,1
1738,0,1,1,0
615,0,2,1,1
23666,1,0,1,1
16677,0,1,0,1
14443,0,2,1,1
3443,0,1,0,0
4330,1,1,0,0
5401,0,1,0,0
14660,0,2,0,0
28031,0,2,0,0
27491,0,1,0,1
24053,3,1,1,1
14499,0,1,1,1
25519,1,1,1,1
29846,1,2,1,1
29130,1,0,0,0
665,0,1,1,1
28733,1,1,1,1
24580,1,1,1,1
16306,0,0,1,1
5564,0,3,1,0
26549,0,2,1,0
17299,0,2,1,1
5893,0,1,0,0
6049,0,2,0,0
15659,0,1,0,1
4818,0,3,0,0
5021,0,3,0,0
29049,1,1,1,1
13463,0,1,1,0
10701,1,2,1,1
20923,0,2,0,0
26755,0,2,1,0
21554,0,2,0,0
25942,0,1,1,1
10523,0,2,1,1
12419,1,3,1,1
1978,0,2,0,0
21110,0,1,1,0
24966,0,2,0,0
22787,0,1,0,0
20625,3,2,0,1
29503,1,1,0,1
4552,0,1,1,1
11671,0,2,0,0
25482,0,2,0,0
19818,0,2,1,0
1852,1,2,1,1
9834,0,0,1,1
13407,1,2,0,1
3736,0,1,1,1
8363,1,1,0,1
9190,0,1,1,1
20003,0,1,0,0
7305,0,2,0,0
18541,1,2,0,0
12989,1,2,1,1
18999,0,1,0,0
16826,0,3,0,0
24311,0,1,0,0
29557,0,3,1,0
11185,0,2,0,0
11500,0,2,1,1
14769,0,1,0,0
24373,0,1,1,1
438,0,1,1,1
21176,0,3,0,0
17063,0,2,1,0
19088,1,2,1,1
608,0,3,0,0
8080,0,1,1,1
25176,1,2,0,0
9529,0,3,1,0
10415,0,1,0,0
17603,0,3,1,1
1796,0,3,0,0
7129,0,1,0,0
540,0,3,1,0
4147,0,3,0,0
16704,0,3,1,1
5933,0,0,0,1
21639,0,1,1,1
3018,0,1,0,0
14230,0,2,1,1
4655,0,2,0,0
23185,0,2,0,0
26766,1,1,1,1
10547,0,2,1,1
10574,0,2,0,0
28329,0,1,0,0
29161,0,0,1,1
9581,0,2,1,0
7643,0,1,1,1
2683,0,1,0,0
14532,1,2,0,1
22422,0,2,0,0
17158,0,2,1,0
11537,0,2,1,0
22490,0,1,1,1
24075,0,2,0,0
13726,1,2,1,1
8242,1,2,0,0
10427,0,2,1,1
19207,0,2,1,1
11879,0,2,1,0
1914,0,0,0,0
8337,0,3,1,1
13945,0,2,1,1
6664,2,1,0,1
3327,0,2,1,1
28281,0,2,1,1
19441,0,1,1,1
27568,0,1,0,0
23967,1,3,1,1
20558,0,2,1,1
12785,0,2,1,0
21367,0,1,1,1
6903,1,2,0,1
950,0,2,1,0
11749,0,3,1,1
11930,1,2,0,0
603,0,3,1,1
6719,0,3,0,0
16540,0,2,1,1
22993,0,1,0,0
20399,0,3,1,0
21592,0,1,1,1
18864,0,0,1,1
27101,0,0,1,1
11437,0,1,1,0
4023,0,3,1,1
1549,0,1,0,0
14793,1,1,0,1
25036,1,2,0,1
7903,2,1,1,1
2675,0,2,0,0
24914,1,1,0,0
28511,1,1,1,1
23264,0,3,1,0
6348,0,1,1,1
23302,0,2,1,1
22366,1,1,1,1
27183,2,2,1,1
3155,0,2,0,0
14785,0,2,0,0
24593,0,1,0,1
10065,0,1,0,0
12166,0,1,0,0
27809,0,2,0,0
4606,0,0,0,1
15039,1,3,1,1
6694,0,0,1,1
17505,0,1,0,0
10005,0,0,0,0
9981,1,1,1,1
24525,1,1,1,1
25423,2,3,1,1
10826,1,1,0,1
15733,0,2,0,0
20703,0,3,1,1
15678,0,3,0,0
12054,0,2,0,0
19428,0,2,1,1
1544,0,1,0,0
28966,0,2,1,1
7962,0,1,1,1
3167,0,1,0,0
23521,2,2,1,1
6106,1,3,1,1
646,1,1,1,1
28517,1,2,1,1
13898,0,2,0,0
4857,0,1,1,1
7391,0,0,0,0
16584,1,3,1,1
57,0,1,1,1
10474,0,1,0,0
20662,1,1,0,0
15862,0,1,0,1
16005,2,1,1,1
17164,0,3,1,1
5530,1,1,1,1
14072,2,1,1,1
592,0,0,1,1
27210,1,2,1,1
18899,0,1,0,1
4929,0,2,1,0
14394,1,2,0,0
10738,0,0,0,0
4787,1,0,0,1
5321,0,3,0,0
22674,1,2,0,0
22439,1,3,1,1
14755,1,3,1,1
25854,1,1,1,1
13443,0,0,0,0
17172,0,2,0,0
12031,0,2,1,1
13759,1,1,1,1
3,0,1,0,0
23027,0,1,1,0
29847,0,1,0,0
1001,0,2,0,0
21131,1,1,0,1
7496,1,2,0,1
14334,0,3,0,0
29573,1,2,1,1
21889,0,1,0,1
8941,0,2,1,0
6287,0,1,1,1
345,0,2,1,0
11522,0,2,0,0
24997,0,0,0,1
4168,0,1,0,0
24514,2,1,0,1
28713,0,3,1,0
13596,0,2,0,0
15923,0,1,1,1
21188,0,1,1,1
20950,0,3,0,0
16871,1,1,0,1
15515,1,1,0,0
22458,0,2,1,0
17669,0,1,1,1
2468,0,1,0,0
13388,0,2,1,1
25933,0,3,0,0
15512,0,1,0,0
27023,0,2,0,0
9422,0,1,1,1
11004,1,2,0,0
12281,0,3,0,0
20776,0,2,1,1
28024,0,2,0,0
3843,0,0,0,0
6754,1,1,1,1
5345,0,1,1,0
2149,0,3,0,0
10838,0,1,1,1
3997,0,3,1,0
8782,1,1,0,1
1378,0,2,1,0
24534,0,1,0,0
3710,0,1,0,0
3111,0,1,1,1
23848,1,2,1,1
4962,0,1,1,0
16314,0,2,0,0
19341,1,3,0,1
13036,0,3,0,0
18209,1,3,1,1
24903,0,2,1,1
19080,0,0,1,1
28541,0,2,1,1
2131,0,2,1,0
7680,1,2,0,0
15998,0,2,0,0
28552,0,1,1,1
13548,1,3,1,1
12862,0,2,0,0
7113,0,3,1,1
12082,1,1,1,1
9212,1,1,1,1
11103,0,0,1,1
17361,0,2,0,0
28452,0,1,0,0
7345,0,1,0,0
23244,0,2,0,0
5084,0,3,1,1
18614,0,3,0,0
4924,0,1,0,0
14485,0,1,0,0
25237,0,1,1,1
23790,0,1,1,1
4415,0,3,0,0
6375,0,1,0,0
25432,0,1,1,1
10845,1,2,0,1
19785,0,1,0,0
15570,0,1,1,1
5675,0,2,0,0
25790,0,2,0,0
9453,1,2,1,1
25831,0,1,0,0
20121,0,2,0,0
19580,0,1,0,0
10773,1,2,0,0
12321,0,0,1,1
14577,0,3,0,0
17826,0,2,0,0
15688,0,2,0,1
27539,1,2,1,1
8523,0,2,1,1
1940,0,2,0,0
10848,1,3,0,0
12200,0,1,1,1
11160,0,1,1,1
843,2,1,0,1
24097,0,3,1,1
19358,0,2,0,0
12329,2,2,0,1
16912,0,2,1,0
10312,0,2,0,0
29984,1,0,0,1
18356,0,2,0,0
6680,0,2,1,1
9145,0,2,0,1
6999,0,1,0,0
4237,0,2,1,1
21085,0,2,0,0
9563,0,2,0,0
25404,0,3,0,0
17903,0,3,1,0
27679,1,2,0,0
4424,0,3,1,1
18793,0,1,1,1
11579,2,1,0,1
24163,0,1,1,0
13519,0,1,0,0
29031,0,2,1,0
26309,0,1,1,0
15732,0,1,0,0
27942,0,2,0,1
16858,0,2,1,1
15172,0,2,0,0
13899,0,1,0,0
14315,1,1,1,1
17737,0,1,0,1
15297,0,2,1,1
2455,1,1,0,1
2394,0,1,0,0
14193,0,2,1,1
8973,0,2,0,0
23077,0,1,0,0
2262,0,2,1,1
684,0,3,1,0
29276,0,2,1,1
7154,0,1,0,0
3508,0,1,1,1
15256,1,3,0,0
16961,0,1,0,0
5068,0,0,1,1
15278,0,3,0,0
26678,0,1,1,1
22519,0,1,1,0
22915,0,2,0,1
28395,0,2,1,1
10485,1,3,0,1
8538,0,2,1,1
17765,0,1,1,1
5119,0,2,0,0
16727,0,1,0,0
5315,0,3,1,1
18318,0,2,0,0
23533,0,2,1,1
21247,0,1,0,0
15481,1,1,1,1
26889,1,3,0,0
23016,0,1,0,0
27925,1,1,1,1
27367,0,3,1,1
1427,1,1,1,1
6316,0,1,1,1
11221,0,2,0,0
3023,0,2,0,0
16077,0,3,0,0
19978,0,0,0,0
22865,0,1,1,1
11959,0,0,1,0
6981,2,3,1,1
6003,0,1,1,1
4614,0,2,1,1
23501,1,1,1,1
29730,0,2,0,0
653,0,2,1,1
8967,0,1,0,0
9594,0,1,1,1
15912,0,0,1,1
23856,0,0,0,0
10755,0,1,1,1
22784,0,3,1,1
27064,1,2,1,1
3947,1,1,0,0
5109,0,2,0,0
23662,0,0,0,0
1793,1,1,1,1
25593,0,1,0,0
18691,0,1,0,0
13533,1,1,1,1
15453,1,2,1,1
20509,0,2,0,0
13127,0,1,0,0
17352,0,0,1,0
12821,0,2,0,0
20243,0,2,0,0
23565,1,0,1,1
13925,1,0,1,1
4949,0,1,0,0
10991,0,1,0,0
4181,0,2,0,0
17815,0,1,0,0
17168,0,1,1,1
3418,1,0,0,1
25268,0,1,0,0
137,0,1,0,0
26276,2,0,1,1
21529,0,2,1,0
26655,0,0,0,0
3526,2,1,1,1
25554,0,1,0,0
11300,0,2,0,0
27913,1,2,0,0
14191,0,2,0,0
21351,0,1,0,0
8723,0,2,0,0
10539,0,3,0,0
470,0,1,0,0
18732,0,1,1,1
21885,0,2,0,0
12064,0,2,0,0
9676,0,1,1,1
10650,0,1,1,0
25183,0,2,1,1
8672,0,1,0,0
18451,0,2,1,0
14496,0,0,0,0
11949,0,1,0,0
8362,1,3,1,1
3622,0,1,1,0
15918,0,3,0,0
16686,0,2,0,0
8212,0,1,1,1
18373,1,1,0,0
18434,0,1,0,0
29442,1,1,0,1
13849,0,1,1,0
11739,0,3,0,0
23156,1,2,1,1
27929,0,0,0,1
9205,0,0,0,1
26349,0,2,0,0
12398,1,3,0,0
26540,2,1,1,1
2655,0,2,0,0
13129,0,1,0,0
7390,2,0,1,1
26628,0,3,1,0
29237,0,2,0,0
2641,0,1,0,0
5467,0,1,0,0
16907,1,3,0,0
17396,0,3,0,0
18200,1,0,0,1
27123,0,3,0,0
20430,0,1,1,0
9604,0,2,0,1
327,0,2,0,0
23409,0,0,1,1
4888,0,1,0,1
27888,1,2,1,1
26237,0,1,0,0
21527,0,1,1,0
27051,1,2,1,1
11025,1,3,1,0
24907,1,2,1,1
3751,0,2,0,0
23558,0,1,0,0
5465,0,2,1,1
27041,0,1,1,1
7779,0,2,1,1
27390,0,2,0,0
17936,0,2,0,0
11744,0,1,1,1
17793,1,3,1,1
26286,0,3,1,0
16424,0,0,0,0
15239,0,1,0,0
15559,0,2,1,1
28479,0,1,0,0
23123,1,1,1,1
12787,0,3,0,0
8962,0,1,0,0
15997,0,1,0,1
8729,0,3,1,1
9646,0,2,1,1
15891,0,0,1,1
12593,0,1,0,0
28127,0,2,1,1
15009,1,2,1,1
26537,1,1,0,0
21356,0,1,1,0
21650,0,1,1,1
6840,0,3,1,0
27026,0,2,1,0
11864,0,2,0,0
13526,0,3,1,0
23772,0,3,0,0
25305,1,2,1,1
3375,0,1,0,0
6576,0,1,1,0
28550,1,3,0,0
10350,1,2,1,1
20444,0,1,1,1
14179,0,0,0,0
28062,1,2,0,1
28385,0,0,0,1
29871,1,1,0,0
8629,0,3,1,0
21748,0,2,0,0
16142,0,2,0,0
3764,0,0,0,0
11848,0,2,0,1
23929,0,2,0,0
18800,0,3,1,1
2459,1,2,1,1
17879,1,1,0,0
927,0,2,0,0
10236,0,2,1,1
10627,0,2,0,0
12683,0,2,0,1
22413,0,0,0,0
8971,0,2,1,0
670,0,1,0,0
13669,0,1,0,0
858,0,2,1,1
3446,0,2,0,0
27756,0,2,0,0
16367,0,2,0,0
29157,1,0,1,1
29519,0,3,0,0
11159,2,2,1,1
19508,0,1,0,0
18489,0,1,0,0
4370,1,3,0,0
11360,0,0,1,0
14914,1,1,1,1
7471,0,2,0,0
14898,0,2,1,0
17316,0,1,0,0
28490,0,2,0,1
5339,1,0,0,0
19955,0,2,1,0
15740,0,3,1,0
22582,0,1,1,0
13612,1,1,0,0
16375,0,3,0,0
17653,0,1,0,0
25903,0,2,1,0
19621,0,2,0,0
16948,0,2,1,1
15454,0,3,0,0
10246,0,3,1,0
27707,0,3,1,0
18448,1,2,0,0
20140,0,2,0,0
19268,0,2,0,0
7145,0,2,0,0
22295,0,1,0,0
25344,1,1,0,0
16684,0,2,0,0
1236,0,1,0,1
29822,0,0,1,1
2467,1,3,0,0
29116,0,0,1,1
12529,1,2,1,1
1138,0,2,1,1
8819,1,2,0,0
3733,0,3,0,0
22577,2,2,0,1
17400,0,1,1,1
8105,0,0,0,0
2065,0,1,1,1
14725,0,1,1,1
24762,0,0,0,0
19988,0,1,1,1
5878,0,1,0,1
26432,0,1,1,1
7442,0,0,1,1
28529,0,3,0,0
13324,0,1,0,0
7375,0,2,1,1
23441,0,2,1,1
18715,1,2,0,1
22934,0,2,1,1
26036,0,2,1,1
8029,1,1,1,1
17638,0,1,1,1
21655,0,0,1,1
26726,0,2,1,1
20611,0,1,0,0
805,0,1,1,1
17689,0,0,1,1
10945,0,2,0,0
323,0,1,1,1
20572,0,1,0,0
25372,0,0,1,0
28583,0,1,1,1
8625,0,2,0,0
17980,0,1,1,1
8730,0,2,0,0
2248,0,1,0,0
29476,1,2,1,0
17031,0,1,1,1
12104,0,3,1,0
5319,1,0,1,1
15142,0,1,1,0
18369,0,2,0,0
4090,0,3,1,0
7581,0,2,0,0
21370,0,0,0,0
6383,1,3,1,1
1748,0,2,0,0
7868,0,1,0,0
9539,0,3,1,1
25751,0,3,1,0
4986,0,2,0,0
2388,1,2,0,0
23588,0,1,0,0
12364,1,1,0,0
13631,0,1,1,1
7532,0,3,1,1
28193,0,2,0,0
8320,0,3,1,1
779,2,2,1,1
25001,0,3,1,0
17687,1,3,0,0
9764,0,2,1,0
27630,0,1,1,1
22024,0,2,1,1
5801,0,0,1,1
7555,0,2,0,0
11705,1,2,0,0
14737,0,2,1,1
6705,0,0,1,0
6913,0,2,0,0
10966,0,1,1,1
8536,0,0,1,1
16590,0,3,1,1
7876,0,2,1,1
13099,0,2,1,1
7055,0,1,1,1
10479,0,2,1,1
18109,0,1,1,1
85,0,2,1,0
6417,1,0,0,1
10504,0,1,0,0
698,1,2,0,1
13854,0,1,1,1
11459,0,2,1,0
25274,0,1,0,0
3707,1,2,1,1
27673,0,2,0,0
3356,1,2,0,0
15973,0,2,1,1
29118,0,2,0,0
18459,0,1,1,0
23467,1,0,1,1
13695,0,1,1,1
17218,0,0,0,0
12563,0,0,1,1
21798,0,2,1,1
16228,0,0,0,0
14220,0,3,1,0
18203,0,2,0,0
16253,0,0,1,1
27610,0,3,0,0
1458,1,1,0,1
7172,0,1,0,0
25904,0,3,1,0
335,1,2,1,1
19205,0,0,0,0
342,1,3,1,0
27865,0,1,0,0
6758,1,2,1,1
14853,0,2,0,1
20915,0,3,1,0
18295,1,1,1,0
11686,1,1,0,1
5567,0,1,0,0
2224,0,1,1,1
521,0,1,1,1
3134,0,0,1,1
27982,1,0,1,1
19390,0,1,0,0
3293,0,0,1,1
29703,0,2,0,0
15002,0,2,1,0
22156,0,1,1,1
23047,0,1,1,0
3517,0,2,0,1
8379,0,1,1,1
10750,3,2,1,1
5188,0,3,0,0
11469,0,0,1,1
3395,0,2,1,0
11878,1,2,0,0
23608,0,2,0,0
18300,0,2,1,1
13791,0,2,1,1
1217,0,1,0,0
2439,0,3,1,1
17313,0,3,1,0
20977,0,1,0,1
17527,0,2,1,1
5037,0,1,0,1
26525,0,2,1,0
12176,0,1,1,1
20350,0,1,1,1
2941,0,1,1,1
1496,0,1,0,0
17893,0,1,0,0
17479,0,1,0,0
19743,1,3,0,0
941,1,3,0,1
6858,0,3,0,1
5953,1,1,1,1
27891,1,2,1,1
12270,0,0,1,0
13878,0,1,0,0
814,0,2,0,0
8685,2,0,0,1
24001,0,1,0,0
26715,0,1,1,1
20328,0,1,0,0
11992,0,2,0,0
26257,0,2,1,0
23564,1,3,0,0
8089,1,2,0,1
13984,0,1,1,1
16100,1,1,0,0
3124,1,3,1,1
2443,0,0,1,1
8652,0,2,0,0
28456,1,1,1,1
24594,0,3,1,1
29848,2,1,0,1
26860,1,1,0,0
1994,2,0,0,1
22869,0,2,0,0
29533,0,1,1,1
1491,0,2,1,1
21218,0,1,1,1
21984,0,2,1,1
29599,1,1,0,0
14962,1,0,0,1
1616,0,1,1,1
13390,0,2,0,0
3965,0,2,0,0
17916,0,1,0,0
6529,2,1,1,1
19158,0,0,0,0
23873,0,2,0,0
20046,0,0,0,0
28960,0,1,0,0
18838,0,1,0,0
5516,0,2,0,0
26521,0,2,0,0
23506,0,3,0,0
6282,0,1,0,0
7852,0,3,1,1
24322,1,1,1,1
19702,0,3,0,0
9501,0,2,1,1
693,0,2,0,0
25290,0,0,1,1
23694,0,2,0,0
18551,0,1,0,0
2240,1,2,0,1
9048,1,1,0,0
11813,0,0,1,1
8117,1,1,0,0
24344,1,0,0,1
4131,0,1,1,1
12444,0,2,1,1
1838,0,1,1,1
12614,0,1,1,1
7027,0,2,1,1
18003,1,3,0,0
6336,0,1,0,1
25889,0,1,0,0
2883,0,0,0,0
19009,0,1,0,0
28597,1,2,0,0
12815,0,2,1,0
24293,0,0,1,1
10314,1,1,0,0
10306,0,2,1,1
3210,2,1,0,1
22027,0,2,0,0
22392,0,2,1,0
13174,1,1,1,1
21202,0,1,0,1
29097,0,1,1,0
11543,0,2,0,0
4557,0,1,0,0
8516,0,2,1,0
8956,0,2,1,1
16014,1,1,1,1
11073,0,1,1,1
14325,1,1,1,1
5646,0,1,1,1
6292,0,1,0,0
17900,0,1,0,0
23779,0,1,1,1
6639,0,0,1,1
2674,0,3,1,0
8472,0,0,1,1
17702,0,0,1,0
16539,0,1,1,1
13131,0,2,1,1
4220,0,2,0,0
23673,1,0,0,1
25521,0,1,0,1
9620,0,0,1,1
27137,0,2,0,0
22341,0,1,0,0
14653,1,1,0,1
24317,0,2,1,0
24656,0,3,0,0
16017,0,1,0,0
5102,0,2,0,0
1161,0,1,1,0
11523,0,2,1,0
1594,0,2,0,0
15609,1,2,0,1
6027,1,2,1,1
9987,0,2,0,0
28929,0,1,1,1
26111,0,1,0,0
12424,0,3,1,0
7244,0,1,0,0
13215,0,1,1,1
6649,1,1,1,1
21419,1,2,0,1
9433,0,2,0,0
158,1,1,1,1
27286,0,2,0,0
28746,1,2,1,1
17382,0,2,0,0
1256,0,1,1,1
23002,2,2,0,1
2255,1,0,1,1
24629,0,1,0,0
23216,0,2,1,1
22719,0,2,0,0
3364,0,2,0,0
9929,0,2,1,0
28615,0,1,1,1
14353,1,2,0,1
23316,1,2,0,1
1811,1,0,1,1
23585,0,1,1,1
8444,1,1,0,0
9415,0,1,1,0
13625,1,2,0,0
20293,1,2,1,1
12435,0,1,1,1
15074,0,2,0,0
9219,1,1,1,1
21421,0,2,0,0
3581,0,1,0,0
11614,1,3,0,1
21913,2,2,0,1
512,0,3,1,1
19323,0,3,1,1
2446,0,2,1,1
3460,0,3,0,0
1666,2,0,0,1
4647,0,0,1,0
23307,0,0,1,1
26301,0,2,0,0
21728,1,1,0,0
17017,0,1,0,1
27968,1,2,1,1
10660,0,1,1,1
1481,1,3,0,0
10251,0,3,0,0
116,0,2,1,0
595,0,1,1,1
6544,0,1,1,1
28467,0,0,0,1
14768,0,2,1,1
12259,0,0,1,1
14192,0,2,0,0
3242,0,2,1,1
11135,0,2,0,0
15750,0,1,1,0
26523,0,1,0,0
1853,0,2,0,0
16532,0,2,1,1
21616,0,2,0,0
24203,0,1,1,1
15462,1,1,0,1
10197,0,2,0,0
5002,2,1,1,1
8989,0,2,1,1
6497,0,1,1,1
17111,0,2,1,0
21032,0,1,0,0
22030,0,1,1,0
1519,0,1,0,0
537,1,0,0,1
13089,0,2,1,0
15601,0,0,1,1
3980,0,2,0,0
13379,0,2,0,0
12610,2,3,0,1
22111,1,1,1,1
8173,0,0,0,1
26057,0,1,1,0
9852,1,2,0,0
19642,0,2,0,0
1690,0,3,1,0
12191,0,0,0,0
18883,0,1,1,1
12566,0,1,1,1
15355,0,2,0,0
11839,0,1,1,0
14492,0,1,1,1
20401,0,3,1,0
22825,0,2,0,0
24271,1,2,1,1
14278,0,1,1,1
9721,0,2,0,0
25558,0,1,0,0
2527,0,2,0,0
10102,0,2,1,0
9414,0,2,0,0
16618,0,1,0,1
13190,1,2,0,1
3331,0,2,0,0
27364,0,1,1,1
2144,1,2,0,1
15300,0,2,0,0
25116,0,0,1,1
14964,0,1,0,0
22342,0,2,0,0
20034,0,1,1,1
4475,0,0,0,0
20101,0,1,0,0
26633,0,3,1,0
24083,0,2,1,0
29311,0,2,1,1
9648,0,1,0,0
14642,0,1,0,0
4086,1,3,0,0
567,0,1,1,1
16190,0,1,1,1
5173,0,2,1,0
10757,0,1,0,0
1316,0,0,0,0
6001,0,1,1,1
1646,0,2,0,0
5393,0,3,0,0
13481,0,1,0,0
13558,0,1,0,0
593,0,2,1,1
7245,2,1,1,1
15560,0,2,0,0
27946,1,2,0,1
6198,1,3,1,1
20447,0,1,0,1
5362,0,2,0,0
27185,2,0,0,1
26294,1,1,1,1
14915,1,2,1,1
15810,0,3,1,0
18389,1,1,0,0
15194,1,3,1,0
18288,0,2,0,0
13284,0,3,0,0
26741,1,1,0,1
1581,0,2,0,0
19543,0,1,1,1
3547,0,2,1,1
4645,0,2,0,0
23851,2,1,0,1
13175,0,1,0,1
13949,1,2,0,0
7671,0,1,0,0
809,0,3,0,0
4823,0,1,0,0
20446,0,2,0,0
12147,1,1,0,1
16885,0,2,1,1
2063,0,1,0,0
3672,0,1,0,0
13936,0,0,0,0
13495,0,1,1,1
2929,1,0,0,1
19981,0,2,1,0
5071,0,1,1,1
28961,1,2,0,1
16909,0,2,1,0
23052,0,2,0,0
14362,0,2,1,0
20330,0,2,1,1
416,0,1,1,1
7383,1,2,1,1
3676,0,2,1,1
17711,0,2,1,1
15271,0,1,0,1
7773,0,3,1,1
1173,0,3,1,1
22067,0,2,1,1
13252,0,2,1,0
29124,0,1,1,1
25723,1,2,0,1
13528,0,1,1,0
20586,0,2,0,0
16842,0,1,1,1
11694,0,3,0,0
15890,0,1,0,0
27578,0,2,1,1
3235,0,1,0,0
15337,0,2,0,0
10833,0,1,1,0
4139,0,3,0,0
8762,0,2,0,0
2081,1,3,0,0
22205,0,2,0,0
23538,0,1,1,1
10902,0,1,0,0
11822,0,1,1,1
28008,1,2,1,1
5440,0,2,1,0
2015,0,2,1,1
13881,0,2,1,1
21858,0,3,0,0
14764,0,1,0,0
1917,0,0,1,1
18060,0,2,1,0
25863,0,0,1,1
924,0,1,0,0
16870,0,1,1,1
3743,0,3,1,0
7480,0,0,0,0
5183,0,2,0,0
11440,0,1,1,1
18592,1,1,1,1
2466,1,0,1,1
4173,0,1,0,0
1230,0,2,0,0
27303,0,2,1,0
16133,0,2,0,0
18523,0,3,1,1
26070,0,2,0,0
20596,0,3,1,1
28241,0,2,1,1
26425,0,2,1,1
12961,0,0,0,0
12010,1,2,1,1
5049,1,2,1,1
3873,0,2,0,0
13829,0,0,1,1
5366,0,1,0,0
13935,0,1,0,1
14239,0,2,1,0
16044,1,2,0,0
11594,0,2,1,0
2336,1,1,0,1
2985,0,1,1,1
14119,1,1,1,1
27519,0,2,1,0
24887,0,1,1,0
7853,1,3,1,1
1172,0,1,0,0
84,1,2,0,0
11012,0,2,1,0
23881,0,2,0,0
29632,0,2,1,0
17342,0,0,0,0
29324,0,1,1,1
14555,0,2,0,0
5502,0,0,0,0
8820,1,3,0,1
24562,0,0,0,0
26615,1,2,1,1
8304,0,3,0,0
25809,0,1,1,1
5158,0,1,0,0
7891,1,1,1,1
16925,0,1,1,1
3290,0,2,0,0
1171,1,3,1,1
21898,0,1,1,1
20846,0,0,0,0
18565,0,1,1,1
24128,0,3,0,0
9790,0,1,0,0
19337,0,3,0,0
25966,0,0,1,1
25381,1,2,1,1
18923,1,0,0,0
2880,0,2,0,0
21291,0,2,1,1
2532,0,2,0,0
3061,0,0,1,1
2569,1,3,1,0
12634,1,2,0,0
22688,0,1,1,1
25799,0,1,1,1
27789,1,3,0,0
13921,0,3,0,0
6098,1,1,0,1
27126,1,2,1,1
14012,0,2,0,0
29653,0,1,1,1
2772,2,1,1,1
22965,0,2,0,0
18599,0,1,0,0
25604,0,0,1,1
18975,0,1,1,1
25048,0,1,0,0
23519,1,1,0,1
29919,0,2,0,0
15509,0,1,1,0
9156,1,2,1,1
8355,0,1,0,1
17690,0,2,0,0
4835,1,0,0,0
26919,0,1,1,1
18291,1,1,1,1
21403,0,2,1,0
20372,1,1,0,1
7229,0,1,1,1
5776,0,2,0,1
7005,1,0,1,1
2707,0,3,1,0
11907,0,3,1,0
18704,0,2,0,0
12474,0,2,0,0
29990,0,2,0,0
7651,0,2,1,1
6854,0,3,1,0
18392,0,2,0,1
11849,1,2,1,1
3281,0,1,0,1
14133,1,2,0,0
5477,0,3,1,1
5887,0,2,0,0
23986,0,1,0,0
3647,0,2,1,1
26817,0,1,0,0
11466,0,1,0,0
5238,0,2,1,0
3223,0,2,0,0
5548,0,3,0,0
10561,0,3,1,1
804,0,2,1,1
9109,0,2,0,0
29883,0,1,0,1
17848,0,1,1,0
933,1,1,0,0
13813,0,1,1,1
8635,0,1,0,0
11065,0,1,0,0
4770,0,0,1,1
6910,0,2,1,1
6026,0,1,0,0
4515,0,1,1,1
17112,0,2,1,0
24073,1,1,0,1
27253,0,2,0,0
24599,1,1,1,1
13484,0,2,0,0
7885,0,2,0,0
27521,2,3,1,1
11787,1,3,1,1
439,1,1,0,1
4456,0,3,0,0
10699,0,1,0,0
3978,0,0,1,0
13900,0,0,0,0
15917,0,0,1,1
10963,0,0,1,1
11750,1,1,0,1
14684,1,3,0,0
6958,0,1,1,1
17959,1,2,0,0
23017,0,2,1,1
4703,0,1,1,1
24550,2,1,1,1
15379,0,2,1,1
13483,0,0,0,0
3417,1,3,0,0
1969,0,2,0,0
18925,0,2,1,1
24953,0,2,1,1
19164,0,3,0,0
11206,0,1,1,1
1166,0,1,1,1
8560,0,2,0,0
22227,0,1,1,1
8480,0,2,1,1
22649,2,2,1,1
16657,0,0,0,0
3520,0,3,1,0
29037,0,2,1,1
10764,0,1,0,1
22489,0,1,1,1
9312,0,3,1,1
24372,0,2,0,0
28679,0,2,0,0
22437,1,2,1,1
18689,0,3,1,0
19451,0,0,0,0
19488,1,2,0,0
3338,1,0,0,1
2479,1,2,0,0
18634,0,3,1,1
29866,0,0,1,0
17976,0,1,1,0
13462,1,0,0,1
6063,1,2,0,1
27231,0,1,1,1
17139,0,1,1,1
7175,1,1,1,1
15197,1,2,1,1
13431,0,1,0,0
7434,0,1,1,0
3703,0,3,1,0
18754,0,1,0,0
29583,1,1,0,1
15305,0,2,1,1
17053,0,0,1,0
14470,1,1,1,1
3296,0,1,0,0
981,0,3,0,0
3463,0,2,1,1
25678,1,2,1,1
23362,1,2,1,1
20307,1,1,0,0
27799,0,2,0,0
2937,0,2,0,0
20727,1,1,1,1
25115,1,1,0,1
23238,0,2,1,1
7064,1,1,1,1
1494,0,1,0,0
3355,1,2,0,0
21272,0,2,0,0
29009,2,1,0,1
11096,0,0,0,1
1649,1,2,0,1
7602,0,1,0,0
1139,1,2,0,1
19466,0,1,1,0
21482,0,1,1,1
29011,0,3,1,1
3062,0,2,1,1
8933,3,2,0,1
14990,1,2,1,1
19820,0,1,0,0
21971,0,1,1,1
20424,0,2,1,1
26270,0,3,0,0
13794,0,2,1,1
1057,0,0,0,0
29084,0,1,1,1
5081,0,2,1,0
27381,0,0,1,1
20244,1,3,1,1
10927,0,0,0,0
10458,0,2,1,1
17648,0,0,1,1
20422,0,2,0,0
2507,1,1,0,0
27853,0,2,1,0
11875,0,0,1,1
1751,0,2,1,0
26546,0,1,1,1
14088,0,2,0,0
17226,0,2,1,1
25714,0,2,1,0
9964,0,0,1,1
606,1,2,1,1
13932,1,2,0,1
7264,0,1,0,0
14714,0,0,0,0
8394,2,1,0,1
12138,0,1,0,0
21574,1,1,1,1
17023,0,1,1,0
29450,1,0,0,0
11021,0,1,1,1
29979,0,0,0,1
29235,0,0,0,0
11401,0,2,0,0
25209,0,3,1,1
20425,1,2,1,1
3342,2,1,0,1
23581,0,1,0,0
20700,0,1,1,1
4028,0,1,1,0
24474,0,1,0,0
4594,0,3,0,0
8992,0,0,1,1
10777,0,2,1,1
16347,0,2,0,1
18755,0,2,0,0
15344,0,0,1,0
22279,0,2,1,0
7312,0,3,1,0
20837,1,2,1,1
9637,0,0,0,0
9432,0,1,0,0
25257,1,3,1,1
23647,0,2,0,0
4297,0,1,0,0
24405,1,2,0,0
29985,0,1,1,1
7967,1,1,0,0
19902,0,1,1,1
18708,0,1,0,0
28568,1,2,0,0
1827,0,1,1,1
8411,0,2,1,1
2004,0,2,0,0
2163,0,3,1,0
26512,0,1,0,0
19589,1,2,0,1
2777,1,2,0,1
10576,0,2,1,1
2186,1,1,0,0
7726,0,2,0,0
13963,0,2,1,0
18842,0,2,0,0
29721,0,2,0,0
20928,0,2,0,0
1257,1,2,1,1
26275,0,1,0,0
25559,0,1,0,0
6796,1,1,0,1
19565,0,2,1,1
937,1,3,1,0
6407,0,1,1,1
17930,1,3,1,0
26250,0,2,0,0
22140,0,2,1,1
26147,0,2,0,0
17902,3,3,1,1
26291,0,1,0,0
5825,0,1,1,1
27748,0,1,0,0
5175,0,2,1,1
13820,0,1,1,1
3981,1,3,0,1
12503,0,3,0,0
16888,0,3,0,0
17322,1,2,0,0
25282,0,1,1,1
19911,0,2,1,1
16137,0,2,1,1
13642,0,1,0,0
25896,0,3,1,0
29457,1,1,0,1
27045,0,1,1,1
10958,0,0,0,0
24980,0,1,1,1
24600,0,3,0,0
5033,0,0,1,1
355,1,1,0,1
28033,1,3,0,1
8646,0,2,0,0
19492,0,1,0,0
7991,1,3,0,0
16937,0,1,0,0
29449,0,1,1,1
10017,0,2,1,1
6784,0,3,1,1
25810,0,1,1,1
29099,1,1,1,1
29271,0,1,0,0
12651,0,1,1,1
7574,0,0,1,1
10708,0,3,1,0
7018,0,3,0,0
22615,0,1,1,1
17640,0,2,1,1
19145,0,2,1,1
5262,0,2,1,0
6900,1,1,0,0
10600,1,2,1,1
14691,1,2,1,1
9695,1,2,0,0
14904,0,1,0,0
22568,0,1,1,0
25485,0,1,1,0
19878,0,2,0,0
29007,0,3,1,0
19008,0,1,0,0
11854,0,0,0,0
20564,0,2,0,0
26631,0,2,1,1
3384,1,2,1,1
2820,1,1,1,1
24767,0,1,1,1
18622,1,3,1,1
19532,0,2,1,1
15406,0,2,0,0
27847,0,2,0,0
9767,1,3,0,1
15529,0,0,1,1
26890,0,1,0,0
24904,1,2,0,1
10756,0,0,1,1
2944,0,0,0,0
2167,0,1,1,1
6285,0,1,0,1
5755,0,1,0,0
27543,0,1,1,1
6644,0,2,0,1
26406,0,1,1,1
20795,0,0,0,1
27242,0,0,1,0
10412,0,0,0,0
16351,0,1,0,0
24365,0,1,1,1
2093,0,3,1,1
23893,0,3,1,0
24320,0,0,0,0
21328,0,1,1,1
6919,0,1,1,1
13967,0,1,1,1
8045,0,3,0,0
11663,1,2,1,1
12867,0,3,1,0
17457,0,2,0,0
9225,0,1,1,1
14543,0,3,1,1
20129,1,0,1,1
6115,0,2,1,1
4520,0,3,1,0
19229,0,2,0,0
17753,0,0,1,1
23761,1,1,0,1
11398,0,2,1,1
189,2,1,1,1
11604,0,2,0,0
16302,0,3,0,0
28632,1,2,1,1
10075,1,1,1,1
9944,0,2,1,1
24456,0,2,0,0
10074,0,0,0,1
8013,0,1,1,1
12615,0,3,0,0
11777,0,3,1,0
1866,0,1,0,0
4978,0,2,0,0
20839,0,3,0,0
3394,2,2,0,1
12217,0,2,0,0
21495,0,3,0,0
23309,0,0,1,1
19980,0,1,1,1
855,0,1,0,0
25193,1,3,0,1
15611,0,2,1,1
908,1,1,1,1
6360,0,1,1,0
7892,0,2,1,0
13709,0,2,0,0
10078,1,2,0,1
11156,0,3,1,0
12083,0,0,1,1
7736,1,2,0,0
13552,0,2,1,0
13203,0,3,1,1
25264,0,2,0,0
3922,0,1,1,1
954,0,2,1,1
7745,0,0,1,1
7970,0,1,0,0
15966,2,1,1,1
6206,0,1,0,0
24052,1,0,1,1
13445,0,1,0,0
1189,0,2,1,0
9776,1,0,0,1
19406,2,1,1,1
18310,0,2,1,0
29556,0,1,1,0
11484,0,0,1,1
26066,0,3,1,0
18476,0,0,0,0
3959,0,1,0,0
8218,0,2,1,1
27438,0,0,0,0
18986,0,1,1,1
8049,0,0,1,1
14775,1,1,0,1
28792,0,1,0,0
25880,0,1,1,0
22740,1,1,0,0
6221,0,2,0,0
19611,0,2,0,0
22009,0,1,1,1
19328,0,1,0,0
16209,1,1,1,1
1451,1,0,0,0
7689,0,2,0,0
5272,0,1,0,0
27068,0,2,0,0
22928,0,2,1,1
10697,1,2,0,0
1760,0,1,0,0
16208,1,2,1,1
3671,0,2,0,0
9086,0,0,1,1
29307,1,1,1,1
13866,0,1,0,0
11097,0,1,1,0
14659,1,0,0,1
3091,1,2,1,1
22508,0,1,1,1
18005,0,1,0,1
29674,0,2,1,0
9966,1,1,0,0
21910,0,1,0,0
19120,0,2,1,1
20556,1,2,0,1
17922,1,2,1,1
16196,0,3,0,0
17594,1,2,1,1
9627,0,2,1,0
29473,0,1,0,0
15670,0,1,1,1
12068,1,0,1,1
29999,1,2,1,1
12116,1,1,0,0
27159,0,1,0,0
9712,0,1,0,0
6460,0,2,1,1
24678,1,2,1,1
21903,0,1,1,0
27139,1,1,0,0
978,0,3,0,0
6896,0,1,0,0
3300,0,2,1,1
13314,0,3,0,0
14803,0,1,0,0
20939,1,3,1,1
20454,1,2,0,0
16757,0,2,1,1
25027,0,1,1,1
9857,0,1,0,0
16811,0,1,1,1
17155,0,2,1,0
13035,0,2,0,0
11501,0,1,1,1
28100,0,2,0,0
18225,0,2,0,0
26842,0,2,0,0
26517,0,3,0,0
13096,2,2,0,1
6877,0,2,0,0
28869,0,2,0,0
20197,0,2,0,0
25867,0,1,0,0
13055,0,2,1,0
13283,0,2,0,0
20565,0,1,0,0
10313,0,2,0,0
21265,1,2,0,1
20339,0,1,0,0
18444,0,2,0,0
13081,0,3,0,0
5076,0,2,1,1
7217,0,2,1,1
26236,0,1,1,0
14082,1,0,0,1
6841,0,1,0,0
17875,0,1,1,1
2411,1,2,1,1
29167,0,1,1,1
936,0,1,0,0
27203,0,1,1,1
4410,0,1,0,0
21946,0,1,0,0
737,0,0,1,1
21634,0,1,1,0
6286,1,1,0,1
24209,0,2,1,0
13895,0,1,0,0
19498,0,1,0,0
2523,1,0,1,1
27787,0,0,0,1
14973,0,2,0,0
11858,0,2,1,0
4679,2,1,0,1
27962,0,1,1,1
24628,1,2,0,0
27483,0,0,0,0
28585,0,3,0,0
9264,1,1,1,1
3962,0,2,0,0
28321,0,2,1,0
22237,1,2,0,0
14969,0,2,1,1
2207,0,1,0,0
28958,0,0,0,0
29561,0,1,1,1
9082,0,3,1,0
2337,0,2,1,1
28827,1,2,1,1
25110,1,1,1,1
15466,0,3,1,0
14146,0,1,0,0
4553,1,3,0,0
11815,0,1,0,0
8042,0,2,1,1
21598,0,1,1,1
777,0,0,0,1
20870,2,0,1,1
21505,0,2,0,0
10307,0,1,0,0
15382,0,2,1,0
28925,0,2,0,0
13713,0,2,1,1
7179,1,2,1,1
24787,1,0,1,1
11966,0,1,0,0
18170,0,2,0,0
9727,1,1,1,1
20623,1,1,1,1
7025,0,3,1,0
3871,1,0,1,1
22117,0,2,1,0
18943,0,2,0,0
2034,1,1,0,1
22560,0,1,0,0
17554,0,1,0,0
20941,0,1,1,1
9050,0,2,0,0
1336,0,2,1,1
14376,1,1,0,1
1935,0,3,0,0
1214,1,3,0,0
21731,1,2,1,1
6632,1,2,1,1
8201,0,3,1,1
19106,1,2,1,1
22425,0,3,0,0
7341,0,0,0,0
21920,0,0,1,1
19136,0,1,0,0
28797,0,3,0,0
7951,0,2,0,0
28532,0,0,1,1
11867,0,2,1,1
17950,0,1,1,1
15050,0,1,0,0
3079,0,1,1,1
16237,0,1,1,0
10274,1,1,1,1
9440,0,2,1,0
5507,0,2,0,0
26491,0,1,0,0
4870,1,0,1,1
11167,0,1,0,0
21049,0,2,1,0
409,0,0,0,0
13930,0,1,0,0
25366,0,0,0,1
194,1,2,0,0
27360,0,0,1,1
8878,3,2,1,1
20883,0,0,1,1
26158,0,1,0,0
21837,0,2,1,1
24775,0,1,0,0
15665,0,2,0,1
5474,0,1,1,1
13619,1,1,0,1
1670,1,0,0,1
5029,0,2,0,0
18513,0,1,1,0
26788,0,3,1,1
24700,0,1,1,1
9655,0,1,1,0
1534,0,1,1,1
27964,0,1,0,0
16183,0,1,0,0
4820,1,3,0,0
29634,0,1,0,0
27403,0,1,1,1
5252,1,2,1,1
5412,0,1,1,1
7382,0,1,1,1
21454,0,3,0,0
4699,1,1,0,0
3551,0,2,0,1
8163,1,2,0,1
28938,0,2,1,1
1023,0,2,0,0
9636,0,1,0,0
25939,0,1,0,0
18301,0,1,1,1
8823,0,3,1,1
17478,1,1,0,0
12605,1,1,1,1
20824,0,1,0,0
19891,0,2,0,0
11126,0,1,0,0
5484,1,0,0,1
27469,0,3,1,0
825,0,3,0,0
22883,0,1,1,1
16008,0,1,1,0
26547,0,1,0,0
9149,0,2,0,0
10374,0,1,1,1
2013,0,2,1,1
12114,1,2,0,1
6300,0,1,0,0
2796,0,3,0,0
14537,1,2,0,1
13871,0,1,0,0
8600,0,3,0,0
18917,0,2,1,1
9127,0,2,1,1
11704,0,3,0,0
3850,0,3,0,0
23930,0,0,1,1
2511,0,1,0,1
28618,0,2,0,0
19131,0,0,0,1
28510,0,0,0,0
16200,0,2,1,0
29247,0,2,1,1
26136,0,1,1,1
6142,1,1,1,1
29967,0,1,1,1
17715,0,2,1,1
7151,1,1,0,1
10496,0,1,0,0
3149,0,3,0,0
8468,0,1,0,0
19256,1,2,1,1
5210,0,3,0,0
25710,0,1,0,0
15153,0,1,0,0
28932,0,0,1,1
11896,0,1,0,1
14669,1,1,1,1
2097,1,1,1,1
25514,0,1,1,1
3354,0,2,1,1
557,0,3,1,1
16381,1,1,1,1
15371,0,2,0,0
12194,0,2,0,0
29772,0,2,0,0
9267,0,2,1,0
24333,0,2,0,0
20717,0,1,1,1
21471,0,2,1,1
20126,0,1,0,0
9031,0,1,0,0
12123,1,1,1,1
9231,0,2,1,0
12009,1,1,0,1
4245,1,1,0,0
23845,0,1,0,0
11187,0,1,1,0
24321,0,2,0,0
8515,0,3,0,0
25681,1,3,0,1
29623,1,1,0,1
19123,0,2,0,0
27596,0,2,1,1
13238,1,1,0,1
23572,0,0,1,1
6831,0,2,1,1
5072,0,1,0,0
13857,1,0,1,1
24560,0,3,1,1
23176,0,2,1,1
22723,0,1,0,0
17746,1,3,0,0
26977,0,2,1,1
13424,0,1,0,0
4807,0,2,0,0
24749,0,2,1,0
10847,1,2,0,0
8876,0,1,0,0
19904,0,2,1,1
16415,0,2,1,0
9800,0,0,0,0
23872,0,1,1,0
1100,0,1,0,0
1554,0,1,1,1
9606,0,2,0,0
8785,0,1,0,1
648,1,2,0,1
11716,0,2,0,1
23622,0,0,0,0
16589,0,2,1,1
12992,0,2,0,0
26522,0,0,1,1
20481,0,0,1,1
2869,0,2,1,0
18720,0,1,0,0
24635,0,1,0,0
1947,1,2,1,1
13597,0,1,1,1
28447,0,1,0,0
13193,0,2,0,0
18447,2,1,0,1
25883,0,1,0,0
9296,0,2,1,1
5509,0,3,1,1
11070,0,2,0,0
19845,0,3,1,1
18428,0,3,0,0
18717,0,2,1,1
14874,0,2,1,1
4633,0,2,0,0
16157,0,3,1,0
14405,0,3,0,0
15902,0,3,0,0
22868,0,0,1,1
8541,1,2,0,1
19378,0,2,0,0
10303,0,0,0,1
9798,0,1,0,0
22516,0,1,1,0
21654,0,2,0,1
14756,0,1,1,1
16026,2,2,0,1
20354,0,2,0,0
25720,0,1,0,0
2491,0,2,1,1
6433,0,2,1,1
15135,0,2,1,1
13375,0,0,1,1
18480,1,2,1,1
17028,0,2,1,0
15188,0,1,1,1
12608,0,3,1,0
23,0,2,0,0
17192,1,2,1,1
2858,0,1,0,0
14640,1,2,0,0
7687,1,2,0,1
9303,0,0,1,0
12318,0,2,1,0
14556,0,1,1,1
810,0,1,1,1
6617,0,2,0,0
23037,0,3,1,0
29315,0,3,0,0
9945,0,0,1,1
13265,1,2,0,1
15728,0,0,0,0
27040,1,0,0,0
29487,0,0,1,1
4019,0,1,0,0
25548,3,2,0,1
10389,0,1,0,0
14490,0,0,1,1
29713,0,2,0,0
2253,1,0,0,1
3205,0,1,0,0
20474,0,3,0,0
20995,0,0,0,0
18127,0,1,0,0
4380,0,1,1,0
2241,0,0,0,0
25124,0,3,0,0
11538,0,1,1,1
3401,0,3,1,0
28056,1,2,0,1
25827,0,2,0,0
16451,1,2,0,1
1444,0,2,0,0
6579,1,1,0,0
9830,0,1,0,0
17818,0,2,1,1
25852,0,2,1,1
3405,0,2,1,0
386,0,0,0,0
6980,1,2,1,1
5640,0,2,0,1
26926,2,2,1,1
1245,0,3,1,0
21175,0,3,0,0
19670,0,1,1,1
1413,0,1,1,0
22713,0,2,1,1
19391,0,1,1,0
3765,0,0,0,0
16088,0,0,1,1
10214,0,2,0,0
24858,0,1,1,0
9519,0,0,0,0
8900,1,2,0,1
9094,0,1,1,1
29354,0,3,0,0
18600,0,2,0,0
4609,0,3,1,0
24982,0,3,0,0
23721,0,2,1,1
27861,0,1,1,1
20066,0,0,0,0
20102,0,1,1,0
24770,0,1,0,0
5163,0,3,0,0
29538,1,1,0,0
1393,0,2,0,0
8949,0,1,0,0
9810,0,1,1,1
25526,0,0,1,1
25993,0,1,0,0
13749,0,1,1,1
24443,0,1,0,0
1561,0,2,1,1
8443,0,1,0,0
22293,0,1,1,1
4038,0,1,1,1
3588,0,1,1,1
10280,0,2,0,0
11558,1,2,1,1
27502,0,1,0,0
13502,0,0,0,1
1768,1,2,0,0
21808,0,3,1,1
2524,0,1,0,0
12708,0,2,1,0
24857,0,2,0,0
13788,0,2,1,1
15472,0,2,1,1
28478,0,2,0,0
7036,0,1,0,0
11574,0,2,1,1
24464,1,1,0,0
8030,1,1,1,1
27640,0,3,0,0
22813,0,1,1,1
23145,0,1,0,0
15692,0,3,0,1
29564,1,3,0,0
25698,2,0,1,1
19921,0,3,0,0
16024,0,1,1,1
27174,0,1,0,0
7822,1,1,0,1
18122,0,1,1,1
10948,0,2,0,0
5364,0,1,1,1
21873,0,1,0,0
28408,0,0,1,1
65,0,1,1,1
26279,0,1,0,1
11876,0,2,1,1
25310,0,2,0,0
29562,0,2,1,1
582,0,2,0,0
6078,0,2,0,0
18111,0,1,0,1
13601,0,1,1,1
12066,2,1,0,1
17837,0,2,0,0
10813,0,1,0,0
25791,0,1,0,0
13179,0,0,1,1
4927,0,1,0,0
5141,1,1,0,1
2206,0,0,0,0
24832,0,2,0,0
7473,1,2,0,1
16658,0,2,0,0
23858,0,1,0,1
24022,0,3,1,0
9630,1,0,0,0
27357,2,2,0,1
13163,0,2,1,0
17308,0,1,0,0
19668,0,1,1,0
26509,0,1,0,0
2158,1,1,0,1
4681,0,3,1,0
3060,0,2,1,1
18976,0,2,0,0
10742,0,2,0,0
29582,0,3,0,0
20718,0,2,1,0
8777,1,1,1,1
28732,1,2,0,1
26583,0,2,0,0
7426,1,1,0,0
15932,1,2,1,1
25497,0,1,0,0
5604,0,1,1,1
6216,0,1,1,1
13875,0,3,0,0
28402,0,2,1,1
11802,0,1,1,0
26688,0,2,1,1
28645,0,3,1,1
17744,1,2,1,1
6613,0,0,1,1
15199,1,1,0,0
9299,0,1,0,0
10161,0,3,0,0
19276,0,1,1,1
4701,0,1,1,1
4624,0,1,1,1
24802,0,0,0,0
707,0,0,1,1
15137,0,1,1,0
4365,0,2,1,0
21514,0,1,0,1
14807,0,3,1,0
2698,1,1,1,1
8699,0,2,0,0
3667,0,2,0,1
148,0,1,0,0
22090,1,2,0,1
6124,0,2,0,0
5704,0,1,0,0
605,0,2,1,1
23778,0,0,1,1
9213,0,3,0,0
1196,0,2,0,0
2165,0,2,1,1
6065,0,2,1,1
8256,1,2,1,0
15018,1,3,0,0
1964,0,3,1,1
7657,1,0,1,1
27836,0,2,0,0
7286,1,2,0,0
10713,0,3,1,0
3948,0,0,1,1
4724,0,2,1,1
10718,0,1,1,1
26994,0,1,0,0
11883,0,2,1,0
28286,0,3,0,0
13031,0,1,1,0
20836,1,3,1,1
26619,0,1,0,1
13887,1,3,1,1
8115,1,1,0,1
5360,0,2,0,0
17368,0,2,1,1
6619,1,2,1,1
6859,0,2,1,1
3612,1,3,0,1
25326,0,2,0,0
7270,1,2,1,1
14744,0,2,0,0
3518,0,2,1,0
265,0,2,0,0
29068,0,1,1,1
17558,0,1,1,0
23163,0,2,0,0
19659,0,2,0,0
6625,0,3,0,0
23993,0,2,1,0
3241,0,2,1,1
5949,0,1,1,1
5673,0,1,0,1
10787,0,2,1,0
29145,0,3,1,0
1765,1,1,1,1
1442,0,1,1,1
314,0,1,0,1
1521,0,2,1,1
20723,0,3,1,1
16807,1,1,0,1
5759,1,0,1,1
16032,0,2,1,1
26809,0,1,1,0
7593,0,1,0,0
12749,0,1,0,0
21282,0,1,1,1
5090,0,1,0,0
12633,0,3,0,0
28603,0,2,1,1
1126,0,2,1,0
11648,0,2,0,0
18358,0,1,1,1
5514,0,0,1,0
6364,0,1,1,1
4827,0,0,0,0
16636,1,2,0,1
29852,0,1,0,0
17604,0,1,0,0
23580,0,2,0,0
929,0,2,1,1
11619,1,1,1,1
1819,1,2,0,1
7552,0,2,0,0
12353,0,1,0,0
619,0,1,0,0
27406,0,2,0,1
11250,1,0,0,1
18023,0,2,1,1
18723,0,1,0,0
28704,0,2,1,1
15486,1,2,1,1
12242,0,2,0,0
7649,0,2,0,0
16748,0,0,0,0
7850,0,1,0,0
19803,1,1,1,1
27407,0,1,0,1
10302,0,2,1,1
28600,0,3,1,1
3070,0,1,1,1
15218,0,1,1,1
21294,1,1,1,1
21703,0,2,1,1
11712,0,1,1,1
1058,0,1,0,0
21244,0,1,1,1
8208,0,1,0,0
10905,1,1,0,0
28208,0,1,1,1
14917,1,1,1,1
18856,2,1,0,1
12511,2,1,0,1
12047,0,2,0,0
27025,0,0,0,1
24425,2,3,1,1
7609,2,1,1,1
22845,0,0,1,1
14480,2,0,0,1
26981,0,1,1,0
28664,0,2,1,0
10091,1,1,0,1
21783,0,2,0,0
1417,0,1,1,1
4482,0,3,0,0
14925,1,3,0,1
17856,0,3,1,0
16075,0,2,0,0
6905,0,0,0,0
16752,1,2,0,0
6416,0,1,1,1
19262,0,2,0,0
29021,1,1,1,1
3138,0,2,0,0
22558,0,0,0,0
6927,0,3,1,0
14204,0,1,1,1
11389,0,1,0,0
17567,0,0,0,0
27711,0,2,1,1
391,0,0,0,1
19919,0,1,0,1
21911,0,1,0,0
734,0,2,0,0
5734,1,0,1,1
10904,1,2,1,1
688,1,3,0,1
239,0,2,1,0
3066,0,2,0,0
21111,1,1,0,1
29270,0,1,0,0
26931,0,1,1,1
23624,1,2,0,1
29840,1,1,1,1
29468,1,3,1,1
16718,1,2,1,1
26219,0,0,0,0
1881,2,1,1,1
6394,0,2,1,1
24220,0,3,0,0
2187,0,2,0,0
18499,0,2,0,0
19102,0,1,0,0
14588,0,1,1,1
21319,0,1,1,1
17580,1,2,0,0
29712,0,2,0,0
16201,3,1,0,1
5844,0,2,0,0
16454,0,2,0,1
21630,0,2,1,0
27582,0,1,0,0
8452,0,2,1,1
21653,0,3,1,0
10868,0,2,1,0
19018,0,2,1,1
15312,0,2,1,1
15480,0,2,1,0
2087,0,1,1,1
16139,0,1,0,0
27092,0,0,0,0
28749,0,2,1,1
10101,0,2,1,1
3878,0,2,1,1
5680,0,1,1,1
25553,0,2,1,1
11785,1,0,0,0
1894,0,2,1,1
19439,0,2,0,0
28676,0,2,1,0
29470,0,2,1,0
14711,0,2,0,0
24202,0,2,0,0
25671,0,2,0,0
17541,0,2,0,0
24117,0,1,0,0
11176,1,1,1,1
5356,0,2,0,0
9550,0,2,0,0
21960,0,0,0,0
3803,0,2,0,0
23702,1,1,0,1
911,0,1,0,1
18776,1,0,0,1
5922,1,2,0,0
7135,0,1,1,0
6969,1,1,1,1
16918,0,0,0,1
23384,0,1,0,0
1559,0,1,1,1
5826,0,3,0,0
6250,0,2,0,0
23360,0,2,0,0
9089,2,2,0,1
1886,0,2,1,1
5043,0,2,1,0
25972,0,1,0,0
21721,0,1,0,0
26773,0,1,1,0
2752,0,1,1,1
29655,0,1,1,1
23629,0,3,0,0
736,0,1,1,1
16993,0,1,1,0
22305,0,2,1,1
19411,2,2,0,1
18469,1,1,0,1
15226,0,1,1,1
5912,1,0,0,0
23039,0,1,1,0
22670,0,2,0,0
14635,0,3,0,0
29607,0,2,1,1
11733,1,1,1,1
19403,0,2,0,0
27648,0,3,1,1
20216,0,2,0,0
2506,0,2,0,0
6561,0,2,0,0
14161,0,1,1,1
22897,0,3,1,1
10591,0,2,0,0
20996,0,1,1,1
25581,0,1,0,0
12222,0,0,1,1
8196,1,0,0,1
4229,0,2,1,0
24906,0,2,1,0
20289,0,0,1,1
7321,0,2,1,1
20255,0,2,1,1
17480,0,2,1,0
28205,1,3,0,0
10063,0,1,0,1
10108,0,2,0,0
1000,0,1,1,1
29527,0,1,1,1
24487,0,1,0,0
4381,1,1,0,1
13323,0,1,0,1
11134,0,1,1,0
27545,0,3,0,0
14686,1,3,1,1
22050,0,2,1,1
28235,0,1,1,0
13188,0,0,1,1
25872,0,1,1,1
15376,1,3,0,0
7437,0,3,0,0
25994,0,1,1,1
29899,0,1,1,1
16787,1,1,1,1
4513,0,0,1,1
28298,0,3,1,0
29510,0,2,1,0
17785,0,2,0,0
5845,0,2,0,0
28914,0,1,1,0
4465,0,1,0,0
13549,0,2,0,0
708,0,2,1,1
13529,0,1,1,1
19756,0,1,0,0
2487,0,3,1,1
12926,0,3,1,0
2471,0,2,0,0
12453,1,3,0,1
7180,0,0,1,0
23829,0,0,0,0
6636,1,2,0,1
5963,1,1,0,0
17417,1,2,0,1
7719,0,1,0,0
24017,0,3,1,0
9408,1,2,0,1
517,0,1,0,0
26608,0,1,1,1
28373,2,2,1,1
9783,0,2,1,1
1711,0,2,1,0
29775,0,1,0,0
2071,0,2,0,0
4964,0,0,1,1
12365,0,1,1,1
7048,1,2,0,1
226,0,1,1,1
26508,1,0,1,1
19680,1,2,1,1
1862,0,1,1,1
19687,0,1,0,0
17544,1,3,0,1
19212,0,2,0,0
23606,0,1,0,0
20056,1,1,1,0
14286,0,1,1,1
9161,0,1,1,1
1430,0,1,1,1
8018,0,1,0,0
12086,1,1,1,1
23056,0,0,0,0
21935,0,2,1,0
29589,0,1,1,1
9677,0,1,0,0
27762,0,2,1,0
20405,0,3,0,0
20909,0,0,0,0
25015,0,2,1,1
960,0,2,1,1
7470,1,2,1,0
18766,0,2,1,1
4839,0,2,0,0
7747,0,1,1,1
13717,0,0,1,1
9467,0,1,0,0
7660,0,1,0,1
8701,0,2,1,1
14449,0,1,1,0
20073,1,2,0,0
3391,0,0,1,1
15897,0,2,1,0
17844,0,1,1,1
4027,1,1,0,0
14407,1,2,0,0
29512,0,1,1,1
6249,0,0,0,0
25655,0,1,0,0
25862,0,2,0,0
5308,0,1,1,0
14967,1,2,0,1
11592,0,3,1,0
13136,2,1,1,1
16525,0,2,1,0
11023,0,2,0,0
24085,0,2,0,0
27920,0,2,0,0
19360,0,0,0,0
5742,0,1,0,0
29799,0,1,1,1
11039,0,2,0,0
17575,0,3,1,0
16224,0,1,0,0
16464,0,2,1,1
19811,0,2,1,1
4675,0,1,1,0
15248,0,1,1,1
29635,0,1,1,1
26078,0,3,0,0
9682,1,1,0,1
2716,0,2,0,0
11133,0,2,0,0
18801,0,2,1,1
9785,0,1,0,0
19253,1,0,0,1
26371,0,2,1,0
13617,0,2,0,0
27628,1,3,0,1
10338,1,0,0,1
6745,0,0,0,1
23261,0,3,1,1
243,1,1,1,1
13479,0,2,0,0
13793,1,0,0,0
3186,0,3,0,0
26017,0,0,1,1
15618,0,1,1,1
10482,0,3,1,1
27102,0,1,0,0
23531,0,3,0,0
1296,0,2,1,0
14829,0,2,0,0
8951,0,2,0,0
3587,1,2,1,1
15362,0,1,1,1
20281,1,2,0,1
6708,1,1,0,1
10670,1,2,0,0
27627,0,2,1,1
11811,0,0,1,1
29631,1,2,1,1
5623,0,2,0,0
29563,2,0,0,1
22120,1,2,0,1
21246,0,2,1,1
24813,0,1,1,1
20615,0,3,1,1
24396,0,1,1,1
28542,0,0,0,0
13001,0,3,0,0
18319,1,1,1,1
19942,0,1,0,0
4763,0,2,0,0
1955,0,2,1,1
349,1,1,0,1
5441,1,2,0,0
26880,0,3,1,1
26599,1,1,0,0
25162,0,2,1,0
5374,0,1,0,0
16979,0,2,0,0
14838,0,1,1,0
10072,1,3,1,1
12173,0,2,1,1
27710,2,1,1,1
25156,0,3,1,0
20347,0,0,0,0
23188,0,3,0,0
11843,0,2,0,0
23191,0,3,0,0
29715,0,1,1,0
26242,2,2,1,1
23392,1,0,0,0
4234,0,1,0,0
19463,0,2,0,0
21572,0,1,0,0
21622,0,1,1,1
26327,0,0,1,1
7652,0,3,1,0
21311,0,1,0,0
16990,0,3,1,1
1548,0,2,1,0
29186,0,1,0,0
9201,0,1,0,0
716,1,1,1,1
17760,0,1,0,0
26582,0,2,1,1
10610,0,1,1,1
22794,1,1,0,1
8735,0,0,1,1
13067,0,1,1,1
27379,0,0,1,1
4341,0,1,1,1
29528,0,2,0,0
6782,1,1,0,1
19294,0,2,0,0
8227,0,1,1,1
29020,0,0,0,0
7992,0,1,0,0
26274,0,2,1,1
26555,0,2,1,1
13841,0,0,0,1
26630,0,1,1,1
11332,1,3,1,1
13109,0,2,0,0
11067,0,2,1,1
16950,0,2,1,0
12914,0,1,0,0
24489,0,1,0,1
17220,0,2,0,0
19547,0,2,0,0
11184,0,1,0,0
25645,1,2,1,1
15637,2,2,1,1
2903,0,1,0,0
14154,1,1,1,1
25637,2,0,1,1
2396,1,2,0,0
11572,2,2,1,1
27468,0,2,0,0
7432,0,2,0,0
2011,1,2,1,1
6956,1,1,1,1
22759,0,1,0,0
9784,0,1,0,1
13128,0,3,1,0
4430,2,3,0,1
1119,0,2,0,0
18722,0,2,1,1
12126,0,2,0,0
3302,2,0,0,1
3299,0,1,1,1
8357,0,1,1,1
4072,0,2,0,0
15341,0,0,1,1
3500,0,1,0,0
27990,0,1,0,0
16480,0,2,1,0
866,0,1,0,0
553,0,0,1,1
3836,1,2,1,1
8790,0,1,0,0
13121,0,2,1,0
29958,0,1,0,0
4041,1,2,0,0
19714,0,1,1,1
13242,0,2,1,1
29298,0,2,0,0
23485,0,2,1,1
23803,0,2,0,0
9266,0,1,0,0
22350,0,1,1,1
13946,0,0,0,0
5067,0,2,0,0
22531,0,2,0,0
7926,1,2,1,1
12833,0,2,1,0
25535,2,3,0,1
10501,0,0,0,1
16398,2,2,1,1
7203,0,1,1,1
1982,0,3,0,1
636,1,1,0,1
2938,0,0,0,0
19561,1,3,0,0
9291,0,1,1,1
14455,0,1,1,1
4469,0,1,1,0
12776,0,3,1,1
6870,1,2,1,1
7438,0,2,1,1
21332,1,0,1,1
22363,0,1,1,0
10042,1,3,0,0
6457,0,1,0,0
10818,0,0,1,1
1987,0,1,0,0
27995,0,1,1,1
29791,0,0,1,1
18405,0,1,1,1
26478,1,2,1,1
14327,0,2,1,0
3100,0,2,0,0
16390,0,1,1,0
2054,0,0,1,1
1785,1,2,1,1
25370,0,2,1,1
5686,0,2,1,1
20706,0,1,1,1
28192,0,2,1,0
29548,0,3,0,0
3488,0,3,0,0
13236,1,2,0,0
19975,0,3,0,0
17790,0,3,1,0
15431,0,1,1,1
26859,0,2,1,1
18854,1,3,0,0
19266,0,0,1,1
17728,1,2,0,0
12664,0,1,1,0
28262,1,1,1,1
1930,0,2,1,0
21844,0,1,1,1
11850,0,1,1,0
9197,0,2,0,0
21087,0,1,1,1
23147,1,1,0,1
11328,1,1,1,1
1817,0,1,1,0
19395,0,2,0,0
10632,0,1,0,0
12230,0,2,0,0
14150,0,2,1,1
25295,1,1,1,1
2143,0,2,1,0
842,0,2,1,0
8604,0,2,0,0
2647,0,3,1,1
3030,1,2,1,1
28272,0,1,0,0
14992,0,2,1,1
17236,0,1,0,1
25959,1,0,0,1
992,0,3,1,0
8485,0,1,0,0
11313,0,1,1,0
18304,0,0,0,0
6012,1,1,0,1
22914,0,1,0,0
1324,1,1,0,1
21416,1,1,1,1
2178,0,1,1,1
3662,0,1,1,1
12845,0,1,1,1
25411,0,2,0,0
23263,0,1,1,1
331,1,1,1,1
19397,0,0,0,0
21288,0,1,1,0
23193,1,2,1,1
5916,2,3,0,1
16751,0,1,0,0
18294,1,3,1,1
11834,1,0,0,1
442,0,0,1,1
28887,0,1,1,0
12798,0,2,1,1
20987,0,3,1,1
2424,0,3,0,0
19534,0,1,1,0
11542,0,2,0,0
24578,0,1,0,0
20964,0,2,1,0
28918,0,1,0,0
18084,1,1,1,1
13275,0,1,0,1
19155,0,2,1,1
10739,0,1,0,0
11293,1,2,0,1
6865,0,1,1,1
11708,0,0,1,1
22537,0,1,0,1
1322,0,2,1,1
25187,0,1,0,0
13910,0,3,0,0
6690,1,0,0,1
7451,0,1,1,1
9049,0,1,1,1
12577,1,2,0,0
9822,0,0,1,1
29529,0,2,0,0
15774,0,3,1,0
22937,0,0,1,1
856,0,3,0,0
15739,0,1,0,0
3465,0,1,1,0
6179,0,0,0,0
16217,1,1,1,1
13512,0,0,0,0
27235,0,2,1,1
396,0,1,0,0
24920,0,1,1,0
19414,0,2,1,1
21800,0,1,0,0
4404,0,2,0,0
22482,0,1,1,1
18492,0,0,0,0
26206,0,2,0,0
26804,0,2,0,0
23982,0,2,1,1
9075,0,0,1,1
28470,0,2,0,0
24224,0,2,0,0
28214,0,1,0,1
9162,0,2,0,0
8463,1,3,1,1
8033,0,2,1,0
10771,2,2,1,1
10760,0,1,1,1
3584,2,2,0,1
3380,1,1,1,1
11699,0,0,0,0
17607,0,2,1,1
4650,0,2,1,1
11035,0,2,0,0
13336,0,1,0,0
24466,1,2,1,1
26127,1,2,0,1
22397,1,0,1,1
23545,0,1,0,0
7183,0,1,1,1
4091,0,1,0,1
10345,0,2,0,0
18184,1,2,0,1
28051,1,1,1,1
14906,0,2,0,0
625,0,1,0,0
28774,0,1,0,0
2866,1,2,1,1
210,0,2,0,0
2245,0,1,0,0
3151,0,2,1,1
24032,0,2,0,0
19692,0,0,0,0
18015,0,1,0,0
17688,0,2,1,1
25632,1,1,1,1
14943,0,2,1,0
29646,0,3,0,0
5039,0,2,1,1
390,1,2,0,1
20374,1,3,0,0
14313,0,2,1,0
7177,1,1,0,0
15646,0,2,1,1
27238,0,0,0,0
27328,0,2,0,0
13996,1,1,0,1
26499,1,0,1,1
18045,0,0,0,0
18725,0,0,0,1
17847,0,1,0,0
20914,1,1,0,1
28134,0,3,1,0
9933,1,2,1,1
15016,0,2,0,0
29700,0,1,0,0
23898,0,3,0,0
27755,0,2,0,0
14974,1,2,0,1
8491,0,2,0,0
20898,0,2,1,0
6191,0,3,1,1
10295,1,2,0,0
22811,1,2,1,1
5691,1,2,0,0
23625,1,0,1,1
25017,0,2,1,1
26489,0,3,1,1
11621,0,0,1,1
26629,0,2,0,0
12285,1,0,1,1
1885,0,3,0,0
8764,1,0,0,1
16940,1,2,1,1
22303,0,1,1,1
5093,0,1,1,1
24276,0,1,0,0
21475,1,0,1,1
18681,0,1,0,0
27225,0,1,0,1
12429,0,1,0,0
26739,0,1,0,0
5689,0,3,1,1
6539,0,2,1,1
14911,0,1,0,0
23920,0,1,1,1
9514,1,2,1,1
16395,0,2,0,0
15396,0,2,1,0
3315,1,0,0,0
363,1,1,1,1
1926,1,1,0,0
16154,0,3,1,1
17650,0,1,0,0
6929,0,2,1,1
11623,1,1,1,1
2515,0,2,0,0
6437,0,1,1,0
20151,0,2,1,1
1355,0,0,1,1
4869,0,3,1,1
4798,0,3,0,0
25502,0,1,1,1
26541,1,0,0,1
21781,0,2,1,0
8455,0,1,0,0
5055,0,0,1,1
8111,0,2,0,0
2062,1,1,0,1
990,1,0,1,1
4432,0,1,0,0
10809,0,1,0,1
26241,0,1,1,1
11042,0,3,0,0
13344,1,2,0,0
29114,1,1,0,1
11495,0,1,1,1
892,0,2,0,0
28119,0,2,0,0
13620,0,2,1,1
17911,0,3,1,1
5578,0,2,1,1
9709,0,2,0,0
7349,0,1,0,0
23267,0,1,0,0
10694,0,1,1,1
168,0,2,0,0
13784,0,1,0,0
7706,0,2,0,0
29745,2,2,0,1
19997,0,2,0,0
23088,0,2,1,0
18053,0,1,0,1
20775,0,3,1,0
17596,0,1,0,0
28726,0,2,0,0
5810,0,2,1,0
3227,0,3,0,0
12722,0,2,1,1
22746,0,1,0,0
16987,0,2,0,0
2227,1,1,0,1
14126,0,3,1,0
3101,0,1,1,0
29546,0,1,1,1
16052,1,0,0,0
20338,0,1,0,1
12292,0,3,0,0
21809,1,2,0,1
163,0,1,1,1
19334,2,1,0,0
16700,0,1,0,0
5432,0,0,0,0
28326,0,2,0,0
15607,0,3,1,1
20792,0,2,0,0
16265,0,1,0,0
3305,0,2,0,0
5370,1,1,0,0
6502,1,1,1,1
2885,1,2,1,1
27445,0,2,0,0
27052,0,0,0,0
23410,0,0,0,0
28546,0,1,0,0
27586,0,2,0,0
21545,0,2,1,1
11474,0,1,1,0
2948,0,1,0,0
9413,1,2,0,0
17375,0,1,1,1
1288,0,1,1,1
7386,0,1,0,0
9176,0,1,0,0
8743,0,2,0,0
5743,1,0,0,1
25446,1,1,1,1
1309,0,1,1,1
15452,1,2,1,1
748,0,2,1,0
22838,1,1,1,1
12029,0,1,0,0
4719,0,1,0,0
19884,0,1,1,1
23493,0,1,0,0
16430,0,1,0,0
12195,0,3,1,1
8489,1,3,1,1
1970,1,2,1,0
18083,0,2,1,1
12618,0,0,0,0
19511,0,2,0,0
2992,1,2,0,1
13332,0,2,1,1
4242,0,0,1,1
22675,0,1,1,0
12488,0,2,1,1
12518,1,1,0,0
24954,1,1,0,1
4507,1,1,1,1
10664,0,2,0,0
22309,0,2,1,0
15654,0,1,0,1
17665,1,1,0,1
6023,0,2,1,0
19097,0,0,0,0
27103,0,2,1,1
22281,0,0,0,0
27305,0,3,0,0
16877,0,1,0,0
10727,1,2,0,1
27558,0,1,1,0
12486,0,2,1,0
23913,0,0,1,1
5590,0,0,0,1
40,1,1,0,1
28194,0,1,0,0
28646,0,2,1,0
12111,0,1,1,1
2367,0,1,1,1
14079,1,1,0,0
16561,0,2,0,0
12097,0,0,1,0
328,0,2,1,1
12216,0,2,0,0
23935,0,1,0,1
14114,0,1,0,0
2602,0,2,1,1
23279,0,1,1,1
19586,0,2,0,0
12622,0,1,1,1
2689,0,2,1,1
3486,0,1,0,0
25857,1,1,0,0
21671,0,2,1,1
23241,3,1,0,1
17187,0,2,0,0
29857,0,3,0,0
23200,0,3,1,1
175,0,2,0,0
24793,0,1,0,0
20852,0,2,0,0
6563,0,2,0,0
9669,0,0,1,1
20619,0,3,1,0
18224,0,0,0,0
17099,1,1,0,1
11842,0,1,1,1
16377,0,2,1,1
5722,0,1,0,0
21641,0,3,1,0
14433,2,0,1,1
12467,0,2,0,0
2679,0,1,1,1
15724,0,3,0,0
7425,1,1,0,1
27327,0,1,0,0
18952,0,2,0,0
26176,0,1,0,1
22938,0,2,0,0
28687,0,1,0,0
1756,0,1,0,0
3046,1,1,0,1
2168,0,1,0,1
24640,0,3,0,0
9990,0,1,0,0
13697,0,1,1,1
3207,0,0,1,1
6996,0,1,1,1
13355,0,2,0,0
9895,0,2,1,0
350,0,2,1,0
8844,1,2,0,0
12073,0,2,0,0
3332,1,2,1,1
8914,0,2,1,1
17407,0,3,0,0
15209,1,1,0,1
22738,0,3,0,0
19144,1,3,0,0
8359,1,1,1,1
12416,0,2,0,0
7190,0,3,0,0
2365,0,0,0,0
3255,0,2,0,0
77,0,0,1,0
5266,0,1,0,0
21943,1,1,0,0
25210,0,2,1,0
5426,0,2,1,1
3666,0,1,0,0
10292,1,2,0,0
11148,1,1,1,1
21503,0,0,1,1
7669,0,1,0,0
20419,0,2,1,1
8869,0,2,1,0
22767,0,1,0,0
22043,0,1,1,1
22992,0,2,0,0
9717,1,1,1,1
7830,1,0,1,1
376,2,3,1,1
23709,0,1,0,0
13634,0,2,1,1
27011,0,2,0,1
24140,0,2,0,0
17615,1,2,0,0
15253,0,2,1,1
461,0,2,0,0
21038,0,1,1,1
1304,0,2,1,1
8545,1,0,1,1
24947,0,2,0,0
20724,0,0,1,1
17686,0,0,1,1
23099,0,2,1,1
27525,0,2,1,1
9874,1,1,1,1
19317,0,1,1,0
4782,0,2,0,0
21390,1,3,1,1
19502,0,2,1,1
11821,0,2,1,0
8442,0,0,0,0
15757,0,2,0,0
16952,0,2,0,0
6509,0,2,1,0
15813,0,2,0,0
715,0,1,0,0
18115,0,1,0,1
25323,1,2,0,1
15119,0,1,1,1
7291,0,1,1,1
6633,0,1,1,1
8654,0,2,0,0
27386,0,3,1,0
11611,1,0,1,1
1615,1,2,0,1
5885,0,1,1,0
15281,0,1,0,0
6954,0,0,0,1
6856,0,1,1,1
600,0,1,1,1
9236,0,1,0,0
12096,1,2,0,1
24948,0,0,0,1
24612,1,2,1,1
21782,0,2,0,0
7987,0,1,0,0
4909,1,1,1,1
4833,0,2,1,1
28556,0,2,0,0
20685,1,2,1,1
8499,0,2,1,1
3140,0,3,1,0
28464,0,3,1,1
6869,0,1,0,0
1619,0,2,0,0
29092,0,1,0,0
21530,0,2,1,0
26928,1,3,1,1
26986,1,1,1,1
9072,0,2,1,0
3257,0,2,1,0
6217,1,1,1,1
16488,1,2,0,1
126,0,0,0,0
862,0,3,1,1
13062,0,1,1,1
1602,0,1,1,1
10230,0,3,0,0
3563,0,0,1,0
1573,1,0,1,1
24965,0,2,0,0
28458,1,2,1,1
5993,0,1,0,0
20954,0,2,1,0
16099,0,3,0,0
2821,0,1,0,1
1792,0,2,1,0
2338,0,1,1,1
1687,0,1,0,0
8771,1,1,1,1
19983,0,3,1,1
25181,0,1,0,0
13249,0,2,1,1
19376,0,2,1,0
9979,0,2,1,0
19082,0,0,0,0
5758,0,3,1,1
27737,1,2,0,1
19496,0,1,0,0
23791,0,1,0,0
24488,0,2,1,1
25530,1,1,0,0
559,1,1,1,1
607,1,2,0,0
8140,0,2,1,1
9343,0,2,0,0
15247,0,2,1,1
6634,0,1,1,1
28409,0,1,1,1
26290,0,3,1,1
24172,0,3,0,0
26344,0,0,0,0
16721,0,2,1,1
18177,0,2,0,1
14985,0,2,0,0
12169,0,2,1,1
27589,0,2,1,1
16102,1,2,0,0
2059,1,3,0,0
16385,0,2,0,0
11789,0,0,1,1
7904,0,1,0,0
20771,1,3,1,1
22943,1,1,0,0
25745,1,2,1,1
9642,0,1,0,1
10316,0,2,1,1
19298,0,0,0,1
22553,1,2,0,0
11624,0,0,1,1
21640,1,0,0,1
15499,0,2,0,0
16333,0,2,1,0
3941,0,2,1,1
11383,0,1,0,1
24575,0,2,0,0
3406,0,1,1,1
13132,1,1,0,1
10188,0,1,0,0
24913,0,2,0,0
16934,0,3,0,0
15270,0,0,1,1
26995,0,0,0,1
9498,1,1,0,1
12556,0,1,0,0
25461,0,3,1,1
28795,0,2,0,0
29804,0,0,1,0
12624,0,2,1,0
16086,0,2,0,0
19864,0,2,1,0
27435,1,2,0,0
6562,0,2,1,1
23780,1,1,0,1
8582,0,2,0,0
7611,0,2,1,1
8266,1,1,0,1
14453,0,1,0,0
5028,2,2,1,1
1874,0,2,1,1
7560,1,2,1,1
15632,0,3,1,1
26681,1,2,0,1
12095,0,3,0,0
17988,0,2,1,1
19957,0,2,0,0
15878,1,1,0,1
22277,0,0,0,1
3573,0,3,0,0
16872,0,1,1,1
11656,0,2,0,0
26693,0,1,0,0
29361,0,3,1,1
2280,0,0,1,1
26569,1,2,0,1
8098,0,2,1,0
6671,0,2,0,0
14245,0,2,1,0
16282,0,2,1,1
26717,1,3,1,1
22708,1,1,0,1
16040,0,2,0,0
9909,0,1,1,1
6373,2,1,0,1
23708,1,2,1,1
12687,0,1,1,0
26465,0,1,0,0
17504,0,3,1,0
23781,0,3,1,0
1248,0,2,1,0
13405,1,2,0,0
4595,2,1,0,1
7075,0,1,1,1
15526,0,1,0,0
5457,0,1,0,0
18815,0,3,0,0
17777,1,2,1,1
24352,1,0,0,0
17219,0,2,1,1
5139,0,1,1,1
16895,1,2,0,1
24556,2,3,0,1
29568,0,1,1,1
3716,0,1,0,1
15565,0,2,0,0
9353,0,2,0,0
20009,0,1,1,1
3350,0,0,0,0
27806,0,0,1,1
27153,0,2,0,1
7753,1,3,0,0
25336,1,2,1,0
17764,0,1,0,0
7150,1,1,0,0
4808,0,1,0,0
26043,0,2,1,0
16880,0,2,0,0
26384,0,2,0,1
1727,1,3,1,1
16245,0,0,0,0
26576,0,2,0,1
19056,0,2,1,0
14720,0,2,0,0
20787,0,0,0,0
18692,0,1,0,0
3904,0,1,0,0
49,0,1,0,0
29717,1,1,1,1
14311,1,0,1,1
10391,0,2,0,0
3613,0,1,0,0
25911,1,1,1,1
26169,0,0,0,0
19045,0,1,0,1
24763,0,2,1,1
4001,1,2,0,1
24608,1,1,1,1
9863,0,1,1,1
18058,0,0,1,1
22841,0,1,0,0
8332,0,2,1,1
28023,0,1,0,0
15079,0,2,0,0
25332,0,1,1,1
9370,1,2,0,0
25400,0,1,1,1
2870,0,3,1,1
4882,1,1,0,0
24547,0,2,0,0
255,0,2,0,0
18688,1,2,1,1
10767,0,0,0,0
17769,0,2,0,1
24151,0,2,1,0
4790,1,3,0,0
12190,0,1,0,0
14118,1,2,0,1
5414,0,1,1,0
24490,0,2,1,0
16770,0,2,0,0
2368,0,3,1,0
8054,1,2,0,1
3402,0,1,1,1
4971,0,2,1,1
6695,0,2,0,0
17223,1,0,1,1
18932,0,1,0,0
11763,0,2,0,0
23940,0,2,1,1
7980,0,2,0,0
3698,0,2,0,0
25356,1,1,1,1
14460,0,2,1,1
4721,0,1,1,1
8214,0,1,1,1
18508,0,2,0,0
26914,0,1,0,0
5766,0,2,1,0
8247,0,0,1,1
20746,0,1,0,0
11670,0,2,0,0
11924,1,3,1,1
29108,0,3,0,0
9973,0,3,1,1
17061,0,2,0,0
20099,0,1,0,0
22076,0,3,1,1
21424,1,3,1,1
1461,1,3,1,1
16864,0,3,1,0
8072,0,3,0,0
17783,0,2,0,0
13563,0,1,0,0
9778,0,0,1,1
8908,1,1,1,1
23826,0,2,1,1
24610,0,0,1,1
23251,1,0,0,1
26910,1,1,0,0
10885,1,2,0,0
25557,0,3,0,0
8506,0,1,1,0
1789,2,1,1,1
9348,0,2,1,1
3953,0,1,1,1
14704,0,1,1,1
29226,1,3,0,0
12056,0,1,0,1
5708,0,1,0,0
22274,0,0,1,1
5919,1,2,0,0
1537,1,2,1,1
13633,0,0,0,0
6541,1,2,1,1
23936,0,3,0,0
19478,1,2,0,1
8786,0,2,0,0
14781,0,3,0,0
12697,0,1,0,0
19472,0,0,1,1
552,1,1,1,1
18230,0,1,0,0
21544,0,1,0,0
15025,0,3,1,1
24323,0,2,1,1
24231,1,2,0,1
16728,0,0,0,1
11895,0,0,0,0
10593,0,1,1,1
26335,0,2,0,0
11507,2,1,0,1
11400,1,2,0,0
8003,0,0,1,1
5995,0,0,0,0
21069,0,1,0,0
7848,0,2,1,0
10217,0,0,1,1
21109,0,1,1,1
1066,0,1,0,0
5683,1,2,1,1
10881,0,2,0,0
24995,0,0,1,1
17989,0,2,0,0
20721,0,0,1,0
27792,0,1,1,1
22726,0,3,0,0
25050,0,2,0,0
2407,0,1,1,1
27616,0,2,1,1
25496,0,1,0,0
20779,0,1,1,1
12137,0,3,1,1
18719,0,2,1,0
26247,0,2,1,0
5487,1,2,0,1
23925,0,1,1,1
4554,0,2,0,0
25483,0,3,0,0
27740,2,1,0,1
14636,0,0,1,0
2604,2,1,1,1
27380,0,3,0,0
19004,0,1,1,1
20568,1,2,1,1
3819,1,1,0,1
20993,0,1,1,1
10724,0,2,0,0
20650,0,2,1,1
105,0,3,0,0
19522,0,2,0,0
448,1,0,1,1
15768,0,1,1,1
9309,0,1,0,0
17258,0,0,1,1
2444,0,2,0,0
13146,0,2,0,0
28638,0,1,1,1
660,1,0,0,1
2091,0,2,0,0
25234,0,1,0,0
23250,0,2,0,0
1966,0,0,1,1
22012,0,1,0,0
7084,1,3,0,0
3830,0,2,0,0
3646,0,2,0,0
6144,0,3,1,1
19941,1,1,0,0
25473,0,1,0,1
25453,0,1,1,1
3506,0,1,1,0
22686,0,2,0,1
9775,2,0,1,1
14655,1,1,1,1
2408,0,2,1,0
28426,0,3,1,1
12291,0,1,0,0
21611,0,3,1,0
22816,1,2,0,1
11972,0,0,1,1
15169,0,2,0,0
3454,2,1,1,1
16466,0,3,0,0
12438,0,2,0,0
6855,0,2,1,0
13070,0,3,0,0
14227,0,1,0,0
12301,0,0,0,1
20478,0,3,0,0
22698,0,0,1,1
14059,0,1,0,0
25308,0,2,0,1
8892,0,1,1,1
22528,0,1,1,1
25566,0,1,0,0
27457,0,2,1,1
29684,1,2,1,1
17003,0,2,1,1
18113,0,2,1,0
27736,1,1,1,1
8070,0,1,0,0
5006,1,1,1,1
26484,0,2,1,1
5728,0,1,0,0
7826,0,2,1,1
1527,0,1,1,0
22178,0,2,1,1
25774,0,3,1,0
10497,0,2,0,0
13477,1,3,0,0
22355,0,1,1,1
13130,0,3,0,0
20875,2,3,1,1
13799,0,2,0,0
17091,1,3,1,1
20413,0,1,1,1
1493,1,2,1,0
24988,1,1,0,1
26565,0,0,0,0
16380,1,1,0,0
20692,0,2,0,0
9968,0,1,0,0
24023,0,2,1,0
14539,1,1,1,1
21148,0,1,1,1
14554,1,1,1,1
3498,1,0,1,1
27874,0,2,0,0
23033,0,1,0,0
25019,0,1,0,0
28985,0,1,1,1
2181,0,1,1,1
20557,0,1,0,0
7142,3,1,0,1
28003,2,1,1,1
27337,0,2,0,0
11957,0,1,0,0
1321,0,0,0,1
12677,0,3,1,0
3081,0,2,0,0
25544,1,1,0,1
17176,1,2,1,1
23511,0,2,1,1
6837,0,2,0,0
24653,0,0,0,0
22478,0,1,1,0
22840,0,2,0,0
21961,0,2,0,0
29444,0,2,0,0
17020,1,2,0,1
10143,0,2,0,0
142,0,1,0,0
14363,0,2,0,0
9308,1,2,0,1
23190,0,0,1,0
19114,0,1,0,0
17708,1,1,0,1
12638,1,2,0,0
12022,1,2,1,1
27652,0,2,0,0
21993,0,2,0,0
28361,1,2,1,1
6254,0,2,0,0
29508,0,2,0,0
3963,0,1,0,0
23248,0,1,1,1
2041,1,3,1,1
22101,0,1,0,1
5727,0,2,1,1
2406,1,0,1,1
7509,0,3,0,0
28101,0,2,1,1
5906,0,2,1,0
18338,0,1,0,0
1314,0,2,0,0
9502,0,1,0,0
22980,0,1,1,1
17238,0,2,1,1
18564,1,1,0,1
16664,2,1,0,1
15219,0,2,0,0
3859,0,1,1,1
25795,0,1,0,0
6930,0,1,0,0
14211,0,2,0,0
18044,0,1,1,1
1660,0,1,1,1
10836,2,1,1,1
17039,0,1,1,1
12985,0,2,0,0
18509,0,1,1,1
16345,0,1,0,0
21734,2,1,1,1
10053,0,2,1,1
6401,0,1,0,1
3657,0,1,0,0
16486,0,2,0,0
21688,0,1,1,0
20591,0,2,1,0
19302,0,1,1,1
14960,1,0,0,1
9027,0,1,0,0
26317,0,3,1,1
8180,0,1,1,1
9797,0,3,1,1
7834,0,2,0,0
19607,0,0,0,0
14626,1,3,0,0
21969,1,1,1,1
13742,0,2,1,1
733,0,3,1,1
6264,0,0,1,1
18792,0,2,1,1
22356,0,2,0,0
2106,0,1,0,0
23427,0,1,0,0
8012,0,2,0,0
7459,0,1,1,1
2541,1,1,1,1
24969,0,1,0,0
2664,0,2,0,0
4221,1,2,0,0
5051,1,3,0,0
407,1,0,0,1
2038,2,3,0,1
23805,1,2,1,1
1921,0,0,0,0
7971,0,2,1,0
3112,0,3,0,0
16123,0,3,0,0
17135,1,0,1,1
6885,0,3,0,0
29575,0,3,1,1
21999,1,3,1,1
21210,0,3,0,0
14952,0,1,1,1
28764,0,3,0,0
9632,0,0,1,1
23293,0,2,1,1
8805,1,2,0,1
19293,0,1,0,0
12227,1,1,1,1
3575,0,3,1,1
18168,0,2,0,0
21405,0,0,0,0
20344,0,2,0,0
11550,0,1,0,0
308,0,3,1,1
4340,0,1,1,1
7283,0,1,1,1
4942,0,2,0,0
6915,0,1,0,0
18919,0,2,1,1
19250,0,0,0,0
17004,0,0,0,0
13166,0,1,0,0
5473,0,2,1,1
4535,1,2,0,0
22743,1,2,0,1
26010,0,2,1,0
16985,0,3,0,0
13929,0,2,0,0
9352,0,2,1,1
7781,0,3,1,0
5855,0,0,0,1
22879,0,2,1,1
97,0,2,0,0
25144,0,2,1,1
10875,0,3,0,0
1706,1,1,0,1
17891,0,1,0,0
28118,0,1,0,0
6105,0,2,0,1
22757,0,0,0,0
12579,0,1,0,1
4160,0,0,1,1
25369,0,2,0,1
9124,0,2,0,0
22244,1,1,1,1
14670,2,1,0,1
10741,1,2,1,1
11102,0,3,0,0
5754,0,0,0,0
2676,0,2,1,1
27047,0,1,1,1
22416,0,0,0,0
10160,0,0,0,0
19624,0,2,1,1
26764,1,1,0,1
14430,0,1,1,1
643,0,2,1,1
16756,1,3,1,1
26636,0,0,1,1
1530,0,1,0,0
21431,0,2,1,0
24592,0,2,0,0
1208,0,1,0,0
17762,0,3,0,0
9629,1,1,0,0
26974,0,2,0,0
13151,0,1,0,0
18533,0,1,1,0
2190,0,2,1,1
4403,1,3,0,1
5881,0,2,1,0
3524,1,1,0,1
25168,0,0,1,1
18050,0,2,1,0
22291,1,1,0,0
26194,0,2,1,0
17995,0,1,1,0
444,0,3,1,1
26657,0,2,0,0
5113,1,2,1,1
11884,0,0,1,1
20796,0,2,1,0
152,1,0,1,1
1412,0,1,1,1
17253,0,3,1,0
6659,0,3,0,0
24403,0,1,0,0
17956,0,1,0,0
6190,1,1,0,0
10010,0,0,1,1
26467,0,2,1,0
551,0,2,0,0
906,0,0,0,0
20020,0,1,1,0
1241,0,2,1,0
25142,0,1,1,0
22243,0,2,1,0
6584,0,3,0,0
3490,0,3,1,0
6219,0,2,0,0
7125,0,1,1,0
6135,0,2,1,1
20398,0,1,0,0
23554,0,3,0,0
25079,0,1,1,0
15754,0,2,1,1
24584,0,1,1,1
9876,0,3,0,0
10181,0,1,1,1
19588,0,1,0,0
4903,1,2,1,1
16063,0,2,1,1
5513,1,1,1,1
1500,1,1,0,1
14958,2,2,1,1
12432,0,2,0,0
25909,0,1,1,0
2072,0,2,0,0
19883,0,0,1,1
9386,0,2,0,0
14765,0,2,0,0
370,0,1,0,0
2558,0,2,1,0
19149,1,3,0,0
12188,1,2,1,1
25579,0,0,0,1
16445,1,3,1,1
12231,0,2,1,1
19456,0,1,1,1
19539,0,2,1,1
16648,2,3,1,1
29437,0,1,1,1
5194,0,1,0,0
8488,0,1,0,0
5551,0,1,1,1
21321,0,2,1,1
17608,0,2,1,0
8171,0,2,0,0
5455,1,1,1,1
16184,1,1,1,1
9555,0,3,1,0
11904,1,0,1,1
21122,1,2,1,1
12017,0,1,1,1
25287,0,1,0,0
6647,0,0,0,1
6069,0,2,0,0
23814,0,2,1,1
6095,0,2,1,1
27418,0,1,1,1
7965,0,2,0,0
25644,0,1,0,0
28501,1,2,1,1
29880,2,1,1,1
13260,1,3,0,0
27461,0,2,0,0
23810,0,1,0,0
15220,0,1,1,0
12977,0,2,1,0
26285,1,1,1,1
16101,1,3,0,1
21276,0,1,1,1
16612,1,1,1,1
8230,0,0,1,0
18837,0,2,1,1
20395,1,1,1,1
13773,0,2,1,1
24643,0,1,0,0
15662,0,2,1,1
29460,0,3,1,1
21094,0,2,1,1
8703,1,2,1,1
20952,0,2,1,0
17116,0,2,1,1
25410,0,3,1,1
12315,1,2,0,0
21476,0,2,1,1
22569,0,0,0,0
19888,0,1,1,1
26421,0,3,0,0
28070,0,0,1,1
15996,0,3,1,0
21691,0,1,0,0
11874,0,1,0,0
26159,0,2,1,1
20477,0,1,0,0
18351,0,0,1,1
15280,0,0,1,1
7169,0,2,0,0
6185,1,2,0,1
3080,0,1,0,0
7824,1,2,0,0
14579,0,0,1,1
5667,0,1,0,0
28952,0,2,1,0
39,0,2,0,0
24979,0,2,0,0
26851,0,2,1,1
14981,0,3,1,1
12909,0,2,0,0
524,0,1,1,1
6445,0,2,0,1
12672,1,1,1,0
26939,0,2,1,1
10379,0,1,0,1
23153,0,2,0,0
16841,0,2,1,0
2292,0,1,0,0
28934,0,3,1,1
22239,0,2,1,1
18941,0,3,1,1
15165,0,1,1,1
5706,0,1,0,0
23727,1,3,0,0
28898,0,3,0,0
15391,0,3,0,0
11912,1,2,0,1
13098,0,1,0,0
18701,0,2,0,0
4087,0,2,0,0
10819,0,0,1,1
15817,0,3,0,0
17509,1,1,0,1
3778,0,1,1,1
7378,0,3,1,0
24147,0,0,1,1
29916,2,1,0,1
21422,0,0,0,0
9547,0,1,0,0
8154,0,1,1,1
3434,0,2,0,0
964,0,1,0,0
22852,0,2,0,0
21983,0,1,0,0
11551,0,2,1,0
18963,0,3,0,0
10311,0,1,0,0
24873,0,0,1,1
28371,0,0,1,1
27091,1,1,1,1
18926,1,1,1,1
5361,1,1,0,0
16609,0,2,0,0
24633,0,1,1,1
3571,0,1,1,1
659,1,2,1,1
26580,0,1,1,0
14825,0,2,1,1
14732,1,2,1,1
10654,0,2,1,0
26021,1,1,1,1
2517,0,1,1,0
7170,1,2,1,1
12908,0,2,0,0
13917,1,2,1,1
4956,1,1,1,1
27651,1,2,1,1
28370,0,2,0,0
23089,0,0,1,1
15245,0,2,1,1
7603,0,2,0,0
1746,0,1,1,1
11197,1,1,0,0
18252,1,1,1,1
5877,1,1,0,0
8557,0,1,1,1
1061,1,1,0,1
27948,1,2,0,1
8700,0,2,0,0
6722,0,3,0,0
18840,0,2,0,1
16283,0,1,0,1
23459,0,2,0,0
12099,0,2,1,0
13828,0,0,0,0
21584,1,1,1,1
19072,1,1,1,1
27224,1,1,1,1
24229,1,1,1,1
10779,2,1,0,1
29996,0,2,0,0
7184,0,1,1,1
23079,0,1,1,1
18156,1,1,0,1
3880,0,2,1,1
28640,1,0,1,1
11710,0,3,0,0
9104,0,2,1,1
17423,0,2,1,1
16460,0,0,1,1
13251,0,1,0,0
27684,0,3,1,1
25248,0,1,1,1
25103,0,2,0,0
20435,0,1,0,0
16908,0,3,1,0
13346,0,1,0,0
329,0,2,1,0
18339,0,1,0,0
14779,0,1,1,1
20144,0,1,1,1
4691,0,2,0,0
14403,1,3,0,0
22805,0,2,0,0
27791,0,2,1,1
5396,0,3,1,0
875,0,3,0,0
15437,0,2,0,0
7138,0,2,0,0
5207,0,1,1,1
12325,0,3,0,0
5277,0,1,0,0
2154,1,2,0,0
19563,0,3,1,0
10126,1,2,1,1
9911,0,2,1,1
20214,1,1,1,1
27343,0,0,0,1
27761,0,3,0,0
16679,0,3,1,1
29030,0,1,1,1
20532,0,2,1,0
6442,0,0,0,0
14840,1,1,0,1
4577,0,0,1,1
22430,0,2,1,1
27606,0,0,1,1
11576,1,1,0,0
816,0,1,0,0
5447,1,3,0,1
12140,0,2,0,0
13474,0,1,0,0
29220,1,0,0,1
24622,0,1,1,0
11064,0,2,1,1
20262,0,2,0,0
15845,0,3,1,0
21542,0,3,1,1
12836,0,2,0,0
19664,1,1,0,1
14758,0,2,0,0
29943,0,1,1,1
2783,2,1,1,1
7124,0,1,1,1
7587,0,3,0,0
15430,0,1,0,0
9411,0,0,0,0
19579,0,0,0,0
11026,0,2,1,0
24416,0,2,1,1
19320,0,0,1,1
5718,0,2,1,0
2809,1,2,0,0
10630,1,2,0,0
22318,1,1,1,1
20436,0,1,0,0
21450,1,0,0,1
23138,0,3,0,0
7271,0,2,0,0
21651,0,2,0,0
22465,1,3,1,1
21771,1,2,1,1
3636,0,2,1,0
24498,0,0,0,0
4077,0,0,0,1
721,0,1,1,0
18641,0,1,0,0
23095,0,3,1,1
16600,0,3,0,0
21190,0,1,1,0
11277,0,2,1,1
27495,1,2,1,1
22839,0,3,1,1
26864,0,2,1,1
22881,0,2,1,0
18811,0,2,1,0
15139,1,1,0,0
2098,0,2,0,0
9955,0,2,1,1
13115,0,1,1,1
28411,0,1,1,0
26226,0,2,0,1
23066,0,2,1,1
15356,0,2,1,1
9806,1,2,0,1
17499,2,2,0,1
5179,1,2,0,0
4313,0,2,0,1
27399,0,2,0,0
9872,0,3,1,0
20922,0,2,1,0
7279,0,2,0,0
16671,0,1,1,1
1478,0,0,0,0
12094,0,2,1,1
3106,0,1,1,1
3201,0,1,0,0
21764,0,2,0,0
18368,0,1,1,1
3428,0,2,0,0
13518,0,0,1,1
5460,0,2,1,1
3172,0,0,1,1
8570,0,2,0,0
29189,0,0,0,0
19078,0,2,1,1
4583,0,2,0,0
7187,1,1,0,0
25010,0,2,1,0
29305,0,0,0,0
3035,0,2,1,1
17254,1,1,1,1
19442,0,3,0,0
5707,0,1,1,1
7952,0,3,0,0
15940,1,1,1,1
3119,0,2,0,0
6983,0,1,0,0
5020,1,1,0,0
12091,0,0,1,1
11249,0,1,1,1
28156,0,1,0,0
25087,0,1,1,1
22378,0,2,1,0
5757,0,1,0,0
15500,2,2,1,1
28368,0,0,1,1
9487,0,2,1,1
3967,0,2,0,0
1400,0,1,1,1
4057,0,0,0,0
12890,0,2,1,1
16774,0,2,1,1
17245,0,1,0,0
29633,0,1,0,0
15275,0,1,1,0
18772,0,2,0,1
7405,0,2,0,1
20457,0,2,1,1
24129,2,1,1,1
29441,1,1,0,1
10800,0,1,1,0
18609,1,3,0,0
21620,0,1,1,1
22048,0,1,0,1
16344,1,1,0,1
1501,0,3,1,0
3435,0,1,0,0
22276,0,0,1,1
25487,0,1,1,1
19875,0,1,1,1
3004,0,2,1,1
7681,0,0,0,0
16854,1,1,1,1
29465,0,2,1,0
1524,0,1,1,1
17691,0,1,1,1
29388,1,3,1,1
17190,0,2,1,1
27932,0,3,1,1
23795,1,2,1,1
3103,1,2,0,0
23048,0,1,0,0
5701,0,1,0,0
4739,1,0,0,1
13575,1,1,1,1
10052,0,2,0,0
25035,1,3,1,1
18729,0,0,1,1
2295,0,2,0,0
25595,0,1,1,1
11513,0,3,0,0
26496,0,2,0,0
27114,0,2,1,0
29165,0,2,0,0
8645,0,2,0,0
28450,1,3,0,0
9218,0,1,0,0
9247,0,1,1,1
2607,0,1,0,0
21954,0,1,1,1
13211,0,1,1,1
20139,1,2,1,1
15661,0,2,0,0
7653,0,1,0,0
21465,0,2,1,1
6434,0,1,1,1
14700,0,0,1,1
22926,0,1,0,0
28416,2,2,0,1
9185,1,1,1,1
27232,0,2,0,0
28346,0,2,0,0
21681,0,1,0,0
8977,0,1,1,0
15680,0,0,0,0
28660,0,3,0,0
23643,0,0,0,0
5204,0,0,1,1
10038,0,2,1,1
3289,0,1,0,1
3141,1,3,1,1
102,0,1,1,1
352,0,0,0,1
12218,0,1,1,1
25538,0,0,1,1
13722,1,2,1,1
12109,0,1,0,0
13106,0,1,1,1
22886,0,1,0,0
7630,0,2,0,0
12100,0,2,0,0
22973,0,2,1,1
19724,0,1,0,0
25583,0,2,1,0
17941,1,1,1,1
16277,0,1,1,0
28658,0,2,0,0
9658,1,2,1,1
9485,0,2,1,1
26097,0,2,1,1
3858,0,1,0,0
25673,0,1,1,1
26205,0,1,0,0
21851,0,1,0,1
10725,0,1,1,1
23171,0,1,0,0
8194,0,2,0,0
17655,1,2,0,0
11149,0,0,1,1
9034,0,1,1,1
1911,0,2,0,0
16129,0,1,0,0
11915,0,1,0,0
18282,0,1,0,0
16713,1,2,0,0
29675,1,1,1,1
23977,0,2,1,1
18683,0,2,1,1
9015,0,0,1,1
18861,1,1,0,0
1286,0,2,0,0
13303,0,2,1,0
7308,1,3,0,0
3884,0,2,0,0
17595,0,2,1,1
26346,0,1,0,0
300,0,1,0,0
5663,1,2,0,0
27057,0,2,0,0
6581,1,2,0,0
22315,1,2,1,1
15345,0,2,0,0
6452,0,1,1,0
15746,0,2,1,0
18677,0,2,1,1
24145,0,2,0,0
16941,2,1,1,1
11830,0,1,1,1
10989,1,0,1,1
14010,0,0,1,1
28735,0,2,1,1
8982,0,2,0,0
28022,0,1,1,0
20929,0,0,1,1
24528,0,1,1,0
7519,1,0,0,0
16181,1,1,0,1
15503,0,2,1,0
23421,1,1,0,1
496,0,2,0,0
12103,0,1,0,0
969,0,2,1,1
23358,0,1,1,1
13,0,2,1,1
25999,0,1,1,0
22808,0,1,1,1
6802,0,0,1,1
27490,0,1,0,0
22638,0,1,1,1
17628,1,3,1,1
27193,1,1,1,1
2678,0,0,0,0
16186,0,3,1,0
2693,0,1,1,1
23440,0,2,0,0
2608,0,1,0,1
6188,1,1,0,0
15792,0,1,0,0
520,2,2,1,1
2519,1,1,0,0
26872,0,2,1,1
27229,1,1,0,1
7921,0,0,0,0
18292,0,3,1,1
7771,0,0,0,1
22081,0,2,1,0
17787,0,1,1,1
9553,0,1,1,1
29771,0,2,0,0
26593,0,2,0,0
9159,0,3,1,1
10805,0,3,0,0
20655,0,2,0,0
13217,0,2,1,0
10116,1,2,0,1
10282,0,3,1,0
14488,0,2,1,1
5355,0,1,0,0
11186,0,1,1,1
1290,0,0,0,0
14680,1,0,1,1
3618,0,1,1,1
5791,1,2,0,1
18794,1,2,1,1
8144,0,1,0,0
214,0,3,0,0
9144,0,1,1,0
22337,1,2,0,1
8037,0,2,1,1
28788,1,0,1,1
27900,0,1,1,1
26507,0,0,0,1
13958,1,2,0,1
7146,2,3,0,0
12205,0,2,1,1
993,0,3,1,1
17877,0,2,0,0
21944,1,0,0,0
6848,0,3,1,0
18254,1,1,1,1
13545,0,1,0,0
2778,0,2,0,0
7757,2,0,0,1
2484,0,1,1,1
27250,1,0,0,1
28162,0,2,0,0
14216,0,1,1,0
9586,0,1,0,0
13897,0,2,1,1
4830,0,2,0,0
14006,0,2,1,1
3555,0,1,0,0
18895,0,2,1,0
24618,0,2,0,0
9146,0,2,1,1
19506,0,2,1,1
4431,0,0,0,0
10977,0,2,0,0
22628,0,2,1,0
20061,0,1,0,0
19368,0,1,1,1
64,0,3,1,0
7523,0,2,0,0
462,1,2,0,1
16392,1,1,0,1
9099,0,3,1,0
28782,2,2,1,1
28586,0,1,1,1
28685,0,2,1,1
10169,0,1,0,0
21197,0,3,1,0
6668,0,3,1,1
16156,1,3,0,0
28257,0,2,1,1
7696,1,1,1,1
20773,0,0,1,1
16358,0,3,0,0
19858,3,3,1,1
21051,1,3,1,1
23607,1,0,1,1
3912,0,2,0,0
7453,1,0,1,1
16742,0,2,0,1
4910,0,3,0,0
21096,0,2,0,0
9904,0,1,0,0
3956,0,2,0,0
26585,0,1,1,0
18216,0,2,1,1
23841,0,2,0,0
29239,0,1,0,0
6340,1,2,0,0
25375,1,3,1,1
10349,0,2,0,0
13712,1,1,1,1
6718,1,2,0,1
3225,0,1,1,1
25454,0,1,0,1
21286,0,1,1,1
26040,0,1,0,0
25691,0,1,1,1
10776,0,1,1,1
6262,0,1,1,1
22781,0,1,0,0
17181,1,3,1,1
5066,0,3,1,0
26142,0,0,0,0
5935,0,0,0,1
18578,0,3,1,1
10041,0,1,0,0
13507,0,1,0,0
9538,1,1,0,0
26823,0,2,1,1
5481,0,2,1,1
9475,0,3,1,0
898,0,2,0,1
12693,0,1,0,0
11380,1,1,0,1
22826,0,2,1,1
10545,0,2,1,1
9173,0,2,0,0
6052,0,3,0,0
13363,1,1,1,1
11019,1,1,1,1
1272,0,1,0,0
13041,0,1,0,0
27234,0,2,1,0
20752,1,1,0,1
19672,0,2,1,1
1647,0,1,1,1
16582,0,2,1,1
9138,0,0,1,1
24555,0,2,0,0
3697,1,0,0,1
12354,0,2,1,0
11727,0,2,0,0
6278,0,0,0,1
2345,0,3,1,1
18764,0,1,0,0
11597,0,1,0,0
13377,0,2,0,0
9689,0,2,1,1
428,0,3,0,0
13492,0,0,1,1
15795,0,2,0,0
13914,0,0,1,0
24015,0,0,1,1
24506,0,2,1,0
19790,0,2,1,1
27463,2,1,0,1
29190,0,2,1,0
21036,0,1,0,0
8324,0,1,1,0
4451,0,2,0,0
2242,1,1,0,0
24797,1,1,0,0
13750,0,2,0,0
12243,0,1,1,1
18012,0,0,1,1
28259,0,1,0,0
222,0,2,0,0
20551,0,2,0,0
4107,0,3,1,0
29741,0,1,1,1
24392,0,2,1,1
6721,0,1,1,1
21704,0,1,1,1
5279,0,2,1,1
14940,0,2,0,0
13744,0,2,1,1
14818,0,0,1,0
25359,0,1,0,0
19509,0,0,1,1
13836,0,3,0,0
28468,1,1,1,1
15369,0,0,0,1
10328,0,1,1,1
18839,0,3,1,1
14031,1,2,0,0
10266,0,2,1,0
12874,1,1,0,0
6273,0,2,1,1
28656,0,1,0,0
12495,0,2,0,0
7767,0,2,0,0
17015,0,1,0,0
25856,0,3,0,0
10380,0,3,1,0
19336,0,1,0,0
22240,1,2,0,0
11668,0,2,1,1
79,0,2,1,1
20084,0,0,0,0
11859,0,2,0,0
18473,0,1,0,0
28944,0,3,0,0
24703,2,1,0,1
22007,0,3,0,0
19947,1,1,1,1
18761,0,3,1,0
1365,0,1,1,1
28163,1,2,0,1
16045,0,0,1,1
9232,0,1,1,1
14927,0,2,1,1
3684,0,2,1,0
24335,1,2,1,1
18472,1,1,0,0
22157,1,1,0,0
28077,0,3,0,0
6725,0,2,1,1
28702,0,1,1,0
6552,0,1,0,0
2379,0,2,0,0
6938,2,1,0,1
1716,0,1,1,0
26958,0,2,0,0
27504,0,3,1,1
27960,0,1,0,1
20823,0,1,1,1
20822,0,2,1,1
29550,0,2,1,1
1707,0,1,1,1
6819,0,0,0,0
18863,0,2,1,1
9419,0,1,1,0
17838,0,1,0,0
9850,1,0,0,0
14078,0,2,1,1
28087,0,2,0,0
18611,0,1,1,1
2320,0,1,1,1
2794,0,1,0,0
21692,1,3,0,0
16922,0,1,1,1
7012,0,2,0,0
23337,0,2,0,0
21742,0,2,1,0
6823,0,2,0,0
13600,1,2,1,1
25663,0,3,0,0
25233,0,1,1,0
11862,0,1,1,1
1244,1,0,0,1
27647,1,1,0,1
29055,0,2,1,1
6205,1,2,1,1
7545,0,2,1,1
18134,0,1,0,0
2049,0,2,0,0
26267,0,1,0,0
27713,0,2,0,0
21480,1,3,0,0
1147,0,2,0,0
18579,1,0,1,1
3605,0,1,0,0
4837,1,0,0,0
21004,0,0,1,1
4167,0,1,0,0
29612,0,2,0,0
22016,0,3,1,1
9252,0,1,0,0
6303,0,2,0,0
29629,0,1,0,0
20702,0,2,1,1
18089,0,0,1,1
21206,0,0,0,0
268,0,0,1,1
111,0,1,1,1
15299,1,2,1,1
11086,0,2,1,1
1088,0,2,0,0
9053,0,1,1,1
20679,1,1,0,1
25932,0,2,0,0
29017,1,2,1,1
8278,1,0,1,1
4590,1,2,0,0
28203,2,0,0,1
2002,0,1,0,0
10047,0,3,1,1
15389,0,1,1,1
6542,1,2,1,1
6897,0,1,0,0
6757,0,1,0,0
15121,0,3,1,0
28091,0,0,1,1
7384,0,1,1,1
4745,0,1,1,1
4777,0,0,1,1
9901,0,1,0,0
7763,0,0,0,1
28197,0,1,0,0
257,0,2,1,0
22918,0,2,0,0
19380,1,1,0,0
28757,0,1,1,1
3003,0,1,1,0
3515,0,3,1,0
7080,0,2,1,1
24706,0,1,0,0
20439,0,1,1,1
28577,0,1,1,1
4966,0,1,1,1
1897,0,3,1,0
21625,0,0,1,1
24658,0,3,1,1
22253,0,1,1,0
23931,1,1,1,1
10128,0,3,0,0
29921,0,2,1,1
305,0,1,1,1
3020,0,3,1,0
28414,0,1,1,1
13071,1,2,1,1
16410,2,1,0,1
2278,0,0,0,0
27970,0,1,0,0
7794,0,2,1,1
14257,0,3,0,0
1357,1,1,1,1
2986,1,1,0,1
24388,0,2,0,0
22677,0,2,1,1
13879,0,1,0,0
25921,0,0,1,1
20522,0,1,1,1
1539,0,2,0,0
21222,0,1,0,1
29325,0,2,0,0
19810,0,0,1,1
8460,0,0,0,0
27007,1,1,1,1
20656,1,2,0,0
29013,0,2,0,0
4567,0,3,1,1
12526,1,0,1,1
4527,0,2,0,0
23218,1,1,1,1
20955,0,2,1,1
246,1,1,0,1
5154,0,0,0,0
22761,0,2,0,0
27820,2,1,1,1
7373,0,1,1,1
20938,0,1,0,0
21558,0,0,1,0
21457,0,2,1,0
3325,0,2,1,1
24925,0,1,1,1
13360,1,2,1,1
21506,0,1,1,0
23299,0,2,0,0
15204,0,1,0,0
19636,0,2,1,1
11682,0,3,1,1
25131,1,2,0,1
9666,0,2,1,0
7427,0,2,1,0
18183,0,1,0,1
2289,0,3,1,0
9493,0,2,1,1
15753,1,1,0,1
27562,0,2,1,1
5301,0,1,1,0
25107,0,3,0,0
11426,0,1,0,0
20971,0,3,0,0
20540,0,2,1,1
7322,1,1,0,0
25299,0,2,1,0
15125,0,2,1,1
11279,0,2,1,0
21098,0,2,0,0
7814,0,1,1,0
28279,1,1,0,0
26664,1,2,1,1
13661,0,1,0,0
7786,0,2,1,1
23378,1,3,0,0
11430,0,0,1,1
10448,0,3,0,0
6947,0,1,0,0
15855,1,2,1,1
11425,0,0,0,1
26545,0,3,0,0
20610,1,1,1,1
14988,0,0,0,1
8847,0,2,0,0
20087,0,1,1,1
25603,1,2,0,1
28061,0,1,1,1
20751,0,2,1,0
15015,1,1,1,1
26041,0,2,0,1
10032,1,2,1,1
14705,0,2,1,1
4846,1,1,0,0
86,0,1,1,1
7963,0,1,1,0
20118,0,2,0,0
21587,0,2,0,0
26505,0,1,1,1
24101,0,1,1,1
4891,1,0,1,1
10563,0,2,1,0
24791,1,1,1,1
2625,0,2,0,0
19995,0,0,1,1
6387,0,3,1,1
2382,1,1,1,1
8670,0,1,0,0
24339,1,1,1,1
24034,0,1,1,1
27299,0,0,1,1
5731,0,0,1,1
4267,0,2,0,0
19900,0,3,1,0
29988,1,0,0,1
24350,0,3,0,0
11490,2,3,0,1
9932,0,0,0,1
3204,0,2,0,1
28393,0,0,1,1
10259,0,2,0,0
20545,0,2,0,0
3913,0,3,0,0
2375,0,2,0,0
7626,0,1,1,1
29003,0,1,1,1
23863,0,1,1,1
10879,0,1,1,1
29927,0,1,0,0
4976,0,3,0,0
29953,0,2,1,0
8248,1,1,0,1
17676,0,1,0,0
21609,0,1,1,1
7507,0,1,1,1
28344,0,1,1,1
29211,0,2,0,0
9702,0,1,0,0
7254,1,0,0,1
25679,0,0,1,1
18357,0,1,1,0
3021,0,2,1,0
6477,2,1,0,1
18008,0,2,1,0
23811,0,0,0,1
6166,1,1,1,1
20806,0,1,0,0
4386,1,2,1,1
2328,0,2,0,0
19400,0,1,1,1
26641,0,2,0,0
24709,0,2,1,0
19581,0,3,0,0
26963,2,1,1,1
12912,0,0,1,1
18187,1,1,0,0
26238,0,2,1,0
16290,0,2,1,1
18567,0,2,1,0
2134,0,3,0,0
25977,1,2,1,1
9763,1,3,1,1
18064,0,0,1,1
15255,1,2,0,0
14024,2,2,1,1
19713,0,2,0,0
20811,0,2,0,0
6691,0,0,1,1
14035,1,2,1,1
26816,0,3,1,0
2502,0,1,1,1
9991,0,2,1,0
20764,0,2,0,0
24875,0,1,0,0
25634,0,2,1,1
3295,0,2,1,0
4533,0,0,0,0
18296,0,2,0,0
13723,0,2,1,0
22196,1,1,0,0
9525,0,3,1,1
18210,0,1,0,0
26253,0,1,1,1
7590,0,1,1,1
25476,1,0,1,1
29004,0,0,1,1
18173,0,2,1,1
20637,0,1,0,0
7505,2,2,0,1
1769,0,1,1,1
5685,0,3,1,1
22697,0,0,1,1
22780,0,2,0,1
13253,0,1,0,0
15773,0,3,1,0
21818,0,2,0,0
16107,0,2,0,1
16932,0,1,0,1
455,0,1,0,0
14750,0,1,0,0
21145,0,2,1,1
18040,0,3,0,0
6571,0,1,1,0
4970,0,1,1,1
29619,2,2,0,1
2601,0,2,1,1
22386,0,2,0,0
7973,0,1,0,0
23528,0,2,1,0
29934,0,1,0,0
14923,0,1,1,1
3335,0,0,1,1
16927,1,2,0,1
23665,0,1,1,1
22689,0,2,1,1
17851,0,3,0,0
6426,1,1,0,0
24008,0,1,1,1
25138,0,2,1,0
27160,2,1,0,1
3723,0,1,0,0
16726,0,2,0,0
19949,0,1,0,0
9537,0,3,0,0
12871,0,0,1,1
29936,1,2,1,1
25051,0,0,0,0
8504,1,2,0,1
3279,1,1,0,1
22215,1,2,1,1
28716,0,2,1,0
12500,2,3,1,1
17695,1,3,0,0
26500,0,2,0,0
24545,0,2,0,0
21832,1,2,0,1
22775,0,3,1,1
18494,0,3,0,0
9596,0,2,1,1
25562,2,3,1,1
16096,0,3,0,0
14581,0,3,1,0
21668,0,2,1,1
9460,0,0,0,0
3580,0,2,0,0
6145,1,1,1,1
28153,0,1,1,1
29875,0,2,1,1
1115,0,1,0,0
22544,0,1,0,0
16260,1,1,0,1
836,1,0,0,1
5592,1,1,1,1
15128,0,0,1,0
24173,0,0,1,0
20200,0,2,0,0
722,1,2,1,1
11445,0,2,0,0
24718,0,2,1,1
1638,1,1,1,1
26336,0,2,0,0
16691,0,3,1,0
7067,0,1,1,1
5075,1,3,0,0
14856,0,3,0,0
9489,0,2,0,0
25327,0,2,1,1
27277,0,1,1,1
22456,0,2,0,0
6775,0,2,1,0
17214,0,3,1,0
7419,0,1,0,1
15435,1,2,1,1
5883,0,1,0,0
13383,1,2,0,0
24579,1,1,1,1
26796,0,2,1,1
2691,3,2,0,1
8095,0,3,1,1
16450,0,2,0,0
25397,1,1,1,1
15399,2,2,1,1
20963,0,1,1,1
5120,0,1,0,0
23019,0,1,0,0
7806,0,0,0,1
9221,0,1,0,0
2009,0,2,0,0
13468,1,1,0,1
8988,1,2,1,1
4344,0,1,1,1
1508,0,2,1,0
2445,0,2,1,0
196,0,0,0,0
16956,0,1,0,0
13418,0,2,1,1
3745,0,2,1,1
17880,0,2,1,1
7,0,0,1,1
25200,0,2,0,0
13384,0,2,0,0
7647,0,2,0,0
28889,0,1,0,0
11161,1,1,0,1
10297,0,3,0,0
13594,0,2,0,0
11095,1,1,0,0
3597,0,1,1,1
15522,0,2,0,0
5879,1,1,1,1
27318,1,2,1,1
21877,1,3,1,1
9801,0,1,0,0
1612,0,2,0,0
10176,0,0,0,0
21100,0,3,1,0
15684,0,3,1,0
8754,0,2,1,0
4312,0,1,0,1
5466,0,1,0,0
3582,0,3,1,0
2537,0,2,1,0
61,0,2,0,0
23964,1,2,0,1
24825,0,2,1,1
5200,0,2,0,0
56,0,2,0,0
21524,0,0,0,0
33,0,1,0,0
24938,0,2,1,0
18535,1,2,0,1
26680,1,1,1,1
24666,0,1,1,1
14132,0,2,1,1
23899,0,1,1,0
10961,1,1,1,1
9180,1,0,1,1
26865,1,2,0,1
29214,1,3,0,1
12792,0,1,0,0
23268,0,0,1,1
16817,0,0,1,0
4143,0,2,0,0
9068,0,1,0,0
17311,0,1,1,1
25023,0,1,1,0
2389,0,2,1,1
2418,0,3,1,0
15993,0,0,1,1
24432,0,1,0,1
20670,1,1,1,0
23729,1,1,1,1
8761,0,1,0,0
8441,0,3,0,0
21260,0,1,1,0
27151,0,2,1,1
23857,0,1,1,1
4260,0,2,0,1
18133,0,1,1,1
22554,1,0,1,1
25136,0,2,1,1
4450,0,1,0,0
1579,0,2,1,1
8552,2,0,0,1
5934,1,3,1,1
27940,1,3,1,0
16955,0,0,0,0
14774,0,2,0,1
26830,0,0,1,0
19248,0,3,0,0
8816,0,2,0,0
18491,1,1,0,1
8346,0,0,1,1
6965,0,1,0,0
21354,0,3,0,0
22853,0,2,1,1
11421,0,0,1,1
26779,0,0,1,1
21340,0,1,0,1
22798,1,3,0,0
20081,0,2,1,1
3322,0,1,1,1
12519,0,2,0,0
16800,2,1,1,1
12112,0,2,1,1
11349,1,0,1,1
13123,0,1,0,0
10717,0,0,1,1
26027,0,2,1,1
19339,0,1,1,1
21376,0,0,0,0
13095,0,3,0,0
5253,0,0,0,0
14876,0,0,0,0
11828,0,1,1,1
3130,0,0,0,1
17060,0,3,0,0
21434,0,1,0,0
5848,0,2,1,0
14158,0,2,1,0
1797,0,2,1,1
25279,0,2,1,0
2333,0,2,0,0
7464,0,1,0,0
20853,0,1,1,1
275,0,2,0,0
3631,2,2,0,1
28997,0,3,0,0
8166,0,1,0,0
29686,0,2,0,0
10647,2,1,1,1
24245,1,1,0,1
21086,1,2,1,1
11564,1,1,0,1
26758,0,2,0,0
9256,0,3,1,0
11607,0,3,0,0
16036,0,1,1,1
16403,0,3,0,0
23638,0,1,0,0
15386,1,2,1,1
1652,0,2,1,1
4642,0,1,1,1
28284,0,3,0,0
16685,0,0,0,0
23535,1,0,0,1
18303,1,1,1,1
870,0,2,1,1
29640,0,0,1,0
26364,0,1,0,1
5290,1,0,1,1
28953,0,2,1,0
18598,0,2,0,0
28620,1,1,0,1
17458,0,1,1,1
19452,0,2,1,1
10437,0,3,0,0
21794,1,2,1,1
20300,0,2,0,0
29870,0,1,0,0
4947,1,2,1,1
20598,0,1,0,0
15361,0,2,1,1
25224,0,2,1,0
949,1,2,0,0
7768,0,3,0,0
17947,0,0,0,0
807,0,2,1,0
29224,0,2,0,0
13471,0,2,0,0
4254,0,3,1,0
21132,0,2,0,0
23914,0,0,0,1
13480,0,0,1,0
27692,0,2,0,0
9139,0,3,0,0
14864,0,3,1,0
23322,0,3,0,0
28954,0,1,0,0
25318,0,2,1,0
27082,1,2,1,1
18420,1,1,1,1
2302,0,2,1,1
2720,0,1,1,1
19301,0,1,0,0
6346,0,1,0,0
23820,0,2,0,0
19218,1,1,0,0
20185,0,0,1,1
17401,0,2,1,1
18204,0,2,1,1
28729,0,2,0,0
16634,1,1,1,1
23225,0,1,0,1
4216,0,1,0,0
15617,0,1,1,0
27807,1,3,0,1
22223,0,3,0,0
3604,0,3,0,0
22658,1,2,1,1
23038,1,3,1,1
28560,0,1,1,1
1532,0,1,1,1
9515,0,3,0,0
3854,0,1,0,0
5406,0,1,0,0
3938,0,2,1,0
10060,0,1,0,0
11496,0,1,0,0
3868,1,1,1,1
7969,0,2,1,1
14900,0,2,0,0
23078,0,2,0,0
2848,2,2,1,1
26973,0,1,0,0
21484,1,1,1,1
1995,0,2,1,0
28366,0,1,0,0
8574,1,2,0,0
8807,0,2,0,0
20438,0,2,1,1
21497,0,1,1,0
24551,1,2,1,0
19647,1,3,0,1
10608,0,0,1,1
21762,0,2,0,0
1111,0,2,0,1
12180,0,2,0,0
27009,0,2,1,1
14593,1,1,1,1
27472,0,1,1,1
22372,0,1,1,1
27922,0,2,0,0
27903,0,1,0,1
27581,0,1,0,1
21323,0,1,0,0
27695,0,3,0,0
23275,0,2,1,1
10990,1,1,0,1
14135,1,3,1,1
19931,1,2,1,1
18655,0,2,0,0
9091,1,3,1,1
15548,0,2,0,0
11831,0,2,1,0
25695,0,1,0,0
22118,0,1,1,0
7725,0,0,0,0
15483,0,3,0,0
23468,0,1,1,1
17843,0,1,0,0
17016,0,0,1,1
11752,0,2,0,0
28996,0,2,0,0
17824,0,1,0,0
9117,0,2,0,0
3448,1,2,1,1
6084,0,1,0,0
12187,0,1,1,1
10769,0,2,1,1
3187,0,3,0,0
9524,1,1,1,1
10133,0,2,1,0
23719,0,1,1,0
15975,0,0,0,0
9412,1,1,1,1
26725,0,2,1,1
21517,0,0,0,0
27414,0,2,0,0
8032,0,1,0,0
12420,1,3,0,0
29773,0,3,0,0
20284,0,1,1,1
7159,1,1,0,0
25620,0,1,0,0
11429,0,2,1,1
23735,0,2,1,0
19372,0,2,0,0
7445,0,1,0,0
2152,0,2,1,0
20901,0,1,0,1
16453,1,2,0,0
10509,0,2,1,1
2269,0,1,1,1
5550,0,1,1,0
11478,0,1,0,1
4901,0,1,1,0
14404,0,2,1,1
17173,0,2,0,0
13783,0,2,1,1
3451,0,2,0,0
24740,0,1,1,1
27592,0,1,1,1
9142,0,2,0,1
14047,1,1,1,1
10440,0,1,0,0
3769,0,0,0,0
5923,0,0,1,0
4657,0,3,1,0
17301,0,1,0,1
24722,0,1,0,0
22387,0,0,1,0
25353,1,2,1,1
8959,0,1,0,0
12491,1,2,1,0
16518,0,2,1,1
2596,0,2,0,0
2738,1,1,1,1
21945,0,0,0,0
8319,0,2,1,1
468,0,1,0,0
19222,1,2,0,0
1867,1,3,1,1
9076,0,1,1,1
27246,0,2,1,1
12360,0,0,1,1
2838,0,1,1,1
21150,0,2,1,1
17148,0,2,1,1
3276,1,0,0,0
27915,0,0,0,0
2819,0,2,0,0
15815,0,0,0,1
24531,0,2,1,1
4495,0,3,1,1
16665,0,1,1,1
15926,0,1,1,1
26709,0,0,1,1
25845,1,1,1,1
28832,0,1,1,1
8007,0,0,0,1
28594,1,2,0,1
22249,0,2,1,0
18662,0,2,1,1
12769,1,1,0,1
12956,0,3,0,0
13218,0,3,0,0
25093,0,1,0,0
16326,1,1,0,1
24284,0,2,0,0
14762,0,2,1,1
1771,0,2,0,0
4050,0,3,0,0
8850,1,2,1,1
12370,0,1,1,1
16578,0,1,0,0
3159,0,1,1,1
3801,0,2,0,0
15711,0,3,0,0
4968,0,0,1,1
27285,0,2,0,0
17720,0,1,1,1
11243,1,1,0,0
21108,0,2,0,0
19027,1,3,1,1
2012,0,2,0,0
15857,1,1,0,0
26978,1,2,1,1
839,0,1,1,0
18287,0,0,1,1
5116,0,2,0,0
24885,0,0,1,1
10342,0,2,1,1
21788,0,2,1,1
27124,1,2,1,1
19994,0,1,0,0
15710,0,0,1,1
1584,0,2,0,1
4985,0,3,0,0
24470,0,3,1,1
12211,0,2,0,0
20231,0,2,1,0
15742,0,2,1,0
21905,1,1,1,1
13368,0,3,1,0
29796,0,2,1,0
15651,0,2,1,1
16343,0,2,1,0
4621,0,2,1,0
24358,0,2,1,1
21382,0,1,0,0
24758,0,1,1,1
9733,0,2,1,0
12132,0,2,0,0
25518,0,1,1,1
12786,0,3,0,0
26140,0,0,1,1
4198,0,2,1,0
13585,0,1,0,0
10443,0,2,1,1
5785,0,1,1,1
119,0,2,1,0
12040,0,2,0,1
15236,0,1,0,0
18852,0,3,1,0
7661,0,2,0,0
26201,0,2,1,1
11011,0,3,0,0
4601,2,1,1,1
3077,1,1,0,1
27155,0,2,1,1
9042,1,2,0,0
23286,0,2,0,0
29151,0,2,0,0
10806,0,3,0,0
16596,0,3,0,0
19221,1,0,1,1
25905,0,2,1,1
10335,0,1,1,1
20304,0,1,0,0
2652,0,1,1,1
2834,0,1,0,1
1425,0,1,0,0
25651,0,1,1,1
14666,0,2,1,0
22774,0,2,1,1
4159,1,1,1,1
4604,0,1,0,0
19591,1,0,1,1
3936,0,1,0,1
10611,0,2,0,0
27283,0,2,0,0
27333,0,1,1,1
15284,1,2,0,0
27980,0,2,1,1
247,0,1,0,1
15450,0,2,0,0
24000,0,1,1,1
16396,1,1,0,0
13125,0,2,0,0
15343,0,2,0,0
10085,1,1,1,1
4419,2,1,1,1
9198,1,1,0,1
4709,0,1,1,1
17912,0,0,1,0
3372,0,0,0,0
22570,0,2,0,0
662,0,3,0,0
24170,0,2,0,0
9633,0,1,1,1
8120,0,2,1,1
20785,1,2,0,0
17634,1,2,1,1
26837,0,2,1,0
23182,0,2,0,0
1162,0,2,0,0
14197,0,1,1,0
20196,1,1,0,0
689,0,1,0,1
7664,0,1,1,1
19823,0,0,0,0
3603,0,2,1,1
24518,0,0,0,0
24510,0,2,1,1
20638,0,3,0,0
13501,1,3,1,1
5988,0,3,1,1
29384,0,1,0,0
28316,1,2,1,1
20069,1,2,1,0
12490,0,1,0,1
22344,1,2,0,1
4883,0,2,1,1
10035,0,1,1,0
1794,0,0,1,1
23051,1,2,0,1
17846,1,2,1,1
4309,0,2,0,0
24724,0,0,0,1
955,0,2,0,0
24647,0,0,1,1
28295,1,1,1,1
25615,0,1,0,0
849,0,1,0,0
706,0,0,0,0
12145,0,0,1,1
21192,0,2,1,0
18522,2,2,1,1
21744,0,2,1,1
25038,0,2,1,1
907,0,1,1,1
27211,0,2,1,0
27590,0,1,0,0
3064,1,0,0,1
29341,0,2,0,0
20325,0,2,0,0
27992,2,1,1,1
10401,1,2,0,1
6504,1,2,0,1
5559,2,2,1,1
16399,1,1,0,0
8583,0,0,1,0
14710,1,3,0,0
15230,0,2,1,1
6149,1,2,0,0
13150,0,0,0,0
18384,0,3,1,1
18413,1,2,1,1
5854,0,1,1,0
22524,0,1,1,1
7392,1,2,1,1
6973,0,1,1,1
20605,1,0,0,0
8020,1,0,1,1
25414,1,2,0,0
29845,0,2,1,1
368,0,1,1,0
14941,1,3,1,1
7955,1,3,1,1
26077,0,2,0,0
6921,0,1,0,1
1696,0,1,0,0
17503,0,2,0,0
21305,0,1,0,0
4778,0,2,0,0
19369,0,1,0,0
13264,0,3,0,0
26896,1,3,0,1
12189,0,1,1,1
501,0,3,1,0
4104,1,1,0,1
0,0,3,0,0
9418,0,2,0,0
27879,0,0,0,0
17602,0,2,0,0
23577,0,1,0,0
19196,0,2,0,0
12799,0,1,1,1
17934,0,0,1,1
10013,0,0,1,1
20606,0,0,0,1
18648,1,2,0,0
24222,1,2,1,1
7540,0,2,0,0
16117,0,1,0,0
1622,1,0,0,1
15514,0,2,1,1
12279,0,1,1,0
22321,1,1,1,1
12129,0,1,0,0
11178,0,1,0,1
7117,0,1,1,1
11448,0,2,0,0
25752,0,0,1,0
11294,0,1,1,1
1410,1,1,1,1
25025,0,1,1,1
1050,1,0,1,1
8433,0,2,1,1
10652,0,2,0,0
1310,1,1,0,1
10788,0,3,0,0
12531,1,2,0,0
25499,1,1,1,1
8549,0,2,1,1
25197,0,3,0,0
16924,0,1,1,1
8934,0,2,0,0
26411,0,1,0,0
28421,0,2,0,0
21717,0,1,0,0
22019,0,1,1,1
16363,0,2,0,0
14783,0,1,1,1
17009,1,0,0,1
24330,0,0,1,1
6578,0,1,0,0
23367,0,2,0,0
10039,0,3,1,1
1148,0,3,1,1
2214,0,1,0,0
19648,0,1,1,1
7785,0,0,1,1
12805,0,2,0,0
17543,0,2,1,1
14814,0,1,1,1
22563,1,1,0,1
20192,1,2,0,0
14523,1,1,1,1
25284,0,1,1,1
20594,0,2,0,0
23277,0,1,0,0
16041,0,0,0,0
25251,0,2,1,0
13373,1,2,0,1
6236,1,0,1,1
29497,0,2,1,0
20604,0,2,1,1
380,0,0,1,1
29181,0,3,1,0
29412,0,3,1,1
2967,0,2,0,0
29609,0,2,0,0
27961,0,1,0,0
29166,0,2,0,0
12721,0,1,0,1
15846,0,1,1,1
19570,0,3,1,1
25513,0,3,1,1
11418,0,2,0,0
5954,0,0,1,1
16644,1,3,0,0
20149,0,1,0,0
1261,0,1,1,1
14574,1,2,0,1
17943,0,1,1,1
22844,0,1,1,1
29475,0,0,0,0
9044,1,1,1,1
2908,1,1,1,1
14365,0,0,0,0
26662,0,1,1,0
27704,0,1,1,1
2714,1,0,0,1
4603,0,1,0,0
12781,0,2,0,0
25256,0,0,1,1
29243,0,2,1,1
6866,0,1,0,0
7481,0,1,0,0
13827,0,1,1,1
25242,0,2,1,0
20523,0,2,0,0
12739,0,1,0,0
14034,0,1,0,0
13527,0,1,0,0
23740,0,1,1,1
2191,0,1,1,1
23924,1,3,1,1
24178,0,1,1,1
2910,0,2,1,1
24111,0,0,0,0
11566,0,2,0,0
22379,0,2,1,1
21979,1,1,0,1
14749,0,3,0,0
12711,0,2,1,0
280,0,2,0,0
6475,0,2,0,0
22082,2,2,1,1
29613,0,1,1,0
26695,0,1,1,1
7946,0,1,0,0
19760,0,1,1,1
27793,0,1,1,1
15763,1,2,0,1
22948,0,1,0,0
6532,0,3,0,0
628,1,1,1,1
29094,0,2,0,0
6484,0,0,1,1
29622,0,1,0,0
10980,0,3,1,0
11638,0,2,0,0
2642,3,3,0,1
6367,0,2,0,0
16067,0,2,1,1
9459,1,1,1,1
5608,1,2,1,1
21951,0,3,1,0
8206,1,1,0,0
1802,0,1,1,1
24100,0,2,1,1
4674,0,1,1,0
14056,0,2,1,0
3044,0,2,1,1
26080,0,2,0,0
27190,0,2,0,0
24149,0,2,1,0
27725,0,1,1,1
4856,0,2,1,1
7769,0,0,0,0
26571,0,0,1,1
11935,0,1,0,1
15910,0,3,1,1
13856,0,1,1,1
8597,0,0,0,0
17225,0,2,0,0
27522,1,3,1,1
27546,0,3,1,1
26015,1,0,0,1
28551,1,3,0,1
14709,0,1,1,1
20357,1,0,0,1
7516,0,1,0,0
7073,1,0,0,0
19936,1,1,1,1
27113,0,2,0,0
12496,0,1,0,1
2928,0,2,1,1
4210,0,2,1,0
10000,0,2,1,1
23143,2,3,0,0
6430,0,1,1,0
19235,1,1,1,1
23256,1,2,1,1
17150,0,2,0,0
12576,0,0,1,1
11762,1,1,1,1
10006,0,2,0,0
28191,0,1,0,0
12274,0,3,1,1
19425,1,2,1,1
8326,0,1,1,1
27959,0,1,0,0
1022,0,2,1,1
20608,0,1,1,1
4602,1,0,1,1
23731,1,2,0,1
3203,0,0,1,1
16974,0,1,1,1
14036,0,1,1,0
15790,0,3,0,0
13990,1,3,1,1
26964,0,2,0,0
12448,0,2,0,0
508,1,1,0,1
27635,1,1,1,1
23714,0,2,0,0
19069,0,0,0,0
23105,1,1,0,1
22990,1,2,0,0
24166,0,2,1,1
3503,0,2,1,1
23674,0,1,1,1
15717,0,1,1,1
21325,0,1,1,1
19709,0,3,1,1
11735,1,2,1,1
5866,1,1,0,1
3110,1,2,1,1
17056,1,1,0,1
880,1,1,1,1
2850,0,1,0,0
22903,0,1,1,1
20308,0,1,0,1
1515,0,3,0,0
22034,0,3,0,0
12302,0,2,0,0
29517,1,1,0,0
18750,1,3,1,1
19554,0,3,0,0
13580,0,1,0,1
14702,0,1,1,1
17123,0,1,1,1
2226,1,3,0,1
29421,0,2,1,1
547,0,1,1,1
18059,0,2,1,1
5792,0,1,1,0
15130,0,2,0,0
27660,0,1,0,0
13699,0,2,0,0
3163,0,2,0,0
24558,0,0,0,0
19722,1,1,1,1
10114,1,1,0,1
5016,0,2,0,0
980,1,1,0,0
11322,0,1,1,1
24959,0,0,1,1
5871,0,1,1,1
11394,0,2,0,0
14727,0,2,1,1
29794,0,1,0,0
5256,1,1,0,0
5971,0,1,0,0
16522,0,0,1,1
1685,0,1,0,0
4257,1,0,0,1
25322,0,2,1,0
10206,0,2,0,0
10110,0,0,1,1
4685,0,2,0,0
25175,0,2,0,0
25470,0,0,0,0
21152,0,3,0,0
1128,0,2,1,0
24553,0,1,0,0
12930,0,3,1,0
29601,1,2,1,1
18951,0,2,0,0
10872,0,1,1,1
20924,1,2,0,0
27552,0,1,0,0
8596,0,2,1,0
18626,0,1,1,0
1942,0,0,0,0
23018,0,2,0,0
14673,2,2,1,1
422,0,2,0,0
21014,0,1,1,0
11809,1,3,0,0
24946,0,2,0,0
15175,1,2,0,0
29143,0,0,0,0
22620,0,2,0,0
8450,0,3,0,0
4875,0,3,1,1
5618,0,2,1,1
17212,0,3,0,0
8156,0,1,1,1
3894,0,3,1,1
21474,0,1,1,0
5080,0,0,1,1
23125,0,3,1,0
19826,1,2,0,0
29061,0,1,1,0
13988,0,2,0,0
5003,2,2,1,1
27227,0,1,1,0
14788,0,0,0,0
2084,0,2,1,1
3690,1,0,0,1
12322,0,2,0,0
8781,1,1,0,1
22380,0,0,1,1
1269,0,1,1,1
24596,0,1,0,0
9071,1,2,0,1
18336,0,1,1,0
20264,0,3,1,0
13613,0,2,0,0
22976,0,0,1,1
3097,0,0,0,0
29986,0,2,1,0
12747,0,0,1,0
16698,0,3,1,1
6017,1,2,0,0
4494,0,2,0,0
16712,0,1,0,0
21902,0,1,1,1
28190,0,1,1,1
7929,0,1,0,0
16910,0,1,0,0
13281,0,3,1,0
5157,1,3,0,0
12934,0,2,1,0
26451,1,1,1,1
24136,0,3,0,0
23887,1,2,0,0
3635,0,1,1,1
29555,1,3,1,1
25613,0,3,0,0
8742,0,2,1,1
4779,0,2,1,0
13677,0,1,1,0
165,0,1,0,0
18485,0,1,1,0
21163,1,3,1,1
6777,0,0,0,0
27213,1,2,1,1
22106,1,2,0,1
775,0,1,1,1
13226,0,3,1,0
19071,0,1,0,0
24180,1,2,0,0
10241,0,1,1,1
3347,0,1,0,0
35,1,1,1,1
28255,0,2,1,0
5966,0,2,1,1
19251,0,1,1,1
14028,0,3,0,0
16732,1,1,1,1
26701,0,0,0,0
3732,0,2,1,0
13934,0,2,0,0
9260,1,1,0,0
22292,1,1,0,0
20285,0,1,0,0
12299,0,2,0,0
27187,1,1,1,1
21546,1,1,0,1
20930,0,3,0,0
9573,0,1,0,0
17455,0,1,0,0
24880,0,2,0,0
21591,0,0,1,1
13735,0,2,1,1
14208,1,1,1,1
4957,1,2,0,1
22565,0,3,0,0
9543,1,1,0,0
19431,0,0,0,0
1394,3,1,1,1
12971,0,2,0,0
11847,0,1,0,0
13576,1,1,0,1
768,0,1,0,1
2067,0,0,0,0
6305,0,3,1,0
27202,0,2,0,0
23715,0,2,1,0
27906,0,2,0,0
15400,1,1,0,1
16059,0,2,1,0
22471,0,1,0,0
19965,1,0,0,1
23996,0,1,0,0
17973,2,2,1,1
20961,0,1,0,0
19546,0,2,1,1
23648,0,2,1,1
1958,1,1,1,1
1176,0,2,0,0
5802,0,1,0,0
19782,0,3,0,0
16373,1,1,0,0
15541,0,1,0,0
4950,0,0,1,1
27871,0,1,0,0
3092,0,1,1,1
9226,0,1,1,1
22507,0,2,0,0
26891,0,1,1,1
24949,0,1,1,0
27973,0,2,1,1
15296,0,1,1,1
1676,0,1,0,0
17732,0,2,0,0
8757,0,1,0,0
11696,0,2,0,0
23455,0,1,0,1
16592,0,0,1,1
10534,2,2,1,1
14303,0,2,1,1
10105,0,1,1,1
8565,1,3,0,0
20177,0,2,0,0
6909,0,1,1,0
21893,0,2,1,1
29462,0,2,1,1
6405,0,3,0,0
20497,1,3,0,0
17920,2,1,1,1
4517,2,2,1,1
11701,0,1,0,0
21749,0,2,0,0
6310,0,0,1,1
8425,1,2,0,0
29172,0,3,1,0
18969,0,1,1,0
17230,0,1,1,1
29492,1,2,0,0
17623,0,3,0,0
9404,0,2,1,0
12850,1,0,0,1
26007,0,1,0,0
7483,1,2,1,1
28691,0,2,1,0
4789,0,1,0,0
13690,0,1,1,1
25953,0,1,0,0
10705,1,1,0,1
16541,0,1,0,1
14486,0,0,0,0
10172,0,2,0,0
2199,1,3,0,1
25386,0,0,0,0
12014,0,3,0,0
17275,0,1,1,1
9998,0,2,1,0
24831,0,2,0,0
14753,0,1,1,1
27831,1,2,1,0
9482,0,2,1,1
12391,1,3,0,0
28220,0,2,1,0
19840,0,2,0,0
25808,0,0,0,1
11256,0,2,0,0
14040,0,1,0,0
22986,0,1,0,0
12367,0,0,1,1
3022,0,2,1,1
4396,0,1,0,0
28971,0,2,0,0
9327,1,1,1,1
7395,0,0,0,0
18189,0,1,0,0
17860,0,1,0,0
5073,1,1,0,1
25276,0,0,1,1
9922,0,3,1,0
24104,1,2,1,1
28264,0,2,0,0
1626,1,1,1,0
28481,1,1,0,1
25884,1,1,0,1
20648,0,1,0,0
14060,0,0,0,0
19629,0,1,0,0
8213,0,3,1,1
20170,0,1,1,1
14375,0,2,1,0
14939,0,1,1,0
28132,0,2,1,0
21034,0,1,1,1
27657,0,2,1,1
5772,0,1,1,0
14046,0,2,0,0
9450,0,3,1,1
6148,1,2,0,1
4591,1,1,1,1
6517,0,1,1,1
29180,0,0,1,1
29759,1,2,1,1
25298,0,1,0,1
12662,0,3,0,0
27688,0,1,0,0
22069,0,2,1,0
27256,0,2,0,0
14294,0,0,1,1
406,0,2,0,0
10890,1,2,0,0
1945,0,0,0,0
26815,0,2,0,0
15547,1,1,0,0
20584,0,3,1,0
10446,0,1,0,1
4284,0,1,1,1
25800,0,2,1,1
26924,0,1,0,1
20449,0,0,1,1
1360,0,3,0,0
23734,0,1,1,0
11296,0,3,0,0
25729,0,1,1,1
8479,1,2,0,0
28207,0,1,0,0
23058,1,3,1,1
8478,0,1,0,1
13045,0,1,1,1
26746,0,1,0,0
23514,0,1,0,0
11008,0,1,1,0
6629,0,2,1,1
8927,0,1,0,1
21254,0,2,1,1
23789,0,2,0,0
2003,0,3,0,0
6738,0,0,0,0
1737,0,1,0,0
25744,1,1,0,0
16125,0,1,0,0
28607,1,1,1,1
27471,0,0,1,1
19923,0,3,0,0
543,0,1,1,1
26115,0,2,1,0
12732,0,3,1,1
4256,0,1,1,1
29034,0,2,1,1
10858,0,1,1,1
13225,0,2,1,0
28243,0,2,0,0
21391,0,2,1,1
24165,0,3,1,1
10420,0,1,0,0
22204,1,1,1,1
26639,1,1,0,1
5463,0,1,0,0
24542,0,2,0,0
24955,0,2,0,0
22362,1,1,0,1
29177,0,3,1,0
17019,1,0,0,1
19423,0,1,0,0
18027,0,2,1,1
9582,0,2,1,0
4656,1,2,0,1
4815,0,2,1,1
5918,1,2,1,1
17460,0,1,0,1
9019,0,1,0,0
21986,0,2,1,0
1939,0,1,1,1
24201,1,1,1,1
28352,0,0,1,1
29060,0,1,1,1
13582,0,1,1,0
13566,0,1,0,0
29109,0,2,0,0
16411,0,1,1,1
9688,0,0,1,0
7178,1,2,1,1
15037,0,0,1,1
9000,0,0,0,1
24890,1,2,0,0
16187,0,1,0,0
12604,0,1,0,0
1059,0,1,1,1
10533,0,1,0,0
13780,1,2,0,0
21494,0,1,1,1
17304,0,1,0,0
17996,0,1,1,1
1456,0,2,0,0
4963,0,0,1,1
13108,0,2,0,1
12513,1,2,0,0
16892,0,3,1,1
9397,0,2,1,0
26894,0,2,0,0
5114,0,2,1,1
8713,0,1,0,0
7596,0,3,1,1
6306,0,2,1,0
13454,0,1,0,0
22330,1,1,0,1
10721,1,2,0,1
15549,0,0,0,0
6998,0,2,0,0
26883,0,2,1,0
21588,0,2,1,1
28288,2,3,0,1
13227,0,2,0,0
26844,0,2,1,0
7326,1,3,1,1
16308,1,3,0,0
29380,0,1,0,0
1020,0,1,1,0
29485,1,2,0,0
23233,1,2,0,1
169,0,0,0,0
5352,0,2,0,0
24417,2,1,0,1
29359,0,2,0,0
17193,0,1,1,1
25969,0,1,1,1
21401,0,0,1,1
9277,1,1,0,0
7110,0,1,1,1
25345,0,2,1,0
4070,0,2,0,0
6829,0,1,0,0
19026,0,1,0,0
1081,0,0,1,1
14277,1,2,0,0
20160,0,2,0,0
9512,0,2,1,1
7281,0,2,1,0
15212,0,0,0,0
5779,0,3,0,0
20959,0,2,1,1
4806,0,2,0,0
14186,0,1,1,1
12439,0,2,1,0
23311,0,1,1,1
18313,0,2,1,0
28058,0,2,0,0
17074,0,1,1,1
24033,0,0,1,1
3774,0,2,1,0
11881,0,2,0,0
19746,0,1,1,1
23287,0,0,0,0
16562,1,0,0,1
3045,0,0,1,1
26028,0,1,1,1
18403,0,0,1,1
29480,0,1,1,1
20631,0,0,1,1
6843,0,0,1,1
1913,2,1,0,1
27569,0,0,1,1
1588,0,3,0,0
9640,1,1,1,1
5313,0,1,1,1
3750,1,2,1,1
22501,0,1,0,0
6713,0,0,1,1
22755,1,1,1,1
18953,0,1,1,1
6384,0,2,0,0
4306,0,2,1,1
26138,0,2,0,0
63,0,2,0,0
12558,0,2,0,0
24226,0,1,1,1
17840,0,2,1,0
13766,0,1,0,0
7829,0,2,0,0
24691,0,0,1,1
7573,0,1,1,1
3143,0,2,0,0
20158,0,0,0,1
26088,1,3,0,0
22505,1,3,1,1
19433,0,1,1,0
11602,0,0,0,0
21037,0,2,1,1
2386,0,0,1,1
15576,0,2,1,1
27656,0,2,0,0
22604,1,2,0,0
3619,0,2,0,0
11371,0,3,0,0
24761,0,2,1,1
424,0,2,0,0
9743,2,1,1,1
26912,0,1,1,1
22469,1,2,0,0
26365,0,2,1,0
11273,1,0,0,1
13333,0,1,1,1
26320,1,1,1,1
24552,0,0,1,1
23045,0,2,1,1
28822,0,3,1,1
22597,0,3,0,0
21839,0,2,1,1
22861,1,1,1,1
18056,1,2,0,0
5087,0,3,1,1
15129,1,1,1,1
3562,0,0,0,1
11179,0,3,0,0
12133,0,0,1,1
17045,1,2,1,1
20803,0,1,0,0
16226,0,1,1,1
3213,1,1,0,1
7592,0,3,0,0
27827,1,3,1,1
13091,0,2,0,0
22173,0,1,0,0
12122,1,0,0,1
2340,0,2,1,1
28271,0,0,0,0
7100,1,1,0,1
27798,0,1,0,0
13707,0,1,1,1
4626,1,2,1,1
613,0,2,1,1
13513,0,1,1,1
25656,0,1,0,0
24544,0,3,1,0
23413,0,3,1,1
25692,0,2,1,0
3481,0,2,1,1
19419,0,2,0,0
20486,0,1,0,0
29884,0,0,1,1
3078,0,2,1,1
15658,0,2,1,1
5717,0,2,0,0
1621,0,2,0,0
23317,0,2,1,0
8651,0,0,0,1
14452,0,1,0,1
22612,0,3,1,0
22269,0,0,1,0
28341,1,0,0,1
21522,0,2,1,1
23886,0,1,1,1
6230,0,2,1,0
17467,0,2,1,1
2851,0,1,1,1
24086,2,3,1,1
11244,1,1,1,1
23821,0,3,0,0
23746,0,2,0,0
8698,0,1,1,1
24737,0,1,1,0
17584,1,1,0,0
27701,1,0,0,0
17776,0,1,0,0
24223,0,2,0,0
21154,0,1,0,0
5621,1,0,1,1
12345,0,1,0,0
11413,0,2,1,1
14644,0,1,0,0
24450,0,1,1,1
13830,1,3,1,1
1875,1,3,0,0
9595,1,2,0,1
25066,1,2,1,0
21755,0,1,0,0
3271,0,1,0,0
19885,0,3,0,0
2252,0,3,0,0
27247,0,3,1,1
87,0,1,1,1
15373,0,3,0,1
18686,1,1,0,1
24804,0,1,1,1
7272,0,1,0,0
14513,0,2,1,1
876,0,3,1,1
14134,0,3,1,1
28280,0,2,0,1
8972,0,1,0,0
9445,0,0,1,1
20810,0,3,1,1
12437,0,3,1,0
24448,0,2,1,0
8431,0,2,1,1
2979,0,1,0,1
2799,0,1,1,1
2268,1,3,0,0
21754,0,2,1,1
6550,0,1,0,0
29199,0,2,1,1
987,0,2,0,0
3864,0,1,1,1
8104,0,2,1,0
16903,0,1,0,0
29885,0,2,1,0
29329,0,1,1,0
3387,0,1,1,1
14234,1,2,0,0
26249,0,0,0,0
24983,0,1,0,1
24881,0,1,1,0
874,0,0,0,1
27308,0,2,0,0
5573,0,2,1,0
25088,0,3,0,0
27422,0,3,1,0
20145,0,2,0,0
19306,1,3,0,0
29895,0,1,0,0
2061,0,1,1,0
13450,0,0,1,1
28852,0,1,1,1
23173,0,2,1,1
17404,2,1,0,1
16655,1,2,0,0
14977,0,1,1,1
15876,0,1,1,0
9210,1,0,0,1
5077,0,2,0,0
7461,2,1,0,1
19475,0,0,0,0
17029,0,2,1,0
23151,0,3,0,0
6372,0,3,1,1
28125,0,2,0,0
7535,0,1,0,0
2734,0,2,1,0
16694,0,0,1,1
3593,1,0,1,1
27699,1,2,1,1
8845,0,1,1,0
5338,0,2,0,0
3162,0,0,0,1
2150,0,1,0,0
463,0,1,1,1
19866,0,2,0,0
29965,0,2,0,0
4011,0,2,1,1
17800,1,1,0,1
2722,0,1,0,0
819,0,1,0,0
14708,1,1,0,1
2695,0,2,1,1
18698,0,2,0,0
7331,0,1,1,0
26611,0,2,1,0
22629,1,1,1,1
25782,0,1,1,1
16444,1,1,0,1
13049,0,2,1,1
9687,0,1,1,0
9574,0,2,0,0
25097,0,2,1,1
26449,1,2,0,0
20513,0,0,0,0
1345,0,1,0,1
13826,0,1,0,1
3815,0,2,1,1
6515,0,1,0,0
23398,0,2,0,0
1402,0,1,1,1
10421,0,1,1,1
21141,0,2,0,0
8124,0,2,1,1
15583,0,2,1,1
12390,0,1,1,1
7641,0,3,0,0
21128,0,1,0,0
9096,0,2,1,1
29434,0,3,1,0
1832,0,3,0,0
24286,0,2,0,0
27863,1,1,0,1
17153,0,1,0,0
10283,0,1,0,0
17179,1,1,0,1
7710,0,1,1,1
19776,1,1,0,0
3944,0,1,1,1
10830,1,0,0,1
16178,0,3,0,0
17022,0,1,1,1
19688,1,1,0,0
25078,0,2,0,0
23970,0,1,1,1
23374,0,0,0,0
25126,0,2,0,0
1024,0,3,1,1
22338,2,1,0,1
15291,0,2,0,0
24070,0,0,0,0
28614,0,1,0,1
24777,1,2,1,1
2478,0,3,0,0
14658,0,2,1,1
5258,1,0,0,0
3504,0,0,1,0
13544,0,1,1,0
7595,0,1,1,1
11350,0,2,0,0
7032,1,2,0,0
17278,0,2,0,0
23148,0,2,1,1
24504,0,1,0,0
10339,0,2,1,0
7521,1,3,1,1
654,1,2,1,1
28758,0,1,0,0
19909,0,2,1,0
17972,0,2,0,0
23907,0,1,0,0
27723,0,1,1,0
18415,0,0,0,0
10318,1,1,0,0
14766,0,3,0,0
20225,1,1,1,1
5860,2,2,1,1
1531,0,1,0,0
4283,0,0,1,1
7617,0,0,0,0
7097,1,3,0,0
9851,0,2,0,0
25118,0,1,0,0
12433,0,1,1,1
17664,0,1,0,0
298,0,2,1,1
24919,0,2,0,0
11467,0,1,1,0
13297,0,1,0,0
12811,3,1,1,1
24155,1,1,1,1
11230,0,1,1,1
26062,0,3,1,0
25570,0,3,1,0
24606,0,1,1,1
3374,0,0,1,1
28962,0,1,0,0
1249,2,3,1,1
10915,0,0,0,1
11110,0,1,0,0
24370,0,2,1,0
2441,0,2,0,0
5312,0,1,0,0
6895,0,3,1,0
7365,1,2,0,0
9287,0,1,1,1
4080,1,1,1,1
12617,1,2,1,1
8313,0,1,0,0
6805,0,0,0,0
28991,0,1,0,0
24588,1,2,1,0
27839,0,1,1,1
98,0,1,1,0
11605,0,3,0,0
14892,0,2,0,0
18097,0,3,0,0
27542,0,1,1,1
25398,1,2,1,1
20858,0,3,1,0
2342,1,1,0,1
17041,0,1,0,0
23108,0,3,0,0
20093,1,1,0,1
25393,0,0,0,0
25167,0,2,0,0
154,0,0,1,0
18996,0,2,0,0
13602,0,2,0,0
28525,1,1,1,1
16126,0,1,1,0
2310,0,2,1,1
28199,0,2,0,0
2273,1,2,0,1
3683,1,1,0,0
12049,1,3,1,1
21830,0,1,0,0
12241,0,1,1,0
14055,0,1,1,0
13579,0,1,0,0
9729,0,3,1,0
24106,0,1,0,0
5812,0,1,0,0
5738,0,1,0,0
14269,1,1,1,1
15889,0,1,1,1
5004,0,2,1,1
471,1,0,0,1
2742,0,2,1,1
22710,1,2,1,0
11622,1,2,1,1
3681,0,2,1,0
15115,0,2,0,0
9107,0,2,0,0
21088,1,2,0,1
7130,0,3,1,0
24799,0,1,0,0
5606,0,2,0,0
28313,0,1,0,0
16049,3,2,1,1
17198,0,0,1,1
1396,0,1,0,0
29671,0,2,0,0
27306,0,2,1,1
11263,2,0,0,1
29605,0,1,0,0
21459,1,1,1,1
19434,1,1,0,0
2079,0,3,0,0
19792,0,1,1,1
9384,0,1,1,1
9152,0,2,1,0
21174,1,1,1,1
24204,0,0,0,0
4991,0,1,0,0
3256,1,2,1,1
17014,0,1,1,1
4993,0,1,1,1
25170,1,1,1,1
29950,1,2,1,1
17318,0,1,0,0
16116,0,1,1,1
5542,0,3,0,0
18576,0,1,0,0
1202,0,3,0,0
27732,0,2,0,0
4276,1,2,0,1
11053,0,1,1,0
8945,0,2,1,1
8745,0,3,1,0
7149,1,1,0,1
2629,1,1,1,1
27492,0,1,1,0
20791,0,1,1,1
1689,0,1,1,1
8237,0,3,0,0
11063,0,1,0,0
6143,0,1,0,0
17079,0,0,0,0
15535,0,0,1,1
26458,0,1,1,1
8897,0,1,0,0
9757,0,2,1,1
2892,0,2,1,1
19308,0,0,1,1
27812,0,2,1,0
13509,0,2,1,0
801,0,2,0,1
14827,0,2,1,1
12130,0,2,0,0
13223,0,2,0,0
9894,1,2,0,0
1568,1,3,0,1
180,0,2,1,1
18035,0,1,0,0
14454,1,2,0,1
15307,0,2,0,0
21112,0,2,1,0
4509,0,2,1,1
630,2,2,0,1
7273,1,2,0,1
20659,0,2,1,0
14288,1,2,1,1
17484,1,0,1,1
611,1,1,0,1
19063,0,1,1,1
8708,2,2,1,1
13516,0,0,0,0
939,0,1,0,0
8484,0,2,0,0
26069,0,2,0,0
4085,0,0,1,1
21129,0,2,1,1
18000,0,3,1,0
4095,0,1,1,1
13831,0,2,1,1
26282,1,1,0,0
8236,0,2,1,1
13470,1,0,0,1
7030,0,2,0,0
28661,1,0,1,1
6072,0,0,1,1
17808,0,2,0,0
16834,2,1,0,1
29577,1,0,1,1
483,0,1,1,1
26299,0,2,1,1
8995,1,1,1,1
25159,1,2,1,1
19910,0,0,1,1
16628,1,2,0,0
13719,0,3,1,1
17247,0,1,0,0
25463,0,2,0,0
18752,0,3,1,0
25401,0,2,1,0
22078,0,1,0,0
16195,0,2,1,1
23114,0,2,0,0
13455,0,2,0,0
2896,1,0,1,1
26853,0,0,1,1
29275,1,2,0,0
29291,0,1,1,1
25024,0,0,1,1
24909,0,3,1,1
17051,0,0,0,0
27788,0,2,0,0
15863,0,2,1,1
20633,1,1,1,1
17362,0,2,1,1
6791,0,1,0,0
22251,1,1,1,1
20526,0,0,0,0
7758,1,3,0,0
19216,0,1,0,0
12080,1,2,0,0
21523,0,2,0,0
4887,0,1,0,1
3088,1,1,1,1
1915,0,1,1,1
26031,1,0,0,1
3409,0,2,1,1
633,0,0,0,0
19176,0,2,0,0
4933,0,2,1,1
16779,0,3,1,1
22298,0,0,0,0
150,1,2,0,0
2769,1,1,1,1
12938,0,2,0,0
2873,0,2,0,0
4666,0,2,0,0
3538,0,0,1,1
25166,1,2,1,1
3546,0,1,1,1
1739,0,1,1,1
28072,1,1,0,1
3966,0,1,0,1
8399,0,0,1,1
7332,0,0,1,1
23321,1,2,0,1
29050,0,2,1,1
16773,1,2,1,1
21155,0,1,0,1
29313,0,2,0,0
16836,0,1,1,0
22898,0,0,1,1
5134,0,1,0,0
10943,0,1,0,0
12606,1,1,1,1
7873,0,0,1,1
4113,0,1,1,1
16413,0,0,0,0
18231,1,2,0,1
23571,2,0,1,1
29269,0,2,0,0
15084,0,1,1,1
29106,0,1,1,0
991,0,2,0,0
26045,2,2,0,1
29362,0,1,1,1
18947,0,1,1,0
18208,0,2,1,1
26990,0,0,1,1
9477,1,0,0,1
19316,1,2,0,0
7198,0,3,1,0
19182,0,0,1,1
24046,1,2,1,0
11861,1,1,0,0
10840,0,2,1,1
16163,0,0,1,1
15160,0,2,0,0
28161,1,3,0,0
14058,0,0,0,1
14587,0,1,1,1
27275,0,1,1,0
17260,1,0,1,1
19099,0,1,0,0
8555,0,2,0,0
15921,0,1,1,1
29043,0,2,1,1
13141,0,2,0,0
17412,0,2,0,1
19313,0,2,1,1
4246,0,2,0,1
23327,0,2,1,0
7513,0,0,0,0
5638,0,2,0,0
26412,0,1,1,1
25239,1,1,1,1
6674,1,0,1,1
22603,1,1,1,1
24390,0,2,0,0
12182,0,1,0,0
15638,1,0,0,1
8051,1,1,1,1
10663,0,0,0,0
27037,0,1,1,1
23592,0,1,1,1
6319,0,1,1,1
21425,0,1,0,1
549,0,1,1,1
1380,2,1,1,1
15722,0,1,1,1
6536,1,2,0,0
7635,0,2,1,1
26079,1,0,1,1
15820,0,2,0,0
6874,0,1,0,0
28530,0,0,1,0
6334,0,1,0,1
8770,0,1,1,1
12770,0,1,0,1
29964,0,1,0,0
1603,0,1,1,1
16404,0,2,0,0
20861,0,0,0,1
20208,0,2,0,0
9253,0,2,1,0
1398,0,1,1,1
25940,1,1,0,0
21866,0,2,1,1
8966,0,2,1,1
4544,0,1,0,0
1503,0,1,1,1
26733,0,2,0,0
29438,0,3,1,0
24746,0,1,1,0
13414,0,2,1,1
3928,0,1,1,0
21413,0,2,0,0
25458,0,1,1,1
6851,1,3,0,1
6556,0,2,1,0
27188,0,1,1,1
3269,0,3,0,0
12703,0,0,1,1
17889,0,2,0,0
19651,1,2,1,1
15683,2,1,0,1
20758,0,2,0,0
14545,0,0,0,1
21998,1,2,1,1
15029,0,2,1,0
26266,1,0,0,1
16717,0,2,0,0
11546,0,1,0,0
23649,0,1,0,0
3586,1,1,1,1
28397,0,1,0,0
2547,0,1,1,1
24681,0,2,1,0
16959,0,2,1,1
18103,0,2,0,0
20781,1,3,1,1
27724,1,1,1,1
6607,0,1,1,1
9788,0,2,0,0
26769,0,3,1,0
15761,0,1,1,1
12078,1,2,0,1
20184,0,1,0,0
27967,0,3,0,0
20529,0,2,1,1
29495,0,3,0,0
18227,1,1,0,1
3344,0,3,1,1
6042,0,1,1,1
831,0,3,1,1
4753,1,1,0,0
490,0,1,0,0
23958,1,2,0,0
467,1,0,1,1
5293,0,3,0,0
19468,0,3,0,0
14236,1,1,1,1
18591,0,2,0,0
13950,0,1,1,1
27034,0,2,1,1
23266,2,3,0,1
19321,0,2,0,0
25914,0,2,0,0
28187,1,2,1,1
28956,2,2,1,1
29349,1,1,1,1
18314,0,0,0,0
26422,1,1,0,1
6353,1,1,1,1
2884,0,1,1,1
26397,0,1,0,0
25360,0,1,0,0
23691,0,2,1,1
9549,0,1,1,1
19837,0,1,1,1
1154,0,1,1,1
3346,0,1,1,0
18185,0,2,1,1
19159,0,2,0,0
13530,0,0,0,0
18457,1,3,1,1
29798,1,2,1,0
12870,0,1,1,1
29780,1,1,1,1
15741,0,3,0,0
27310,1,2,1,1
11812,0,1,1,1
11314,0,2,0,1
7369,0,3,0,0
18521,0,2,1,1
1734,0,2,0,0
7211,0,0,1,1
27911,0,1,0,0
16369,0,0,0,0
12931,0,2,1,1
10732,1,2,1,1
20290,0,0,1,1
1542,0,1,1,1
20517,1,2,0,0
25013,2,2,0,1
12745,0,1,1,1
22812,0,2,1,0
18880,0,1,0,0
23677,0,1,1,1
18514,0,1,0,0
19549,0,2,0,0
610,0,3,1,0
2490,0,2,1,1
9812,0,1,0,0
2552,0,0,0,0
1495,0,2,1,1
1517,0,1,1,1
12803,0,1,0,0
11151,0,0,1,1
14113,0,0,1,0
2582,0,2,1,1
27005,0,0,1,1
13185,0,1,1,1
15474,0,2,1,1
26409,1,1,0,0
8096,0,3,1,1
23655,3,1,1,1
26308,0,1,0,0
5223,1,1,1,1
16468,1,2,1,0
15822,1,1,1,1
14209,0,3,0,0
2619,0,1,1,1
3457,0,0,0,0
9530,1,2,0,0
21559,0,0,1,1
9837,0,2,1,0
25665,1,0,1,1
7359,0,3,0,0
15528,1,3,0,0
14041,0,3,1,1
12915,0,3,1,1
29350,0,1,0,0
19495,0,2,1,1
16204,2,2,0,1
4302,0,0,0,1
22806,1,1,1,1
10033,0,2,0,0
8088,0,2,0,0
7982,0,2,1,1
13330,0,3,1,1
17001,0,2,1,1
4194,0,2,1,1
17865,0,1,0,0
3339,1,2,1,1
25945,0,2,1,1
19569,0,1,1,1
2335,1,3,1,1
3494,1,2,0,1
5557,0,2,0,0
6267,0,2,1,0
13359,1,1,1,1
95,0,0,1,1
29435,0,2,0,0
3122,1,2,0,0
12810,1,3,0,1
5904,0,1,0,0
26832,0,1,1,0
10985,0,1,0,0
9875,1,1,1,1
28770,0,3,0,0
12581,0,2,1,0
14682,0,2,0,0
13823,0,3,0,0
4700,1,2,1,1
19396,1,0,1,1
12450,0,0,1,1
20210,0,2,1,1
11721,0,2,0,0
6234,0,2,0,0
15114,0,0,0,0
3496,0,3,1,1
10044,0,2,1,1
21309,0,1,1,1
18911,0,2,0,1
9789,0,0,1,1
10112,0,2,0,0
16827,0,1,1,1
10095,0,1,1,1
341,0,1,0,0
25311,0,1,1,1
22402,1,1,0,0
16790,0,2,0,0
20797,0,1,0,0
267,2,2,0,1
26694,0,2,0,0
11899,1,1,0,0
3323,0,2,1,0
26756,0,1,0,0
14723,1,2,1,1
1083,0,1,1,1
24705,1,2,1,1
10152,0,1,1,1
29588,0,1,0,1
23927,0,1,0,0
25629,0,0,1,1
8926,1,3,1,1
18625,0,0,0,1
15113,0,3,1,0
4736,0,3,0,0
21072,0,2,0,0
26520,0,0,0,0
16220,1,3,1,1
18908,0,0,0,0
10130,0,0,1,1
4033,0,3,0,0
20341,0,1,1,1
24424,0,1,0,0
28185,0,2,0,0
19711,1,0,1,1
20269,1,2,0,1
18172,0,1,1,0
8774,1,2,0,0
7394,0,1,0,0
11174,0,3,0,0
9907,0,1,1,1
2705,0,2,0,0
19944,0,1,0,0
27436,0,0,1,1
12179,0,2,0,0
26529,0,3,1,1
11223,0,2,0,0
1717,1,2,1,1
21116,0,2,0,0
15145,0,1,1,0
26763,0,2,1,1
5560,0,0,0,0
9912,0,2,0,0
5535,1,1,1,1
9470,0,2,0,0
29937,0,0,0,0
17560,0,1,1,1
2196,0,1,1,1
16980,0,1,1,1
10999,0,1,0,0
7038,1,2,0,1
22828,1,2,0,0
2099,0,1,1,0
12240,0,1,1,0
14880,0,1,0,0
18964,1,3,1,1
25706,0,1,1,1
16318,0,0,0,0
12473,0,0,1,1
29014,1,3,0,0
5599,0,0,0,0
3285,0,2,1,1
21240,0,3,0,0
5240,1,1,0,1
12476,0,2,0,1
11438,0,2,0,0
6575,0,0,0,0
26440,0,2,1,1
9217,1,2,0,1
2356,0,2,1,0
6627,0,1,1,1
7127,0,1,1,1
22846,1,3,0,0
13255,0,0,0,0
5192,0,0,0,0
943,0,2,0,0
18226,0,0,1,1
24098,0,1,0,1
27462,0,3,0,0
10494,1,1,1,1
21065,1,2,1,1
12917,0,0,1,1
5115,0,1,1,1
12650,0,2,1,0
12044,0,1,0,0
11591,0,1,0,0
10680,0,2,0,1
2528,0,1,0,0
9508,0,3,1,0
1580,0,1,0,1
15861,0,2,1,0
28041,0,2,1,1
1971,0,1,0,1
12220,0,2,0,0
7730,0,2,0,0
22511,2,1,0,1
29251,0,1,1,1
9268,1,1,1,1
16321,0,2,0,0
826,0,1,1,1
18847,0,1,0,0
4223,1,1,1,1
20975,1,2,1,1
25813,0,1,0,0
28155,0,0,0,0
14561,0,2,0,1
26399,0,0,0,0
17369,0,1,0,0
29779,0,1,1,0
28559,0,2,1,1
25648,0,2,1,0
14536,0,3,0,0
2211,0,1,0,0
14809,1,2,1,1
23737,2,3,0,1
2587,0,2,0,0
11387,0,1,1,1
16180,0,0,0,1
5911,0,1,0,0
21923,1,1,1,1
22333,0,1,1,0
5924,0,2,1,1
6328,0,1,1,1
17129,0,2,0,0
5424,0,0,0,0
9244,0,1,1,1
13557,0,0,0,0
12405,0,2,0,0
4466,0,1,1,1
3807,0,1,0,0
18094,0,3,0,0
7907,0,1,1,0
23796,0,3,0,0
8279,0,0,1,1
22184,1,2,1,1
12944,0,1,0,0
5376,0,1,0,1
10621,1,0,0,0
19798,1,3,0,0
26886,0,1,0,0
20018,0,2,0,1
21485,0,1,1,1
15251,1,1,1,1
19920,0,2,0,0
23723,0,1,1,1
26670,0,1,0,0
23640,0,0,1,1
2297,0,0,1,1
16886,0,2,0,0
24915,0,2,1,1
6951,0,0,1,1
29357,0,1,1,1
26429,0,3,0,0
8587,0,0,1,0
14099,0,2,0,0
11278,0,1,1,1
26002,0,2,0,0
780,0,1,0,0
2322,0,1,1,1
25153,0,1,1,1
763,0,1,0,0
13306,0,3,1,0
9421,0,3,1,1
9330,0,0,1,1
28637,1,2,1,1
27060,0,3,0,0
3945,0,2,1,0
20319,0,2,1,1
22231,1,1,0,0
16840,1,2,0,1
25030,0,1,0,1
2583,0,1,1,0
11475,1,1,0,0
4652,0,2,1,1
17758,0,0,1,1
29778,0,2,1,1
5322,0,2,1,1
18682,0,2,0,0
21337,0,1,0,1
25783,0,2,0,0
12800,0,2,0,0
21863,0,0,0,0
13787,1,1,1,0
13821,0,1,0,0
12300,0,2,0,0
22760,0,3,1,0
29698,1,1,1,1
15170,0,2,0,0
22031,0,1,1,0
24277,0,1,0,0
11047,0,1,0,0
3781,0,0,1,1
2662,0,2,1,0
23247,0,1,0,1
20127,0,3,1,1
10467,0,1,1,1
27727,0,3,1,1
3132,0,2,0,0
21599,1,1,0,1
957,0,0,0,0
23387,1,1,1,1
22448,0,1,0,0
2493,0,3,0,0
14690,1,2,0,0
16138,0,2,0,0
29160,0,3,0,0
10447,0,1,1,1
7716,0,1,1,1
7986,0,2,1,1
7622,0,1,1,1
5745,1,2,0,1
3025,0,1,0,0
18099,0,3,1,1
21696,0,1,0,0
26368,0,1,0,0
27974,1,1,0,1
17977,0,2,1,1
6635,1,1,1,0
3117,1,3,1,1
28950,1,1,0,1
11829,0,2,1,0
16504,0,3,0,0
19795,0,1,0,0
9996,0,1,1,1
2780,0,2,1,1
25194,0,2,1,1
12839,1,0,1,1
20862,0,3,1,1
1842,1,2,0,0
23656,0,1,1,1
14213,1,1,0,0
23566,0,0,1,1
20358,0,2,0,0
6385,0,1,0,0
7213,0,0,1,1
24376,0,2,1,1
21990,0,3,0,0
28094,0,1,1,1
27220,1,1,1,1
6687,0,2,1,1
29153,1,2,0,1
15769,0,2,1,1
23451,0,1,0,0
6470,0,3,1,0
13040,0,2,0,1
28427,0,1,0,0
14573,1,1,1,1
23418,0,1,0,0
5620,0,2,1,0
22201,1,1,0,1
18054,0,2,0,0
14619,1,1,0,1
21143,1,2,1,1
28875,0,2,0,0
3051,0,3,1,1
16331,0,2,0,0
27330,0,1,1,1
20828,0,1,0,0
29063,0,1,1,0
8520,0,1,0,0
8709,0,2,1,1
27935,0,3,1,0
17231,0,3,1,0
28826,0,2,0,0
7290,1,3,1,1
4255,1,1,0,0
6501,1,2,0,0
25690,1,2,0,0
13241,1,2,0,1
1702,0,0,0,1
1576,1,2,0,1
3902,0,1,0,1
15698,0,0,1,1
4387,1,0,0,1
12355,0,1,1,1
7562,1,0,1,1
18712,0,1,0,0
17036,1,1,0,1
6511,0,3,1,1
28860,0,2,1,1
9126,0,3,0,0
22441,0,2,0,0
10459,1,2,1,1
22824,0,2,0,0
7092,0,1,1,1
28516,0,1,1,1
18556,0,2,1,1
7126,0,3,1,0
18365,0,3,1,1
5947,1,2,0,0
17040,0,2,0,0
1996,0,2,0,0
20969,0,2,0,0
187,0,1,1,1
190,1,2,1,1
29650,0,2,0,0
11615,0,0,1,1
16406,0,2,0,0
18151,1,2,1,1
29479,1,3,0,0
15478,0,0,1,1
883,0,1,1,1
10020,0,1,0,0
1757,0,0,0,0
27878,0,0,1,1
29155,0,2,1,0
8108,0,0,1,1
16860,1,1,1,1
19037,1,2,1,1
2871,0,0,0,0
24360,1,3,0,0
26590,0,3,1,0
1674,0,2,0,0
20807,1,2,0,0
4683,1,1,1,1
8910,1,2,0,0
1611,0,1,1,1
18213,0,2,0,0
4925,0,1,1,0
20507,1,3,1,1
7050,0,1,0,0
18432,0,1,1,0
28598,0,1,1,1
20647,0,0,0,1
8250,0,1,0,0
9510,0,1,1,1
3660,0,2,0,0
16267,1,1,0,0
3565,0,2,0,0
6241,1,0,0,0
13204,0,1,1,1
5794,0,2,1,1
3824,0,2,1,0
17931,0,1,0,0
22924,0,1,1,1
5149,0,1,1,1
3557,0,2,0,0
12139,0,2,0,0
28275,0,3,0,0
11927,0,1,0,0
23612,1,0,1,1
12644,0,3,0,0
16623,2,2,0,1
17429,0,2,0,0
26417,1,1,0,0
1013,0,1,1,1
14651,0,2,1,0
21165,0,0,0,0
2275,0,2,1,1
26332,0,2,0,0
25406,0,2,1,0
12163,1,2,1,1
18961,0,2,1,1
29652,0,2,0,1
11998,1,2,0,1
782,1,2,0,0
13230,0,2,1,1
28378,1,0,0,1
11005,1,3,1,1
18386,0,1,1,1
13907,0,1,0,0
5111,0,2,0,0
1764,1,1,0,1
5174,1,2,0,1
11422,0,2,1,1
21719,1,1,0,1
11059,0,1,1,1
15187,1,0,1,1
18909,0,1,1,0
3182,0,2,1,0
544,1,1,0,0
9885,1,1,0,0
13322,0,2,1,1
2145,0,1,0,0
17805,0,3,0,0
26394,0,1,0,0
22299,0,1,1,1
8553,0,2,1,1
27650,0,2,0,0
8694,1,1,1,1
4356,0,0,0,0
12632,0,3,0,0
28680,0,0,0,0
26191,1,0,0,1
24757,1,1,1,1
8142,1,1,0,1
29664,1,1,1,1
9732,0,0,1,1
11002,0,1,1,0
767,0,2,0,0
20040,0,0,0,0
5317,0,1,1,1
13419,0,1,0,0
1786,0,2,0,0
22365,1,1,0,0
11006,1,3,1,1
5218,0,2,1,1
20048,0,1,1,1
14786,0,1,0,0
14716,0,2,1,0
29306,0,1,0,0
20421,1,3,1,1
1467,0,2,1,0
9464,1,2,0,1
10348,0,1,1,1
13654,0,2,0,0
25374,0,1,1,0
15785,3,2,1,1
18537,1,1,1,1
24292,0,3,1,1
5593,1,3,0,0
21084,0,0,1,1
10499,0,1,0,0
29019,0,1,1,1
28060,0,2,0,0
20761,0,1,0,0
24987,0,2,1,1
8161,0,3,0,0
8145,0,3,1,0
29942,0,1,0,0
3297,0,2,1,1
25985,0,2,0,1
18808,0,1,1,1
23646,0,1,0,0
28995,0,1,1,0
18132,0,1,1,1
3250,0,1,1,1
22978,0,1,0,0
9881,0,3,1,1
23639,2,1,0,1
9723,1,3,0,0
12730,0,2,0,0
29685,1,2,1,1
10213,0,2,0,0
7452,1,2,1,1
14320,0,2,1,0
1740,0,3,0,0
12863,0,2,0,1
13718,0,2,0,0
26144,1,1,1,1
15398,0,3,0,0
8760,0,2,0,0
2921,1,1,0,1
18063,0,0,1,1
21299,0,3,1,1
8354,0,2,0,0
3423,0,1,0,0
22908,1,1,0,1
22470,0,1,0,0
6703,0,3,1,0
21352,0,2,0,0
13650,0,0,0,0
20150,1,1,1,1
2503,0,2,1,0
14002,0,2,0,0
26592,0,1,1,1
27251,0,0,0,0
16958,0,2,1,1
11514,0,2,1,1
15663,1,2,0,0
5164,0,1,0,0
19310,0,3,0,0
11359,1,2,1,1
25383,0,2,1,1
13693,0,1,0,0
25879,0,1,0,0
7549,0,2,1,0
24221,1,2,1,1
29126,0,2,0,0
12990,1,1,0,1
3767,0,2,1,0
14844,0,1,1,1
5811,0,1,1,0
28536,0,1,1,1
17854,2,3,0,0
14869,0,3,1,0
453,1,1,0,0
25460,1,1,0,1
12206,0,3,0,0
6481,0,1,0,1
23024,0,3,1,1
24891,0,2,1,0
18736,0,1,1,0
26471,1,3,1,1
15249,0,2,0,0
2592,0,0,1,1
29837,0,2,0,0
20213,1,2,1,1
2309,0,2,0,0
4741,0,2,1,0
23423,0,2,1,0
18586,0,2,0,1
17699,0,1,0,0
19019,0,2,1,1
16654,0,2,0,0
22498,0,2,1,1
16478,0,0,1,0
17521,0,2,0,0
20550,2,1,0,1
9994,0,0,0,0
24133,1,1,0,0
9040,0,1,1,1
16240,2,0,0,1
11917,0,3,0,0
27902,1,1,0,1
1155,0,1,0,0
12547,0,3,0,0
3702,0,1,1,1
12484,0,2,0,0
10244,0,1,1,1
15383,0,2,0,0
21821,2,1,1,1
21614,0,0,1,1
4508,0,1,0,0
22821,0,2,1,1
26700,0,1,0,0
24120,1,3,1,1
19769,0,2,0,0
13187,0,1,1,0
3131,0,1,1,0
14152,1,0,0,0
19650,0,2,1,1
9708,1,1,0,1
10889,0,1,0,0
18846,0,2,1,0
26667,0,1,0,0
20728,0,1,1,0
12782,2,1,0,1
14890,0,0,0,1
6199,0,2,0,0
6495,0,2,1,1
4452,1,1,0,0
3634,1,0,1,1
20260,1,1,0,1
5026,0,1,0,0
5423,0,0,1,1
29025,0,3,0,0
11405,0,1,1,1
5310,0,1,0,0
25208,0,1,1,1
20547,0,1,0,0
6692,0,2,0,0
6333,1,3,0,0
10122,0,2,1,1
24900,0,0,0,1
495,0,3,0,0
17663,0,2,0,0
26149,2,0,1,1
21735,0,2,0,0
13039,0,3,1,0
27808,0,1,1,1
21690,1,3,0,0
27475,1,2,1,1
9167,0,2,0,0
3499,0,3,1,0
8814,0,1,1,1
7370,0,0,0,0
7817,0,1,0,0
4310,0,3,0,1
8291,1,1,1,1
19181,0,2,0,1
22320,1,1,1,1
1354,0,1,0,0
25399,0,1,1,1
29893,0,1,1,0
21515,0,1,1,1
7583,1,2,0,0
17038,0,2,1,1
29356,1,2,0,1
9336,1,2,0,1
17451,0,2,1,1
14067,0,1,1,1
18904,0,0,1,1
4485,0,1,0,0
21927,0,1,1,0
22241,0,3,0,0
25899,0,1,0,0
6409,1,0,1,1
2811,0,1,0,0
13182,0,3,0,0
13630,0,2,1,1
4620,0,1,0,1
26516,0,2,0,0
10256,0,3,0,0
12948,0,1,1,1
14410,1,1,0,1
17279,1,2,1,1
25590,0,1,0,0
7226,0,2,1,1
18093,2,1,0,1
19844,0,2,0,0
7210,0,0,0,1
9105,0,1,0,0
12098,1,3,1,1
3930,0,1,0,0
2588,0,3,0,0
14850,0,2,0,0
12319,0,3,1,0
18742,0,2,0,0
26711,0,1,0,1
13926,0,1,1,0
7702,0,2,1,1
25876,0,1,1,1
26797,0,2,1,1
7732,0,1,1,1
16571,1,1,1,1
17899,1,2,1,1
21383,0,1,0,0
24036,0,1,0,0
83,0,1,1,1
29241,0,0,0,1
27437,0,1,1,0
29753,0,2,0,0
3835,0,1,1,1
23594,0,1,0,0
14951,0,1,0,0
24818,0,2,0,0
8469,0,2,0,0
21082,0,1,1,1
29453,0,3,1,1
25141,0,0,1,1
2981,0,2,0,0
15968,0,1,1,1
3114,0,3,0,0
9824,0,1,1,1
25560,1,3,0,0
21606,0,2,1,1
17810,0,1,1,0
7412,1,1,1,1
8197,0,1,0,0
14831,0,1,1,0
3910,0,1,0,0
16767,0,3,1,0
24453,1,1,0,1
15901,1,0,1,1
17906,0,2,1,1
20530,0,2,0,0
23869,0,1,1,0
5746,1,2,1,1
8510,2,1,0,1
25726,2,0,1,1
13867,0,1,1,0
3150,0,2,0,0
17471,0,2,1,1
29641,1,1,0,1
11370,0,1,0,0
18644,0,2,0,0
22843,0,2,1,0
23329,0,1,1,1
29509,0,0,0,0
9047,0,2,1,1
20576,0,2,0,0
