,R,Q,A,Y
0,1.2000000000000002,2,1,1
1,0.4,1,0,0
2,0.4,2,1,1
3,1.2000000000000002,2,1,1
4,0.4,1,0,0
5,0.4,1,1,1
6,0.4,3,0,0
7,0.4,1,0,0
8,0.4,2,0,0
9,1.2000000000000002,0,1,1
10,0.4,3,1,1
11,0.4,0,1,1
12,0.4,2,0,0
13,0.4,0,0,0
14,0.4,1,1,0
15,0.4,2,0,0
16,0.4,1,0,0
17,0.4,0,0,0
18,0.4,1,1,1
19,0.4,1,1,1
20,0.4,3,1,1
21,0.4,0,1,1
22,0.4,2,1,1
23,0.4,2,1,1
24,1.2000000000000002,1,0,1
25,0.4,2,1,1
26,0.4,1,1,1
27,0.4,1,0,0
28,0.4,0,1,1
29,1.2000000000000002,0,0,0
30,1.2000000000000002,1,0,1
31,0.4,2,0,0
32,0.4,2,1,1
33,0.4,2,1,1
34,1.2000000000000002,3,0,0
35,0.4,0,1,0
36,0.4,2,0,0
37,0.4,2,0,0
38,1.2000000000000002,2,0,0
39,0.4,2,0,0
40,1.2000000000000002,2,1,1
41,0.4,3,1,0
42,1.2000000000000002,1,0,0
43,0.4,0,1,1
44,0.4,1,0,0
45,0.4,1,1,1
46,0.4,1,0,0
47,0.4,1,1,1
48,1.2000000000000002,2,0,0
49,0.4,2,0,0
50,0.4,1,1,1
51,1.2000000000000002,1,1,1
52,0.4,2,1,0
53,0.4,2,0,0
54,0.4,1,0,0
55,0.4,2,0,0
56,0.4,2,0,0
57,0.4,2,0,0
58,0.4,0,1,1
59,0.4,2,0,0
60,1.2000000000000002,3,0,0
61,0.4,2,0,0
62,0.4,2,1,1
63,0.4,1,0,0
64,0.4,1,0,1
65,0.4,2,0,0
66,1.2000000000000002,0,0,1
67,0.4,2,1,0
68,0.4,1,0,0
69,0.4,2,0,0
70,0.4,1,1,1
71,0.4,2,1,1
72,0.4,0,0,0
73,0.4,1,0,0
74,0.4,0,1,1
75,0.4,1,0,0
76,0.4,0,1,1
77,0.4,1,0,0
78,0.4,2,0,0
79,0.4,0,0,0
80,2.0,2,1,1
81,2.0,3,0,0
82,0.4,1,1,1
83,0.4,1,0,0
84,0.4,3,0,0
85,1.2000000000000002,1,0,0
86,0.4,2,1,0
87,0.4,2,1,1
88,0.4,1,1,1
89,0.4,0,0,0
90,1.2000000000000002,2,1,1
91,2.0,3,1,1
92,1.2000000000000002,1,0,0
93,0.4,3,0,0
94,0.4,3,0,0
95,0.4,0,0,0
96,0.4,2,0,0
97,0.4,2,0,0
98,0.4,2,1,1
99,0.4,1,0,0
100,0.4,2,1,1
101,0.4,2,1,1
102,0.4,3,1,0
103,0.4,2,0,0
104,1.2000000000000002,1,0,0
105,0.4,2,1,1
106,0.4,2,1,0
107,0.4,1,0,1
108,0.4,1,0,1
109,0.4,3,0,0
110,0.4,3,1,0
111,0.4,0,0,0
112,0.4,1,0,0
113,0.4,2,1,1
114,0.4,3,1,1
115,0.4,2,0,0
116,0.4,0,0,0
117,0.4,2,1,1
118,1.2000000000000002,1,1,1
119,0.4,1,0,0
120,1.2000000000000002,1,1,1
121,1.2000000000000002,0,0,1
122,1.2000000000000002,1,0,1
123,0.4,2,0,0
124,0.4,1,0,0
125,1.2000000000000002,1,0,1
126,0.4,3,0,0
127,2.0,1,1,1
128,0.4,1,1,1
129,0.4,2,0,0
130,0.4,3,0,0
131,0.4,1,1,1
132,1.2000000000000002,0,1,1
133,0.4,2,1,1
134,1.2000000000000002,1,1,1
135,0.4,3,1,0
136,0.4,2,0,0
137,0.4,0,0,1
138,0.4,1,0,0
139,1.2000000000000002,2,1,1
140,0.4,2,1,1
141,1.2000000000000002,0,0,0
142,1.2000000000000002,2,1,1
143,1.2000000000000002,1,0,1
144,1.2000000000000002,1,0,0
145,0.4,3,0,0
146,1.2000000000000002,1,1,1
147,0.4,1,0,0
148,0.4,2,0,0
149,0.4,1,0,0
150,0.4,2,1,0
151,0.4,1,1,1
152,1.2000000000000002,1,1,1
153,0.4,3,1,1
154,0.4,2,0,0
155,0.4,1,1,1
156,1.2000000000000002,2,0,0
157,0.4,1,0,0
158,0.4,1,1,0
159,0.4,1,0,0
160,1.2000000000000002,2,1,1
161,1.2000000000000002,2,0,0
162,0.4,2,1,1
163,1.2000000000000002,2,0,0
164,0.4,2,0,0
165,0.4,0,1,1
166,0.4,1,0,0
167,0.4,2,0,0
168,0.4,2,0,0
169,0.4,3,1,1
170,0.4,1,1,1
171,0.4,2,1,1
172,0.4,1,1,1
173,1.2000000000000002,0,0,0
174,1.2000000000000002,1,1,1
175,0.4,1,0,0
176,1.2000000000000002,2,1,1
177,0.4,1,0,0
178,0.4,2,1,1
179,1.2000000000000002,1,1,1
180,0.4,1,1,1
181,0.4,1,0,0
182,0.4,2,1,1
183,0.4,1,1,1
184,0.4,1,1,1
185,0.4,2,0,0
186,0.4,1,1,0
187,1.2000000000000002,1,1,1
188,1.2000000000000002,1,1,1
189,1.2000000000000002,2,1,1
190,0.4,3,0,0
191,0.4,3,0,0
192,0.4,1,0,0
193,0.4,1,0,0
194,0.4,1,1,0
195,0.4,1,0,0
196,0.4,0,1,1
197,0.4,2,0,0
198,0.4,3,0,0
199,0.4,2,0,0
200,1.2000000000000002,2,0,0
201,0.4,1,0,0
202,0.4,1,1,1
203,0.4,2,0,0
204,0.4,3,0,0
205,1.2000000000000002,2,1,1
206,0.4,3,1,1
207,0.4,2,0,0
208,0.4,2,1,1
209,0.4,1,0,0
210,1.2000000000000002,1,0,0
211,0.4,3,1,0
212,0.4,0,1,1
213,1.2000000000000002,2,0,0
214,0.4,3,0,0
215,0.4,1,1,1
216,0.4,1,0,0
217,0.4,2,1,1
218,0.4,1,0,0
219,0.4,2,1,1
220,0.4,1,1,0
221,0.4,2,0,0
222,1.2000000000000002,2,0,1
223,0.4,1,1,0
224,0.4,2,0,0
225,0.4,2,0,0
226,1.2000000000000002,3,1,1
227,0.4,1,0,0
228,0.4,1,1,1
229,0.4,2,1,1
230,0.4,3,0,0
231,0.4,2,1,1
232,0.4,2,0,0
233,0.4,1,0,0
234,0.4,3,0,0
235,0.4,3,1,1
236,1.2000000000000002,2,0,0
237,0.4,2,0,0
238,1.2000000000000002,2,0,0
239,0.4,1,1,1
240,1.2000000000000002,2,0,0
241,1.2000000000000002,2,0,0
242,0.4,1,1,0
243,0.4,0,0,0
244,0.4,1,0,0
245,0.4,1,1,1
246,1.2000000000000002,1,0,0
247,0.4,2,1,1
248,0.4,2,1,1
249,0.4,1,1,1
250,0.4,1,0,0
251,0.4,2,1,1
252,1.2000000000000002,0,0,1
253,1.2000000000000002,2,0,1
254,1.2000000000000002,1,0,1
255,0.4,1,0,0
256,1.2000000000000002,2,1,1
257,1.2000000000000002,1,1,1
258,0.4,1,0,0
259,1.2000000000000002,0,1,1
260,0.4,1,1,1
261,0.4,2,1,1
262,1.2000000000000002,2,0,0
263,0.4,1,1,1
264,0.4,1,1,1
265,0.4,1,1,1
266,0.4,3,1,0
267,0.4,0,0,0
268,0.4,1,0,0
269,1.2000000000000002,3,0,0
270,0.4,2,1,0
271,0.4,0,1,1
272,0.4,1,1,1
273,1.2000000000000002,2,1,1
274,0.4,2,1,1
275,0.4,1,1,1
276,0.4,2,0,0
277,0.4,2,1,1
278,0.4,0,1,1
279,0.4,1,1,1
280,0.4,1,1,1
281,0.4,2,0,0
282,0.4,1,0,0
283,0.4,2,1,0
284,0.4,1,0,0
285,0.4,1,1,1
286,0.4,3,1,1
287,0.4,1,0,0
288,1.2000000000000002,0,0,0
289,1.2000000000000002,0,1,1
290,1.2000000000000002,1,0,0
291,1.2000000000000002,2,0,1
292,0.4,0,0,1
293,1.2000000000000002,0,0,1
294,0.4,3,1,0
295,0.4,1,1,1
296,0.4,1,1,1
297,0.4,0,0,0
298,1.2000000000000002,2,0,0
299,0.4,2,1,1
300,0.4,2,1,1
301,0.4,1,1,1
302,0.4,3,0,0
303,0.4,3,1,1
304,0.4,1,1,1
305,0.4,1,0,0
306,0.4,1,0,0
307,0.4,3,1,1
308,0.4,1,0,0
309,0.4,3,1,1
310,0.4,1,1,1
311,0.4,1,1,1
312,0.4,1,0,0
313,0.4,1,1,1
314,0.4,1,0,0
315,1.2000000000000002,1,1,1
316,0.4,1,0,0
317,0.4,0,1,1
318,0.4,2,0,0
319,0.4,2,1,1
320,0.4,1,0,0
321,0.4,1,0,0
322,0.4,1,1,1
323,0.4,1,0,0
324,1.2000000000000002,2,0,0
325,1.2000000000000002,2,0,0
326,0.4,2,0,0
327,1.2000000000000002,2,0,0
328,0.4,1,0,0
329,0.4,0,1,1
330,1.2000000000000002,1,0,1
331,1.2000000000000002,1,0,1
332,0.4,2,1,1
333,0.4,0,1,1
334,0.4,3,1,1
335,1.2000000000000002,1,0,1
336,0.4,2,1,1
337,0.4,2,1,1
338,0.4,2,0,0
339,1.2000000000000002,3,1,1
340,0.4,2,1,1
341,0.4,1,1,1
342,0.4,3,1,1
343,0.4,2,0,0
344,0.4,1,0,0
345,0.4,1,0,0
346,0.4,0,0,0
347,0.4,2,1,1
348,0.4,0,1,1
349,0.4,2,0,0
350,1.2000000000000002,0,1,1
351,0.4,3,0,0
352,1.2000000000000002,2,1,1
353,0.4,2,1,1
354,0.4,1,1,1
355,0.4,2,1,1
356,0.4,1,0,0
357,0.4,3,0,0
358,0.4,2,1,1
359,0.4,1,0,0
360,1.2000000000000002,1,0,0
361,0.4,1,1,0
362,2.0,3,0,1
363,0.4,1,1,1
364,0.4,1,0,0
365,2.8,1,0,1
366,0.4,3,1,1
367,0.4,1,1,1
368,0.4,2,0,0
369,0.4,1,0,0
370,0.4,3,1,0
371,0.4,2,1,1
372,0.4,2,0,0
373,1.2000000000000002,2,1,1
374,0.4,1,1,0
375,0.4,0,0,0
376,0.4,2,0,0
377,0.4,2,0,0
378,0.4,1,1,1
379,0.4,1,1,1
380,0.4,2,1,1
381,0.4,3,1,0
382,0.4,1,0,0
383,0.4,2,0,0
384,0.4,2,1,1
385,0.4,3,0,0
386,0.4,2,1,1
387,1.2000000000000002,1,0,0
388,1.2000000000000002,1,0,0
389,0.4,1,0,0
390,0.4,2,0,0
391,0.4,2,0,0
392,0.4,1,0,0
393,0.4,1,0,0
394,1.2000000000000002,0,1,1
395,0.4,2,1,1
396,0.4,2,1,1
397,0.4,0,1,1
398,2.0,3,1,1
399,0.4,1,1,1
400,0.4,1,0,0
401,0.4,1,1,1
402,0.4,2,1,1
403,0.4,1,0,0
404,0.4,2,1,1
405,0.4,3,0,0
406,0.4,0,1,1
407,2.0,2,0,1
408,0.4,1,0,0
409,0.4,2,0,0
410,0.4,2,0,0
411,0.4,1,1,1
412,0.4,2,0,0
413,0.4,2,0,0
414,0.4,2,1,1
415,0.4,0,0,0
416,0.4,0,0,0
417,0.4,1,0,0
418,0.4,2,1,0
419,0.4,2,1,1
420,0.4,0,0,0
421,0.4,1,1,1
422,0.4,0,0,0
423,0.4,3,0,0
424,0.4,1,0,0
425,0.4,1,0,0
426,1.2000000000000002,1,1,1
427,0.4,2,0,0
428,0.4,1,1,1
429,0.4,1,0,0
430,2.0,2,0,1
431,0.4,1,0,0
432,0.4,2,1,1
433,0.4,3,0,0
434,0.4,1,0,0
435,0.4,2,0,0
436,0.4,0,0,0
437,0.4,1,0,0
438,0.4,2,1,1
439,0.4,0,1,1
440,0.4,0,1,1
441,0.4,2,1,1
442,0.4,1,0,0
443,0.4,2,0,0
444,1.2000000000000002,1,1,1
445,0.4,2,1,0
446,0.4,2,0,0
447,0.4,2,1,1
448,1.2000000000000002,1,0,0
449,0.4,0,0,0
450,1.2000000000000002,2,0,0
451,1.2000000000000002,1,1,1
452,0.4,0,0,0
453,0.4,2,0,0
454,0.4,1,0,0
455,0.4,1,0,0
456,0.4,1,1,1
457,0.4,2,0,0
458,0.4,0,0,0
459,0.4,0,1,1
460,1.2000000000000002,1,1,1
461,0.4,1,1,1
462,0.4,3,1,0
463,2.0,1,1,1
464,0.4,2,0,0
465,0.4,0,1,1
466,0.4,0,0,0
467,0.4,1,1,1
468,0.4,1,0,0
469,0.4,3,0,0
470,0.4,2,1,1
471,1.2000000000000002,3,1,1
472,0.4,0,1,1
473,0.4,1,0,0
474,0.4,2,0,0
475,0.4,2,0,0
476,0.4,2,0,0
477,0.4,2,1,1
478,0.4,2,1,1
479,0.4,3,0,0
480,0.4,0,1,1
481,1.2000000000000002,1,1,1
482,1.2000000000000002,2,1,1
483,0.4,1,0,0
484,0.4,3,0,0
485,0.4,1,0,0
486,0.4,2,1,1
487,0.4,3,0,0
488,1.2000000000000002,3,1,1
489,0.4,2,1,1
490,0.4,1,1,0
491,1.2000000000000002,2,1,1
492,1.2000000000000002,3,0,0
493,0.4,1,0,0
494,0.4,0,0,0
495,1.2000000000000002,1,1,1
496,1.2000000000000002,0,0,0
497,0.4,1,0,0
498,0.4,0,0,0
499,0.4,2,1,1
500,0.4,2,1,1
501,1.2000000000000002,2,0,0
502,1.2000000000000002,1,1,1
503,0.4,0,1,1
504,0.4,2,1,1
505,1.2000000000000002,1,0,0
506,2.0,1,0,1
507,0.4,1,0,0
508,2.0,1,0,1
509,0.4,1,1,1
510,0.4,1,0,0
511,0.4,1,1,1
512,2.0,2,0,1
513,1.2000000000000002,1,0,0
514,0.4,2,1,1
515,0.4,1,1,1
516,0.4,1,1,1
517,0.4,0,1,1
518,0.4,2,0,0
519,1.2000000000000002,1,1,1
520,0.4,1,0,0
521,0.4,0,1,1
522,0.4,1,1,1
523,0.4,2,1,0
524,0.4,2,1,1
525,0.4,0,1,1
526,0.4,1,0,0
527,0.4,3,0,0
528,1.2000000000000002,2,0,0
529,0.4,2,0,0
530,0.4,2,1,0
531,0.4,2,0,0
532,0.4,2,1,1
533,1.2000000000000002,3,0,0
534,0.4,1,0,0
535,1.2000000000000002,2,0,0
536,0.4,2,1,1
537,0.4,2,1,0
538,0.4,0,0,0
539,1.2000000000000002,3,1,1
540,0.4,2,1,1
541,0.4,0,1,1
542,0.4,2,0,0
543,0.4,3,1,0
544,0.4,2,0,0
545,0.4,2,0,0
546,1.2000000000000002,2,1,1
547,1.2000000000000002,0,1,1
548,0.4,2,0,0
549,0.4,1,1,1
550,1.2000000000000002,3,0,0
551,0.4,3,1,1
552,0.4,1,1,1
553,0.4,3,0,0
554,0.4,3,1,1
555,0.4,2,0,0
556,0.4,3,0,0
557,0.4,3,0,0
558,0.4,2,0,0
559,0.4,2,1,1
560,1.2000000000000002,0,1,1
561,0.4,2,0,0
562,0.4,2,1,1
563,1.2000000000000002,0,1,1
564,0.4,1,1,1
565,0.4,1,0,0
566,0.4,1,1,1
567,1.2000000000000002,1,1,1
568,0.4,1,0,0
569,1.2000000000000002,1,0,0
570,0.4,2,0,0
571,0.4,1,0,0
572,0.4,1,1,1
573,0.4,1,0,0
574,0.4,2,1,1
575,0.4,1,0,0
576,0.4,2,1,1
577,0.4,1,0,0
578,0.4,2,1,1
579,0.4,2,1,1
580,0.4,2,1,1
581,0.4,1,1,1
582,0.4,3,0,0
583,0.4,1,1,1
584,0.4,1,0,0
585,0.4,2,1,1
586,1.2000000000000002,2,1,1
587,1.2000000000000002,1,0,1
588,0.4,0,1,1
589,1.2000000000000002,2,1,1
590,1.2000000000000002,1,1,1
591,0.4,2,1,0
592,0.4,1,1,0
593,0.4,1,0,0
594,0.4,3,0,0
595,0.4,1,1,1
596,1.2000000000000002,2,1,1
597,0.4,2,0,0
598,0.4,1,0,0
599,1.2000000000000002,2,0,1
600,0.4,2,1,1
601,0.4,3,1,1
602,1.2000000000000002,1,0,0
603,0.4,1,0,0
604,0.4,2,0,0
605,0.4,1,0,0
606,0.4,1,1,0
607,1.2000000000000002,1,0,0
608,0.4,1,1,1
609,0.4,1,1,1
610,2.0,0,0,1
611,0.4,3,1,0
612,1.2000000000000002,2,0,1
613,0.4,1,1,1
614,0.4,2,0,0
615,0.4,1,1,1
616,0.4,1,0,0
617,1.2000000000000002,2,0,1
618,0.4,1,1,1
619,0.4,3,1,1
620,0.4,2,1,1
621,0.4,3,1,0
622,0.4,3,0,0
623,1.2000000000000002,2,1,1
624,0.4,2,0,0
625,0.4,2,0,0
626,0.4,1,1,1
627,0.4,3,0,0
628,0.4,2,0,0
629,0.4,0,0,0
630,0.4,0,1,1
631,0.4,2,1,1
632,0.4,1,0,1
633,1.2000000000000002,3,1,1
634,2.0,1,1,1
635,0.4,1,0,0
636,0.4,2,1,1
637,0.4,1,0,0
638,0.4,1,0,0
639,0.4,2,0,0
640,1.2000000000000002,0,1,1
641,1.2000000000000002,2,0,0
642,0.4,0,0,0
643,0.4,2,0,0
644,1.2000000000000002,2,0,0
645,0.4,2,0,0
646,1.2000000000000002,0,0,1
647,0.4,2,0,0
648,0.4,2,0,0
649,0.4,2,0,0
650,0.4,2,1,1
651,0.4,2,0,0
652,0.4,2,1,1
653,0.4,3,1,1
654,1.2000000000000002,0,0,1
655,0.4,2,1,1
656,0.4,1,1,0
657,1.2000000000000002,2,1,1
658,0.4,3,1,1
659,1.2000000000000002,1,0,0
660,1.2000000000000002,2,0,1
661,0.4,2,0,0
662,0.4,1,0,0
663,0.4,1,1,1
664,0.4,1,0,0
665,0.4,0,0,0
666,0.4,0,1,1
667,0.4,1,0,0
668,0.4,1,1,1
669,1.2000000000000002,1,1,1
670,0.4,1,0,0
671,1.2000000000000002,2,0,0
672,0.4,2,0,0
673,0.4,1,0,0
674,0.4,2,0,0
675,0.4,1,0,0
676,0.4,0,1,1
677,1.2000000000000002,2,0,0
678,0.4,0,0,0
679,0.4,1,0,0
680,0.4,3,1,0
681,1.2000000000000002,3,0,0
682,0.4,3,1,1
683,1.2000000000000002,1,0,0
684,0.4,0,0,0
685,0.4,2,1,0
686,1.2000000000000002,2,0,0
687,0.4,3,1,1
688,0.4,2,0,0
689,0.4,2,0,0
690,1.2000000000000002,2,0,0
691,0.4,2,0,0
692,0.4,2,0,0
693,0.4,1,1,1
694,0.4,0,1,1
695,0.4,2,1,1
696,0.4,2,0,0
697,0.4,3,1,1
698,1.2000000000000002,2,1,1
699,0.4,2,0,0
700,0.4,2,1,1
701,0.4,1,0,0
702,0.4,0,0,0
703,0.4,1,1,1
704,0.4,2,1,1
705,0.4,1,0,0
706,0.4,0,1,0
707,1.2000000000000002,1,1,1
708,0.4,0,0,0
709,0.4,3,0,0
710,0.4,2,0,0
711,0.4,2,1,1
712,0.4,2,0,0
713,0.4,1,0,0
714,0.4,1,1,1
715,1.2000000000000002,2,0,1
716,1.2000000000000002,1,0,0
717,0.4,2,0,0
718,0.4,0,1,1
719,1.2000000000000002,0,1,1
720,0.4,0,1,1
721,1.2000000000000002,0,1,1
722,0.4,0,0,0
723,0.4,1,1,0
724,0.4,0,1,1
725,0.4,3,0,0
726,0.4,2,0,0
727,0.4,2,0,0
728,2.8,2,1,1
729,0.4,1,1,1
730,0.4,0,0,0
731,0.4,2,0,0
732,0.4,1,0,0
733,0.4,0,1,1
734,1.2000000000000002,2,1,1
735,1.2000000000000002,1,1,1
736,0.4,1,1,1
737,0.4,0,1,1
738,0.4,2,0,0
739,0.4,2,0,0
740,0.4,2,0,0
741,0.4,1,1,1
742,0.4,1,0,0
743,1.2000000000000002,2,0,1
744,1.2000000000000002,3,1,1
745,0.4,1,1,1
746,0.4,3,1,0
747,1.2000000000000002,1,1,1
748,0.4,1,1,0
749,0.4,2,1,1
750,0.4,2,1,0
751,1.2000000000000002,1,1,1
752,0.4,3,1,1
753,0.4,1,1,0
754,0.4,2,0,0
755,0.4,2,0,0
756,0.4,2,0,0
757,2.0,1,0,1
758,1.2000000000000002,0,0,0
759,0.4,2,0,0
760,0.4,1,1,0
761,1.2000000000000002,0,0,1
762,0.4,2,0,0
763,1.2000000000000002,2,0,0
764,0.4,2,0,0
765,0.4,2,0,0
766,0.4,0,0,0
767,0.4,2,1,1
768,1.2000000000000002,0,0,1
769,0.4,2,0,0
770,0.4,1,0,0
771,0.4,1,1,1
772,0.4,2,1,0
773,0.4,2,1,1
774,0.4,2,1,1
775,0.4,3,0,0
776,1.2000000000000002,1,0,1
777,0.4,2,1,1
778,0.4,1,0,0
779,1.2000000000000002,0,0,0
780,0.4,1,0,0
781,0.4,2,0,0
782,2.0,1,1,1
783,1.2000000000000002,0,0,1
784,0.4,2,0,0
785,0.4,1,1,1
786,0.4,2,0,0
787,0.4,1,1,1
788,0.4,1,0,0
789,2.0,2,1,1
790,0.4,1,1,1
791,1.2000000000000002,0,1,1
792,0.4,2,0,0
793,0.4,3,1,1
794,1.2000000000000002,1,0,0
795,1.2000000000000002,1,1,1
796,0.4,3,1,0
797,0.4,1,1,1
798,1.2000000000000002,0,0,0
799,0.4,2,0,0
800,1.2000000000000002,2,0,1
801,0.4,1,1,1
802,0.4,2,1,1
803,1.2000000000000002,3,0,1
804,0.4,2,0,0
805,1.2000000000000002,2,1,1
806,0.4,1,1,1
807,0.4,2,1,1
808,1.2000000000000002,0,1,1
809,1.2000000000000002,1,1,1
810,1.2000000000000002,1,1,1
811,0.4,3,1,1
812,1.2000000000000002,2,1,1
813,0.4,1,1,1
814,0.4,1,0,0
815,1.2000000000000002,0,0,0
816,0.4,1,0,0
817,0.4,0,1,1
818,0.4,0,0,0
819,0.4,1,0,0
820,0.4,2,1,1
821,0.4,1,0,0
822,0.4,1,1,1
823,0.4,2,0,0
824,0.4,1,1,1
825,0.4,1,1,1
826,0.4,3,1,1
827,0.4,2,1,1
828,0.4,1,1,1
829,0.4,1,0,0
830,0.4,2,0,0
831,0.4,1,1,1
832,0.4,0,0,0
833,0.4,0,0,0
834,0.4,1,1,1
835,0.4,0,0,0
836,0.4,2,0,0
837,0.4,2,1,1
838,1.2000000000000002,3,0,1
839,1.2000000000000002,2,0,0
840,2.0,1,0,1
841,1.2000000000000002,3,1,1
842,0.4,1,0,0
843,0.4,2,1,1
844,1.2000000000000002,2,1,1
845,0.4,2,0,0
846,1.2000000000000002,0,0,1
847,0.4,0,1,1
848,0.4,3,0,0
849,0.4,0,0,0
850,0.4,1,0,0
851,0.4,2,1,1
852,1.2000000000000002,2,0,0
853,0.4,2,1,0
854,1.2000000000000002,1,0,1
855,0.4,3,0,0
856,2.0,3,1,1
857,0.4,1,0,0
858,0.4,2,1,1
859,1.2000000000000002,1,0,0
860,0.4,0,0,0
861,0.4,2,0,0
862,1.2000000000000002,0,0,1
863,0.4,3,0,0
864,1.2000000000000002,2,1,1
865,0.4,2,0,0
866,0.4,1,1,0
867,0.4,2,0,0
868,0.4,2,0,0
869,0.4,0,0,0
870,0.4,1,0,0
871,2.0,1,1,1
872,0.4,3,0,0
873,0.4,1,1,1
874,0.4,2,0,0
875,0.4,3,1,0
876,0.4,1,0,0
877,0.4,0,0,0
878,1.2000000000000002,1,1,1
879,1.2000000000000002,1,0,0
880,1.2000000000000002,3,0,0
881,0.4,0,0,0
882,0.4,3,0,0
883,1.2000000000000002,2,0,0
884,0.4,0,1,1
885,2.0,2,0,1
886,0.4,1,1,1
887,0.4,3,1,1
888,1.2000000000000002,1,1,1
889,0.4,0,0,0
890,0.4,1,1,1
891,0.4,1,1,1
892,1.2000000000000002,2,0,0
893,0.4,1,0,0
894,0.4,2,1,1
895,2.0,1,0,1
896,0.4,3,0,0
897,1.2000000000000002,3,0,0
898,0.4,2,0,0
899,0.4,2,1,0
900,0.4,1,0,0
901,0.4,2,0,0
902,0.4,2,0,0
903,1.2000000000000002,2,0,1
904,0.4,0,0,0
905,0.4,2,0,0
906,0.4,2,1,1
907,0.4,1,1,1
908,1.2000000000000002,2,0,0
909,0.4,0,1,1
910,1.2000000000000002,1,1,1
911,0.4,3,0,0
912,1.2000000000000002,1,1,1
913,0.4,1,0,0
914,1.2000000000000002,1,0,1
915,0.4,0,0,0
916,0.4,2,0,0
917,0.4,1,1,1
918,0.4,1,0,0
919,0.4,0,0,1
920,0.4,2,0,0
921,2.0,1,0,1
922,0.4,2,0,0
923,0.4,3,1,1
924,0.4,2,0,0
925,0.4,2,0,0
926,0.4,2,1,1
927,0.4,0,1,1
928,2.0,1,1,1
929,0.4,1,1,1
930,0.4,3,0,0
931,0.4,3,0,0
932,1.2000000000000002,2,0,0
933,0.4,1,0,0
934,0.4,2,0,0
935,2.0,1,1,1
936,0.4,2,0,0
937,0.4,3,0,0
938,1.2000000000000002,2,1,1
939,0.4,2,1,0
940,0.4,2,1,1
941,2.0,0,0,1
942,0.4,1,0,0
943,0.4,2,1,0
944,1.2000000000000002,1,1,1
945,0.4,0,0,0
946,0.4,1,1,1
947,0.4,3,1,0
948,0.4,2,1,1
949,1.2000000000000002,1,1,1
950,0.4,2,0,0
951,0.4,1,1,1
952,0.4,1,0,0
953,0.4,2,0,0
954,0.4,2,0,0
955,1.2000000000000002,1,1,1
956,0.4,1,0,0
957,0.4,1,0,0
958,0.4,0,0,0
959,1.2000000000000002,1,0,0
960,0.4,2,1,1
961,0.4,3,0,0
962,0.4,2,0,0
963,0.4,1,1,1
964,0.4,1,1,1
965,0.4,1,1,1
966,2.0,1,0,1
967,0.4,3,0,0
968,0.4,1,0,0
969,0.4,3,0,0
970,1.2000000000000002,1,1,1
971,0.4,2,1,1
972,0.4,1,1,1
973,0.4,2,0,0
974,0.4,0,1,1
975,0.4,3,0,1
976,0.4,3,1,1
977,1.2000000000000002,2,0,0
978,0.4,0,0,0
979,0.4,1,0,0
980,1.2000000000000002,2,0,1
981,1.2000000000000002,0,0,1
982,0.4,1,1,1
983,0.4,2,0,0
984,1.2000000000000002,1,0,1
985,1.2000000000000002,2,1,1
986,0.4,1,0,0
987,0.4,1,1,0
988,0.4,2,0,0
989,0.4,2,1,1
990,2.0,2,0,1
991,0.4,1,1,1
992,0.4,2,1,1
993,1.2000000000000002,1,0,0
994,0.4,3,0,0
995,1.2000000000000002,3,0,0
996,0.4,1,1,1
997,1.2000000000000002,1,1,1
998,0.4,0,0,0
999,1.2000000000000002,2,1,1
1000,0.4,1,0,0
1001,0.4,3,1,1
1002,0.4,2,0,0
1003,0.4,1,1,0
1004,0.4,0,1,1
1005,1.2000000000000002,1,0,1
1006,0.4,2,1,1
1007,0.4,2,0,0
1008,0.4,2,0,0
1009,0.4,1,1,1
1010,0.4,2,0,0
1011,0.4,2,0,0
1012,0.4,2,1,1
1013,0.4,3,1,1
1014,1.2000000000000002,1,0,0
1015,0.4,1,1,1
1016,0.4,2,0,0
1017,0.4,0,0,0
1018,0.4,1,1,1
1019,0.4,1,0,0
1020,1.2000000000000002,1,0,1
1021,1.2000000000000002,3,0,0
1022,0.4,1,1,1
1023,0.4,3,0,1
1024,0.4,1,0,0
1025,0.4,3,1,1
1026,0.4,1,0,0
1027,0.4,1,0,0
1028,0.4,2,1,1
1029,0.4,1,1,1
1030,0.4,1,0,0
1031,0.4,2,0,0
1032,0.4,1,0,0
1033,1.2000000000000002,1,0,0
1034,0.4,1,1,1
1035,0.4,0,0,0
1036,0.4,0,0,0
1037,0.4,2,1,1
1038,0.4,1,1,1
1039,0.4,1,1,1
1040,0.4,1,0,0
1041,0.4,1,1,0
1042,1.2000000000000002,1,0,0
1043,0.4,3,1,1
1044,0.4,0,0,0
1045,0.4,1,0,0
1046,0.4,0,0,0
1047,0.4,1,1,1
1048,1.2000000000000002,2,1,1
1049,0.4,1,1,1
1050,1.2000000000000002,1,1,1
1051,0.4,2,1,1
1052,0.4,2,1,1
1053,0.4,1,0,0
1054,1.2000000000000002,2,1,1
1055,1.2000000000000002,2,1,1
1056,0.4,3,0,0
1057,1.2000000000000002,2,0,0
1058,0.4,2,1,1
1059,0.4,1,0,0
1060,0.4,3,1,1
1061,0.4,2,1,0
1062,0.4,2,0,0
1063,0.4,1,1,1
1064,0.4,3,0,0
1065,0.4,1,1,0
1066,1.2000000000000002,2,1,1
1067,0.4,1,0,0
1068,0.4,0,0,1
1069,2.0,2,1,1
1070,0.4,0,0,0
1071,0.4,1,0,0
1072,0.4,2,0,1
1073,1.2000000000000002,2,0,0
1074,1.2000000000000002,1,0,1
1075,0.4,3,1,0
1076,0.4,2,0,0
1077,0.4,1,1,1
1078,1.2000000000000002,2,0,1
1079,0.4,3,0,0
1080,0.4,3,1,0
1081,0.4,1,1,1
1082,0.4,2,1,0
1083,0.4,2,1,0
1084,1.2000000000000002,2,1,1
1085,1.2000000000000002,0,0,1
1086,1.2000000000000002,1,0,0
1087,1.2000000000000002,1,1,1
1088,0.4,1,0,0
1089,1.2000000000000002,3,0,0
1090,0.4,2,1,1
1091,1.2000000000000002,3,1,1
1092,1.2000000000000002,1,0,1
1093,0.4,2,0,1
1094,0.4,2,1,1
1095,0.4,2,0,0
1096,1.2000000000000002,1,0,1
1097,1.2000000000000002,2,0,0
1098,0.4,2,1,1
1099,0.4,0,1,1
1100,0.4,1,1,1
1101,1.2000000000000002,0,1,1
1102,1.2000000000000002,3,0,0
1103,0.4,2,0,0
1104,1.2000000000000002,2,0,0
1105,0.4,1,0,0
1106,0.4,2,0,1
1107,0.4,1,1,1
1108,0.4,1,0,0
1109,0.4,3,0,0
1110,0.4,2,0,0
1111,0.4,1,1,1
1112,1.2000000000000002,3,1,1
1113,0.4,1,1,1
1114,2.0,2,1,1
1115,0.4,2,1,1
1116,2.0,1,0,0
1117,1.2000000000000002,1,1,1
1118,0.4,0,1,1
1119,1.2000000000000002,1,1,1
1120,0.4,3,0,0
1121,0.4,2,0,0
1122,0.4,3,0,0
1123,0.4,2,0,0
1124,0.4,1,0,0
1125,1.2000000000000002,1,1,1
1126,0.4,2,0,0
1127,0.4,3,1,0
1128,0.4,2,1,1
1129,0.4,1,1,1
1130,1.2000000000000002,1,1,1
1131,0.4,2,0,0
1132,2.0,1,1,1
1133,0.4,2,0,0
1134,0.4,2,0,0
1135,0.4,2,0,0
1136,0.4,3,0,0
1137,0.4,1,1,0
1138,0.4,1,1,1
1139,0.4,1,1,1
1140,0.4,0,1,1
1141,0.4,1,0,0
1142,0.4,0,1,1
1143,0.4,3,1,0
1144,0.4,1,1,1
1145,0.4,2,1,1
1146,1.2000000000000002,0,1,1
1147,0.4,0,0,0
1148,0.4,2,1,1
1149,1.2000000000000002,2,0,1
1150,0.4,0,0,0
1151,2.0,2,0,0
1152,0.4,2,1,1
1153,0.4,2,1,1
1154,0.4,2,0,0
1155,0.4,1,1,1
1156,0.4,2,0,0
1157,0.4,1,0,0
1158,0.4,2,0,0
1159,0.4,1,1,1
1160,0.4,2,0,0
1161,0.4,3,0,0
1162,1.2000000000000002,1,0,0
1163,0.4,1,1,1
1164,0.4,2,0,0
1165,0.4,3,1,1
1166,0.4,1,0,0
1167,0.4,1,1,0
1168,0.4,2,1,1
1169,0.4,2,0,1
1170,0.4,2,0,0
1171,1.2000000000000002,2,1,0
1172,0.4,2,1,1
1173,0.4,1,1,1
1174,1.2000000000000002,1,1,1
1175,0.4,3,0,0
1176,0.4,1,0,0
1177,0.4,1,0,0
1178,0.4,2,0,0
1179,0.4,1,1,1
1180,0.4,1,1,1
1181,0.4,1,0,0
1182,1.2000000000000002,3,1,1
1183,0.4,1,1,1
1184,1.2000000000000002,1,1,1
1185,0.4,0,1,1
1186,0.4,0,1,1
1187,1.2000000000000002,1,1,1
1188,0.4,2,1,1
1189,1.2000000000000002,0,0,1
1190,0.4,1,0,0
1191,0.4,1,0,0
1192,0.4,1,1,1
1193,0.4,2,0,0
1194,0.4,2,1,1
1195,0.4,2,0,0
1196,0.4,2,0,0
1197,1.2000000000000002,1,1,1
1198,0.4,1,0,0
1199,0.4,2,0,0
1200,0.4,3,0,0
1201,0.4,1,0,0
1202,1.2000000000000002,1,1,1
1203,0.4,0,1,1
1204,0.4,3,1,0
1205,0.4,1,0,0
1206,0.4,1,1,1
1207,0.4,2,1,0
1208,0.4,1,1,1
1209,1.2000000000000002,3,1,0
1210,0.4,1,1,1
1211,0.4,0,0,0
1212,0.4,1,1,1
1213,0.4,1,0,0
1214,1.2000000000000002,1,1,1
1215,1.2000000000000002,1,0,0
1216,0.4,1,0,0
1217,0.4,2,1,1
1218,0.4,0,1,0
1219,0.4,2,1,1
1220,0.4,2,0,0
1221,0.4,1,1,1
1222,0.4,3,0,0
1223,1.2000000000000002,1,1,1
1224,1.2000000000000002,3,0,1
1225,0.4,1,0,0
1226,0.4,1,0,0
1227,0.4,2,0,0
1228,0.4,2,1,1
1229,1.2000000000000002,1,1,1
1230,0.4,1,1,1
1231,0.4,2,0,0
1232,1.2000000000000002,1,1,1
1233,0.4,2,1,1
1234,0.4,1,1,1
1235,0.4,1,1,1
1236,2.0,2,1,1
1237,0.4,2,1,1
1238,1.2000000000000002,1,1,1
1239,0.4,1,0,0
1240,0.4,2,0,0
1241,0.4,2,0,0
1242,0.4,1,1,1
1243,0.4,1,0,0
1244,0.4,1,0,1
1245,1.2000000000000002,3,1,1
1246,0.4,1,0,0
1247,0.4,0,1,1
1248,0.4,1,1,0
1249,0.4,2,1,1
1250,0.4,1,1,1
1251,1.2000000000000002,1,0,0
1252,0.4,0,0,0
1253,1.2000000000000002,1,1,1
1254,0.4,2,0,0
1255,1.2000000000000002,2,0,0
1256,0.4,0,0,0
1257,1.2000000000000002,0,0,0
1258,0.4,0,1,1
1259,0.4,3,1,1
1260,1.2000000000000002,3,1,1
1261,0.4,1,1,1
1262,0.4,2,0,0
1263,0.4,2,1,0
1264,0.4,1,1,1
1265,0.4,0,0,0
1266,0.4,2,1,1
1267,0.4,2,0,0
1268,1.2000000000000002,1,1,1
1269,1.2000000000000002,0,1,1
1270,0.4,2,0,0
1271,0.4,0,1,1
1272,0.4,0,0,0
1273,0.4,3,0,0
1274,0.4,0,1,1
1275,2.0,3,0,1
1276,0.4,0,0,1
1277,0.4,3,0,0
1278,0.4,3,1,1
1279,0.4,0,1,1
1280,0.4,0,1,1
1281,1.2000000000000002,1,0,0
1282,0.4,2,1,1
1283,0.4,1,1,1
1284,0.4,1,1,1
1285,0.4,2,0,1
1286,0.4,1,1,0
1287,0.4,2,1,0
1288,0.4,1,0,0
1289,2.0,1,1,1
1290,0.4,2,1,1
1291,0.4,2,0,0
1292,1.2000000000000002,1,0,0
1293,0.4,2,0,0
1294,0.4,1,1,1
1295,0.4,1,0,0
1296,0.4,2,0,0
1297,0.4,1,1,0
1298,0.4,1,0,0
1299,0.4,2,0,0
1300,0.4,2,1,1
1301,1.2000000000000002,1,1,1
1302,0.4,0,1,1
1303,0.4,2,0,0
1304,0.4,1,1,1
1305,0.4,1,1,1
1306,0.4,2,0,0
1307,0.4,2,1,1
1308,0.4,2,1,0
1309,0.4,3,0,0
1310,0.4,1,1,1
1311,0.4,1,0,0
1312,0.4,0,1,1
1313,1.2000000000000002,2,0,0
1314,0.4,2,1,1
1315,1.2000000000000002,2,0,1
1316,0.4,3,0,0
1317,0.4,2,0,0
1318,0.4,2,1,1
1319,0.4,2,1,1
1320,0.4,1,1,1
1321,0.4,2,0,0
1322,0.4,2,0,0
1323,0.4,0,1,1
1324,0.4,0,1,1
1325,0.4,0,1,1
1326,0.4,2,1,0
1327,0.4,2,1,1
1328,0.4,1,1,1
1329,0.4,2,0,0
1330,0.4,2,1,1
1331,0.4,0,0,0
1332,0.4,2,1,1
1333,0.4,2,0,1
1334,0.4,1,1,1
1335,0.4,1,0,0
1336,0.4,2,1,1
1337,0.4,2,1,1
1338,0.4,1,1,1
1339,0.4,2,1,1
1340,0.4,2,1,0
1341,1.2000000000000002,2,0,1
1342,1.2000000000000002,3,1,0
1343,0.4,2,0,0
1344,1.2000000000000002,1,0,0
1345,0.4,2,0,0
1346,0.4,3,1,1
1347,0.4,1,0,0
1348,0.4,1,1,1
1349,0.4,2,1,1
1350,0.4,2,1,0
1351,2.0,1,0,1
1352,0.4,0,1,1
1353,0.4,2,0,0
1354,0.4,3,0,0
1355,0.4,1,0,0
1356,0.4,2,0,0
1357,0.4,0,1,1
1358,0.4,2,1,1
1359,0.4,3,0,0
1360,1.2000000000000002,1,1,1
1361,0.4,1,1,1
1362,1.2000000000000002,1,0,0
1363,1.2000000000000002,3,0,0
1364,1.2000000000000002,3,1,1
1365,2.0,2,0,1
1366,0.4,1,1,1
1367,0.4,0,0,0
1368,0.4,1,0,0
1369,1.2000000000000002,2,0,0
1370,0.4,2,1,1
1371,1.2000000000000002,1,1,1
1372,1.2000000000000002,1,1,1
1373,0.4,2,0,0
1374,0.4,1,0,0
1375,0.4,2,0,0
1376,0.4,1,0,0
1377,0.4,3,1,1
1378,0.4,1,1,1
1379,0.4,1,0,1
1380,0.4,3,0,0
1381,1.2000000000000002,2,1,1
1382,0.4,1,0,0
1383,0.4,1,1,1
1384,0.4,2,0,0
1385,1.2000000000000002,1,0,1
1386,0.4,3,1,1
1387,2.0,2,1,1
1388,0.4,2,0,1
1389,0.4,2,0,0
1390,0.4,2,0,0
1391,0.4,1,1,1
1392,0.4,2,1,0
1393,2.0,1,0,0
1394,2.0,1,1,1
1395,0.4,1,1,1
1396,0.4,1,1,1
1397,0.4,2,1,1
1398,0.4,1,1,1
1399,0.4,1,0,0
1400,0.4,2,0,0
1401,0.4,1,0,0
1402,0.4,1,1,1
1403,0.4,1,0,0
1404,0.4,1,0,0
1405,0.4,2,1,1
1406,1.2000000000000002,0,1,1
1407,2.0,3,0,0
1408,1.2000000000000002,2,1,1
1409,1.2000000000000002,1,1,1
1410,0.4,1,1,0
1411,0.4,1,1,1
1412,1.2000000000000002,2,0,0
1413,1.2000000000000002,2,0,1
1414,0.4,1,0,0
1415,0.4,2,1,0
1416,1.2000000000000002,1,1,1
1417,0.4,1,0,0
1418,0.4,1,0,0
1419,0.4,2,0,0
1420,0.4,1,0,0
1421,0.4,2,1,1
1422,0.4,1,0,0
1423,0.4,2,1,1
1424,1.2000000000000002,1,0,0
1425,0.4,2,1,1
1426,0.4,2,1,0
1427,0.4,2,0,0
1428,0.4,1,1,1
1429,0.4,2,0,0
1430,1.2000000000000002,0,0,0
1431,1.2000000000000002,1,1,1
1432,0.4,1,0,0
1433,0.4,2,1,1
1434,0.4,0,0,0
1435,1.2000000000000002,1,1,1
1436,0.4,1,1,1
1437,1.2000000000000002,1,1,1
1438,1.2000000000000002,3,0,0
1439,0.4,0,0,0
1440,0.4,1,1,1
1441,0.4,3,0,0
1442,0.4,1,1,1
1443,0.4,3,0,0
1444,0.4,1,0,0
1445,0.4,1,0,0
1446,0.4,1,1,0
1447,0.4,0,0,0
1448,0.4,2,1,0
1449,0.4,3,1,1
1450,0.4,2,1,1
1451,0.4,3,0,0
1452,1.2000000000000002,0,1,1
1453,0.4,2,0,0
1454,0.4,2,0,0
1455,1.2000000000000002,1,1,1
1456,0.4,2,1,1
1457,0.4,1,1,1
1458,0.4,2,1,1
1459,0.4,2,1,0
1460,1.2000000000000002,3,1,1
1461,0.4,2,1,1
1462,1.2000000000000002,1,1,1
1463,0.4,3,0,0
1464,1.2000000000000002,2,1,1
1465,0.4,1,1,1
1466,0.4,0,0,0
1467,0.4,1,0,0
1468,2.0,1,0,1
1469,0.4,1,1,0
1470,1.2000000000000002,1,1,1
1471,0.4,1,0,1
1472,0.4,2,0,0
1473,0.4,2,0,0
1474,0.4,1,0,0
1475,0.4,1,0,0
1476,0.4,2,0,0
1477,0.4,0,1,1
1478,2.0,2,0,0
1479,0.4,3,0,0
1480,1.2000000000000002,2,1,1
1481,1.2000000000000002,0,0,1
1482,0.4,3,1,1
1483,0.4,1,0,0
1484,0.4,2,0,0
1485,0.4,2,1,1
1486,0.4,1,0,0
1487,2.8,3,0,1
1488,0.4,2,1,1
1489,1.2000000000000002,2,0,0
1490,0.4,3,1,1
1491,1.2000000000000002,2,0,0
1492,0.4,2,1,1
1493,0.4,2,1,1
1494,0.4,0,0,0
1495,0.4,1,1,1
1496,0.4,2,0,0
1497,0.4,2,1,1
1498,1.2000000000000002,2,1,1
1499,1.2000000000000002,2,1,1
1500,0.4,0,1,1
1501,0.4,2,0,0
1502,1.2000000000000002,1,1,1
1503,1.2000000000000002,3,1,1
1504,0.4,1,1,1
1505,1.2000000000000002,1,1,1
1506,0.4,1,1,1
1507,0.4,2,1,1
1508,0.4,1,1,1
1509,0.4,2,1,0
1510,0.4,2,1,1
1511,0.4,0,0,0
1512,0.4,0,1,1
1513,0.4,2,0,0
1514,0.4,1,0,0
1515,0.4,3,0,0
1516,0.4,2,1,0
1517,0.4,2,1,1
1518,0.4,3,1,1
1519,0.4,3,0,0
1520,0.4,1,1,1
1521,0.4,1,1,1
1522,0.4,1,1,1
1523,1.2000000000000002,1,0,0
1524,1.2000000000000002,2,1,1
1525,0.4,2,0,0
1526,1.2000000000000002,2,0,0
1527,1.2000000000000002,0,1,1
1528,1.2000000000000002,2,0,0
1529,0.4,1,1,1
1530,0.4,1,1,1
1531,1.2000000000000002,1,1,1
1532,1.2000000000000002,0,1,1
1533,1.2000000000000002,3,0,0
1534,0.4,2,0,0
1535,0.4,1,1,1
1536,0.4,1,1,1
1537,0.4,2,0,0
1538,1.2000000000000002,0,0,1
1539,1.2000000000000002,3,0,0
1540,0.4,0,1,1
1541,1.2000000000000002,1,0,0
1542,0.4,2,0,1
1543,0.4,2,0,0
1544,1.2000000000000002,1,1,1
1545,0.4,2,1,0
1546,0.4,1,1,1
1547,0.4,2,0,0
1548,0.4,1,0,0
1549,0.4,1,0,0
1550,0.4,1,0,0
1551,0.4,2,0,0
1552,0.4,1,1,1
1553,0.4,2,0,0
1554,0.4,2,1,1
1555,0.4,1,1,1
1556,0.4,1,1,1
1557,0.4,0,1,1
1558,0.4,3,0,0
1559,0.4,1,0,0
1560,0.4,0,0,0
1561,0.4,3,0,0
1562,0.4,1,1,1
1563,0.4,2,0,0
1564,1.2000000000000002,1,0,1
1565,0.4,2,1,1
1566,0.4,2,1,1
1567,0.4,0,1,1
1568,0.4,0,1,1
1569,0.4,1,1,1
1570,0.4,1,1,1
1571,1.2000000000000002,1,1,1
1572,0.4,1,1,1
1573,0.4,2,1,1
1574,0.4,0,0,0
1575,1.2000000000000002,2,1,1
1576,0.4,0,1,1
1577,0.4,1,1,1
1578,0.4,0,0,0
1579,1.2000000000000002,1,0,0
1580,0.4,0,0,0
1581,0.4,2,0,0
1582,1.2000000000000002,0,1,1
1583,0.4,1,0,0
1584,0.4,1,0,0
1585,0.4,3,1,1
1586,0.4,0,0,1
1587,0.4,1,1,1
1588,0.4,2,0,1
1589,2.0,0,0,1
1590,0.4,2,0,0
1591,1.2000000000000002,3,0,1
1592,0.4,2,1,1
1593,0.4,2,0,0
1594,0.4,2,1,0
1595,0.4,1,1,1
1596,0.4,3,0,0
1597,2.0,2,1,1
1598,0.4,2,0,0
1599,0.4,2,0,0
1600,1.2000000000000002,1,0,1
1601,0.4,2,1,0
1602,0.4,1,1,1
1603,0.4,0,0,0
1604,1.2000000000000002,3,1,1
1605,0.4,2,0,0
1606,0.4,1,0,0
1607,0.4,0,1,1
1608,0.4,2,0,0
1609,1.2000000000000002,3,1,1
1610,1.2000000000000002,2,1,1
1611,0.4,1,1,1
1612,0.4,0,0,0
1613,0.4,2,0,0
1614,0.4,1,1,1
1615,0.4,1,1,1
1616,0.4,1,0,0
1617,0.4,2,1,1
1618,1.2000000000000002,1,1,1
1619,1.2000000000000002,1,0,0
1620,0.4,2,0,0
1621,1.2000000000000002,1,0,0
1622,0.4,1,1,1
1623,1.2000000000000002,0,0,0
1624,0.4,1,1,1
1625,2.0,1,1,1
1626,0.4,2,0,0
1627,0.4,1,1,1
1628,0.4,1,1,1
1629,1.2000000000000002,2,0,0
1630,0.4,1,1,1
1631,0.4,1,0,0
1632,0.4,2,0,0
1633,0.4,3,0,0
1634,0.4,1,0,0
1635,0.4,2,1,1
1636,1.2000000000000002,1,0,0
1637,0.4,2,1,1
1638,0.4,1,0,0
1639,1.2000000000000002,3,1,1
1640,0.4,2,0,0
1641,0.4,2,1,1
1642,0.4,1,1,1
1643,0.4,2,0,0
1644,0.4,2,0,0
1645,0.4,1,1,1
1646,0.4,2,0,1
1647,1.2000000000000002,2,0,1
1648,0.4,1,0,0
1649,0.4,3,0,0
1650,2.0,1,1,1
1651,0.4,2,0,0
1652,0.4,2,0,0
1653,0.4,3,0,0
1654,1.2000000000000002,0,0,0
1655,0.4,2,1,1
1656,0.4,1,1,1
1657,0.4,2,0,0
1658,0.4,3,1,0
1659,0.4,1,1,1
1660,0.4,2,0,0
1661,0.4,2,1,1
1662,0.4,3,1,1
1663,0.4,2,0,0
1664,1.2000000000000002,1,0,1
1665,2.0,0,0,1
1666,0.4,2,0,0
1667,0.4,1,0,0
1668,0.4,0,1,1
1669,0.4,0,1,1
1670,0.4,1,0,0
1671,0.4,1,1,1
1672,1.2000000000000002,2,0,1
1673,0.4,1,1,1
1674,0.4,2,0,0
1675,0.4,1,0,0
1676,0.4,1,0,0
1677,0.4,2,1,0
1678,0.4,2,1,1
1679,0.4,0,0,0
1680,0.4,1,1,1
1681,0.4,1,1,1
1682,0.4,1,1,1
1683,0.4,2,0,0
1684,0.4,2,1,1
1685,0.4,1,1,1
1686,1.2000000000000002,0,0,0
1687,0.4,2,0,0
1688,0.4,0,0,0
1689,0.4,1,1,1
1690,0.4,2,1,0
1691,0.4,1,1,1
1692,0.4,0,1,1
1693,0.4,0,1,1
1694,1.2000000000000002,0,0,1
1695,0.4,1,0,0
1696,0.4,2,1,1
1697,1.2000000000000002,2,1,1
1698,0.4,2,0,1
1699,0.4,0,0,0
1700,0.4,2,1,1
1701,0.4,1,0,0
1702,0.4,1,1,1
1703,1.2000000000000002,3,1,1
1704,1.2000000000000002,2,1,1
1705,0.4,2,0,0
1706,0.4,3,1,1
1707,0.4,3,0,0
1708,0.4,0,0,1
1709,0.4,2,0,0
1710,0.4,3,1,0
1711,0.4,3,1,1
1712,0.4,1,0,0
1713,0.4,2,1,1
1714,1.2000000000000002,0,1,1
1715,0.4,1,0,0
1716,0.4,0,1,1
1717,0.4,0,0,0
1718,0.4,3,1,1
1719,0.4,3,1,1
1720,1.2000000000000002,2,1,1
1721,0.4,2,0,0
1722,0.4,0,1,0
1723,0.4,2,1,1
1724,0.4,1,1,1
1725,0.4,2,0,0
1726,0.4,3,1,1
1727,0.4,2,0,0
1728,0.4,3,0,0
1729,0.4,1,0,0
1730,0.4,0,0,0
1731,0.4,0,1,1
1732,2.0,0,0,1
1733,0.4,1,1,1
1734,0.4,1,1,1
1735,0.4,0,0,0
1736,0.4,2,0,0
1737,0.4,2,1,1
1738,1.2000000000000002,1,0,1
1739,0.4,1,1,0
1740,1.2000000000000002,2,1,1
1741,1.2000000000000002,0,1,1
1742,0.4,1,0,0
1743,0.4,3,0,0
1744,1.2000000000000002,0,0,0
1745,1.2000000000000002,1,0,0
1746,0.4,3,0,0
1747,0.4,0,0,0
1748,0.4,2,1,0
1749,2.0,3,1,1
1750,0.4,1,1,1
1751,0.4,1,0,0
1752,0.4,0,1,1
1753,0.4,2,0,0
1754,1.2000000000000002,3,1,1
1755,0.4,0,0,1
1756,0.4,0,0,0
1757,2.0,0,1,1
1758,0.4,2,1,1
1759,0.4,1,0,0
1760,0.4,1,1,1
1761,0.4,3,1,0
1762,1.2000000000000002,0,0,1
1763,0.4,1,0,0
1764,0.4,1,1,1
1765,0.4,2,1,1
1766,0.4,1,0,0
1767,1.2000000000000002,3,0,1
1768,0.4,1,1,1
1769,0.4,2,0,0
1770,0.4,2,1,1
1771,0.4,1,0,0
1772,0.4,1,0,0
1773,0.4,1,1,1
1774,0.4,2,1,1
1775,0.4,1,1,1
1776,0.4,3,1,0
1777,1.2000000000000002,1,0,1
1778,0.4,2,0,0
1779,0.4,2,1,1
1780,0.4,2,1,1
1781,0.4,2,0,0
1782,1.2000000000000002,0,0,1
1783,0.4,1,0,0
1784,2.0,1,0,1
1785,0.4,1,0,0
1786,1.2000000000000002,2,1,1
1787,0.4,0,1,1
1788,0.4,1,0,0
1789,1.2000000000000002,1,1,1
1790,0.4,3,1,1
1791,0.4,2,0,0
1792,0.4,2,1,1
1793,0.4,3,0,0
1794,1.2000000000000002,2,0,0
1795,0.4,0,1,1
1796,0.4,1,0,0
1797,0.4,2,0,0
1798,0.4,1,0,0
1799,0.4,2,0,0
1800,0.4,1,0,0
1801,0.4,2,0,0
1802,0.4,1,1,1
1803,1.2000000000000002,1,0,0
1804,0.4,1,1,1
1805,1.2000000000000002,3,1,1
1806,0.4,1,0,0
1807,0.4,1,1,1
1808,0.4,0,1,1
1809,0.4,1,1,1
1810,0.4,1,0,0
1811,0.4,1,1,1
1812,0.4,3,1,1
1813,0.4,1,0,0
1814,0.4,1,0,0
1815,0.4,2,1,1
1816,0.4,1,1,1
1817,0.4,1,0,0
1818,0.4,2,0,0
1819,0.4,0,1,1
1820,1.2000000000000002,1,1,1
1821,0.4,1,1,1
1822,1.2000000000000002,2,1,1
1823,0.4,1,1,1
1824,1.2000000000000002,2,1,1
1825,0.4,1,1,1
1826,0.4,3,1,0
1827,0.4,3,1,1
1828,0.4,1,1,1
1829,0.4,2,0,0
1830,0.4,1,0,0
1831,1.2000000000000002,1,0,0
1832,1.2000000000000002,0,0,1
1833,0.4,1,1,1
1834,1.2000000000000002,3,1,1
1835,0.4,0,1,1
1836,0.4,1,1,0
1837,0.4,1,1,1
1838,0.4,2,0,0
1839,0.4,2,0,0
1840,2.0,2,0,1
1841,0.4,1,1,1
1842,0.4,2,0,0
1843,0.4,3,1,1
1844,1.2000000000000002,2,1,1
1845,0.4,2,0,0
1846,0.4,1,1,1
1847,0.4,3,0,0
1848,0.4,0,0,1
1849,0.4,3,0,0
1850,0.4,1,0,0
1851,1.2000000000000002,2,1,1
1852,1.2000000000000002,1,0,0
1853,0.4,3,1,0
1854,1.2000000000000002,2,0,0
1855,0.4,1,1,1
1856,0.4,2,0,0
1857,0.4,1,1,1
1858,1.2000000000000002,2,0,1
1859,0.4,1,0,0
1860,0.4,1,1,1
1861,0.4,2,1,1
1862,0.4,1,0,0
1863,0.4,3,0,0
1864,0.4,0,0,0
1865,0.4,2,0,0
1866,0.4,2,1,1
1867,0.4,2,0,0
1868,0.4,1,0,0
1869,0.4,1,1,1
1870,0.4,1,1,1
1871,0.4,1,1,0
1872,0.4,3,1,0
1873,0.4,2,1,1
1874,0.4,1,1,1
1875,1.2000000000000002,3,0,0
1876,0.4,1,0,0
1877,0.4,3,1,1
1878,1.2000000000000002,2,0,0
1879,0.4,2,1,1
1880,0.4,1,0,0
1881,0.4,1,1,1
1882,0.4,0,1,1
1883,1.2000000000000002,2,0,0
1884,2.0,1,0,1
1885,1.2000000000000002,3,1,1
1886,0.4,1,1,0
1887,0.4,1,0,0
1888,0.4,1,1,1
1889,1.2000000000000002,2,1,1
1890,0.4,2,1,0
1891,1.2000000000000002,1,1,1
1892,0.4,1,1,0
1893,0.4,1,1,1
1894,0.4,3,1,1
1895,0.4,2,1,1
1896,1.2000000000000002,2,1,1
1897,0.4,3,0,0
1898,0.4,2,0,0
1899,0.4,0,1,1
1900,0.4,2,1,1
1901,0.4,3,0,0
1902,0.4,3,0,0
1903,0.4,2,0,0
1904,0.4,1,1,1
1905,1.2000000000000002,2,1,1
1906,0.4,3,1,1
1907,0.4,2,1,1
1908,0.4,2,0,0
1909,2.0,0,0,1
1910,0.4,3,0,0
1911,0.4,1,1,1
1912,0.4,0,1,1
1913,0.4,3,0,0
1914,0.4,3,0,0
1915,0.4,1,1,1
1916,1.2000000000000002,0,0,0
1917,0.4,2,1,0
1918,1.2000000000000002,1,1,1
1919,0.4,1,0,1
1920,0.4,1,0,0
1921,1.2000000000000002,2,0,0
1922,0.4,2,0,0
1923,0.4,1,0,0
1924,0.4,2,0,0
1925,0.4,1,1,1
1926,0.4,2,0,0
1927,1.2000000000000002,1,1,1
1928,1.2000000000000002,2,1,1
1929,1.2000000000000002,1,0,1
1930,0.4,2,0,0
1931,1.2000000000000002,2,1,1
1932,0.4,1,0,0
1933,0.4,1,1,1
1934,0.4,0,1,1
1935,0.4,2,0,0
1936,2.0,2,1,1
1937,0.4,2,0,0
1938,0.4,1,1,1
1939,0.4,0,0,0
1940,0.4,1,0,0
1941,0.4,3,0,0
1942,0.4,2,1,1
1943,2.0,0,0,1
1944,1.2000000000000002,2,1,1
1945,0.4,0,0,0
1946,0.4,0,0,1
1947,1.2000000000000002,1,1,1
1948,0.4,0,0,0
1949,0.4,1,0,1
1950,0.4,2,0,0
1951,0.4,0,0,0
1952,0.4,0,1,1
1953,0.4,0,0,0
1954,0.4,2,0,1
1955,0.4,2,0,0
1956,0.4,2,0,0
1957,0.4,2,0,0
1958,0.4,2,0,0
1959,1.2000000000000002,2,0,0
1960,0.4,1,0,1
1961,1.2000000000000002,2,0,0
1962,0.4,1,1,1
1963,0.4,0,1,1
1964,0.4,2,1,1
1965,1.2000000000000002,3,0,1
1966,0.4,1,0,0
1967,0.4,3,1,0
1968,0.4,2,0,0
1969,0.4,1,0,0
1970,2.0,2,1,1
1971,0.4,2,0,0
1972,2.0,0,1,1
1973,0.4,1,1,1
1974,2.0,3,0,1
1975,1.2000000000000002,2,1,1
1976,0.4,2,1,1
1977,0.4,3,0,0
1978,0.4,1,1,1
1979,0.4,0,1,1
1980,1.2000000000000002,0,0,1
1981,1.2000000000000002,3,1,1
1982,0.4,3,0,0
1983,0.4,3,1,0
1984,0.4,2,0,0
1985,0.4,1,0,0
1986,0.4,2,0,0
1987,0.4,3,0,0
1988,0.4,1,1,1
1989,0.4,1,1,1
1990,0.4,1,0,0
1991,0.4,1,1,1
1992,1.2000000000000002,2,0,0
1993,0.4,1,1,1
1994,1.2000000000000002,1,1,1
1995,1.2000000000000002,2,0,0
1996,0.4,2,1,1
1997,0.4,2,1,1
1998,2.0,2,1,1
1999,0.4,2,1,1
2000,1.2000000000000002,1,0,0
2001,0.4,1,1,1
2002,1.2000000000000002,2,1,1
2003,0.4,2,0,0
2004,1.2000000000000002,1,1,1
2005,0.4,3,0,0
2006,1.2000000000000002,0,1,1
2007,1.2000000000000002,1,0,0
2008,0.4,1,0,0
2009,0.4,2,0,0
2010,1.2000000000000002,3,0,0
2011,1.2000000000000002,1,1,1
2012,0.4,0,0,1
2013,0.4,1,1,1
2014,0.4,1,0,0
2015,2.0,2,1,1
2016,2.0,2,1,1
2017,0.4,0,1,1
2018,0.4,2,0,0
2019,0.4,2,0,0
2020,1.2000000000000002,2,0,0
2021,1.2000000000000002,2,1,1
2022,0.4,2,1,1
2023,0.4,2,1,1
2024,1.2000000000000002,1,1,1
2025,1.2000000000000002,1,0,1
2026,2.8,1,0,1
2027,0.4,1,1,1
2028,0.4,0,1,1
2029,0.4,2,0,0
2030,0.4,2,0,0
2031,0.4,1,1,1
2032,0.4,1,1,1
2033,0.4,2,1,1
2034,0.4,2,1,1
2035,0.4,2,0,0
2036,0.4,1,1,1
2037,1.2000000000000002,2,1,1
2038,0.4,0,1,1
2039,0.4,0,0,0
2040,0.4,0,0,0
2041,0.4,2,1,1
2042,0.4,3,1,1
2043,0.4,2,1,1
2044,0.4,1,0,0
2045,1.2000000000000002,3,1,1
2046,1.2000000000000002,0,1,1
2047,0.4,2,0,0
2048,1.2000000000000002,1,1,1
2049,0.4,1,0,0
2050,0.4,1,1,1
2051,0.4,2,1,1
2052,0.4,1,1,0
2053,0.4,1,0,0
2054,0.4,2,0,0
2055,2.0,2,0,1
2056,1.2000000000000002,1,1,1
2057,0.4,3,1,0
2058,0.4,1,0,0
2059,1.2000000000000002,2,1,1
2060,0.4,3,1,1
2061,1.2000000000000002,2,1,1
2062,0.4,1,0,0
2063,2.0,2,1,1
2064,0.4,3,1,1
2065,0.4,2,0,0
2066,0.4,2,0,0
2067,1.2000000000000002,1,0,1
2068,1.2000000000000002,0,0,1
2069,0.4,0,1,1
2070,0.4,2,0,0
2071,0.4,2,0,0
2072,0.4,2,0,0
2073,0.4,0,1,0
2074,0.4,2,1,1
2075,0.4,0,0,0
2076,0.4,2,0,0
2077,0.4,2,0,0
2078,2.0,1,1,1
2079,0.4,1,0,0
2080,1.2000000000000002,1,0,0
2081,0.4,0,0,1
2082,1.2000000000000002,2,0,0
2083,0.4,2,1,1
2084,1.2000000000000002,0,1,1
2085,1.2000000000000002,2,0,1
2086,0.4,3,1,1
2087,0.4,2,1,1
2088,0.4,0,0,0
2089,0.4,3,1,1
2090,0.4,1,0,1
2091,1.2000000000000002,2,0,0
2092,0.4,1,1,1
2093,0.4,2,1,0
2094,1.2000000000000002,2,1,1
2095,0.4,2,0,0
2096,1.2000000000000002,2,1,1
2097,1.2000000000000002,2,0,0
2098,0.4,2,1,1
2099,0.4,1,1,1
2100,0.4,1,1,1
2101,0.4,1,1,1
2102,2.0,1,1,1
2103,0.4,1,0,0
2104,0.4,0,0,0
2105,0.4,1,0,0
2106,0.4,2,0,0
2107,0.4,0,1,1
2108,0.4,3,1,1
2109,0.4,2,0,0
2110,1.2000000000000002,0,0,1
2111,0.4,1,0,0
2112,1.2000000000000002,1,1,1
2113,0.4,1,0,0
2114,0.4,2,1,1
2115,0.4,1,0,0
2116,0.4,1,1,1
2117,0.4,2,0,0
2118,0.4,0,0,0
2119,0.4,3,1,1
2120,0.4,1,0,0
2121,0.4,1,1,1
2122,1.2000000000000002,1,1,1
2123,0.4,1,1,1
2124,0.4,2,1,1
2125,0.4,2,0,0
2126,0.4,3,1,0
2127,1.2000000000000002,2,1,1
2128,1.2000000000000002,2,1,1
2129,0.4,3,1,1
2130,1.2000000000000002,2,1,1
2131,0.4,2,0,0
2132,0.4,2,1,1
2133,0.4,3,0,0
2134,1.2000000000000002,3,0,1
2135,0.4,3,0,0
2136,0.4,2,0,0
2137,0.4,3,0,0
2138,0.4,2,1,1
2139,0.4,0,1,1
2140,2.0,2,0,0
2141,1.2000000000000002,2,0,0
2142,0.4,2,1,1
2143,0.4,2,0,0
2144,1.2000000000000002,2,0,0
2145,1.2000000000000002,1,0,0
2146,0.4,2,0,0
2147,1.2000000000000002,2,0,0
2148,0.4,3,1,0
2149,0.4,0,0,0
2150,1.2000000000000002,1,0,0
2151,0.4,3,0,0
2152,0.4,2,0,0
2153,1.2000000000000002,3,0,0
2154,0.4,3,0,0
2155,0.4,3,1,1
2156,0.4,2,1,1
2157,0.4,1,0,0
2158,0.4,0,0,0
2159,0.4,1,0,0
2160,0.4,0,1,1
2161,0.4,1,1,1
2162,0.4,2,1,1
2163,0.4,2,0,0
2164,2.0,3,1,1
2165,0.4,2,0,0
2166,0.4,1,0,0
2167,0.4,1,1,1
2168,1.2000000000000002,1,1,1
2169,0.4,0,1,1
2170,1.2000000000000002,1,1,1
2171,0.4,1,1,1
2172,0.4,1,0,0
2173,0.4,1,0,0
2174,1.2000000000000002,1,0,0
2175,1.2000000000000002,1,0,1
2176,1.2000000000000002,0,1,1
2177,0.4,0,0,0
2178,0.4,2,1,1
2179,1.2000000000000002,1,1,1
2180,0.4,2,0,0
2181,0.4,1,1,1
2182,1.2000000000000002,2,1,1
2183,0.4,0,0,0
2184,0.4,1,0,0
2185,0.4,0,0,0
2186,0.4,2,1,1
2187,0.4,1,1,1
2188,1.2000000000000002,3,1,1
2189,0.4,1,0,0
2190,0.4,1,0,0
2191,0.4,0,1,1
2192,0.4,0,0,0
2193,1.2000000000000002,1,1,1
2194,0.4,1,0,0
2195,2.0,3,1,1
2196,0.4,1,0,0
2197,0.4,2,0,0
2198,0.4,1,1,1
2199,0.4,2,1,1
2200,1.2000000000000002,2,0,0
2201,0.4,1,1,1
2202,0.4,2,1,1
2203,0.4,1,0,0
2204,1.2000000000000002,1,0,0
2205,1.2000000000000002,2,1,1
2206,1.2000000000000002,1,0,0
2207,0.4,0,1,1
2208,1.2000000000000002,1,1,1
2209,0.4,2,1,1
2210,0.4,3,0,0
2211,0.4,1,0,0
2212,0.4,3,1,1
2213,0.4,2,0,0
2214,1.2000000000000002,3,1,1
2215,0.4,3,1,1
2216,0.4,2,1,1
2217,0.4,1,0,0
2218,0.4,1,1,0
2219,0.4,1,1,1
2220,0.4,1,1,1
2221,1.2000000000000002,0,1,1
2222,0.4,1,1,1
2223,0.4,2,1,1
2224,1.2000000000000002,1,1,1
2225,0.4,1,1,1
2226,0.4,2,0,0
2227,1.2000000000000002,3,0,0
2228,0.4,2,0,0
2229,0.4,3,0,0
2230,0.4,2,0,0
2231,1.2000000000000002,2,1,1
2232,0.4,1,1,1
2233,0.4,2,0,0
2234,0.4,1,0,0
2235,0.4,0,0,0
2236,0.4,2,0,0
2237,1.2000000000000002,2,0,0
2238,2.0,2,0,1
2239,1.2000000000000002,1,0,0
2240,0.4,1,0,0
2241,0.4,2,1,1
2242,0.4,2,1,1
2243,0.4,2,1,1
2244,1.2000000000000002,2,0,0
2245,0.4,1,1,1
2246,0.4,2,1,1
2247,0.4,1,0,0
2248,0.4,1,1,1
2249,1.2000000000000002,0,0,1
2250,0.4,1,1,0
2251,0.4,2,0,0
2252,0.4,0,1,1
2253,0.4,2,1,0
2254,0.4,2,1,1
2255,0.4,0,0,0
2256,1.2000000000000002,1,1,1
2257,0.4,1,0,0
2258,0.4,2,1,0
2259,0.4,0,0,0
2260,1.2000000000000002,2,1,1
2261,1.2000000000000002,2,1,1
2262,0.4,1,0,0
2263,1.2000000000000002,0,1,1
2264,0.4,2,1,1
2265,1.2000000000000002,1,1,1
2266,1.2000000000000002,1,0,1
2267,0.4,3,1,1
2268,0.4,2,0,0
2269,0.4,2,0,0
2270,0.4,1,0,0
2271,0.4,0,0,0
2272,0.4,0,1,1
2273,0.4,2,1,0
2274,0.4,3,0,0
2275,0.4,2,0,0
2276,0.4,2,1,1
2277,0.4,1,0,0
2278,1.2000000000000002,3,1,1
2279,0.4,1,0,0
2280,0.4,2,0,0
2281,0.4,3,1,1
2282,0.4,2,0,0
2283,0.4,1,1,1
2284,0.4,3,0,0
2285,0.4,2,1,1
2286,0.4,2,1,1
2287,0.4,2,1,1
2288,0.4,1,0,1
2289,1.2000000000000002,1,1,1
2290,0.4,2,0,0
2291,0.4,3,0,0
2292,0.4,1,0,0
2293,1.2000000000000002,1,0,0
2294,1.2000000000000002,2,1,1
2295,0.4,2,0,0
2296,1.2000000000000002,0,1,1
2297,0.4,1,1,1
2298,0.4,2,1,1
2299,0.4,1,1,1
2300,0.4,1,1,1
2301,0.4,1,0,0
2302,0.4,1,0,0
2303,0.4,2,1,1
2304,0.4,0,1,1
2305,0.4,2,1,1
2306,0.4,0,1,1
2307,0.4,1,0,0
2308,0.4,1,1,1
2309,0.4,1,0,0
2310,0.4,1,1,1
2311,0.4,3,0,0
2312,1.2000000000000002,3,1,1
2313,0.4,2,0,0
2314,0.4,2,1,1
2315,0.4,0,1,1
2316,0.4,0,0,0
2317,1.2000000000000002,2,0,0
2318,0.4,2,1,1
2319,0.4,1,1,1
2320,0.4,2,1,1
2321,0.4,1,0,0
2322,0.4,0,1,1
2323,0.4,1,0,0
2324,0.4,2,1,0
2325,1.2000000000000002,2,0,0
2326,0.4,2,0,0
2327,0.4,3,1,1
2328,1.2000000000000002,0,0,0
2329,1.2000000000000002,1,0,0
2330,0.4,2,1,1
2331,0.4,2,1,1
2332,0.4,1,0,0
2333,1.2000000000000002,2,1,1
2334,0.4,2,0,0
2335,0.4,3,1,1
2336,1.2000000000000002,3,1,1
2337,0.4,2,0,0
2338,0.4,1,0,0
2339,0.4,0,1,0
2340,0.4,1,0,0
2341,0.4,1,0,0
2342,0.4,1,0,0
2343,1.2000000000000002,0,0,1
2344,1.2000000000000002,1,0,0
2345,1.2000000000000002,2,1,0
2346,0.4,1,0,0
2347,0.4,3,1,1
2348,0.4,0,1,1
2349,0.4,1,1,1
2350,0.4,0,0,0
2351,0.4,2,0,0
2352,0.4,1,1,1
2353,0.4,2,1,1
2354,0.4,1,1,1
2355,0.4,0,0,0
2356,0.4,2,1,1
2357,0.4,1,1,1
2358,0.4,1,1,1
2359,1.2000000000000002,3,0,0
2360,0.4,1,0,0
2361,0.4,2,0,0
2362,0.4,2,1,0
2363,0.4,0,0,0
2364,0.4,3,0,0
2365,2.8,1,0,1
2366,1.2000000000000002,3,1,1
2367,0.4,1,0,0
2368,0.4,3,0,0
2369,0.4,0,0,0
2370,0.4,2,0,0
2371,0.4,0,0,0
2372,0.4,2,0,0
2373,0.4,1,1,1
2374,1.2000000000000002,2,0,0
2375,1.2000000000000002,2,0,0
2376,0.4,1,1,1
2377,0.4,1,0,0
2378,0.4,0,0,0
2379,0.4,1,1,1
2380,0.4,2,0,1
2381,0.4,2,0,0
2382,0.4,1,0,0
2383,2.0,1,0,1
2384,0.4,2,1,1
2385,0.4,1,0,0
2386,1.2000000000000002,2,0,0
2387,0.4,2,0,0
2388,0.4,1,1,1
2389,1.2000000000000002,1,1,1
2390,0.4,1,1,1
2391,1.2000000000000002,2,0,0
2392,0.4,0,0,0
2393,0.4,1,0,0
2394,0.4,2,1,1
2395,1.2000000000000002,1,0,0
2396,0.4,1,1,1
2397,0.4,0,1,1
2398,0.4,1,0,0
2399,0.4,1,0,0
2400,0.4,1,1,1
2401,1.2000000000000002,2,1,1
2402,0.4,1,0,0
2403,1.2000000000000002,1,0,1
2404,0.4,1,1,1
2405,0.4,2,1,1
2406,0.4,1,0,0
2407,1.2000000000000002,2,1,0
2408,1.2000000000000002,0,0,1
2409,0.4,0,0,0
2410,1.2000000000000002,2,0,0
2411,1.2000000000000002,3,0,1
2412,0.4,1,1,0
2413,0.4,2,1,0
2414,0.4,3,0,0
2415,0.4,2,1,1
2416,0.4,2,1,1
2417,0.4,3,1,1
2418,0.4,2,0,0
2419,0.4,1,1,1
2420,0.4,0,1,1
2421,0.4,3,0,0
2422,2.0,1,1,1
2423,0.4,1,0,0
2424,0.4,2,0,0
2425,0.4,1,0,0
2426,1.2000000000000002,0,0,1
2427,0.4,0,0,0
2428,1.2000000000000002,1,1,1
2429,0.4,3,0,0
2430,0.4,0,1,1
2431,0.4,1,0,0
2432,0.4,2,1,1
2433,1.2000000000000002,3,0,0
2434,0.4,2,0,0
2435,0.4,3,1,0
2436,1.2000000000000002,1,0,0
2437,0.4,1,1,1
2438,0.4,3,1,1
2439,2.0,2,1,1
2440,0.4,2,0,0
2441,0.4,3,1,1
2442,0.4,1,1,1
2443,0.4,2,1,1
2444,0.4,1,1,1
2445,0.4,1,1,1
2446,0.4,0,1,0
2447,0.4,2,0,0
2448,2.0,1,0,0
2449,1.2000000000000002,1,0,0
2450,0.4,1,0,0
2451,0.4,2,0,0
2452,1.2000000000000002,1,0,0
2453,0.4,2,1,0
2454,0.4,2,0,0
2455,0.4,1,0,0
2456,1.2000000000000002,0,0,1
2457,0.4,3,1,1
2458,0.4,0,0,0
2459,0.4,0,0,0
2460,0.4,1,1,1
2461,0.4,3,0,0
2462,1.2000000000000002,2,1,1
2463,0.4,2,1,1
2464,0.4,1,0,1
2465,0.4,0,1,1
2466,0.4,0,1,1
2467,1.2000000000000002,1,0,1
2468,0.4,0,0,0
2469,0.4,2,1,1
2470,0.4,1,0,0
2471,0.4,0,0,0
2472,0.4,3,1,1
2473,1.2000000000000002,0,1,1
2474,1.2000000000000002,1,0,1
2475,0.4,2,1,1
2476,0.4,2,0,0
2477,1.2000000000000002,2,1,1
2478,0.4,1,1,1
2479,0.4,0,1,1
2480,0.4,1,0,0
2481,0.4,3,0,0
2482,0.4,1,1,1
2483,0.4,2,0,0
2484,0.4,2,1,1
2485,0.4,0,0,1
2486,0.4,1,0,0
2487,0.4,1,0,0
2488,1.2000000000000002,1,1,0
2489,0.4,2,0,0
2490,0.4,1,0,0
2491,2.8,1,1,1
2492,1.2000000000000002,1,0,1
2493,0.4,2,0,0
2494,0.4,0,0,0
2495,0.4,3,0,0
2496,0.4,2,0,0
2497,0.4,0,1,1
2498,1.2000000000000002,1,0,0
2499,0.4,3,0,0
2500,0.4,2,0,0
2501,0.4,2,1,1
2502,0.4,1,0,0
2503,0.4,1,0,0
2504,0.4,2,0,0
2505,0.4,1,1,1
2506,0.4,3,1,0
2507,0.4,2,1,1
2508,0.4,1,0,0
2509,0.4,1,1,1
2510,0.4,2,0,0
2511,0.4,0,1,1
2512,1.2000000000000002,2,0,1
2513,0.4,2,1,1
2514,0.4,0,1,1
2515,0.4,2,0,0
2516,0.4,1,1,1
2517,0.4,2,1,1
2518,1.2000000000000002,0,1,1
2519,0.4,2,1,1
2520,0.4,2,1,1
2521,0.4,2,1,0
2522,2.0,2,0,1
2523,0.4,2,0,0
2524,0.4,3,1,1
2525,1.2000000000000002,1,0,0
2526,1.2000000000000002,1,0,1
2527,0.4,1,1,1
2528,0.4,2,1,1
2529,0.4,1,0,1
2530,0.4,3,1,1
2531,0.4,2,0,0
2532,1.2000000000000002,1,1,1
2533,0.4,0,0,0
2534,0.4,1,1,1
2535,0.4,0,0,0
2536,0.4,2,1,1
2537,0.4,1,0,0
2538,0.4,1,1,1
2539,1.2000000000000002,2,1,1
2540,0.4,1,1,1
2541,0.4,1,0,0
2542,2.0,1,0,1
2543,1.2000000000000002,1,0,0
2544,0.4,1,0,0
2545,0.4,1,1,1
2546,0.4,2,0,0
2547,1.2000000000000002,1,0,1
2548,0.4,2,1,1
2549,0.4,1,1,1
2550,0.4,2,0,0
2551,0.4,1,1,1
2552,1.2000000000000002,3,1,0
2553,0.4,2,0,0
2554,0.4,3,0,0
2555,0.4,1,0,0
2556,0.4,1,0,0
2557,0.4,1,1,0
2558,1.2000000000000002,1,0,0
2559,0.4,1,0,0
2560,4.4,2,1,1
2561,0.4,2,0,0
2562,0.4,2,1,1
2563,0.4,2,1,1
2564,0.4,1,0,0
2565,0.4,2,1,1
2566,0.4,2,1,0
2567,0.4,1,0,0
2568,1.2000000000000002,2,1,1
2569,1.2000000000000002,2,1,1
2570,0.4,1,1,1
2571,1.2000000000000002,1,0,1
2572,1.2000000000000002,3,0,0
2573,0.4,2,1,1
2574,0.4,1,1,1
2575,0.4,2,0,0
2576,0.4,2,0,0
2577,0.4,3,0,0
2578,0.4,2,1,0
2579,0.4,0,0,0
2580,1.2000000000000002,0,1,1
2581,0.4,1,0,0
2582,0.4,0,1,1
2583,0.4,1,1,1
2584,2.0,2,1,1
2585,0.4,1,0,0
2586,0.4,2,1,1
2587,0.4,2,1,1
2588,0.4,0,1,1
2589,0.4,2,1,0
2590,0.4,1,1,1
2591,0.4,2,1,1
2592,0.4,1,1,0
2593,0.4,0,1,1
2594,1.2000000000000002,0,0,1
2595,2.0,2,1,1
2596,0.4,0,1,1
2597,0.4,0,0,0
2598,0.4,2,1,0
2599,0.4,1,0,0
2600,0.4,1,0,0
2601,1.2000000000000002,1,1,1
2602,0.4,2,0,0
2603,0.4,1,0,0
2604,1.2000000000000002,2,1,1
2605,0.4,0,0,0
2606,0.4,1,1,0
2607,0.4,2,0,0
2608,0.4,1,0,1
2609,0.4,2,1,0
2610,1.2000000000000002,2,1,1
2611,0.4,1,1,1
2612,0.4,1,1,1
2613,0.4,1,0,0
2614,1.2000000000000002,2,0,0
2615,0.4,0,0,0
2616,0.4,1,0,0
2617,1.2000000000000002,1,0,0
2618,0.4,2,1,1
2619,1.2000000000000002,3,0,0
2620,0.4,2,1,1
2621,0.4,2,1,0
2622,1.2000000000000002,3,0,1
2623,0.4,2,0,0
2624,1.2000000000000002,2,0,0
2625,0.4,2,1,1
2626,0.4,1,1,1
2627,0.4,2,0,0
2628,0.4,0,0,0
2629,0.4,0,0,0
2630,0.4,2,1,1
2631,0.4,1,0,0
2632,1.2000000000000002,1,0,1
2633,0.4,1,1,0
2634,0.4,2,1,0
2635,1.2000000000000002,1,0,0
2636,1.2000000000000002,2,1,1
2637,0.4,1,1,0
2638,0.4,2,0,0
2639,0.4,2,1,1
2640,1.2000000000000002,0,1,1
2641,0.4,1,1,1
2642,0.4,1,0,0
2643,0.4,2,0,0
2644,0.4,1,1,1
2645,0.4,1,1,0
2646,0.4,0,0,0
2647,0.4,1,0,0
2648,0.4,2,0,0
2649,1.2000000000000002,2,1,1
2650,0.4,2,1,1
2651,1.2000000000000002,3,0,1
2652,1.2000000000000002,2,1,1
2653,1.2000000000000002,1,1,1
2654,0.4,0,1,1
2655,1.2000000000000002,2,1,1
2656,0.4,2,0,0
2657,0.4,1,0,0
2658,0.4,1,0,0
2659,0.4,2,0,0
2660,0.4,1,1,1
2661,0.4,1,1,1
2662,1.2000000000000002,2,0,0
2663,0.4,3,0,0
2664,0.4,1,0,0
2665,0.4,1,1,1
2666,2.0,1,1,1
2667,0.4,1,0,0
2668,1.2000000000000002,2,1,1
2669,0.4,3,0,0
2670,0.4,1,0,0
2671,0.4,1,0,0
2672,0.4,2,0,0
2673,1.2000000000000002,1,0,1
2674,1.2000000000000002,2,1,1
2675,0.4,0,1,1
2676,0.4,2,0,0
2677,0.4,3,1,0
2678,0.4,2,1,1
2679,0.4,1,1,1
2680,0.4,3,0,0
2681,1.2000000000000002,1,0,0
2682,0.4,1,1,1
2683,1.2000000000000002,1,0,0
2684,1.2000000000000002,1,0,0
2685,0.4,2,0,0
2686,0.4,2,0,0
2687,1.2000000000000002,2,0,1
2688,1.2000000000000002,2,1,1
2689,0.4,1,0,0
2690,0.4,3,0,0
2691,1.2000000000000002,2,0,0
2692,0.4,1,1,1
2693,0.4,3,1,1
2694,0.4,1,0,0
2695,1.2000000000000002,3,0,0
2696,0.4,1,1,1
2697,0.4,0,0,0
2698,0.4,0,1,1
2699,2.0,1,1,1
2700,0.4,1,0,0
2701,0.4,0,0,0
2702,0.4,1,0,0
2703,1.2000000000000002,2,0,0
2704,0.4,3,1,0
2705,2.0,3,1,1
2706,0.4,2,1,1
2707,1.2000000000000002,3,0,1
2708,0.4,2,1,1
2709,0.4,1,0,0
2710,0.4,2,1,1
2711,2.0,1,1,1
2712,2.0,2,1,1
2713,1.2000000000000002,2,1,0
2714,1.2000000000000002,1,1,1
2715,0.4,3,0,0
2716,0.4,1,0,0
2717,0.4,2,0,0
2718,0.4,0,0,0
2719,1.2000000000000002,1,1,1
2720,0.4,2,1,1
2721,1.2000000000000002,3,1,1
2722,1.2000000000000002,3,1,1
2723,1.2000000000000002,2,1,1
2724,1.2000000000000002,1,0,1
2725,0.4,2,1,0
2726,1.2000000000000002,2,1,1
2727,0.4,0,1,1
2728,0.4,3,0,0
2729,0.4,1,0,0
2730,0.4,0,0,1
2731,0.4,2,0,0
2732,0.4,2,1,1
2733,0.4,1,1,1
2734,0.4,1,0,0
2735,1.2000000000000002,1,1,1
2736,1.2000000000000002,0,0,1
2737,0.4,2,0,0
2738,0.4,3,0,0
2739,1.2000000000000002,2,1,1
2740,0.4,1,0,0
2741,0.4,3,0,0
2742,1.2000000000000002,2,0,0
2743,1.2000000000000002,1,1,1
2744,0.4,1,1,1
2745,0.4,2,0,0
2746,0.4,1,1,1
2747,0.4,1,1,0
2748,0.4,2,0,0
2749,0.4,1,0,0
2750,0.4,1,0,0
2751,1.2000000000000002,1,0,1
2752,0.4,2,1,1
2753,0.4,1,1,0
2754,0.4,2,1,1
2755,0.4,0,1,1
2756,0.4,2,0,0
2757,0.4,2,0,0
2758,1.2000000000000002,2,0,0
2759,0.4,1,0,0
2760,0.4,3,0,0
2761,1.2000000000000002,1,1,1
2762,0.4,1,0,0
2763,1.2000000000000002,1,1,1
2764,0.4,1,1,1
2765,0.4,3,0,0
2766,0.4,3,1,0
2767,0.4,2,0,0
2768,0.4,1,0,0
2769,0.4,2,1,1
2770,1.2000000000000002,1,1,1
2771,0.4,2,0,0
2772,0.4,2,1,1
2773,0.4,1,0,0
2774,0.4,2,1,1
2775,0.4,1,0,0
2776,0.4,1,0,0
2777,0.4,2,0,0
2778,0.4,2,1,0
2779,0.4,1,0,0
2780,0.4,1,0,0
2781,0.4,1,0,0
2782,1.2000000000000002,1,0,0
2783,0.4,1,0,1
2784,0.4,2,1,1
2785,1.2000000000000002,2,1,1
2786,1.2000000000000002,2,0,0
2787,0.4,0,0,0
2788,1.2000000000000002,3,0,0
2789,1.2000000000000002,1,0,0
2790,0.4,1,1,1
2791,0.4,3,0,0
2792,0.4,1,1,1
2793,2.8,1,1,1
2794,0.4,2,0,0
2795,0.4,2,0,0
2796,0.4,2,1,1
2797,0.4,2,1,1
2798,0.4,1,0,0
2799,0.4,0,0,0
2800,1.2000000000000002,2,1,1
2801,1.2000000000000002,1,0,0
2802,0.4,1,0,0
2803,0.4,1,0,0
2804,0.4,1,0,0
2805,0.4,2,0,0
2806,0.4,0,1,1
2807,0.4,1,1,1
2808,0.4,1,0,0
2809,0.4,1,0,0
2810,0.4,1,0,0
2811,0.4,2,0,0
2812,0.4,1,0,0
2813,1.2000000000000002,2,0,0
2814,0.4,2,0,0
2815,0.4,1,0,0
2816,1.2000000000000002,2,0,0
2817,1.2000000000000002,1,1,1
2818,1.2000000000000002,2,1,1
2819,1.2000000000000002,2,0,0
2820,0.4,1,1,0
2821,0.4,2,0,0
2822,0.4,3,1,1
2823,0.4,2,0,0
2824,0.4,2,0,0
2825,1.2000000000000002,1,0,0
2826,1.2000000000000002,2,1,1
2827,0.4,1,0,0
2828,0.4,1,1,1
2829,0.4,2,1,1
2830,0.4,1,0,0
2831,0.4,1,0,0
2832,0.4,3,0,0
2833,0.4,2,0,0
2834,1.2000000000000002,2,0,0
2835,0.4,1,0,0
2836,0.4,3,1,0
2837,0.4,1,0,0
2838,0.4,2,0,0
2839,1.2000000000000002,2,1,1
2840,1.2000000000000002,2,1,1
2841,1.2000000000000002,1,1,1
2842,1.2000000000000002,2,0,0
2843,0.4,2,1,1
2844,0.4,2,0,0
2845,0.4,2,0,0
2846,1.2000000000000002,1,1,1
2847,1.2000000000000002,0,1,1
2848,0.4,2,0,0
2849,2.0,1,1,1
2850,0.4,2,0,0
2851,0.4,2,1,1
2852,0.4,0,1,1
2853,0.4,2,0,0
2854,0.4,2,0,0
2855,0.4,3,1,1
2856,0.4,1,0,0
2857,0.4,3,0,0
2858,0.4,2,0,0
2859,0.4,2,1,1
2860,1.2000000000000002,1,1,1
2861,0.4,1,1,1
2862,0.4,0,0,0
2863,0.4,0,1,1
2864,0.4,2,0,0
2865,0.4,1,1,1
2866,1.2000000000000002,2,1,1
2867,1.2000000000000002,1,0,1
2868,0.4,1,0,0
2869,0.4,1,1,1
2870,0.4,2,1,0
2871,0.4,2,0,0
2872,1.2000000000000002,1,1,1
2873,0.4,2,1,1
2874,2.0,2,0,0
2875,0.4,3,0,0
2876,0.4,2,0,0
2877,0.4,2,0,0
2878,0.4,2,0,0
2879,1.2000000000000002,2,0,1
2880,0.4,1,0,0
2881,0.4,2,0,0
2882,1.2000000000000002,2,0,0
2883,0.4,3,0,0
2884,0.4,2,0,0
2885,1.2000000000000002,3,0,0
2886,1.2000000000000002,1,1,0
2887,0.4,2,1,1
2888,0.4,3,0,0
2889,1.2000000000000002,1,0,0
2890,1.2000000000000002,2,1,1
2891,0.4,3,1,1
2892,1.2000000000000002,2,0,0
2893,0.4,1,0,0
2894,1.2000000000000002,2,1,1
2895,0.4,2,0,0
2896,0.4,2,0,0
2897,0.4,0,0,0
2898,0.4,1,0,0
2899,0.4,1,0,0
2900,0.4,2,1,1
2901,0.4,2,0,0
2902,1.2000000000000002,1,0,0
2903,0.4,2,0,0
2904,0.4,2,1,0
2905,1.2000000000000002,2,0,0
2906,1.2000000000000002,1,0,1
2907,1.2000000000000002,1,1,1
2908,0.4,3,0,1
2909,0.4,2,0,0
2910,0.4,2,0,0
2911,0.4,2,0,0
2912,0.4,3,0,0
2913,0.4,0,0,0
2914,0.4,1,1,0
2915,1.2000000000000002,2,1,1
2916,1.2000000000000002,1,0,1
2917,1.2000000000000002,2,1,1
2918,1.2000000000000002,1,1,1
2919,0.4,3,1,1
2920,1.2000000000000002,1,1,1
2921,0.4,2,0,0
2922,1.2000000000000002,2,1,1
2923,1.2000000000000002,2,1,1
2924,1.2000000000000002,1,1,1
2925,0.4,0,0,0
2926,0.4,1,0,0
2927,0.4,1,0,0
2928,1.2000000000000002,0,1,1
2929,0.4,2,1,1
2930,0.4,2,0,0
2931,0.4,2,0,0
2932,0.4,1,1,1
2933,0.4,2,1,0
2934,0.4,2,0,0
2935,1.2000000000000002,0,0,1
2936,0.4,2,1,1
2937,0.4,2,1,1
2938,1.2000000000000002,2,1,1
2939,1.2000000000000002,1,0,0
2940,0.4,1,0,0
2941,0.4,2,0,0
2942,1.2000000000000002,1,0,0
2943,0.4,1,0,0
2944,1.2000000000000002,1,0,0
2945,0.4,2,0,0
2946,1.2000000000000002,1,0,0
2947,0.4,2,0,0
2948,0.4,1,1,1
2949,0.4,1,0,0
2950,0.4,3,0,0
2951,0.4,2,0,1
2952,0.4,0,1,1
2953,0.4,2,1,0
2954,1.2000000000000002,1,0,0
2955,0.4,2,0,0
2956,2.8,0,1,1
2957,0.4,0,0,0
2958,0.4,1,1,1
2959,0.4,1,1,1
2960,0.4,2,1,1
2961,0.4,1,0,0
2962,0.4,2,1,1
2963,0.4,1,1,1
2964,0.4,1,0,0
2965,0.4,1,0,0
2966,0.4,1,0,0
2967,0.4,2,1,1
2968,0.4,2,1,0
2969,0.4,2,1,1
2970,0.4,3,0,0
2971,1.2000000000000002,0,1,1
2972,0.4,1,0,0
2973,0.4,2,0,0
2974,2.8,3,1,1
2975,0.4,2,0,0
2976,0.4,1,1,0
2977,0.4,2,0,1
2978,1.2000000000000002,2,0,0
2979,1.2000000000000002,2,0,0
2980,0.4,2,1,1
2981,0.4,2,1,1
2982,0.4,2,1,1
2983,0.4,0,1,1
2984,1.2000000000000002,1,0,1
2985,0.4,0,0,0
2986,0.4,1,0,0
2987,0.4,1,1,1
2988,0.4,1,0,0
2989,0.4,1,1,1
2990,0.4,3,0,0
2991,1.2000000000000002,1,1,1
2992,0.4,2,0,0
2993,0.4,1,1,1
2994,0.4,2,0,0
2995,0.4,2,1,1
2996,1.2000000000000002,1,0,0
2997,0.4,1,1,1
2998,1.2000000000000002,3,0,0
2999,0.4,1,0,0
3000,0.4,0,1,1
3001,0.4,2,0,0
3002,0.4,1,1,1
3003,1.2000000000000002,1,0,1
3004,0.4,1,0,0
3005,1.2000000000000002,0,0,0
3006,0.4,1,1,1
3007,0.4,2,1,1
3008,0.4,3,1,1
3009,0.4,2,0,0
3010,0.4,2,0,1
3011,1.2000000000000002,1,1,1
3012,1.2000000000000002,1,0,1
3013,0.4,2,0,0
3014,1.2000000000000002,1,1,1
3015,0.4,0,1,1
3016,0.4,1,0,0
3017,0.4,2,1,1
3018,0.4,2,1,1
3019,1.2000000000000002,0,0,1
3020,2.0,3,1,1
3021,0.4,2,0,0
3022,0.4,2,0,0
3023,0.4,2,1,1
3024,0.4,3,0,0
3025,1.2000000000000002,3,0,0
3026,0.4,2,0,0
3027,0.4,1,1,0
3028,0.4,1,1,1
3029,0.4,2,1,1
3030,0.4,2,1,0
3031,0.4,1,0,0
3032,1.2000000000000002,2,1,1
3033,0.4,1,1,1
3034,0.4,2,0,0
3035,0.4,1,1,1
3036,0.4,2,1,1
3037,0.4,1,0,0
3038,1.2000000000000002,1,1,1
3039,1.2000000000000002,0,0,1
3040,0.4,2,1,1
3041,0.4,1,0,0
3042,2.0,2,0,0
3043,0.4,1,1,1
3044,1.2000000000000002,0,0,0
3045,0.4,1,1,1
3046,0.4,3,0,0
3047,0.4,2,1,0
3048,0.4,1,1,1
3049,1.2000000000000002,2,0,0
3050,0.4,1,1,1
3051,1.2000000000000002,1,1,1
3052,2.0,1,1,1
3053,1.2000000000000002,1,0,0
3054,0.4,3,1,1
3055,0.4,2,0,0
3056,1.2000000000000002,3,0,0
3057,0.4,0,1,1
3058,0.4,3,0,0
3059,0.4,2,1,0
3060,0.4,2,1,0
3061,0.4,1,1,1
3062,1.2000000000000002,2,0,0
3063,0.4,1,0,0
3064,0.4,2,0,0
3065,0.4,3,1,1
3066,0.4,2,0,0
3067,1.2000000000000002,3,0,1
3068,0.4,0,1,1
3069,0.4,1,0,0
3070,0.4,2,1,1
3071,0.4,1,1,0
3072,1.2000000000000002,2,0,0
3073,1.2000000000000002,1,1,1
3074,1.2000000000000002,3,1,1
3075,0.4,1,1,0
3076,0.4,2,1,1
3077,0.4,0,1,1
3078,0.4,2,1,1
3079,0.4,1,1,1
3080,0.4,1,1,0
3081,0.4,1,1,1
3082,0.4,2,1,1
3083,0.4,1,1,0
3084,0.4,0,0,0
3085,0.4,1,1,1
3086,2.0,1,1,1
3087,0.4,2,0,0
3088,0.4,2,0,0
3089,0.4,2,0,0
3090,0.4,2,0,0
3091,0.4,1,1,1
3092,1.2000000000000002,0,0,0
3093,1.2000000000000002,2,0,1
3094,1.2000000000000002,2,0,0
3095,0.4,0,0,0
3096,0.4,0,1,1
3097,0.4,1,1,1
3098,0.4,2,1,1
3099,0.4,1,0,0
3100,1.2000000000000002,2,1,1
3101,0.4,1,1,1
3102,0.4,2,0,0
3103,0.4,3,0,0
3104,0.4,2,0,0
3105,0.4,2,0,0
3106,1.2000000000000002,1,1,1
3107,0.4,2,0,0
3108,1.2000000000000002,2,0,0
3109,0.4,0,0,0
3110,1.2000000000000002,2,0,1
3111,0.4,2,1,1
3112,0.4,2,1,1
3113,1.2000000000000002,0,0,1
3114,0.4,1,1,0
3115,0.4,2,1,0
3116,2.0,0,1,1
3117,0.4,0,0,0
3118,0.4,1,0,0
3119,0.4,1,0,0
3120,0.4,1,1,1
3121,1.2000000000000002,0,0,0
3122,1.2000000000000002,3,1,1
3123,0.4,3,1,1
3124,0.4,2,0,0
3125,1.2000000000000002,2,0,0
3126,0.4,0,0,0
3127,0.4,0,0,0
3128,0.4,1,1,1
3129,0.4,1,0,0
3130,1.2000000000000002,1,0,0
3131,0.4,2,1,1
3132,0.4,1,1,1
3133,0.4,0,1,1
3134,1.2000000000000002,2,0,0
3135,0.4,2,0,0
3136,1.2000000000000002,2,0,1
3137,0.4,2,1,0
3138,0.4,2,1,1
3139,0.4,2,0,0
3140,1.2000000000000002,3,1,1
3141,1.2000000000000002,1,0,0
3142,1.2000000000000002,2,0,0
3143,1.2000000000000002,1,1,1
3144,0.4,3,0,0
3145,0.4,1,0,0
3146,0.4,1,0,0
3147,1.2000000000000002,3,1,1
3148,0.4,0,0,0
3149,0.4,1,0,0
3150,1.2000000000000002,2,1,1
3151,0.4,3,0,0
3152,0.4,2,0,0
3153,0.4,2,0,0
3154,0.4,1,1,1
3155,0.4,1,1,1
3156,0.4,2,1,0
3157,0.4,1,0,0
3158,0.4,2,0,0
3159,1.2000000000000002,1,0,0
3160,0.4,2,0,0
3161,0.4,2,0,0
3162,1.2000000000000002,1,1,1
3163,1.2000000000000002,2,1,1
3164,0.4,1,1,1
3165,0.4,2,1,1
3166,0.4,0,1,1
3167,0.4,0,1,1
3168,0.4,2,1,1
3169,1.2000000000000002,1,0,0
3170,0.4,1,0,0
3171,0.4,1,0,0
3172,0.4,3,1,0
3173,0.4,1,1,1
3174,0.4,1,1,1
3175,1.2000000000000002,1,1,1
3176,1.2000000000000002,1,1,1
3177,1.2000000000000002,1,1,1
3178,0.4,2,1,1
3179,1.2000000000000002,1,0,1
3180,0.4,1,0,0
3181,0.4,2,0,0
3182,1.2000000000000002,2,1,1
3183,0.4,1,1,0
3184,0.4,2,1,1
3185,0.4,1,0,0
3186,1.2000000000000002,0,1,1
3187,0.4,1,0,0
3188,0.4,1,1,1
3189,2.0,2,1,1
3190,0.4,1,0,0
3191,0.4,3,1,1
3192,1.2000000000000002,2,1,1
3193,0.4,3,1,1
3194,0.4,1,1,1
3195,0.4,1,1,0
3196,0.4,1,0,0
3197,0.4,3,1,1
3198,1.2000000000000002,2,1,1
3199,0.4,2,1,1
3200,0.4,0,0,0
3201,0.4,1,1,0
3202,0.4,2,1,1
3203,0.4,2,0,0
3204,1.2000000000000002,2,0,0
3205,0.4,0,0,0
3206,0.4,2,1,1
3207,0.4,1,0,0
3208,1.2000000000000002,3,1,1
3209,0.4,1,1,1
3210,1.2000000000000002,2,0,0
3211,1.2000000000000002,2,0,1
3212,0.4,2,1,1
3213,0.4,2,1,1
3214,0.4,2,1,1
3215,1.2000000000000002,1,0,1
3216,2.0,2,1,1
3217,1.2000000000000002,0,0,1
3218,0.4,1,1,1
3219,1.2000000000000002,2,0,1
3220,0.4,2,0,1
3221,0.4,1,0,0
3222,0.4,2,0,0
3223,1.2000000000000002,1,1,1
3224,0.4,2,1,0
3225,0.4,0,1,1
3226,0.4,0,1,1
3227,0.4,2,0,0
3228,1.2000000000000002,3,0,0
3229,0.4,1,0,0
3230,0.4,2,1,0
3231,0.4,1,0,0
3232,0.4,2,1,1
3233,0.4,1,1,1
3234,0.4,1,0,0
3235,0.4,1,0,0
3236,0.4,1,1,1
3237,0.4,1,0,0
3238,0.4,2,1,1
3239,0.4,2,0,0
3240,0.4,1,0,1
3241,1.2000000000000002,0,1,1
3242,0.4,2,1,1
3243,0.4,1,0,0
3244,0.4,1,0,0
3245,0.4,1,0,0
3246,1.2000000000000002,1,1,1
3247,1.2000000000000002,1,0,0
3248,0.4,3,0,0
3249,0.4,2,0,0
3250,0.4,0,1,1
3251,0.4,2,0,0
3252,0.4,1,0,0
3253,0.4,1,1,0
3254,1.2000000000000002,2,1,1
3255,0.4,0,1,1
3256,0.4,3,0,0
3257,1.2000000000000002,2,0,0
3258,0.4,0,1,1
3259,2.0,1,1,1
3260,1.2000000000000002,3,0,0
3261,0.4,1,0,0
3262,0.4,1,0,0
3263,1.2000000000000002,0,1,1
3264,0.4,3,1,1
3265,0.4,2,1,0
3266,0.4,3,0,0
3267,0.4,2,0,0
3268,1.2000000000000002,2,0,0
3269,0.4,2,1,1
3270,0.4,2,1,1
3271,0.4,1,1,1
3272,0.4,1,1,0
3273,0.4,0,0,0
3274,0.4,1,0,0
3275,0.4,2,0,0
3276,0.4,0,0,0
3277,1.2000000000000002,0,0,1
3278,0.4,3,1,1
3279,0.4,2,0,0
3280,0.4,0,0,0
3281,0.4,2,0,0
3282,0.4,1,1,1
3283,0.4,1,1,1
3284,1.2000000000000002,1,0,0
3285,0.4,2,1,1
3286,0.4,2,0,0
3287,1.2000000000000002,1,1,1
3288,1.2000000000000002,1,1,1
3289,0.4,1,1,1
3290,0.4,1,1,0
3291,1.2000000000000002,3,0,0
3292,1.2000000000000002,1,1,1
3293,1.2000000000000002,0,1,1
3294,0.4,1,1,1
3295,0.4,1,0,0
3296,0.4,1,1,0
3297,1.2000000000000002,2,0,0
3298,0.4,0,1,0
3299,1.2000000000000002,1,1,0
3300,0.4,2,0,0
3301,0.4,2,1,1
3302,0.4,2,1,1
3303,0.4,2,1,1
3304,0.4,2,1,1
3305,0.4,2,1,1
3306,0.4,3,0,0
3307,0.4,2,1,0
3308,0.4,1,1,1
3309,0.4,2,1,1
3310,0.4,1,0,0
3311,0.4,1,0,0
3312,1.2000000000000002,2,0,1
3313,1.2000000000000002,1,1,1
3314,1.2000000000000002,2,1,1
3315,0.4,2,0,0
3316,0.4,3,0,0
3317,0.4,0,1,1
3318,0.4,1,1,1
3319,0.4,2,1,1
3320,0.4,3,0,0
3321,0.4,2,1,0
3322,0.4,1,0,0
3323,0.4,3,1,1
3324,0.4,2,0,0
3325,0.4,2,1,1
3326,0.4,1,1,1
3327,0.4,2,1,0
3328,0.4,2,1,1
3329,0.4,1,1,1
3330,0.4,1,1,1
3331,0.4,0,0,0
3332,0.4,1,1,1
3333,0.4,2,0,0
3334,0.4,0,1,1
3335,0.4,3,1,1
3336,1.2000000000000002,2,1,1
3337,1.2000000000000002,1,0,0
3338,1.2000000000000002,2,1,1
3339,0.4,0,1,1
3340,1.2000000000000002,1,1,1
3341,0.4,0,0,0
3342,0.4,2,0,0
3343,1.2000000000000002,1,1,1
3344,0.4,3,0,0
3345,0.4,1,1,1
3346,0.4,0,0,0
3347,0.4,3,0,0
3348,0.4,2,1,1
3349,1.2000000000000002,3,0,0
3350,0.4,0,1,1
3351,0.4,1,1,1
3352,0.4,0,1,1
3353,1.2000000000000002,2,0,0
3354,0.4,1,1,1
3355,0.4,2,1,1
3356,0.4,2,1,1
3357,1.2000000000000002,1,1,1
3358,0.4,1,1,1
3359,2.0,2,0,1
3360,0.4,1,1,1
3361,0.4,3,1,0
3362,0.4,1,1,1
3363,0.4,0,0,0
3364,0.4,1,1,1
3365,0.4,3,0,0
3366,0.4,2,0,0
3367,0.4,1,1,1
3368,0.4,1,0,0
3369,0.4,2,0,0
3370,0.4,3,1,1
3371,0.4,2,0,0
3372,1.2000000000000002,2,0,0
3373,0.4,2,1,1
3374,1.2000000000000002,1,1,1
3375,0.4,1,1,1
3376,0.4,2,0,0
3377,0.4,0,1,1
3378,1.2000000000000002,0,0,1
3379,1.2000000000000002,3,0,0
3380,0.4,2,0,0
3381,0.4,2,1,1
3382,0.4,1,1,1
3383,0.4,1,1,1
3384,0.4,1,0,0
3385,0.4,1,0,0
3386,0.4,2,0,0
3387,0.4,2,0,0
3388,0.4,0,1,1
3389,0.4,2,1,1
3390,0.4,2,1,1
3391,0.4,2,0,0
3392,0.4,1,1,1
3393,0.4,2,1,1
3394,0.4,2,1,1
3395,0.4,3,1,1
3396,0.4,2,1,1
3397,1.2000000000000002,3,1,1
3398,0.4,1,0,0
3399,1.2000000000000002,0,1,1
3400,0.4,1,1,1
3401,0.4,1,1,1
3402,0.4,3,0,0
3403,1.2000000000000002,1,0,1
3404,0.4,2,1,1
3405,0.4,1,0,0
3406,0.4,0,1,1
3407,0.4,2,0,0
3408,2.0,1,0,1
3409,0.4,0,0,0
3410,0.4,0,0,0
3411,0.4,2,0,0
3412,0.4,0,0,0
3413,0.4,2,0,0
3414,0.4,1,1,1
3415,1.2000000000000002,3,1,1
3416,1.2000000000000002,2,0,0
3417,0.4,2,0,0
3418,0.4,2,1,1
3419,1.2000000000000002,1,1,1
3420,0.4,0,1,1
3421,0.4,1,1,1
3422,0.4,1,0,0
3423,0.4,2,0,0
3424,0.4,1,1,1
3425,0.4,0,1,1
3426,2.0,3,1,1
3427,0.4,0,0,0
3428,0.4,1,0,0
3429,1.2000000000000002,2,0,1
3430,1.2000000000000002,2,1,1
3431,0.4,0,1,1
3432,1.2000000000000002,1,1,1
3433,0.4,0,1,1
3434,0.4,0,0,0
3435,0.4,2,1,1
3436,0.4,0,0,0
3437,0.4,2,0,0
3438,1.2000000000000002,1,1,1
3439,0.4,2,1,1
3440,1.2000000000000002,2,1,1
3441,0.4,1,0,0
3442,0.4,2,0,0
3443,1.2000000000000002,1,1,0
3444,0.4,2,0,0
3445,0.4,1,1,1
3446,0.4,2,0,0
3447,0.4,2,0,0
3448,0.4,0,0,0
3449,1.2000000000000002,2,1,1
3450,0.4,2,1,0
3451,0.4,2,0,1
3452,0.4,1,0,0
3453,0.4,3,0,0
3454,0.4,1,1,1
3455,0.4,0,1,1
3456,0.4,3,0,0
3457,0.4,1,0,0
3458,0.4,1,0,0
3459,0.4,1,0,0
3460,0.4,2,1,0
3461,0.4,2,0,0
3462,0.4,1,0,0
3463,0.4,1,1,1
3464,0.4,2,0,0
3465,0.4,1,1,1
3466,0.4,2,0,0
3467,1.2000000000000002,1,0,0
3468,0.4,2,0,0
3469,0.4,1,1,0
3470,1.2000000000000002,2,0,1
3471,0.4,1,1,1
3472,1.2000000000000002,1,1,1
3473,0.4,1,1,1
3474,0.4,2,1,1
3475,0.4,1,1,1
3476,0.4,1,1,1
3477,0.4,2,0,0
3478,0.4,3,0,0
3479,0.4,0,0,1
3480,0.4,1,0,0
3481,0.4,2,1,0
3482,0.4,3,0,0
3483,1.2000000000000002,0,0,0
3484,0.4,2,1,1
3485,0.4,1,0,0
3486,0.4,1,1,1
3487,0.4,1,0,0
3488,0.4,2,0,0
3489,0.4,1,0,0
3490,1.2000000000000002,2,1,1
3491,0.4,3,1,1
3492,1.2000000000000002,1,1,1
3493,0.4,2,1,0
3494,0.4,0,0,0
3495,0.4,2,1,0
3496,0.4,2,0,0
3497,0.4,2,1,1
3498,2.0,0,1,1
3499,0.4,2,0,0
3500,0.4,0,1,1
3501,0.4,0,1,1
3502,0.4,1,1,1
3503,0.4,2,1,1
3504,0.4,1,1,1
3505,0.4,1,1,1
3506,0.4,2,0,0
3507,0.4,2,1,1
3508,0.4,1,0,1
3509,1.2000000000000002,1,0,1
3510,0.4,1,1,1
3511,0.4,1,0,0
3512,0.4,1,1,1
3513,0.4,3,0,0
3514,0.4,2,1,1
3515,1.2000000000000002,2,1,1
3516,0.4,1,0,0
3517,0.4,2,1,1
3518,1.2000000000000002,1,0,1
3519,0.4,2,0,0
3520,0.4,3,1,1
3521,0.4,3,1,1
3522,0.4,2,1,1
3523,1.2000000000000002,1,0,0
3524,0.4,2,0,0
3525,0.4,2,0,0
3526,1.2000000000000002,2,0,0
3527,0.4,3,1,1
3528,1.2000000000000002,2,0,0
3529,0.4,2,0,0
3530,0.4,1,0,0
3531,0.4,3,0,0
3532,1.2000000000000002,1,0,0
3533,0.4,2,1,1
3534,0.4,1,1,0
3535,0.4,3,1,0
3536,0.4,2,1,1
3537,0.4,2,1,1
3538,0.4,2,1,1
3539,0.4,1,1,1
3540,0.4,2,1,1
3541,0.4,2,1,0
3542,2.0,2,0,1
3543,0.4,1,0,0
3544,1.2000000000000002,2,1,1
3545,0.4,3,0,0
3546,1.2000000000000002,1,1,1
3547,0.4,1,1,1
3548,0.4,1,0,0
3549,0.4,0,0,0
3550,0.4,2,0,0
3551,1.2000000000000002,3,1,1
3552,0.4,1,0,0
3553,0.4,2,0,0
3554,0.4,0,0,0
3555,0.4,1,1,1
3556,1.2000000000000002,2,1,1
3557,0.4,2,0,0
3558,1.2000000000000002,0,0,1
3559,0.4,2,1,1
3560,0.4,0,1,1
3561,0.4,1,1,1
3562,0.4,1,0,0
3563,0.4,2,1,1
3564,0.4,1,0,0
3565,0.4,1,1,1
3566,0.4,1,1,1
3567,0.4,1,0,0
3568,0.4,0,1,1
3569,1.2000000000000002,3,1,1
3570,0.4,1,1,1
3571,0.4,1,0,0
3572,1.2000000000000002,1,1,1
3573,0.4,3,1,0
3574,0.4,1,0,1
3575,0.4,2,0,0
3576,0.4,3,0,0
3577,0.4,1,1,1
3578,0.4,1,0,0
3579,1.2000000000000002,1,0,1
3580,0.4,2,1,1
3581,0.4,3,1,0
3582,0.4,2,1,1
3583,1.2000000000000002,3,0,0
3584,0.4,0,0,0
3585,0.4,0,1,1
3586,0.4,1,0,0
3587,0.4,2,1,0
3588,0.4,1,0,0
3589,0.4,1,1,1
3590,0.4,3,1,0
3591,0.4,0,0,0
3592,0.4,2,0,0
3593,0.4,1,0,0
3594,0.4,1,1,1
3595,2.0,1,0,1
3596,0.4,1,0,0
3597,0.4,2,1,0
3598,0.4,2,0,0
3599,1.2000000000000002,1,0,0
3600,0.4,2,0,0
3601,1.2000000000000002,1,0,0
3602,0.4,0,0,1
3603,0.4,2,1,1
3604,1.2000000000000002,2,0,1
3605,0.4,2,1,1
3606,0.4,1,0,0
3607,0.4,3,1,1
3608,0.4,1,1,1
3609,0.4,0,0,0
3610,0.4,0,0,0
3611,0.4,1,1,1
3612,0.4,1,1,1
3613,0.4,1,0,0
3614,0.4,1,1,1
3615,0.4,1,1,1
3616,0.4,2,0,0
3617,0.4,3,0,0
3618,0.4,3,1,1
3619,0.4,2,0,0
3620,0.4,1,1,1
3621,0.4,1,0,0
3622,0.4,1,0,1
3623,1.2000000000000002,2,0,0
3624,0.4,2,1,0
3625,1.2000000000000002,3,0,0
3626,1.2000000000000002,2,1,1
3627,0.4,2,0,0
3628,0.4,2,1,1
3629,0.4,2,0,0
3630,0.4,0,0,0
3631,0.4,1,0,0
3632,1.2000000000000002,1,1,1
3633,0.4,1,1,1
3634,1.2000000000000002,1,0,1
3635,1.2000000000000002,1,0,1
3636,0.4,3,1,1
3637,1.2000000000000002,2,1,1
3638,0.4,2,0,0
3639,0.4,1,0,0
3640,0.4,2,1,1
3641,1.2000000000000002,1,1,1
3642,1.2000000000000002,0,0,1
3643,0.4,3,1,1
3644,0.4,2,0,0
3645,0.4,1,0,0
3646,1.2000000000000002,1,0,0
3647,0.4,2,0,0
3648,1.2000000000000002,2,0,1
3649,1.2000000000000002,1,0,1
3650,0.4,1,0,0
3651,0.4,2,0,0
3652,0.4,2,0,0
3653,0.4,3,0,0
3654,0.4,2,1,1
3655,0.4,1,0,0
3656,1.2000000000000002,1,0,0
3657,1.2000000000000002,1,0,0
3658,0.4,0,1,1
3659,0.4,0,1,1
3660,1.2000000000000002,2,1,1
3661,0.4,0,1,1
3662,0.4,2,1,1
3663,0.4,1,0,0
3664,0.4,0,0,0
3665,1.2000000000000002,1,0,0
3666,0.4,2,1,1
3667,0.4,2,1,1
3668,0.4,1,1,1
3669,1.2000000000000002,0,1,1
3670,0.4,2,0,0
3671,1.2000000000000002,2,1,1
3672,0.4,1,1,1
3673,0.4,2,0,0
3674,0.4,2,0,0
3675,0.4,2,0,0
3676,0.4,0,1,1
3677,0.4,1,0,0
3678,1.2000000000000002,1,1,1
3679,1.2000000000000002,1,0,0
3680,1.2000000000000002,1,1,1
3681,1.2000000000000002,2,0,0
3682,0.4,3,1,1
3683,0.4,3,1,1
3684,0.4,2,1,1
3685,0.4,2,1,1
3686,0.4,2,1,0
3687,0.4,2,0,0
3688,0.4,1,1,1
3689,0.4,0,0,0
3690,0.4,1,0,0
3691,0.4,2,0,0
3692,1.2000000000000002,1,1,1
3693,0.4,2,0,0
3694,0.4,0,0,0
3695,0.4,1,1,1
3696,1.2000000000000002,2,1,1
3697,1.2000000000000002,0,1,1
3698,1.2000000000000002,1,1,1
3699,0.4,0,1,1
3700,0.4,1,0,0
3701,0.4,0,1,1
3702,0.4,1,0,0
3703,0.4,2,0,0
3704,0.4,3,0,0
3705,0.4,0,0,0
3706,1.2000000000000002,1,1,1
3707,0.4,2,1,1
3708,0.4,0,1,1
3709,1.2000000000000002,3,0,0
3710,1.2000000000000002,3,1,1
3711,1.2000000000000002,2,1,1
3712,0.4,2,1,1
3713,0.4,2,0,0
3714,0.4,1,0,1
3715,0.4,3,0,0
3716,2.0,3,0,1
3717,0.4,2,1,1
3718,1.2000000000000002,3,1,1
3719,0.4,3,0,0
3720,0.4,1,0,0
3721,1.2000000000000002,0,0,0
3722,1.2000000000000002,1,0,0
3723,0.4,2,0,0
3724,0.4,1,1,1
3725,0.4,1,0,0
3726,0.4,2,1,0
3727,0.4,2,1,1
3728,0.4,2,1,0
3729,0.4,0,1,1
3730,0.4,2,0,0
3731,0.4,3,1,0
3732,0.4,0,1,1
3733,0.4,3,1,1
3734,0.4,3,1,1
3735,0.4,1,0,0
3736,0.4,2,0,0
3737,1.2000000000000002,2,1,1
3738,1.2000000000000002,1,1,1
3739,0.4,2,0,0
3740,1.2000000000000002,1,0,1
3741,2.0,1,0,1
3742,0.4,1,1,1
3743,0.4,2,1,1
3744,0.4,2,0,0
3745,1.2000000000000002,1,0,0
3746,0.4,1,1,1
3747,0.4,3,1,0
3748,0.4,1,0,0
3749,1.2000000000000002,1,1,1
3750,0.4,2,0,0
3751,1.2000000000000002,1,0,1
3752,0.4,2,1,1
3753,0.4,1,0,0
3754,0.4,2,1,0
3755,0.4,2,1,0
3756,0.4,2,1,1
3757,2.0,3,0,0
3758,1.2000000000000002,1,1,1
3759,0.4,2,1,1
3760,0.4,1,1,1
3761,1.2000000000000002,1,0,1
3762,2.0,1,0,1
3763,0.4,2,0,0
3764,1.2000000000000002,2,0,0
3765,0.4,0,1,1
3766,0.4,1,0,0
3767,0.4,3,0,0
3768,0.4,0,1,0
3769,0.4,2,1,0
3770,0.4,1,0,0
3771,0.4,0,1,1
3772,1.2000000000000002,0,1,1
3773,1.2000000000000002,1,0,0
3774,1.2000000000000002,1,1,1
3775,0.4,0,1,1
3776,1.2000000000000002,1,0,1
3777,0.4,2,0,0
3778,0.4,3,1,1
3779,1.2000000000000002,0,0,1
3780,0.4,3,0,0
3781,0.4,0,1,1
3782,1.2000000000000002,1,0,0
3783,0.4,2,1,0
3784,0.4,2,0,0
3785,0.4,1,0,0
3786,0.4,1,1,1
3787,0.4,3,1,0
3788,1.2000000000000002,1,0,1
3789,0.4,1,0,0
3790,1.2000000000000002,1,1,1
3791,0.4,1,1,1
3792,1.2000000000000002,2,1,1
3793,0.4,2,0,0
3794,0.4,0,0,0
3795,0.4,0,0,0
3796,0.4,2,0,0
3797,0.4,3,0,0
3798,0.4,0,0,0
3799,0.4,0,1,1
3800,0.4,1,1,1
3801,1.2000000000000002,3,1,1
3802,0.4,1,1,1
3803,0.4,0,0,1
3804,0.4,3,1,1
3805,1.2000000000000002,3,1,1
3806,0.4,0,0,0
3807,0.4,2,1,1
3808,1.2000000000000002,2,0,0
3809,1.2000000000000002,0,0,1
3810,0.4,1,1,1
3811,0.4,1,1,1
3812,0.4,2,0,1
3813,1.2000000000000002,3,0,0
3814,0.4,2,1,1
3815,0.4,3,1,0
3816,1.2000000000000002,1,0,0
3817,1.2000000000000002,0,1,1
3818,0.4,1,1,1
3819,0.4,3,1,1
3820,0.4,3,1,1
3821,0.4,2,0,0
3822,0.4,3,0,0
3823,0.4,1,0,0
3824,0.4,2,0,0
3825,0.4,1,1,1
3826,0.4,0,1,1
3827,1.2000000000000002,0,1,1
3828,0.4,1,1,0
3829,0.4,2,1,0
3830,0.4,2,1,1
3831,0.4,1,1,1
3832,0.4,2,0,0
3833,0.4,1,1,1
3834,0.4,1,0,0
3835,0.4,1,0,0
3836,0.4,2,1,1
3837,1.2000000000000002,3,0,0
3838,0.4,1,0,0
3839,0.4,2,1,1
3840,0.4,0,1,1
3841,0.4,1,1,1
3842,0.4,0,1,1
3843,0.4,1,0,0
3844,0.4,2,0,0
3845,0.4,3,1,1
3846,0.4,2,1,0
3847,0.4,1,0,0
3848,0.4,2,0,0
3849,1.2000000000000002,1,0,0
3850,0.4,1,0,0
3851,0.4,2,1,1
3852,0.4,2,1,1
3853,0.4,1,1,1
3854,0.4,1,1,1
3855,0.4,2,0,0
3856,0.4,2,1,0
3857,0.4,0,1,1
3858,0.4,2,0,0
3859,0.4,1,1,1
3860,0.4,2,0,0
3861,0.4,2,1,0
3862,0.4,2,1,1
3863,0.4,1,0,0
3864,0.4,2,1,1
3865,1.2000000000000002,2,0,0
3866,0.4,1,1,1
3867,1.2000000000000002,2,0,0
3868,0.4,1,1,1
3869,0.4,1,0,0
3870,1.2000000000000002,1,0,1
3871,0.4,2,0,0
3872,0.4,1,1,1
3873,1.2000000000000002,1,1,1
3874,0.4,1,0,1
3875,0.4,2,1,1
3876,0.4,3,0,0
3877,1.2000000000000002,0,0,1
3878,0.4,1,1,1
3879,0.4,3,0,0
3880,0.4,1,0,0
3881,1.2000000000000002,2,0,0
3882,0.4,1,0,0
3883,0.4,1,1,0
3884,0.4,1,1,1
3885,0.4,2,0,0
3886,0.4,2,1,1
3887,0.4,3,0,0
3888,0.4,1,0,1
3889,0.4,1,1,1
3890,0.4,0,1,1
3891,0.4,0,0,0
3892,0.4,1,0,0
3893,0.4,2,0,0
3894,0.4,2,0,0
3895,0.4,3,0,0
3896,1.2000000000000002,1,0,0
3897,0.4,2,0,0
3898,0.4,1,1,1
3899,0.4,1,1,1
3900,0.4,2,1,0
3901,0.4,2,1,1
3902,0.4,0,1,1
3903,1.2000000000000002,0,1,1
3904,0.4,2,1,1
3905,0.4,2,0,0
3906,0.4,2,0,0
3907,1.2000000000000002,0,1,1
3908,0.4,1,0,0
3909,1.2000000000000002,1,0,1
3910,0.4,1,1,1
3911,0.4,1,0,0
3912,1.2000000000000002,0,1,1
3913,0.4,3,0,0
3914,0.4,2,1,1
3915,0.4,0,1,1
3916,0.4,2,0,0
3917,1.2000000000000002,0,1,1
3918,0.4,1,1,1
3919,0.4,1,0,0
3920,1.2000000000000002,1,0,0
3921,0.4,1,0,0
3922,0.4,1,0,0
3923,0.4,0,0,0
3924,2.0,1,1,1
3925,0.4,1,0,0
3926,0.4,2,0,0
3927,1.2000000000000002,1,1,1
3928,0.4,3,1,1
3929,0.4,1,0,0
3930,1.2000000000000002,3,0,0
3931,1.2000000000000002,2,1,1
3932,0.4,1,1,1
3933,0.4,1,1,1
3934,0.4,2,0,0
3935,0.4,1,1,1
3936,0.4,1,0,0
3937,0.4,1,1,1
3938,0.4,3,0,0
3939,0.4,1,1,1
3940,0.4,0,0,0
3941,0.4,1,1,0
3942,0.4,2,1,1
3943,0.4,1,1,1
3944,0.4,1,0,0
3945,0.4,3,0,0
3946,0.4,1,0,0
3947,0.4,1,1,1
3948,0.4,1,1,1
3949,0.4,1,0,0
3950,0.4,2,1,1
3951,0.4,1,1,1
3952,0.4,1,1,1
3953,0.4,1,0,0
3954,0.4,2,0,0
3955,0.4,1,0,0
3956,0.4,2,1,1
3957,0.4,1,0,0
3958,1.2000000000000002,1,1,1
3959,0.4,1,1,1
3960,0.4,3,1,1
3961,2.0,3,0,0
3962,0.4,1,1,1
3963,0.4,2,0,0
3964,0.4,2,1,0
3965,1.2000000000000002,1,1,1
3966,0.4,2,0,0
3967,0.4,1,1,1
3968,1.2000000000000002,1,1,1
3969,0.4,1,1,1
3970,0.4,2,0,0
3971,0.4,0,1,1
3972,0.4,1,1,1
3973,0.4,0,1,1
3974,0.4,1,1,1
3975,0.4,2,1,1
3976,0.4,0,0,0
3977,0.4,3,1,1
3978,0.4,2,0,0
3979,1.2000000000000002,2,1,1
3980,1.2000000000000002,2,1,1
3981,0.4,1,0,0
3982,1.2000000000000002,0,0,1
3983,1.2000000000000002,2,1,1
3984,0.4,1,0,0
3985,0.4,1,1,1
3986,0.4,1,0,0
3987,0.4,0,0,0
3988,0.4,1,1,1
3989,1.2000000000000002,1,1,1
3990,0.4,3,1,1
3991,0.4,1,0,0
3992,0.4,2,0,0
3993,0.4,2,1,1
3994,0.4,1,0,0
3995,1.2000000000000002,2,1,1
3996,0.4,3,0,0
3997,0.4,1,0,0
3998,0.4,3,0,0
3999,1.2000000000000002,2,1,1
4000,0.4,1,1,1
4001,1.2000000000000002,2,0,0
4002,0.4,1,0,0
4003,0.4,1,1,1
4004,0.4,2,0,0
4005,0.4,3,0,0
4006,0.4,0,1,1
4007,0.4,1,0,0
4008,0.4,1,0,0
4009,0.4,2,0,0
4010,1.2000000000000002,0,0,1
4011,1.2000000000000002,2,1,1
4012,2.0,1,0,1
4013,0.4,1,0,0
4014,1.2000000000000002,3,0,1
4015,0.4,2,0,0
4016,1.2000000000000002,3,0,0
4017,0.4,3,0,0
4018,0.4,1,0,0
4019,1.2000000000000002,2,0,0
4020,0.4,0,0,0
4021,1.2000000000000002,2,1,1
4022,0.4,2,0,1
4023,0.4,3,1,0
4024,0.4,2,0,0
4025,2.0,1,0,1
4026,0.4,1,0,1
4027,0.4,0,0,0
4028,0.4,0,1,1
4029,0.4,2,1,1
4030,0.4,1,1,1
4031,0.4,1,1,1
4032,0.4,2,1,1
4033,1.2000000000000002,2,1,1
4034,0.4,3,0,0
4035,0.4,2,1,1
4036,0.4,3,0,0
4037,0.4,2,1,1
4038,0.4,1,1,1
4039,0.4,2,0,0
4040,0.4,0,1,1
4041,2.0,2,1,1
4042,0.4,1,1,1
4043,0.4,1,1,1
4044,0.4,3,0,1
4045,0.4,0,0,0
4046,0.4,1,1,1
4047,2.0,0,1,1
4048,0.4,2,1,1
4049,0.4,0,1,1
4050,2.0,0,0,1
4051,0.4,2,0,0
4052,0.4,1,1,1
4053,0.4,3,0,0
4054,0.4,1,0,1
4055,1.2000000000000002,1,1,1
4056,1.2000000000000002,1,0,0
4057,0.4,1,1,1
4058,1.2000000000000002,1,0,0
4059,0.4,3,0,0
4060,0.4,1,1,1
4061,0.4,1,1,0
4062,0.4,2,1,1
4063,0.4,1,0,0
4064,0.4,1,0,0
4065,0.4,2,1,1
4066,0.4,3,1,0
4067,0.4,2,1,1
4068,0.4,1,0,0
4069,2.0,2,0,1
4070,0.4,1,0,0
4071,0.4,1,1,1
4072,0.4,1,0,0
4073,0.4,2,1,1
4074,0.4,1,1,1
4075,0.4,1,1,1
4076,1.2000000000000002,1,1,1
4077,0.4,2,0,0
4078,0.4,3,0,0
4079,0.4,0,0,0
4080,1.2000000000000002,1,1,1
4081,0.4,2,0,0
4082,0.4,0,1,1
4083,0.4,1,1,1
4084,1.2000000000000002,1,1,1
4085,0.4,1,0,0
4086,0.4,1,1,1
4087,0.4,1,1,0
4088,1.2000000000000002,3,1,1
4089,0.4,1,0,0
4090,0.4,0,0,0
4091,0.4,1,0,0
4092,0.4,2,0,0
4093,0.4,2,1,1
4094,0.4,2,0,0
4095,1.2000000000000002,1,1,1
4096,0.4,3,0,0
4097,1.2000000000000002,2,1,1
4098,0.4,0,1,1
4099,0.4,1,0,0
4100,0.4,0,1,1
4101,1.2000000000000002,1,1,1
4102,0.4,0,0,0
4103,1.2000000000000002,1,1,1
4104,1.2000000000000002,2,0,1
4105,2.0,1,1,1
4106,1.2000000000000002,1,0,0
4107,0.4,1,1,1
4108,1.2000000000000002,2,1,1
4109,0.4,2,0,0
4110,0.4,1,0,0
4111,0.4,1,1,1
4112,0.4,0,0,1
4113,0.4,2,1,1
4114,0.4,1,1,1
4115,0.4,1,0,0
4116,0.4,1,0,0
4117,0.4,3,1,1
4118,0.4,0,0,0
4119,0.4,1,0,0
4120,1.2000000000000002,1,0,0
4121,0.4,2,1,1
4122,0.4,1,1,1
4123,0.4,1,0,0
4124,0.4,1,1,1
4125,0.4,1,1,1
4126,0.4,2,1,1
4127,0.4,2,0,0
4128,0.4,1,1,1
4129,0.4,2,1,1
4130,0.4,1,0,0
4131,0.4,1,0,0
4132,0.4,1,0,0
4133,0.4,0,1,1
4134,0.4,1,0,0
4135,1.2000000000000002,3,1,1
4136,1.2000000000000002,3,0,0
4137,0.4,0,0,0
4138,0.4,2,0,0
4139,0.4,0,1,1
4140,0.4,0,1,1
4141,0.4,0,1,1
4142,1.2000000000000002,2,0,1
4143,0.4,1,0,0
4144,0.4,2,1,1
4145,0.4,2,1,1
4146,0.4,1,1,1
4147,0.4,2,0,0
4148,0.4,1,0,0
4149,0.4,0,0,0
4150,0.4,1,0,0
4151,0.4,1,1,1
4152,1.2000000000000002,1,1,1
4153,0.4,0,0,0
4154,0.4,1,1,1
4155,0.4,2,0,0
4156,1.2000000000000002,2,1,1
4157,0.4,1,0,0
4158,0.4,1,1,1
4159,0.4,1,1,1
4160,0.4,3,0,0
4161,0.4,1,0,0
4162,0.4,3,0,0
4163,0.4,2,0,0
4164,0.4,2,1,1
4165,1.2000000000000002,1,1,1
4166,0.4,3,1,1
4167,1.2000000000000002,0,1,1
4168,0.4,2,0,0
4169,0.4,1,1,1
4170,0.4,2,0,0
4171,0.4,0,0,1
4172,0.4,2,0,0
4173,0.4,3,0,0
4174,1.2000000000000002,1,0,1
4175,0.4,0,1,1
4176,0.4,1,0,0
4177,0.4,1,1,1
4178,0.4,1,0,0
4179,0.4,0,1,1
4180,0.4,1,0,0
4181,0.4,1,0,0
4182,0.4,2,0,0
4183,2.0,3,0,0
4184,0.4,1,0,0
4185,0.4,1,1,1
4186,0.4,0,1,1
4187,1.2000000000000002,0,1,1
4188,0.4,2,0,0
4189,2.0,2,1,1
4190,1.2000000000000002,2,1,0
4191,1.2000000000000002,1,0,1
4192,0.4,3,1,1
4193,0.4,3,0,0
4194,0.4,1,1,1
4195,0.4,2,1,1
4196,0.4,3,0,0
4197,2.0,1,1,1
4198,1.2000000000000002,2,1,1
4199,0.4,2,0,0
4200,1.2000000000000002,0,0,1
4201,0.4,2,0,0
4202,0.4,1,0,0
4203,1.2000000000000002,0,1,1
4204,0.4,1,0,1
4205,0.4,3,1,0
4206,1.2000000000000002,0,0,1
4207,0.4,0,0,0
4208,0.4,2,0,0
4209,0.4,2,0,0
4210,0.4,1,1,1
4211,0.4,3,0,0
4212,1.2000000000000002,2,1,1
4213,0.4,2,0,0
4214,0.4,1,1,0
4215,1.2000000000000002,1,1,1
4216,0.4,2,0,0
4217,0.4,2,0,0
4218,0.4,2,0,0
4219,0.4,2,0,0
4220,1.2000000000000002,2,1,1
4221,0.4,2,1,1
4222,0.4,2,0,0
4223,1.2000000000000002,0,0,1
4224,1.2000000000000002,2,1,1
4225,0.4,2,1,1
4226,0.4,1,0,0
4227,0.4,3,0,0
4228,0.4,1,0,0
4229,0.4,2,1,1
4230,0.4,1,0,0
4231,0.4,0,0,0
4232,0.4,1,1,1
4233,0.4,1,1,1
4234,0.4,2,1,1
4235,0.4,2,0,0
4236,0.4,2,1,1
4237,1.2000000000000002,1,0,1
4238,0.4,1,0,0
4239,0.4,2,0,0
4240,0.4,1,0,1
4241,0.4,1,1,1
4242,0.4,0,0,0
4243,0.4,1,1,1
4244,1.2000000000000002,2,1,1
4245,0.4,0,1,1
4246,0.4,1,0,0
4247,1.2000000000000002,1,1,1
4248,0.4,1,1,1
4249,0.4,3,1,1
4250,0.4,2,0,0
4251,0.4,1,0,0
4252,0.4,1,0,0
4253,1.2000000000000002,0,1,1
4254,0.4,1,1,1
4255,0.4,2,0,0
4256,0.4,1,1,1
4257,0.4,2,0,1
4258,1.2000000000000002,2,1,1
4259,0.4,2,1,1
4260,0.4,0,1,1
4261,0.4,2,1,1
4262,0.4,1,1,1
4263,0.4,2,1,1
4264,0.4,0,1,1
4265,1.2000000000000002,2,0,1
4266,0.4,0,0,0
4267,0.4,1,0,0
4268,0.4,2,0,0
4269,2.0,1,0,1
4270,1.2000000000000002,2,1,1
4271,0.4,2,0,0
4272,1.2000000000000002,2,1,1
4273,0.4,2,1,1
4274,0.4,2,1,0
4275,0.4,2,1,1
4276,0.4,3,0,0
4277,1.2000000000000002,2,1,1
4278,1.2000000000000002,2,0,0
4279,1.2000000000000002,3,1,1
4280,1.2000000000000002,2,1,1
4281,0.4,0,1,1
4282,0.4,0,1,1
4283,2.0,0,0,1
4284,2.0,1,0,1
4285,0.4,2,0,0
4286,0.4,3,0,0
4287,0.4,0,1,1
4288,0.4,2,1,1
4289,0.4,2,1,1
4290,1.2000000000000002,1,1,1
4291,1.2000000000000002,1,1,1
4292,0.4,1,1,1
4293,0.4,2,0,0
4294,0.4,2,0,0
4295,0.4,1,1,1
4296,0.4,1,0,0
4297,0.4,2,0,0
4298,0.4,2,0,0
4299,1.2000000000000002,1,1,1
4300,0.4,3,1,0
4301,0.4,1,0,1
4302,0.4,1,0,0
4303,0.4,2,0,0
4304,0.4,2,0,0
4305,0.4,1,1,1
4306,0.4,2,0,0
4307,0.4,1,1,1
4308,0.4,3,0,0
4309,0.4,3,1,0
4310,0.4,1,0,0
4311,0.4,2,0,0
4312,1.2000000000000002,2,1,1
4313,0.4,3,0,0
4314,0.4,1,1,1
4315,1.2000000000000002,1,0,0
4316,0.4,1,0,0
4317,0.4,0,1,1
4318,1.2000000000000002,0,1,1
4319,0.4,1,1,1
4320,0.4,1,0,0
4321,1.2000000000000002,1,0,0
4322,0.4,1,1,1
4323,0.4,1,1,1
4324,0.4,1,0,0
4325,0.4,2,0,0
4326,1.2000000000000002,3,1,1
4327,1.2000000000000002,1,1,1
4328,0.4,1,0,0
4329,0.4,1,1,1
4330,0.4,2,1,0
4331,0.4,2,0,0
4332,0.4,1,1,1
4333,0.4,1,0,0
4334,0.4,1,0,1
4335,0.4,3,0,0
4336,0.4,2,0,0
4337,1.2000000000000002,1,1,1
4338,0.4,2,0,0
4339,0.4,2,0,0
4340,1.2000000000000002,2,1,1
4341,0.4,2,1,1
4342,1.2000000000000002,1,0,0
4343,0.4,0,0,1
4344,0.4,3,0,0
4345,0.4,2,1,1
4346,1.2000000000000002,1,0,0
4347,0.4,2,1,1
4348,0.4,2,0,0
4349,2.0,2,0,0
4350,0.4,2,0,0
4351,0.4,1,1,1
4352,1.2000000000000002,3,0,0
4353,0.4,2,0,0
4354,0.4,2,0,0
4355,0.4,1,0,0
4356,0.4,2,0,0
4357,1.2000000000000002,1,0,1
4358,0.4,0,1,1
4359,0.4,0,1,1
4360,0.4,1,1,1
4361,0.4,1,0,0
4362,0.4,1,0,0
4363,0.4,2,0,0
4364,0.4,0,0,0
4365,0.4,1,1,1
4366,1.2000000000000002,2,0,1
4367,0.4,3,1,1
4368,0.4,1,0,0
4369,1.2000000000000002,0,1,1
4370,0.4,3,0,0
4371,1.2000000000000002,2,1,1
4372,0.4,1,1,1
4373,0.4,3,1,1
4374,0.4,2,0,0
4375,0.4,2,0,0
4376,0.4,2,0,0
4377,1.2000000000000002,2,1,1
4378,0.4,1,0,0
4379,0.4,2,1,1
4380,0.4,2,1,1
4381,0.4,1,0,0
4382,1.2000000000000002,2,0,0
4383,0.4,0,0,0
4384,1.2000000000000002,1,0,0
4385,1.2000000000000002,1,0,1
4386,0.4,2,1,1
4387,0.4,3,0,0
4388,0.4,1,0,0
4389,0.4,2,1,0
4390,0.4,2,0,1
4391,0.4,2,1,1
4392,0.4,1,1,1
4393,0.4,3,0,0
4394,0.4,2,0,0
4395,0.4,0,0,0
4396,0.4,2,0,0
4397,0.4,3,1,1
4398,0.4,2,1,1
4399,0.4,2,0,0
4400,0.4,1,0,0
4401,2.0,1,0,1
4402,0.4,1,1,1
4403,0.4,1,1,1
4404,0.4,1,0,0
4405,1.2000000000000002,2,1,1
4406,0.4,1,0,0
4407,0.4,1,0,0
4408,0.4,0,1,1
4409,0.4,2,0,0
4410,0.4,0,0,0
4411,1.2000000000000002,1,1,1
4412,1.2000000000000002,0,1,1
4413,0.4,2,0,0
4414,0.4,2,1,1
4415,0.4,1,0,1
4416,0.4,2,0,0
4417,0.4,1,1,1
4418,0.4,0,1,1
4419,0.4,1,1,1
4420,0.4,2,0,0
4421,0.4,0,1,1
4422,0.4,1,1,1
4423,1.2000000000000002,3,1,1
4424,0.4,2,0,0
4425,0.4,2,1,1
4426,0.4,3,0,0
4427,0.4,2,1,0
4428,0.4,1,0,1
4429,0.4,2,1,0
4430,1.2000000000000002,0,0,0
4431,0.4,1,1,1
4432,0.4,2,1,1
4433,1.2000000000000002,0,1,1
4434,0.4,2,0,0
4435,0.4,3,0,0
4436,1.2000000000000002,1,0,0
4437,0.4,1,1,1
4438,0.4,3,0,0
4439,1.2000000000000002,1,1,1
4440,0.4,1,0,0
4441,0.4,1,0,0
4442,0.4,3,0,0
4443,0.4,3,0,0
4444,2.0,2,1,1
4445,0.4,2,0,0
4446,0.4,1,0,1
4447,0.4,0,0,1
4448,0.4,1,1,1
4449,1.2000000000000002,1,0,1
4450,1.2000000000000002,2,0,0
4451,0.4,2,0,0
4452,0.4,1,0,0
4453,0.4,1,1,1
4454,0.4,1,0,0
4455,1.2000000000000002,2,0,0
4456,0.4,1,0,0
4457,0.4,1,1,1
4458,0.4,2,0,0
4459,0.4,3,0,0
4460,2.0,0,1,1
4461,0.4,1,1,1
4462,0.4,2,1,1
4463,0.4,2,1,1
4464,0.4,1,0,0
4465,0.4,1,1,0
4466,0.4,2,1,1
4467,0.4,2,0,0
4468,0.4,1,0,0
4469,1.2000000000000002,3,1,1
4470,0.4,0,1,1
4471,1.2000000000000002,1,1,1
4472,0.4,2,1,1
4473,0.4,1,0,0
4474,0.4,2,0,0
4475,0.4,2,0,0
4476,0.4,2,1,1
4477,0.4,2,0,1
4478,0.4,1,0,0
4479,0.4,1,0,0
4480,2.0,2,0,1
4481,1.2000000000000002,1,1,1
4482,0.4,2,0,0
4483,0.4,3,0,0
4484,0.4,1,0,0
4485,1.2000000000000002,1,1,1
4486,0.4,0,1,1
4487,1.2000000000000002,2,1,1
4488,2.0,2,1,1
4489,0.4,2,1,1
4490,0.4,3,0,0
4491,0.4,2,0,0
4492,0.4,0,0,0
4493,0.4,1,0,0
4494,1.2000000000000002,1,1,1
4495,0.4,3,1,1
4496,0.4,1,1,1
4497,0.4,1,1,1
4498,0.4,1,0,0
4499,0.4,1,0,0
4500,0.4,3,1,1
4501,0.4,2,1,1
4502,0.4,1,0,0
4503,1.2000000000000002,1,0,1
4504,0.4,1,0,0
4505,0.4,3,1,0
4506,0.4,1,1,1
4507,0.4,1,0,0
4508,1.2000000000000002,0,0,0
4509,0.4,0,1,1
4510,0.4,1,0,0
4511,0.4,1,1,0
4512,0.4,1,1,1
4513,0.4,2,0,0
4514,0.4,1,1,1
4515,0.4,0,0,0
4516,0.4,3,0,0
4517,0.4,1,1,1
4518,0.4,2,1,1
4519,0.4,1,1,0
4520,0.4,0,0,0
4521,0.4,1,1,1
4522,0.4,3,0,0
4523,1.2000000000000002,1,0,1
4524,1.2000000000000002,2,1,1
4525,0.4,2,1,1
4526,0.4,1,1,1
4527,0.4,1,0,0
4528,0.4,0,0,1
4529,1.2000000000000002,2,1,1
4530,0.4,2,1,1
4531,2.0,1,1,1
4532,0.4,2,1,1
4533,1.2000000000000002,1,1,1
4534,1.2000000000000002,3,1,1
4535,0.4,2,0,0
4536,0.4,0,0,0
4537,0.4,2,0,0
4538,0.4,3,1,0
4539,1.2000000000000002,1,0,0
4540,0.4,2,0,0
4541,0.4,2,1,0
4542,1.2000000000000002,2,1,1
4543,0.4,1,1,1
4544,1.2000000000000002,1,0,1
4545,0.4,1,1,0
4546,0.4,1,0,0
4547,0.4,2,0,0
4548,0.4,2,0,0
4549,0.4,0,1,1
4550,0.4,2,1,1
4551,0.4,1,0,0
4552,0.4,1,0,1
4553,0.4,1,0,0
4554,0.4,0,1,1
4555,0.4,3,0,0
4556,0.4,0,0,0
4557,0.4,3,0,0
4558,0.4,1,0,0
4559,0.4,1,0,0
4560,0.4,1,0,0
4561,0.4,2,1,1
4562,0.4,1,1,1
4563,0.4,1,1,1
4564,0.4,1,1,1
4565,0.4,0,0,0
4566,1.2000000000000002,3,0,0
4567,0.4,1,1,1
4568,0.4,1,0,0
4569,0.4,2,1,1
4570,1.2000000000000002,1,1,1
4571,0.4,1,0,0
4572,1.2000000000000002,2,0,1
4573,0.4,2,0,0
4574,0.4,2,1,1
4575,0.4,2,0,0
4576,0.4,2,0,0
4577,0.4,1,0,1
4578,0.4,2,1,1
4579,0.4,2,0,0
4580,1.2000000000000002,3,0,0
4581,1.2000000000000002,3,1,1
4582,0.4,2,0,0
4583,0.4,1,1,1
4584,0.4,0,1,0
4585,0.4,0,1,1
4586,1.2000000000000002,1,1,1
4587,1.2000000000000002,2,1,1
4588,0.4,1,1,0
4589,0.4,2,1,1
4590,0.4,2,1,1
4591,0.4,0,0,0
4592,0.4,3,1,0
4593,0.4,2,1,1
4594,0.4,2,0,0
4595,1.2000000000000002,2,1,1
4596,1.2000000000000002,2,1,1
4597,0.4,0,1,0
4598,0.4,2,0,0
4599,0.4,1,1,1
4600,0.4,1,1,0
4601,1.2000000000000002,1,0,1
4602,0.4,2,1,1
4603,0.4,2,1,1
4604,0.4,2,1,0
4605,0.4,1,0,0
4606,0.4,1,0,0
4607,0.4,2,0,0
4608,0.4,1,1,1
4609,0.4,1,0,0
4610,1.2000000000000002,2,1,1
4611,0.4,2,1,1
4612,1.2000000000000002,2,1,1
4613,0.4,3,0,0
4614,2.0,2,0,0
4615,0.4,2,1,1
4616,0.4,2,0,0
4617,0.4,1,1,1
4618,1.2000000000000002,0,1,1
4619,0.4,2,0,0
4620,0.4,1,1,1
4621,0.4,3,0,0
4622,0.4,2,0,0
4623,0.4,2,1,1
4624,0.4,2,1,1
4625,0.4,0,0,0
4626,0.4,2,0,0
4627,1.2000000000000002,1,0,1
4628,0.4,1,1,0
4629,0.4,1,0,0
4630,0.4,1,1,1
4631,0.4,0,1,1
4632,0.4,2,1,1
4633,0.4,2,1,1
4634,0.4,0,1,1
4635,0.4,1,0,0
4636,0.4,1,0,0
4637,0.4,1,1,1
4638,0.4,1,0,0
4639,0.4,0,0,0
4640,0.4,2,0,0
4641,0.4,2,1,1
4642,2.0,3,1,1
4643,1.2000000000000002,1,1,1
4644,0.4,2,0,0
4645,0.4,0,1,1
4646,0.4,0,0,0
4647,0.4,1,1,1
4648,0.4,2,0,0
4649,1.2000000000000002,2,0,0
4650,0.4,0,1,1
4651,0.4,0,1,1
4652,2.0,1,1,1
4653,0.4,2,1,1
4654,0.4,2,0,0
4655,1.2000000000000002,1,0,1
4656,1.2000000000000002,1,0,1
4657,0.4,1,1,1
4658,0.4,1,1,1
4659,1.2000000000000002,2,1,1
4660,0.4,2,0,0
4661,0.4,0,0,0
4662,0.4,2,0,0
4663,0.4,2,1,1
4664,0.4,1,0,0
4665,0.4,3,0,0
4666,1.2000000000000002,2,1,1
4667,0.4,3,1,0
4668,0.4,1,1,1
4669,0.4,0,1,1
4670,0.4,1,0,0
4671,0.4,2,0,0
4672,0.4,1,1,1
4673,0.4,1,0,0
4674,0.4,2,1,1
4675,0.4,2,1,0
4676,0.4,0,1,1
4677,0.4,0,1,1
4678,0.4,1,0,0
4679,0.4,1,1,1
4680,0.4,1,0,0
4681,0.4,2,1,1
4682,0.4,1,1,0
4683,0.4,2,0,0
4684,0.4,3,0,0
4685,0.4,1,1,1
4686,0.4,2,1,1
4687,0.4,2,0,0
4688,0.4,2,0,0
4689,0.4,2,0,0
4690,0.4,2,0,1
4691,0.4,3,0,0
4692,0.4,1,1,1
4693,0.4,1,1,0
4694,0.4,3,0,0
4695,0.4,0,1,1
4696,0.4,2,1,1
4697,0.4,1,1,1
4698,0.4,2,1,1
4699,0.4,2,1,1
4700,0.4,1,0,0
4701,0.4,2,0,0
4702,0.4,1,0,0
4703,0.4,1,1,1
4704,0.4,1,0,0
4705,0.4,1,1,1
4706,0.4,2,1,1
4707,2.0,2,1,1
4708,0.4,1,1,1
4709,1.2000000000000002,2,1,1
4710,0.4,1,1,1
4711,0.4,1,1,1
4712,0.4,1,0,0
4713,0.4,2,1,1
4714,0.4,1,0,0
4715,0.4,2,0,0
4716,0.4,1,0,0
4717,1.2000000000000002,1,0,0
4718,0.4,2,1,1
4719,0.4,3,0,0
4720,0.4,1,1,1
4721,0.4,1,0,0
4722,1.2000000000000002,3,0,0
4723,0.4,2,1,1
4724,0.4,1,1,1
4725,0.4,2,1,1
4726,0.4,3,0,0
4727,0.4,2,1,0
4728,0.4,3,0,0
4729,2.0,2,1,1
4730,0.4,1,1,1
4731,0.4,0,0,0
4732,0.4,1,0,0
4733,1.2000000000000002,1,1,1
4734,0.4,3,1,0
4735,0.4,2,0,0
4736,0.4,2,1,1
4737,0.4,2,0,0
4738,1.2000000000000002,2,1,1
4739,2.0,2,1,1
4740,0.4,3,1,1
4741,1.2000000000000002,2,0,0
4742,1.2000000000000002,2,1,1
4743,0.4,0,1,1
4744,2.0,2,1,1
4745,0.4,0,1,1
4746,0.4,0,1,1
4747,0.4,2,0,0
4748,0.4,1,0,0
4749,0.4,0,0,0
4750,0.4,1,1,1
4751,0.4,2,1,1
4752,0.4,1,1,1
4753,0.4,2,1,1
4754,2.0,2,1,1
4755,0.4,2,1,1
4756,1.2000000000000002,2,1,1
4757,0.4,1,1,1
4758,0.4,3,0,0
4759,0.4,2,1,1
4760,0.4,1,0,0
4761,0.4,1,1,1
4762,0.4,2,1,0
4763,0.4,2,0,0
4764,1.2000000000000002,2,0,1
4765,0.4,1,0,0
4766,1.2000000000000002,1,1,1
4767,0.4,2,1,1
4768,0.4,1,1,1
4769,0.4,0,1,1
4770,0.4,1,1,1
4771,1.2000000000000002,1,0,0
4772,0.4,1,0,0
4773,0.4,1,1,1
4774,0.4,2,0,0
4775,1.2000000000000002,3,1,1
4776,1.2000000000000002,2,0,1
4777,1.2000000000000002,1,0,1
4778,0.4,2,0,0
4779,0.4,1,0,0
4780,0.4,3,0,0
4781,1.2000000000000002,2,1,1
4782,0.4,2,1,1
4783,0.4,1,0,0
4784,0.4,0,1,1
4785,1.2000000000000002,1,0,0
4786,0.4,3,0,0
4787,0.4,2,1,1
4788,1.2000000000000002,2,1,1
4789,2.0,1,0,1
4790,0.4,2,0,0
4791,0.4,2,1,1
4792,2.0,3,1,1
4793,0.4,1,1,1
4794,0.4,0,0,0
4795,1.2000000000000002,0,1,1
4796,0.4,2,0,0
4797,0.4,1,1,1
4798,1.2000000000000002,0,0,1
4799,0.4,0,1,1
4800,0.4,0,0,0
4801,1.2000000000000002,1,0,1
4802,0.4,3,0,0
4803,0.4,2,0,0
4804,0.4,3,1,1
4805,0.4,2,0,0
4806,2.0,1,0,1
4807,0.4,0,1,1
4808,0.4,2,1,1
4809,0.4,0,0,0
4810,0.4,2,1,0
4811,0.4,2,0,0
4812,0.4,0,1,1
4813,0.4,0,0,1
4814,0.4,3,1,1
4815,0.4,2,1,0
4816,0.4,2,0,0
4817,0.4,0,1,1
4818,0.4,2,1,1
4819,2.0,1,1,1
4820,0.4,2,0,0
4821,1.2000000000000002,1,0,1
4822,0.4,2,0,0
4823,0.4,1,1,1
4824,0.4,1,1,1
4825,0.4,3,0,0
4826,0.4,0,0,0
4827,1.2000000000000002,1,1,1
4828,1.2000000000000002,2,0,1
4829,1.2000000000000002,0,1,1
4830,0.4,2,0,0
4831,0.4,2,0,0
4832,0.4,2,0,0
4833,0.4,1,0,0
4834,0.4,2,1,1
4835,0.4,2,0,0
4836,1.2000000000000002,1,1,1
4837,0.4,1,1,1
4838,0.4,2,1,1
4839,0.4,3,0,0
4840,0.4,2,1,1
4841,0.4,2,1,1
4842,0.4,0,1,0
4843,0.4,1,0,0
4844,0.4,1,1,1
4845,0.4,2,1,1
4846,2.0,1,0,1
4847,0.4,2,1,1
4848,1.2000000000000002,1,1,1
4849,0.4,2,1,1
4850,0.4,1,0,0
4851,0.4,0,1,1
4852,0.4,0,0,0
4853,0.4,1,1,1
4854,1.2000000000000002,1,1,1
4855,0.4,2,1,1
4856,1.2000000000000002,1,1,1
4857,0.4,0,0,0
4858,0.4,0,0,0
4859,0.4,0,1,1
4860,1.2000000000000002,1,1,1
4861,0.4,1,1,1
4862,0.4,1,1,1
4863,1.2000000000000002,2,0,1
4864,1.2000000000000002,1,1,1
4865,0.4,1,0,0
4866,0.4,2,1,1
4867,0.4,1,0,0
4868,0.4,0,1,1
4869,1.2000000000000002,2,1,1
4870,0.4,1,1,1
4871,2.0,1,1,1
4872,0.4,2,0,0
4873,0.4,2,1,1
4874,1.2000000000000002,2,1,1
4875,0.4,1,1,1
4876,1.2000000000000002,1,1,1
4877,0.4,2,1,1
4878,0.4,1,0,0
4879,0.4,0,0,0
4880,0.4,2,0,0
4881,2.0,2,0,1
4882,0.4,1,1,1
4883,0.4,2,0,0
4884,1.2000000000000002,2,1,1
4885,1.2000000000000002,2,1,1
4886,0.4,1,0,0
4887,1.2000000000000002,3,0,1
4888,0.4,1,0,0
4889,0.4,1,0,0
4890,0.4,0,1,1
4891,0.4,3,0,0
4892,0.4,1,0,0
4893,0.4,1,0,0
4894,0.4,1,0,0
4895,0.4,1,0,0
4896,0.4,2,0,0
4897,0.4,2,0,0
4898,0.4,1,0,0
4899,0.4,1,0,0
4900,1.2000000000000002,1,0,1
4901,0.4,3,1,0
4902,0.4,1,1,1
4903,0.4,1,0,0
4904,0.4,0,1,1
4905,0.4,2,0,0
4906,0.4,3,1,1
4907,0.4,2,1,1
4908,0.4,3,0,0
4909,0.4,2,1,1
4910,0.4,0,0,0
4911,1.2000000000000002,2,1,1
4912,0.4,1,1,1
4913,0.4,0,1,1
4914,0.4,1,1,1
4915,0.4,1,0,0
4916,1.2000000000000002,0,1,0
4917,0.4,1,0,0
4918,0.4,1,0,0
4919,0.4,2,1,0
4920,0.4,1,0,0
4921,0.4,2,1,1
4922,1.2000000000000002,0,0,0
4923,0.4,0,0,1
4924,0.4,2,0,0
4925,0.4,2,0,0
4926,0.4,2,0,0
4927,0.4,1,0,0
4928,0.4,2,0,0
4929,1.2000000000000002,1,1,1
4930,0.4,2,0,0
4931,0.4,2,1,1
4932,0.4,2,0,0
4933,0.4,3,1,1
4934,0.4,2,0,0
4935,2.0,2,0,0
4936,0.4,2,0,0
4937,1.2000000000000002,0,1,1
4938,0.4,2,1,1
4939,1.2000000000000002,2,0,0
4940,0.4,2,1,1
4941,0.4,2,1,1
4942,1.2000000000000002,0,1,1
4943,1.2000000000000002,2,0,0
4944,0.4,1,1,1
4945,1.2000000000000002,2,1,1
4946,0.4,0,0,0
4947,0.4,3,1,1
4948,0.4,2,0,0
4949,1.2000000000000002,0,1,1
4950,0.4,1,0,0
4951,0.4,0,0,0
4952,0.4,3,1,0
4953,1.2000000000000002,1,0,1
4954,0.4,1,0,0
4955,1.2000000000000002,1,0,1
4956,0.4,2,1,1
4957,0.4,2,1,0
4958,0.4,1,1,1
4959,0.4,3,0,0
4960,0.4,2,1,1
4961,0.4,1,0,0
4962,0.4,0,1,1
4963,0.4,3,1,0
4964,0.4,3,1,0
4965,0.4,1,1,1
4966,0.4,2,1,1
4967,1.2000000000000002,1,0,0
4968,0.4,0,1,1
4969,1.2000000000000002,2,0,1
4970,0.4,3,1,1
4971,0.4,1,0,0
4972,0.4,1,1,1
4973,0.4,1,1,1
4974,0.4,2,0,0
4975,1.2000000000000002,1,0,0
4976,0.4,2,0,0
4977,0.4,1,1,0
4978,0.4,1,0,0
4979,0.4,0,1,1
4980,0.4,2,0,0
4981,2.8,0,0,0
4982,0.4,1,1,1
4983,0.4,0,1,1
4984,1.2000000000000002,1,1,1
4985,0.4,1,0,1
4986,0.4,3,0,0
4987,1.2000000000000002,2,1,1
4988,1.2000000000000002,2,0,0
4989,1.2000000000000002,1,1,1
4990,0.4,2,1,1
4991,0.4,1,1,1
4992,0.4,2,0,0
4993,0.4,2,1,1
4994,0.4,0,1,1
4995,0.4,0,1,1
4996,1.2000000000000002,1,1,1
4997,0.4,1,0,1
4998,0.4,2,0,0
4999,2.0,2,0,0
5000,0.4,1,1,1
5001,0.4,2,1,1
5002,1.2000000000000002,1,1,1
5003,0.4,2,0,0
5004,0.4,2,0,0
5005,1.2000000000000002,2,0,0
5006,0.4,1,1,0
5007,0.4,3,1,1
5008,1.2000000000000002,1,1,1
5009,0.4,3,1,1
5010,0.4,2,0,0
5011,2.0,3,1,1
5012,0.4,1,0,0
5013,1.2000000000000002,1,1,1
5014,1.2000000000000002,0,0,0
5015,0.4,0,1,0
5016,0.4,2,0,1
5017,1.2000000000000002,2,0,1
5018,0.4,2,0,0
5019,0.4,2,1,1
5020,0.4,2,1,1
5021,0.4,1,0,0
5022,0.4,2,1,1
5023,0.4,0,1,1
5024,0.4,1,0,0
5025,0.4,2,0,0
5026,0.4,1,1,1
5027,1.2000000000000002,2,1,1
5028,1.2000000000000002,2,1,1
5029,1.2000000000000002,1,1,1
5030,0.4,2,1,1
5031,0.4,3,0,0
5032,0.4,2,0,0
5033,0.4,2,1,1
5034,0.4,3,1,1
5035,0.4,2,0,0
5036,1.2000000000000002,1,0,1
5037,0.4,1,1,1
5038,1.2000000000000002,3,1,1
5039,1.2000000000000002,3,1,1
5040,0.4,2,0,0
5041,0.4,2,1,1
5042,1.2000000000000002,2,1,1
5043,1.2000000000000002,1,0,0
5044,0.4,2,1,1
5045,0.4,2,1,0
5046,0.4,1,0,0
5047,0.4,1,1,1
5048,0.4,0,1,0
5049,2.0,3,1,1
5050,0.4,2,0,0
5051,0.4,2,1,1
5052,0.4,2,0,0
5053,0.4,1,1,1
5054,0.4,1,1,1
5055,1.2000000000000002,2,1,1
5056,0.4,0,0,0
5057,0.4,0,1,1
5058,0.4,3,0,0
5059,0.4,2,0,0
5060,0.4,1,1,1
5061,0.4,2,1,1
5062,0.4,2,1,1
5063,1.2000000000000002,2,1,1
5064,1.2000000000000002,2,1,1
5065,1.2000000000000002,0,0,0
5066,0.4,2,0,0
5067,0.4,1,0,0
5068,0.4,1,0,0
5069,0.4,3,1,0
5070,0.4,3,0,0
5071,0.4,2,1,1
5072,0.4,2,1,1
5073,0.4,0,1,1
5074,0.4,3,1,0
5075,0.4,3,1,1
5076,0.4,1,0,1
5077,1.2000000000000002,1,0,1
5078,0.4,2,0,0
5079,0.4,2,0,0
5080,0.4,0,1,1
5081,0.4,2,1,1
5082,0.4,2,0,0
5083,0.4,2,1,1
5084,1.2000000000000002,1,0,1
5085,0.4,1,0,0
5086,0.4,2,1,1
5087,0.4,1,1,1
5088,1.2000000000000002,2,1,1
5089,0.4,1,1,1
5090,1.2000000000000002,3,1,1
5091,0.4,0,1,1
5092,0.4,0,0,0
5093,0.4,2,0,0
5094,0.4,2,1,1
5095,0.4,2,1,0
5096,0.4,3,1,1
5097,2.0,1,0,1
5098,0.4,1,0,0
5099,1.2000000000000002,2,1,1
5100,0.4,2,0,0
5101,0.4,1,0,0
5102,0.4,2,0,0
5103,1.2000000000000002,2,0,1
5104,0.4,2,0,0
5105,0.4,2,0,0
5106,0.4,0,1,1
5107,0.4,1,0,0
5108,0.4,0,1,1
5109,1.2000000000000002,1,0,0
5110,0.4,2,1,1
5111,1.2000000000000002,1,1,1
5112,1.2000000000000002,3,0,0
5113,1.2000000000000002,2,1,1
5114,1.2000000000000002,2,1,1
5115,0.4,0,0,0
5116,1.2000000000000002,0,1,1
5117,1.2000000000000002,2,0,0
5118,1.2000000000000002,1,1,1
5119,1.2000000000000002,1,0,0
5120,0.4,2,0,0
5121,0.4,1,0,1
5122,0.4,2,1,1
5123,0.4,2,0,0
5124,0.4,2,0,0
5125,0.4,2,0,0
5126,0.4,3,0,0
5127,0.4,1,0,0
5128,0.4,2,1,0
5129,1.2000000000000002,2,0,1
5130,1.2000000000000002,2,0,1
5131,0.4,2,1,1
5132,0.4,1,1,1
5133,2.8,1,1,1
5134,0.4,2,0,0
5135,0.4,2,1,1
5136,0.4,3,0,0
5137,1.2000000000000002,3,0,0
5138,0.4,1,1,1
5139,0.4,0,0,0
5140,2.8,0,0,1
5141,0.4,2,1,1
5142,0.4,1,1,1
5143,0.4,1,1,1
5144,1.2000000000000002,1,1,1
5145,0.4,1,0,0
5146,0.4,1,0,0
5147,0.4,1,0,0
5148,0.4,0,1,0
5149,0.4,0,0,0
5150,0.4,2,0,0
5151,1.2000000000000002,1,1,1
5152,0.4,1,1,0
5153,0.4,1,1,1
5154,1.2000000000000002,2,0,0
5155,0.4,2,0,0
5156,2.0,0,1,1
5157,1.2000000000000002,2,0,0
5158,0.4,2,1,1
5159,0.4,3,1,1
5160,1.2000000000000002,3,1,1
5161,0.4,2,0,0
5162,0.4,3,0,0
5163,0.4,2,1,1
5164,0.4,2,0,0
5165,0.4,2,0,0
5166,0.4,2,0,0
5167,0.4,1,1,1
5168,0.4,0,1,1
5169,0.4,2,0,0
5170,0.4,1,0,0
5171,1.2000000000000002,2,1,1
5172,0.4,1,1,1
5173,0.4,1,0,0
5174,1.2000000000000002,0,0,1
5175,1.2000000000000002,0,0,0
5176,0.4,2,1,0
5177,0.4,1,0,0
5178,0.4,2,1,1
5179,1.2000000000000002,2,1,1
5180,0.4,2,0,0
5181,1.2000000000000002,1,1,1
5182,1.2000000000000002,1,0,0
5183,0.4,2,1,1
5184,1.2000000000000002,2,1,0
5185,0.4,2,1,1
5186,0.4,1,0,0
5187,0.4,3,1,1
5188,0.4,0,0,0
5189,0.4,1,1,1
5190,1.2000000000000002,2,1,1
5191,0.4,1,0,0
5192,0.4,1,0,0
5193,0.4,3,0,0
5194,1.2000000000000002,0,1,1
5195,0.4,3,1,1
5196,0.4,1,0,0
5197,1.2000000000000002,2,0,0
5198,0.4,0,0,1
5199,0.4,1,1,1
5200,0.4,2,0,0
5201,0.4,2,1,1
5202,1.2000000000000002,2,0,1
5203,0.4,1,0,0
5204,1.2000000000000002,1,0,0
5205,0.4,3,1,1
5206,0.4,3,0,0
5207,0.4,3,0,0
5208,0.4,1,1,1
5209,0.4,1,1,1
5210,0.4,2,0,0
5211,1.2000000000000002,3,1,1
5212,0.4,1,1,1
5213,0.4,2,1,0
5214,1.2000000000000002,2,0,0
5215,0.4,1,0,0
5216,0.4,1,1,1
5217,0.4,1,0,0
5218,0.4,3,1,0
5219,0.4,2,1,1
5220,0.4,3,0,0
5221,0.4,2,1,1
5222,1.2000000000000002,1,1,1
5223,0.4,1,0,0
5224,0.4,2,0,0
5225,0.4,1,1,1
5226,0.4,2,1,0
5227,1.2000000000000002,3,0,0
5228,0.4,1,1,0
5229,0.4,1,0,0
5230,1.2000000000000002,2,0,1
5231,0.4,3,0,0
5232,1.2000000000000002,2,0,0
5233,0.4,1,1,1
5234,0.4,3,1,1
5235,0.4,0,1,1
5236,1.2000000000000002,1,1,1
5237,0.4,2,0,0
5238,0.4,3,0,0
5239,1.2000000000000002,1,0,0
5240,0.4,2,1,1
5241,0.4,3,1,1
5242,1.2000000000000002,1,0,0
5243,0.4,1,1,1
5244,0.4,2,1,1
5245,0.4,1,1,1
5246,0.4,2,1,1
5247,0.4,0,1,1
5248,0.4,2,1,1
5249,0.4,0,0,0
5250,0.4,2,1,1
5251,1.2000000000000002,1,0,1
5252,0.4,1,0,0
5253,0.4,1,1,1
5254,0.4,0,0,0
5255,0.4,1,1,1
5256,0.4,1,1,1
5257,0.4,0,1,1
5258,0.4,2,0,0
5259,0.4,1,1,1
5260,0.4,3,0,0
5261,1.2000000000000002,0,0,1
5262,0.4,1,1,1
5263,0.4,1,1,1
5264,1.2000000000000002,2,1,1
5265,0.4,2,1,1
5266,1.2000000000000002,1,0,1
5267,0.4,2,1,1
5268,1.2000000000000002,1,0,0
5269,0.4,0,1,1
5270,1.2000000000000002,2,0,0
5271,0.4,1,0,0
5272,0.4,3,1,1
5273,0.4,3,0,0
5274,0.4,3,1,1
5275,0.4,1,0,0
5276,1.2000000000000002,1,1,1
5277,0.4,2,0,0
5278,1.2000000000000002,0,0,1
5279,0.4,0,0,0
5280,0.4,1,0,0
5281,0.4,1,1,1
5282,0.4,2,1,1
5283,0.4,0,0,0
5284,1.2000000000000002,1,1,1
5285,0.4,2,1,1
5286,0.4,2,1,0
5287,1.2000000000000002,1,1,1
5288,0.4,1,0,0
5289,1.2000000000000002,2,1,1
5290,0.4,0,0,0
5291,1.2000000000000002,2,0,0
5292,0.4,0,1,1
5293,1.2000000000000002,3,0,0
5294,1.2000000000000002,0,1,1
5295,0.4,1,1,0
5296,0.4,1,1,1
5297,0.4,1,1,1
5298,0.4,1,0,0
5299,0.4,2,0,0
5300,0.4,3,1,1
5301,0.4,3,1,1
5302,1.2000000000000002,2,1,1
5303,0.4,2,0,0
5304,0.4,0,0,0
5305,0.4,2,1,1
5306,1.2000000000000002,1,1,1
5307,1.2000000000000002,1,0,0
5308,0.4,2,0,0
5309,1.2000000000000002,2,1,1
5310,0.4,3,1,1
5311,0.4,3,1,0
5312,0.4,2,1,1
5313,2.0,1,0,1
5314,2.0,2,1,1
5315,1.2000000000000002,0,1,1
5316,0.4,2,1,1
5317,0.4,0,1,1
5318,0.4,0,0,0
5319,2.0,2,1,1
5320,0.4,0,0,0
5321,0.4,2,0,0
5322,0.4,2,1,1
5323,0.4,2,0,0
5324,1.2000000000000002,1,0,1
5325,1.2000000000000002,2,0,0
5326,0.4,2,1,0
5327,0.4,2,0,0
5328,0.4,1,0,0
5329,0.4,2,0,0
5330,1.2000000000000002,2,1,1
5331,0.4,1,0,0
5332,0.4,2,0,0
5333,0.4,1,1,1
5334,0.4,2,1,1
5335,1.2000000000000002,1,1,1
5336,0.4,1,0,0
5337,0.4,3,1,1
5338,2.0,3,0,1
5339,0.4,2,0,0
5340,0.4,2,0,0
5341,0.4,1,0,0
5342,0.4,3,1,0
5343,0.4,2,0,0
5344,0.4,1,0,0
5345,0.4,1,1,1
5346,0.4,1,0,0
5347,1.2000000000000002,1,1,1
5348,0.4,1,0,0
5349,0.4,1,0,0
5350,0.4,2,1,0
5351,0.4,2,1,0
5352,0.4,2,1,1
5353,0.4,1,0,0
5354,0.4,1,0,0
5355,0.4,1,1,1
5356,1.2000000000000002,3,1,1
5357,0.4,1,0,0
5358,0.4,1,1,1
5359,1.2000000000000002,3,1,1
5360,0.4,1,1,1
5361,2.0,3,1,1
5362,0.4,1,0,0
5363,0.4,2,0,0
5364,0.4,1,0,0
5365,0.4,3,0,0
5366,0.4,2,1,0
5367,0.4,1,1,1
5368,0.4,1,1,1
5369,1.2000000000000002,2,0,0
5370,0.4,0,0,0
5371,0.4,1,0,0
5372,0.4,1,0,1
5373,0.4,2,0,0
5374,0.4,1,0,0
5375,1.2000000000000002,1,1,1
5376,0.4,2,1,0
5377,0.4,3,1,0
5378,0.4,1,0,0
5379,0.4,2,0,0
5380,0.4,2,0,0
5381,2.0,1,1,1
5382,0.4,2,0,0
5383,0.4,1,0,0
5384,0.4,3,0,0
5385,0.4,0,1,1
5386,0.4,1,0,0
5387,0.4,1,0,0
5388,0.4,1,0,0
5389,0.4,1,0,0
5390,0.4,2,1,1
5391,1.2000000000000002,2,0,0
5392,1.2000000000000002,1,0,1
5393,0.4,1,0,1
5394,0.4,2,0,0
5395,1.2000000000000002,1,1,1
5396,1.2000000000000002,0,1,1
5397,2.8,1,0,1
5398,0.4,3,1,0
5399,0.4,1,1,1
5400,0.4,2,1,1
5401,1.2000000000000002,1,1,1
5402,0.4,1,1,1
5403,0.4,1,1,1
5404,0.4,0,1,0
5405,0.4,3,1,1
5406,1.2000000000000002,2,1,1
5407,0.4,1,0,0
5408,0.4,3,0,0
5409,0.4,1,0,0
5410,1.2000000000000002,1,0,0
5411,0.4,1,0,0
5412,0.4,2,1,1
5413,1.2000000000000002,0,1,1
5414,0.4,0,0,0
5415,0.4,0,0,0
5416,0.4,0,0,0
5417,1.2000000000000002,3,0,0
5418,0.4,0,1,1
5419,0.4,2,0,0
5420,1.2000000000000002,2,0,0
5421,0.4,1,1,1
5422,0.4,2,1,1
5423,0.4,1,1,1
5424,0.4,1,0,0
5425,1.2000000000000002,0,1,1
5426,0.4,0,1,1
5427,0.4,2,1,1
5428,0.4,0,1,1
5429,0.4,2,1,1
5430,0.4,2,1,1
5431,0.4,1,0,0
5432,0.4,1,0,0
5433,0.4,0,0,0
5434,0.4,3,0,0
5435,1.2000000000000002,1,1,1
5436,1.2000000000000002,0,0,1
5437,0.4,2,0,1
5438,0.4,1,1,1
5439,0.4,1,0,0
5440,1.2000000000000002,2,1,1
5441,1.2000000000000002,1,1,1
5442,1.2000000000000002,0,0,0
5443,0.4,2,0,0
5444,0.4,0,1,1
5445,0.4,2,1,0
5446,1.2000000000000002,1,1,1
5447,1.2000000000000002,1,1,1
5448,1.2000000000000002,2,0,1
5449,1.2000000000000002,3,0,0
5450,1.2000000000000002,1,1,1
5451,0.4,1,0,0
5452,1.2000000000000002,0,0,0
5453,0.4,3,1,0
5454,0.4,0,1,1
5455,1.2000000000000002,1,1,1
5456,0.4,2,0,0
5457,2.0,1,0,1
5458,0.4,2,1,0
5459,0.4,1,1,1
5460,0.4,1,0,0
5461,0.4,2,0,0
5462,0.4,2,1,1
5463,0.4,1,1,1
5464,1.2000000000000002,2,1,1
5465,0.4,1,1,1
5466,0.4,1,1,1
5467,0.4,0,0,0
5468,0.4,1,1,1
5469,0.4,3,0,0
5470,0.4,1,0,0
5471,0.4,2,1,1
5472,0.4,1,1,0
5473,0.4,0,1,1
5474,0.4,1,0,0
5475,0.4,2,1,1
5476,0.4,0,0,0
5477,0.4,1,0,0
5478,0.4,1,1,1
5479,1.2000000000000002,0,1,1
5480,0.4,0,0,0
5481,0.4,3,1,1
5482,0.4,1,1,0
5483,0.4,0,0,0
5484,0.4,1,0,0
5485,0.4,1,0,0
5486,0.4,3,1,1
5487,0.4,2,1,1
5488,1.2000000000000002,2,1,1
5489,0.4,2,0,0
5490,1.2000000000000002,1,1,1
5491,0.4,2,1,1
5492,1.2000000000000002,1,1,1
5493,0.4,2,1,0
5494,0.4,3,0,0
5495,0.4,2,1,1
5496,0.4,3,1,0
5497,1.2000000000000002,0,0,0
5498,0.4,1,1,1
5499,0.4,2,1,1
5500,0.4,1,0,0
5501,1.2000000000000002,2,1,1
5502,0.4,2,1,1
5503,0.4,3,1,1
5504,0.4,2,1,0
5505,0.4,2,0,0
5506,0.4,2,1,1
5507,0.4,2,0,0
5508,0.4,2,1,1
5509,0.4,2,0,0
5510,0.4,0,1,1
5511,0.4,2,0,0
5512,0.4,1,0,0
5513,0.4,3,0,0
5514,1.2000000000000002,2,1,1
5515,1.2000000000000002,0,1,1
5516,0.4,3,0,0
5517,0.4,2,1,0
5518,0.4,0,1,1
5519,0.4,3,1,1
5520,0.4,1,1,1
5521,0.4,1,0,0
5522,0.4,1,0,0
5523,0.4,1,0,1
5524,0.4,2,0,0
5525,0.4,0,1,1
5526,1.2000000000000002,1,1,1
5527,0.4,1,1,1
5528,0.4,3,0,0
5529,0.4,2,0,0
5530,2.0,2,1,1
5531,0.4,2,1,1
5532,0.4,1,1,1
5533,0.4,1,1,1
5534,0.4,1,0,0
5535,0.4,3,0,0
5536,1.2000000000000002,1,1,1
5537,0.4,2,0,0
5538,0.4,1,1,1
5539,1.2000000000000002,1,1,1
5540,0.4,2,0,0
5541,0.4,0,0,0
5542,0.4,2,1,1
5543,0.4,0,1,1
5544,0.4,1,0,0
5545,0.4,1,0,0
5546,0.4,1,1,1
5547,0.4,0,1,1
5548,0.4,1,0,0
5549,1.2000000000000002,1,1,1
5550,0.4,3,1,0
5551,1.2000000000000002,1,0,0
5552,0.4,2,1,1
5553,0.4,2,0,0
5554,2.0,3,1,1
5555,0.4,0,1,1
5556,0.4,1,1,1
5557,0.4,1,0,0
5558,1.2000000000000002,3,1,1
5559,1.2000000000000002,2,1,1
5560,1.2000000000000002,1,0,0
5561,0.4,2,1,1
5562,0.4,1,1,1
5563,2.0,3,0,0
5564,0.4,2,1,1
5565,1.2000000000000002,3,0,0
5566,1.2000000000000002,0,0,1
5567,1.2000000000000002,1,1,1
5568,0.4,2,0,0
5569,0.4,2,0,0
5570,0.4,2,0,0
5571,0.4,3,0,0
5572,1.2000000000000002,3,0,0
5573,0.4,1,0,0
5574,0.4,2,0,0
5575,0.4,3,1,1
5576,0.4,2,0,0
5577,0.4,2,0,0
5578,0.4,2,0,0
5579,0.4,2,0,0
5580,1.2000000000000002,1,0,0
5581,0.4,1,1,1
5582,0.4,1,0,0
5583,1.2000000000000002,1,1,1
5584,0.4,3,0,0
5585,0.4,2,0,1
5586,0.4,2,1,1
5587,0.4,3,1,1
5588,0.4,2,0,0
5589,1.2000000000000002,1,0,1
5590,0.4,2,0,1
5591,0.4,1,0,0
5592,1.2000000000000002,2,1,1
5593,1.2000000000000002,2,0,0
5594,0.4,1,1,1
5595,1.2000000000000002,3,1,1
5596,0.4,0,1,1
5597,0.4,3,1,0
5598,0.4,2,1,1
5599,1.2000000000000002,1,0,1
5600,0.4,1,0,0
5601,0.4,2,0,0
5602,0.4,2,0,0
5603,0.4,2,1,1
5604,1.2000000000000002,1,0,0
5605,1.2000000000000002,1,1,1
5606,1.2000000000000002,1,1,1
5607,0.4,0,0,0
5608,0.4,2,0,0
5609,0.4,1,0,0
5610,0.4,1,1,1
5611,0.4,2,1,1
5612,0.4,0,1,1
5613,0.4,0,1,1
5614,0.4,2,1,1
5615,0.4,1,1,1
5616,0.4,1,0,0
5617,0.4,2,1,1
5618,0.4,1,0,0
5619,0.4,0,1,1
5620,0.4,1,0,0
5621,0.4,2,0,0
5622,0.4,1,0,0
5623,1.2000000000000002,2,0,1
5624,1.2000000000000002,2,1,1
5625,0.4,2,0,0
5626,0.4,1,0,0
5627,0.4,1,1,1
5628,0.4,2,1,1
5629,0.4,1,1,1
5630,0.4,2,1,1
5631,0.4,0,0,0
5632,0.4,2,0,0
5633,0.4,2,1,1
5634,0.4,3,1,1
5635,2.0,1,0,0
5636,1.2000000000000002,1,0,0
5637,0.4,1,0,0
5638,0.4,1,1,1
5639,1.2000000000000002,0,0,0
5640,0.4,1,0,0
5641,1.2000000000000002,2,1,1
5642,0.4,1,1,1
5643,1.2000000000000002,1,1,1
5644,0.4,1,0,0
5645,0.4,3,0,0
5646,0.4,2,1,1
5647,0.4,2,0,0
5648,0.4,1,0,0
5649,0.4,1,0,0
5650,0.4,0,1,1
5651,0.4,1,0,0
5652,0.4,0,0,0
5653,1.2000000000000002,2,0,1
5654,0.4,1,1,1
5655,0.4,2,1,0
5656,1.2000000000000002,3,1,1
5657,0.4,3,0,0
5658,0.4,1,0,0
5659,0.4,1,1,0
5660,0.4,3,1,1
5661,0.4,1,1,0
5662,2.0,2,1,1
5663,0.4,2,1,1
5664,1.2000000000000002,2,0,0
5665,1.2000000000000002,3,0,0
5666,0.4,2,0,1
5667,1.2000000000000002,1,0,0
5668,0.4,1,0,0
5669,0.4,2,1,0
5670,0.4,0,1,1
5671,1.2000000000000002,3,1,1
5672,1.2000000000000002,2,1,1
5673,0.4,2,1,1
5674,0.4,2,1,0
5675,0.4,0,0,0
5676,1.2000000000000002,1,0,0
5677,0.4,1,1,1
5678,1.2000000000000002,1,1,1
5679,0.4,0,1,1
5680,0.4,2,0,0
5681,0.4,0,0,0
5682,0.4,1,0,0
5683,0.4,1,0,0
5684,0.4,2,0,0
5685,0.4,0,0,0
5686,0.4,1,0,0
5687,0.4,1,0,0
5688,1.2000000000000002,2,1,1
5689,1.2000000000000002,3,1,1
5690,0.4,3,1,1
5691,1.2000000000000002,2,1,1
5692,0.4,2,1,0
5693,0.4,3,0,0
5694,0.4,2,0,0
5695,0.4,3,0,0
5696,0.4,0,0,0
5697,0.4,1,0,0
5698,0.4,0,1,1
5699,0.4,1,0,0
5700,0.4,0,1,1
5701,0.4,0,0,0
5702,0.4,2,0,0
5703,0.4,1,0,0
5704,1.2000000000000002,0,1,1
5705,0.4,2,1,0
5706,0.4,2,1,0
5707,0.4,1,1,1
5708,0.4,3,1,0
5709,1.2000000000000002,1,0,0
5710,0.4,1,0,0
5711,0.4,2,1,0
5712,0.4,3,0,0
5713,0.4,1,1,1
5714,0.4,2,1,1
5715,0.4,1,0,0
5716,1.2000000000000002,3,1,1
5717,0.4,1,1,1
5718,0.4,0,0,0
5719,1.2000000000000002,1,1,1
5720,0.4,2,1,1
5721,0.4,1,1,1
5722,0.4,2,0,0
5723,0.4,0,1,1
5724,0.4,2,0,0
5725,0.4,1,1,1
5726,0.4,2,1,1
5727,0.4,2,0,0
5728,0.4,1,1,1
5729,0.4,0,0,1
5730,0.4,3,0,0
5731,0.4,1,0,0
5732,1.2000000000000002,3,1,1
5733,1.2000000000000002,3,1,1
5734,0.4,2,0,0
5735,0.4,1,1,1
5736,0.4,2,0,0
5737,0.4,0,0,0
5738,0.4,1,1,1
5739,0.4,0,1,1
5740,0.4,1,0,0
5741,0.4,2,0,0
5742,0.4,1,1,1
5743,0.4,3,0,0
5744,1.2000000000000002,1,1,1
5745,0.4,1,0,0
5746,0.4,1,1,1
5747,0.4,3,1,0
5748,1.2000000000000002,2,0,0
5749,0.4,1,0,0
5750,0.4,2,0,0
5751,0.4,1,1,1
5752,1.2000000000000002,2,1,1
5753,0.4,2,1,0
5754,0.4,1,0,0
5755,0.4,2,0,0
5756,0.4,3,0,0
5757,0.4,1,1,1
5758,0.4,1,0,0
5759,1.2000000000000002,0,0,1
5760,0.4,1,0,0
5761,1.2000000000000002,2,1,1
5762,0.4,1,1,1
5763,0.4,2,1,1
5764,0.4,1,1,1
5765,0.4,1,1,1
5766,1.2000000000000002,1,0,0
5767,0.4,2,1,1
5768,0.4,1,0,0
5769,0.4,3,0,0
5770,2.0,2,0,1
5771,1.2000000000000002,2,1,1
5772,0.4,2,1,1
5773,0.4,2,0,0
5774,0.4,1,0,0
5775,0.4,1,0,0
5776,2.0,0,0,1
5777,0.4,1,0,0
5778,0.4,2,1,0
5779,0.4,2,0,0
5780,0.4,1,1,1
5781,1.2000000000000002,2,1,1
5782,0.4,2,0,0
5783,0.4,0,1,1
5784,0.4,2,0,0
5785,0.4,2,1,1
5786,0.4,2,0,0
5787,0.4,2,0,0
5788,1.2000000000000002,1,1,1
5789,1.2000000000000002,2,1,1
5790,0.4,1,1,1
5791,0.4,0,0,0
5792,0.4,1,1,0
5793,0.4,2,0,0
5794,0.4,2,1,1
5795,0.4,2,1,1
5796,1.2000000000000002,2,0,0
5797,1.2000000000000002,1,1,1
5798,0.4,2,1,1
5799,0.4,3,0,0
5800,1.2000000000000002,2,0,1
5801,0.4,2,0,0
5802,0.4,2,0,0
5803,1.2000000000000002,2,1,1
5804,0.4,1,1,1
5805,0.4,1,1,1
5806,2.0,3,1,1
5807,1.2000000000000002,2,0,0
5808,1.2000000000000002,1,0,1
5809,0.4,1,1,0
5810,0.4,2,0,0
5811,1.2000000000000002,0,0,0
5812,0.4,1,1,1
5813,0.4,1,1,1
5814,0.4,0,0,0
5815,1.2000000000000002,2,0,0
5816,0.4,2,1,1
5817,0.4,1,0,0
5818,1.2000000000000002,2,0,0
5819,1.2000000000000002,1,0,0
5820,0.4,2,0,0
5821,1.2000000000000002,0,1,1
5822,1.2000000000000002,0,0,1
5823,0.4,2,1,1
5824,0.4,3,0,0
5825,0.4,3,0,0
5826,0.4,2,0,0
5827,0.4,3,0,0
5828,0.4,1,1,1
5829,0.4,2,0,0
5830,0.4,1,1,1
5831,1.2000000000000002,3,0,0
5832,1.2000000000000002,3,0,0
5833,0.4,3,0,0
5834,1.2000000000000002,2,1,1
5835,0.4,2,1,1
5836,0.4,2,1,0
5837,0.4,1,0,0
5838,0.4,2,1,1
5839,0.4,1,1,1
5840,0.4,1,0,0
5841,0.4,1,0,0
5842,0.4,2,1,1
5843,0.4,1,0,0
5844,0.4,1,1,1
5845,1.2000000000000002,0,0,1
5846,0.4,2,0,0
5847,0.4,3,0,0
5848,0.4,0,0,0
5849,0.4,2,0,0
5850,0.4,2,0,0
5851,0.4,2,1,1
5852,0.4,1,1,1
5853,0.4,1,1,0
5854,0.4,2,1,1
5855,0.4,1,0,0
5856,1.2000000000000002,2,0,0
5857,1.2000000000000002,2,0,1
5858,1.2000000000000002,2,0,0
5859,0.4,2,0,0
5860,1.2000000000000002,0,0,1
5861,1.2000000000000002,2,1,1
5862,0.4,0,1,1
5863,0.4,2,0,0
5864,0.4,0,1,1
5865,0.4,2,1,1
5866,1.2000000000000002,1,0,0
5867,0.4,2,0,0
5868,0.4,1,1,0
5869,0.4,2,0,0
5870,0.4,1,0,0
5871,0.4,0,0,0
5872,0.4,2,0,0
5873,0.4,1,1,1
5874,0.4,1,1,1
5875,1.2000000000000002,1,0,0
5876,0.4,1,1,1
5877,0.4,2,0,0
5878,0.4,1,1,1
5879,0.4,2,1,1
5880,0.4,2,0,0
5881,0.4,1,1,1
5882,1.2000000000000002,1,0,0
5883,0.4,2,0,0
5884,0.4,3,0,0
5885,0.4,3,1,1
5886,0.4,1,1,1
5887,0.4,1,0,0
5888,0.4,2,0,0
5889,0.4,2,0,0
5890,1.2000000000000002,0,1,1
5891,0.4,1,0,0
5892,0.4,2,0,0
5893,0.4,3,1,1
5894,0.4,3,0,0
5895,1.2000000000000002,2,1,1
5896,2.0,1,1,1
5897,0.4,0,1,1
5898,1.2000000000000002,1,1,1
5899,0.4,1,1,1
5900,0.4,0,1,1
5901,0.4,0,1,1
5902,0.4,3,0,0
5903,0.4,3,0,0
5904,0.4,1,0,0
5905,0.4,2,0,0
5906,0.4,1,1,0
5907,0.4,1,0,1
5908,0.4,3,0,0
5909,0.4,1,1,1
5910,0.4,2,0,0
5911,1.2000000000000002,1,0,0
5912,0.4,2,1,1
5913,0.4,1,1,1
5914,0.4,3,0,0
5915,0.4,1,0,0
5916,0.4,3,1,1
5917,0.4,2,0,0
5918,0.4,1,1,1
5919,0.4,1,1,1
5920,1.2000000000000002,2,1,1
5921,0.4,3,0,0
5922,0.4,2,1,1
5923,1.2000000000000002,1,0,0
5924,0.4,3,0,0
5925,0.4,2,0,0
5926,0.4,1,0,0
5927,1.2000000000000002,0,0,0
5928,2.0,1,1,1
5929,1.2000000000000002,2,0,0
5930,0.4,1,0,0
5931,0.4,2,0,0
5932,1.2000000000000002,2,0,0
5933,0.4,3,1,1
5934,0.4,1,0,0
5935,1.2000000000000002,2,0,1
5936,1.2000000000000002,2,1,1
5937,1.2000000000000002,2,0,0
5938,0.4,0,1,1
5939,0.4,1,0,0
5940,2.0,1,1,1
5941,0.4,3,0,0
5942,1.2000000000000002,2,0,1
5943,0.4,2,0,0
5944,0.4,1,0,0
5945,0.4,3,1,0
5946,1.2000000000000002,3,0,0
5947,0.4,0,0,0
5948,1.2000000000000002,1,1,1
5949,1.2000000000000002,2,0,0
5950,1.2000000000000002,1,0,0
5951,0.4,2,1,0
5952,0.4,1,1,1
5953,0.4,2,0,0
5954,0.4,1,0,0
5955,0.4,0,0,0
5956,0.4,2,0,0
5957,1.2000000000000002,2,0,0
5958,1.2000000000000002,2,0,0
5959,0.4,0,1,0
5960,0.4,2,0,0
5961,0.4,1,1,1
5962,1.2000000000000002,2,1,1
5963,0.4,1,0,0
5964,1.2000000000000002,2,1,1
5965,1.2000000000000002,2,0,1
5966,0.4,2,1,1
5967,0.4,1,0,0
5968,0.4,3,1,1
5969,0.4,2,0,0
5970,2.0,1,0,1
5971,0.4,1,1,1
5972,0.4,1,1,0
5973,2.0,1,1,1
5974,0.4,3,0,0
5975,1.2000000000000002,1,0,0
5976,0.4,1,1,1
5977,0.4,2,1,1
5978,0.4,1,1,1
5979,0.4,1,0,0
5980,0.4,2,0,0
5981,1.2000000000000002,0,1,1
5982,0.4,2,1,1
5983,0.4,2,1,1
5984,0.4,1,1,1
5985,0.4,2,0,0
5986,0.4,2,1,0
5987,0.4,2,0,0
5988,0.4,1,1,1
5989,1.2000000000000002,0,0,1
5990,0.4,3,1,1
5991,0.4,3,0,0
5992,0.4,1,1,1
5993,0.4,1,0,0
5994,1.2000000000000002,0,0,1
5995,0.4,1,0,0
5996,2.8,1,0,1
5997,1.2000000000000002,0,1,1
5998,1.2000000000000002,1,1,1
5999,0.4,1,1,0
6000,0.4,0,1,1
6001,0.4,2,0,0
6002,1.2000000000000002,2,1,1
6003,1.2000000000000002,0,1,1
6004,0.4,2,0,0
6005,1.2000000000000002,2,1,1
6006,0.4,2,1,1
6007,0.4,2,0,0
6008,0.4,3,0,0
6009,0.4,0,1,1
6010,0.4,2,1,1
6011,0.4,3,1,0
6012,0.4,2,0,1
6013,0.4,1,1,1
6014,0.4,3,1,1
6015,0.4,2,0,1
6016,1.2000000000000002,1,1,1
6017,0.4,2,0,0
6018,1.2000000000000002,2,1,1
6019,1.2000000000000002,2,0,0
6020,0.4,1,1,0
6021,0.4,0,1,1
6022,0.4,2,0,0
6023,1.2000000000000002,2,1,1
6024,0.4,2,1,1
6025,0.4,1,0,0
6026,1.2000000000000002,2,0,1
6027,1.2000000000000002,2,1,1
6028,0.4,2,1,0
6029,1.2000000000000002,1,1,1
6030,0.4,0,1,1
6031,0.4,3,1,0
6032,0.4,3,1,0
6033,0.4,1,1,1
6034,1.2000000000000002,1,1,1
6035,1.2000000000000002,1,1,1
6036,0.4,2,0,0
6037,0.4,2,0,0
6038,0.4,1,1,1
6039,0.4,1,1,1
6040,0.4,2,0,0
6041,0.4,2,0,0
6042,0.4,1,0,0
6043,0.4,2,1,1
6044,0.4,1,0,0
6045,0.4,2,1,0
6046,0.4,2,1,1
6047,0.4,1,0,0
6048,0.4,2,0,0
6049,2.0,2,0,1
6050,0.4,2,1,1
6051,0.4,2,0,0
6052,0.4,1,1,1
6053,0.4,3,0,0
6054,1.2000000000000002,2,1,0
6055,1.2000000000000002,2,1,1
6056,0.4,3,0,0
6057,0.4,2,1,1
6058,0.4,3,1,1
6059,1.2000000000000002,2,1,1
6060,2.0,0,1,1
6061,1.2000000000000002,1,1,1
6062,0.4,3,0,0
6063,2.0,2,1,1
6064,0.4,2,0,0
6065,0.4,1,0,0
6066,0.4,2,0,0
6067,0.4,1,0,0
6068,0.4,2,1,1
6069,1.2000000000000002,1,1,1
6070,0.4,3,0,0
6071,0.4,2,0,0
6072,0.4,1,0,0
6073,1.2000000000000002,1,1,1
6074,0.4,2,1,1
6075,0.4,1,0,0
6076,0.4,1,1,1
6077,1.2000000000000002,2,1,1
6078,0.4,0,1,1
6079,0.4,2,1,0
6080,0.4,1,1,1
6081,1.2000000000000002,3,1,1
6082,0.4,2,0,0
6083,0.4,2,0,0
6084,1.2000000000000002,2,1,1
6085,0.4,1,1,1
6086,0.4,2,0,0
6087,0.4,0,0,0
6088,1.2000000000000002,0,1,1
6089,1.2000000000000002,2,0,0
6090,1.2000000000000002,3,0,0
6091,0.4,1,0,0
6092,0.4,2,1,1
6093,1.2000000000000002,1,1,1
6094,0.4,2,1,0
6095,1.2000000000000002,2,1,1
6096,0.4,2,0,0
6097,0.4,2,0,0
6098,0.4,0,0,0
6099,0.4,2,1,0
6100,0.4,3,1,1
6101,0.4,0,0,0
6102,0.4,0,1,1
6103,0.4,2,1,1
6104,0.4,1,1,1
6105,0.4,1,0,0
6106,0.4,2,1,1
6107,0.4,2,1,1
6108,0.4,0,0,0
6109,1.2000000000000002,1,1,1
6110,0.4,2,0,0
6111,0.4,2,0,0
6112,0.4,3,1,1
6113,0.4,2,0,0
6114,1.2000000000000002,0,1,1
6115,0.4,2,1,1
6116,0.4,1,1,1
6117,0.4,0,1,1
6118,1.2000000000000002,2,0,1
6119,0.4,0,1,0
6120,1.2000000000000002,2,1,1
6121,0.4,1,1,1
6122,0.4,0,1,1
6123,1.2000000000000002,3,0,1
6124,0.4,2,0,0
6125,0.4,1,0,0
6126,0.4,3,1,1
6127,0.4,2,0,0
6128,1.2000000000000002,1,0,1
6129,0.4,1,0,0
6130,0.4,0,1,1
6131,0.4,2,1,1
6132,0.4,0,1,1
6133,1.2000000000000002,1,0,1
6134,0.4,1,1,0
6135,2.0,2,0,0
6136,0.4,2,1,0
6137,1.2000000000000002,0,0,0
6138,0.4,2,0,0
6139,1.2000000000000002,1,0,1
6140,0.4,0,0,0
6141,0.4,2,0,0
6142,0.4,1,1,1
6143,0.4,1,0,0
6144,0.4,3,0,0
6145,1.2000000000000002,1,1,1
6146,0.4,1,1,0
6147,0.4,2,0,0
6148,0.4,1,0,0
6149,1.2000000000000002,3,0,0
6150,1.2000000000000002,1,1,1
6151,0.4,1,1,0
6152,0.4,2,1,0
6153,0.4,2,1,1
6154,0.4,1,1,1
6155,0.4,0,1,1
6156,0.4,1,0,1
6157,0.4,2,1,1
6158,0.4,1,0,0
6159,0.4,2,0,0
6160,1.2000000000000002,2,1,1
6161,0.4,2,1,1
6162,1.2000000000000002,2,1,1
6163,0.4,3,1,1
6164,0.4,2,0,0
6165,0.4,0,0,0
6166,2.0,2,1,1
6167,1.2000000000000002,1,0,1
6168,1.2000000000000002,3,0,0
6169,0.4,3,0,0
6170,0.4,2,1,1
6171,1.2000000000000002,0,0,1
6172,1.2000000000000002,3,1,1
6173,0.4,2,0,0
6174,0.4,1,1,1
6175,0.4,2,1,1
6176,0.4,1,1,1
6177,0.4,1,1,1
6178,1.2000000000000002,0,1,1
6179,0.4,2,0,0
6180,0.4,2,0,0
6181,0.4,1,0,0
6182,0.4,3,1,0
6183,0.4,2,0,0
6184,0.4,0,1,1
6185,0.4,2,0,0
6186,0.4,3,1,0
6187,1.2000000000000002,1,0,1
6188,0.4,2,1,0
6189,0.4,1,0,0
6190,0.4,3,1,1
6191,1.2000000000000002,1,1,1
6192,0.4,2,0,0
6193,0.4,2,1,1
6194,0.4,2,1,1
6195,0.4,3,0,0
6196,0.4,2,1,1
6197,0.4,0,1,1
6198,0.4,3,1,1
6199,0.4,2,1,1
6200,0.4,3,0,0
6201,1.2000000000000002,3,1,1
6202,1.2000000000000002,1,0,1
6203,0.4,2,1,1
6204,1.2000000000000002,1,0,1
6205,0.4,2,0,0
6206,0.4,1,0,0
6207,0.4,1,0,0
6208,0.4,1,0,0
6209,0.4,1,1,0
6210,1.2000000000000002,2,0,0
6211,0.4,3,1,1
6212,0.4,1,0,1
6213,1.2000000000000002,0,1,1
6214,1.2000000000000002,1,1,1
6215,0.4,1,0,0
6216,1.2000000000000002,1,0,1
6217,2.0,0,1,1
6218,0.4,1,0,0
6219,0.4,3,0,0
6220,0.4,1,0,0
6221,0.4,1,0,0
6222,0.4,2,1,0
6223,1.2000000000000002,1,0,0
6224,0.4,2,0,0
6225,0.4,1,1,1
6226,1.2000000000000002,3,1,1
6227,0.4,1,1,1
6228,1.2000000000000002,1,0,0
6229,0.4,2,0,0
6230,0.4,1,1,1
6231,0.4,2,1,1
6232,1.2000000000000002,2,0,0
6233,0.4,1,0,0
6234,0.4,2,0,0
6235,0.4,1,1,1
6236,0.4,1,1,1
6237,0.4,1,0,0
6238,0.4,1,0,0
6239,0.4,3,1,0
6240,1.2000000000000002,2,1,1
6241,0.4,2,0,0
6242,1.2000000000000002,1,1,1
6243,0.4,2,1,1
6244,0.4,1,1,1
6245,0.4,1,0,0
6246,0.4,1,1,1
6247,1.2000000000000002,1,0,0
6248,1.2000000000000002,2,1,1
6249,0.4,3,1,1
6250,0.4,2,1,1
6251,0.4,2,1,1
6252,0.4,3,0,0
6253,1.2000000000000002,2,1,1
6254,0.4,0,0,0
6255,1.2000000000000002,3,1,1
6256,0.4,2,0,0
6257,1.2000000000000002,1,0,1
6258,0.4,3,1,1
6259,0.4,3,1,1
6260,0.4,2,1,0
6261,0.4,2,1,1
6262,0.4,1,0,0
6263,0.4,2,1,1
6264,0.4,1,1,0
6265,0.4,3,0,0
6266,2.0,2,1,1
6267,0.4,2,1,1
6268,0.4,1,0,0
6269,0.4,1,1,1
6270,1.2000000000000002,3,0,0
6271,0.4,2,0,0
6272,1.2000000000000002,0,0,1
6273,0.4,1,1,0
6274,0.4,2,1,1
6275,0.4,2,0,0
6276,0.4,2,0,0
6277,0.4,3,1,0
6278,0.4,2,0,0
6279,1.2000000000000002,2,1,1
6280,1.2000000000000002,0,0,1
6281,0.4,0,0,0
6282,0.4,1,1,1
6283,0.4,2,0,0
6284,0.4,1,0,0
6285,0.4,3,1,0
6286,1.2000000000000002,1,0,0
6287,0.4,1,1,1
6288,0.4,1,0,0
6289,0.4,2,1,0
6290,0.4,2,0,0
6291,1.2000000000000002,1,1,1
6292,0.4,1,0,0
6293,0.4,1,1,0
6294,0.4,1,1,1
6295,0.4,1,1,1
6296,1.2000000000000002,1,1,1
6297,0.4,1,1,0
6298,0.4,2,0,0
6299,0.4,1,1,1
6300,0.4,1,0,0
6301,0.4,0,1,1
6302,0.4,2,0,0
6303,0.4,1,0,0
6304,0.4,2,0,0
6305,0.4,1,0,0
6306,0.4,1,0,0
6307,0.4,1,0,0
6308,0.4,2,1,1
6309,0.4,1,0,0
6310,0.4,1,1,1
6311,0.4,2,1,1
6312,0.4,3,0,0
6313,0.4,1,1,1
6314,0.4,1,0,0
6315,0.4,1,0,0
6316,0.4,2,0,1
6317,0.4,2,0,0
6318,0.4,2,1,1
6319,0.4,0,0,0
6320,0.4,1,0,0
6321,1.2000000000000002,2,1,1
6322,0.4,1,1,1
6323,0.4,2,1,1
6324,1.2000000000000002,3,0,0
6325,0.4,2,1,1
6326,0.4,1,1,0
6327,0.4,2,0,0
6328,0.4,1,1,1
6329,0.4,1,1,1
6330,0.4,2,0,0
6331,0.4,2,1,1
6332,0.4,3,1,1
6333,1.2000000000000002,1,1,1
6334,0.4,1,1,1
6335,0.4,2,1,1
6336,1.2000000000000002,1,0,0
6337,0.4,1,1,1
6338,1.2000000000000002,0,0,1
6339,0.4,0,1,1
6340,0.4,0,1,1
6341,1.2000000000000002,1,1,1
6342,0.4,2,0,0
6343,0.4,1,1,1
6344,0.4,1,1,1
6345,0.4,2,0,0
6346,1.2000000000000002,1,1,1
6347,0.4,1,0,0
6348,1.2000000000000002,2,0,0
6349,0.4,2,0,0
6350,0.4,2,1,0
6351,0.4,2,1,0
6352,1.2000000000000002,2,1,1
6353,0.4,1,0,0
6354,1.2000000000000002,2,0,1
6355,1.2000000000000002,3,0,0
6356,0.4,2,1,1
6357,0.4,0,1,1
6358,0.4,2,0,0
6359,0.4,1,0,0
6360,0.4,3,0,0
6361,1.2000000000000002,1,0,0
6362,1.2000000000000002,1,0,0
6363,0.4,1,1,1
6364,2.0,2,1,1
6365,0.4,1,0,0
6366,0.4,2,1,1
6367,1.2000000000000002,1,0,1
6368,1.2000000000000002,3,1,1
6369,0.4,3,1,0
6370,1.2000000000000002,2,1,1
6371,0.4,1,1,1
6372,0.4,2,1,1
6373,0.4,2,0,0
6374,0.4,3,0,0
6375,0.4,1,0,0
6376,0.4,1,0,0
6377,0.4,0,0,0
6378,1.2000000000000002,2,1,1
6379,0.4,2,0,0
6380,1.2000000000000002,1,0,0
6381,0.4,2,1,0
6382,0.4,0,1,1
6383,0.4,1,0,0
6384,0.4,1,0,0
6385,0.4,2,1,1
6386,2.0,1,0,1
6387,0.4,2,1,1
6388,0.4,2,1,1
6389,1.2000000000000002,0,1,1
6390,1.2000000000000002,2,0,1
6391,0.4,2,0,0
6392,0.4,1,0,0
6393,1.2000000000000002,0,0,1
6394,0.4,1,1,1
6395,0.4,3,1,0
6396,0.4,1,0,0
6397,0.4,3,0,0
6398,0.4,2,0,0
6399,0.4,3,1,1
6400,0.4,2,1,1
6401,0.4,2,0,0
6402,0.4,2,0,0
6403,0.4,2,0,0
6404,0.4,1,0,0
6405,1.2000000000000002,3,0,0
6406,0.4,2,1,1
6407,0.4,2,1,1
6408,0.4,1,0,0
6409,2.0,2,0,1
6410,0.4,2,0,0
6411,0.4,1,1,0
6412,0.4,1,0,0
6413,0.4,1,0,0
6414,0.4,1,0,0
6415,1.2000000000000002,1,1,1
6416,0.4,2,1,1
6417,0.4,1,0,0
6418,0.4,2,0,0
6419,0.4,1,1,0
6420,0.4,0,0,0
6421,0.4,2,0,0
6422,0.4,2,1,1
6423,0.4,1,0,0
6424,0.4,2,0,0
6425,0.4,2,1,1
6426,0.4,1,1,1
6427,0.4,3,0,0
6428,0.4,0,0,0
6429,0.4,1,0,0
6430,1.2000000000000002,1,0,0
6431,0.4,1,1,1
6432,0.4,2,1,0
6433,1.2000000000000002,1,1,1
6434,0.4,1,0,0
6435,1.2000000000000002,1,0,1
6436,0.4,3,0,0
6437,0.4,1,1,1
6438,0.4,1,1,0
6439,0.4,2,1,1
6440,0.4,3,0,0
6441,1.2000000000000002,3,0,0
6442,0.4,2,1,1
6443,0.4,2,0,0
6444,1.2000000000000002,1,1,1
6445,0.4,2,0,0
6446,0.4,3,1,1
6447,1.2000000000000002,3,0,0
6448,0.4,2,1,1
6449,0.4,0,0,0
6450,0.4,3,1,0
6451,0.4,1,0,0
6452,0.4,1,1,1
6453,0.4,1,0,0
6454,0.4,2,1,1
6455,0.4,1,0,0
6456,0.4,1,1,1
6457,0.4,1,1,1
6458,1.2000000000000002,1,0,1
6459,0.4,1,1,1
6460,0.4,3,0,0
6461,0.4,2,1,1
6462,0.4,2,1,1
6463,0.4,2,1,1
6464,1.2000000000000002,1,0,0
6465,0.4,1,1,1
6466,1.2000000000000002,2,1,1
6467,1.2000000000000002,2,1,1
6468,1.2000000000000002,1,0,0
6469,0.4,1,0,0
6470,0.4,1,0,0
6471,1.2000000000000002,1,1,1
6472,0.4,3,1,0
6473,0.4,1,0,0
6474,0.4,1,1,1
6475,1.2000000000000002,2,1,1
6476,0.4,1,1,1
6477,1.2000000000000002,2,0,0
6478,0.4,2,1,0
6479,1.2000000000000002,2,1,1
6480,0.4,3,1,1
6481,0.4,2,0,0
6482,0.4,1,0,0
6483,0.4,0,0,0
6484,0.4,0,0,0
6485,0.4,1,1,1
6486,0.4,0,0,0
6487,1.2000000000000002,1,1,1
6488,1.2000000000000002,1,1,0
6489,0.4,1,0,0
6490,0.4,1,1,1
6491,1.2000000000000002,2,1,1
6492,1.2000000000000002,1,1,1
6493,0.4,2,1,1
6494,0.4,1,0,0
6495,1.2000000000000002,1,1,1
6496,0.4,2,0,0
6497,1.2000000000000002,1,1,1
6498,0.4,1,0,0
6499,0.4,1,0,1
6500,0.4,0,1,1
6501,1.2000000000000002,2,0,0
6502,0.4,2,1,1
6503,1.2000000000000002,1,1,1
6504,1.2000000000000002,2,1,1
6505,0.4,1,0,0
6506,0.4,1,0,0
6507,0.4,2,1,1
6508,0.4,0,1,1
6509,1.2000000000000002,1,1,1
6510,0.4,2,0,0
6511,0.4,0,1,1
6512,0.4,2,0,0
6513,0.4,1,0,0
6514,0.4,1,1,1
6515,0.4,3,0,0
6516,0.4,1,0,1
6517,0.4,3,0,0
6518,1.2000000000000002,1,0,0
6519,0.4,1,1,1
6520,0.4,2,0,0
6521,0.4,2,1,0
6522,0.4,3,0,0
6523,2.0,1,0,1
6524,0.4,3,0,0
6525,0.4,3,0,0
6526,0.4,2,0,0
6527,0.4,2,0,0
6528,1.2000000000000002,1,1,1
6529,0.4,1,1,1
6530,1.2000000000000002,1,0,0
6531,1.2000000000000002,1,0,1
6532,0.4,2,1,1
6533,0.4,3,1,0
6534,0.4,2,0,0
6535,1.2000000000000002,3,0,0
6536,0.4,2,0,0
6537,1.2000000000000002,2,1,1
6538,1.2000000000000002,2,0,0
6539,0.4,2,1,1
6540,1.2000000000000002,0,0,0
6541,0.4,1,0,0
6542,0.4,1,0,0
6543,0.4,1,1,1
6544,0.4,3,1,1
6545,0.4,1,0,0
6546,0.4,1,0,0
6547,0.4,1,0,0
6548,1.2000000000000002,1,1,1
6549,1.2000000000000002,2,0,0
6550,0.4,2,1,1
6551,0.4,1,1,1
6552,0.4,2,1,0
6553,0.4,1,0,0
6554,0.4,2,0,0
6555,0.4,2,1,1
6556,1.2000000000000002,2,0,0
6557,0.4,2,0,0
6558,0.4,0,1,1
6559,0.4,2,1,1
6560,0.4,1,0,1
6561,0.4,3,0,0
6562,0.4,1,1,1
6563,0.4,2,1,1
6564,0.4,2,0,0
6565,0.4,2,1,0
6566,0.4,1,1,1
6567,0.4,2,0,0
6568,0.4,3,0,0
6569,0.4,2,1,1
6570,0.4,2,0,0
6571,1.2000000000000002,2,1,1
6572,0.4,3,0,0
6573,0.4,0,1,1
6574,0.4,2,0,0
6575,1.2000000000000002,0,1,1
6576,0.4,2,0,0
6577,0.4,2,0,0
6578,1.2000000000000002,3,1,0
6579,0.4,3,1,1
6580,0.4,2,0,0
6581,0.4,2,1,1
6582,0.4,2,0,0
6583,0.4,2,1,1
6584,2.0,0,1,1
6585,0.4,1,1,0
6586,0.4,2,1,1
6587,0.4,3,0,0
6588,1.2000000000000002,1,1,1
6589,1.2000000000000002,2,1,1
6590,1.2000000000000002,1,0,0
6591,0.4,3,0,0
6592,0.4,2,0,0
6593,0.4,0,0,0
6594,1.2000000000000002,2,1,1
6595,0.4,2,1,1
6596,0.4,1,0,0
6597,0.4,2,1,1
6598,1.2000000000000002,1,1,1
6599,0.4,2,1,0
6600,1.2000000000000002,2,0,0
6601,1.2000000000000002,2,0,0
6602,0.4,2,1,1
6603,1.2000000000000002,2,0,1
6604,0.4,2,1,1
6605,0.4,0,1,1
6606,0.4,1,0,0
6607,1.2000000000000002,1,1,1
6608,0.4,2,1,1
6609,0.4,2,1,1
6610,0.4,1,0,0
6611,0.4,2,0,0
6612,0.4,1,1,1
6613,0.4,1,0,0
6614,0.4,1,1,0
6615,1.2000000000000002,2,0,0
6616,0.4,2,0,0
6617,1.2000000000000002,2,0,0
6618,1.2000000000000002,2,0,0
6619,0.4,2,0,1
6620,0.4,3,0,0
6621,0.4,0,0,1
6622,0.4,1,0,0
6623,0.4,1,1,1
6624,0.4,2,0,0
6625,0.4,1,0,0
6626,1.2000000000000002,1,1,1
6627,1.2000000000000002,2,0,0
6628,0.4,1,1,1
6629,0.4,3,0,0
6630,1.2000000000000002,2,0,1
6631,1.2000000000000002,1,0,0
6632,1.2000000000000002,1,0,1
6633,0.4,1,0,0
6634,0.4,2,1,0
6635,0.4,0,1,1
6636,1.2000000000000002,1,0,1
6637,0.4,0,1,1
6638,0.4,0,1,1
6639,1.2000000000000002,2,1,1
6640,1.2000000000000002,1,1,1
6641,0.4,2,1,1
6642,0.4,2,1,0
6643,1.2000000000000002,2,1,1
6644,1.2000000000000002,1,1,1
6645,0.4,0,0,0
6646,0.4,0,0,0
6647,0.4,3,0,0
6648,0.4,1,0,0
6649,0.4,0,1,1
6650,0.4,1,0,0
6651,0.4,1,0,0
6652,0.4,1,0,0
6653,1.2000000000000002,0,1,1
6654,0.4,2,0,0
6655,0.4,2,0,0
6656,0.4,2,0,0
6657,1.2000000000000002,2,0,0
6658,0.4,3,0,0
6659,0.4,3,1,0
6660,1.2000000000000002,2,0,0
6661,0.4,2,0,0
6662,1.2000000000000002,1,1,1
6663,0.4,3,0,0
6664,2.0,0,0,1
6665,0.4,1,1,1
6666,0.4,2,1,1
6667,0.4,1,1,1
6668,0.4,1,1,1
6669,0.4,1,0,0
6670,0.4,3,0,0
6671,0.4,0,1,1
6672,0.4,2,0,0
6673,0.4,2,0,0
6674,0.4,1,0,0
6675,0.4,1,1,1
6676,0.4,1,1,1
6677,1.2000000000000002,2,1,1
6678,0.4,1,1,1
6679,2.0,0,0,1
6680,0.4,1,1,1
6681,0.4,1,0,0
6682,0.4,2,0,0
6683,0.4,3,1,1
6684,1.2000000000000002,0,0,0
6685,0.4,2,1,0
6686,0.4,2,1,0
6687,0.4,1,1,1
6688,0.4,3,1,1
6689,0.4,3,0,0
6690,0.4,0,1,1
6691,0.4,2,1,0
6692,0.4,1,1,1
6693,1.2000000000000002,2,1,1
6694,0.4,1,1,1
6695,0.4,2,1,1
6696,0.4,2,0,0
6697,0.4,1,1,1
6698,0.4,3,1,0
6699,0.4,2,0,0
6700,0.4,3,0,0
6701,0.4,1,0,0
6702,0.4,3,1,0
6703,2.0,1,1,1
6704,0.4,1,1,1
6705,1.2000000000000002,2,0,0
6706,0.4,3,0,0
6707,0.4,1,1,0
6708,0.4,1,0,0
6709,0.4,3,1,1
6710,1.2000000000000002,1,1,1
6711,0.4,2,0,0
6712,1.2000000000000002,0,1,1
6713,0.4,1,0,0
6714,1.2000000000000002,2,0,0
6715,0.4,0,1,1
6716,0.4,1,1,1
6717,0.4,0,0,0
6718,0.4,2,1,1
6719,0.4,1,0,1
6720,0.4,2,0,0
6721,0.4,2,0,0
6722,0.4,0,1,1
6723,2.0,1,1,1
6724,0.4,3,0,0
6725,1.2000000000000002,1,0,0
6726,1.2000000000000002,2,1,1
6727,0.4,3,0,0
6728,2.0,1,0,1
6729,0.4,2,0,1
6730,1.2000000000000002,3,0,0
6731,0.4,1,0,0
6732,0.4,0,0,0
6733,0.4,1,0,0
6734,0.4,2,1,0
6735,0.4,1,1,1
6736,0.4,3,0,0
6737,1.2000000000000002,1,0,0
6738,0.4,1,1,1
6739,0.4,1,1,1
6740,0.4,1,0,0
6741,0.4,2,1,0
6742,0.4,1,1,1
6743,0.4,1,1,0
6744,0.4,0,0,0
6745,0.4,2,0,0
6746,0.4,2,0,0
6747,0.4,3,0,0
6748,0.4,1,0,0
6749,0.4,2,1,0
6750,1.2000000000000002,1,0,1
6751,0.4,0,0,0
6752,0.4,1,0,0
6753,0.4,1,0,0
6754,1.2000000000000002,2,0,0
6755,1.2000000000000002,2,0,0
6756,0.4,2,0,0
6757,0.4,1,1,1
6758,0.4,2,0,0
6759,0.4,3,0,0
6760,1.2000000000000002,0,1,1
6761,0.4,1,1,1
6762,1.2000000000000002,1,0,0
6763,0.4,0,0,0
6764,0.4,2,0,0
6765,1.2000000000000002,3,1,1
6766,0.4,2,1,1
6767,0.4,1,1,1
6768,0.4,2,0,0
6769,1.2000000000000002,1,1,1
6770,0.4,1,0,0
6771,1.2000000000000002,2,1,1
6772,1.2000000000000002,1,0,1
6773,0.4,1,0,0
6774,0.4,2,1,0
6775,0.4,2,0,0
6776,0.4,2,0,0
6777,0.4,1,1,1
6778,0.4,2,0,0
6779,1.2000000000000002,2,1,1
6780,1.2000000000000002,2,0,1
6781,0.4,1,1,0
6782,1.2000000000000002,1,1,1
6783,0.4,3,0,0
6784,1.2000000000000002,3,0,0
6785,0.4,0,1,1
6786,0.4,1,1,1
6787,0.4,1,1,1
6788,0.4,0,1,1
6789,0.4,2,0,0
6790,0.4,1,1,1
6791,1.2000000000000002,2,0,0
6792,0.4,2,0,0
6793,0.4,2,1,1
6794,0.4,0,1,1
6795,0.4,2,0,0
6796,0.4,1,0,0
6797,0.4,2,1,1
6798,0.4,0,1,1
6799,0.4,3,1,0
6800,0.4,1,0,0
6801,0.4,1,0,0
6802,1.2000000000000002,2,1,1
6803,1.2000000000000002,0,0,0
6804,0.4,3,1,0
6805,0.4,2,1,1
6806,0.4,1,0,0
6807,0.4,1,1,1
6808,1.2000000000000002,1,0,0
6809,0.4,2,0,0
6810,1.2000000000000002,1,1,1
6811,0.4,2,0,0
6812,0.4,2,0,0
6813,1.2000000000000002,2,0,1
6814,0.4,0,0,0
6815,0.4,1,1,0
6816,0.4,1,1,1
6817,0.4,2,0,0
6818,0.4,2,1,1
6819,1.2000000000000002,1,1,1
6820,1.2000000000000002,1,1,1
6821,0.4,1,1,1
6822,0.4,3,1,1
6823,0.4,1,1,1
6824,0.4,2,0,0
6825,1.2000000000000002,2,0,0
6826,0.4,2,1,1
6827,0.4,3,0,0
6828,0.4,2,1,1
6829,0.4,2,1,1
6830,0.4,3,1,1
6831,0.4,2,0,0
6832,0.4,2,1,0
6833,0.4,2,1,1
6834,0.4,0,1,1
6835,0.4,1,1,1
6836,0.4,2,0,0
6837,0.4,1,0,1
6838,1.2000000000000002,1,1,1
6839,1.2000000000000002,1,1,1
6840,1.2000000000000002,2,1,1
6841,1.2000000000000002,1,0,1
6842,0.4,3,1,1
6843,0.4,2,1,1
6844,0.4,3,1,0
6845,0.4,2,1,1
6846,1.2000000000000002,1,1,1
6847,1.2000000000000002,1,1,1
6848,0.4,0,1,1
6849,0.4,2,0,0
6850,0.4,0,1,1
6851,0.4,2,1,1
6852,0.4,1,1,1
6853,0.4,1,1,1
6854,1.2000000000000002,1,1,1
6855,1.2000000000000002,2,1,1
6856,0.4,1,1,1
6857,1.2000000000000002,0,0,1
6858,0.4,2,0,0
6859,0.4,2,1,1
6860,0.4,0,0,0
6861,0.4,2,1,1
6862,1.2000000000000002,2,1,1
6863,1.2000000000000002,2,1,1
6864,0.4,1,1,1
6865,0.4,3,0,0
6866,1.2000000000000002,1,0,0
6867,0.4,2,0,0
6868,0.4,1,1,1
6869,0.4,2,1,0
6870,0.4,2,0,0
6871,0.4,2,0,0
6872,1.2000000000000002,2,1,1
6873,0.4,0,1,1
6874,0.4,2,0,0
6875,1.2000000000000002,2,1,1
6876,0.4,1,0,0
6877,1.2000000000000002,2,0,0
6878,0.4,0,1,1
6879,0.4,1,0,0
6880,0.4,3,0,0
6881,0.4,1,0,0
6882,0.4,1,0,0
6883,0.4,3,0,0
6884,0.4,0,1,1
6885,0.4,0,0,0
6886,0.4,2,1,1
6887,0.4,2,1,1
6888,0.4,2,1,0
6889,0.4,2,1,1
6890,0.4,3,0,0
6891,0.4,1,0,0
6892,0.4,2,1,1
6893,0.4,1,0,0
6894,0.4,3,0,0
6895,0.4,2,1,1
6896,1.2000000000000002,1,1,1
6897,1.2000000000000002,2,0,1
6898,0.4,3,1,1
6899,0.4,1,1,1
6900,0.4,3,1,1
6901,1.2000000000000002,0,0,0
6902,0.4,1,0,0
6903,0.4,3,1,1
6904,0.4,2,1,0
6905,0.4,2,0,0
6906,0.4,0,1,1
6907,0.4,0,1,1
6908,0.4,2,0,0
6909,0.4,3,0,0
6910,0.4,1,1,1
6911,0.4,1,0,0
6912,0.4,1,0,0
6913,0.4,1,0,0
6914,1.2000000000000002,1,1,1
6915,0.4,2,0,0
6916,1.2000000000000002,2,1,1
6917,0.4,2,0,0
6918,0.4,2,1,1
6919,0.4,1,1,1
6920,0.4,1,0,0
6921,0.4,1,1,1
6922,0.4,3,0,0
6923,1.2000000000000002,2,1,1
6924,0.4,0,0,0
6925,0.4,1,1,1
6926,0.4,2,1,1
6927,0.4,2,1,1
6928,0.4,2,1,1
6929,2.0,1,1,1
6930,1.2000000000000002,1,0,0
6931,1.2000000000000002,2,0,1
6932,0.4,1,0,0
6933,0.4,3,1,1
6934,1.2000000000000002,2,0,0
6935,0.4,2,0,0
6936,0.4,1,0,1
6937,2.0,2,0,1
6938,0.4,1,1,0
6939,0.4,1,0,0
6940,1.2000000000000002,0,0,0
6941,0.4,2,1,1
6942,0.4,3,0,0
6943,0.4,1,0,0
6944,1.2000000000000002,1,0,0
6945,2.0,2,0,1
6946,0.4,0,1,1
6947,0.4,0,1,1
6948,1.2000000000000002,0,1,1
6949,1.2000000000000002,2,0,0
6950,0.4,2,1,1
6951,0.4,2,0,0
6952,0.4,2,0,0
6953,1.2000000000000002,3,0,0
6954,1.2000000000000002,1,0,0
6955,0.4,2,1,1
6956,0.4,1,0,0
6957,0.4,2,1,1
6958,0.4,2,0,0
6959,0.4,0,0,0
6960,0.4,2,1,1
6961,0.4,2,0,0
6962,1.2000000000000002,1,1,1
6963,0.4,2,0,0
6964,0.4,0,0,0
6965,0.4,1,0,0
6966,0.4,1,1,1
6967,0.4,3,0,0
6968,0.4,3,1,1
6969,0.4,2,0,0
6970,0.4,2,1,1
6971,0.4,2,1,1
6972,0.4,3,1,1
6973,0.4,1,1,1
6974,1.2000000000000002,2,1,1
6975,0.4,1,1,1
6976,0.4,1,0,0
6977,0.4,1,1,1
6978,0.4,2,0,0
6979,0.4,3,0,0
6980,0.4,2,0,0
6981,1.2000000000000002,1,1,1
6982,0.4,2,0,0
6983,1.2000000000000002,1,0,1
6984,0.4,2,1,1
6985,0.4,2,0,0
6986,0.4,2,0,0
6987,0.4,3,1,1
6988,0.4,3,1,1
6989,0.4,2,1,1
6990,1.2000000000000002,1,0,1
6991,0.4,1,1,0
6992,0.4,2,0,0
6993,0.4,0,0,0
6994,0.4,2,0,0
6995,0.4,1,1,1
6996,0.4,1,1,1
6997,0.4,2,1,1
6998,0.4,2,0,0
6999,0.4,0,0,0
7000,0.4,2,0,0
7001,0.4,1,0,0
7002,0.4,1,0,0
7003,0.4,2,0,0
7004,2.0,0,1,1
7005,0.4,0,0,0
7006,0.4,2,1,1
7007,1.2000000000000002,1,0,0
7008,0.4,2,0,0
7009,0.4,1,0,0
7010,1.2000000000000002,2,1,1
7011,0.4,1,0,0
7012,0.4,2,1,1
7013,1.2000000000000002,1,0,0
7014,1.2000000000000002,0,1,1
7015,1.2000000000000002,2,1,1
7016,0.4,1,1,1
7017,0.4,2,0,0
7018,0.4,2,0,0
7019,0.4,2,1,1
7020,0.4,2,1,0
7021,0.4,0,1,1
7022,0.4,0,0,0
7023,0.4,2,1,1
7024,1.2000000000000002,0,0,1
7025,0.4,1,1,1
7026,0.4,1,0,0
7027,0.4,1,1,0
7028,1.2000000000000002,1,0,0
7029,0.4,3,0,0
7030,0.4,2,1,1
7031,0.4,1,0,0
7032,1.2000000000000002,1,1,1
7033,0.4,1,1,0
7034,0.4,2,1,1
7035,1.2000000000000002,1,0,1
7036,0.4,1,0,0
7037,0.4,0,1,1
7038,0.4,3,1,0
7039,0.4,1,1,1
7040,0.4,0,0,1
7041,0.4,1,0,0
7042,0.4,1,0,0
7043,1.2000000000000002,3,1,1
7044,0.4,3,1,0
7045,1.2000000000000002,2,0,0
7046,2.0,1,0,1
7047,0.4,1,0,0
7048,0.4,2,0,0
7049,0.4,0,0,0
7050,0.4,0,1,1
7051,0.4,1,1,1
7052,0.4,2,1,1
7053,1.2000000000000002,3,0,0
7054,0.4,3,1,0
7055,1.2000000000000002,1,0,0
7056,1.2000000000000002,3,0,0
7057,1.2000000000000002,2,1,1
7058,0.4,1,0,0
7059,1.2000000000000002,2,1,1
7060,2.8,3,1,1
7061,1.2000000000000002,2,0,1
7062,1.2000000000000002,2,0,1
7063,0.4,1,0,0
7064,0.4,2,1,1
7065,0.4,2,0,0
7066,0.4,3,0,0
7067,1.2000000000000002,0,1,1
7068,0.4,1,0,0
7069,0.4,1,0,0
7070,0.4,2,1,1
7071,0.4,3,1,1
7072,1.2000000000000002,1,1,1
7073,0.4,2,0,0
7074,0.4,3,1,1
7075,1.2000000000000002,3,1,1
7076,1.2000000000000002,1,0,1
7077,0.4,1,0,0
7078,0.4,1,1,1
7079,0.4,3,1,1
7080,0.4,1,0,0
7081,0.4,2,1,0
7082,0.4,2,0,0
7083,0.4,2,0,0
7084,0.4,1,1,1
7085,0.4,1,0,0
7086,2.0,1,0,0
7087,0.4,3,1,1
7088,0.4,1,1,1
7089,0.4,0,0,0
7090,0.4,1,1,0
7091,1.2000000000000002,1,1,1
7092,0.4,2,1,1
7093,0.4,2,1,1
7094,0.4,1,1,0
7095,0.4,0,1,1
7096,0.4,2,1,1
7097,0.4,2,0,0
7098,1.2000000000000002,2,1,1
7099,1.2000000000000002,3,0,0
7100,0.4,3,1,1
7101,0.4,2,1,1
7102,0.4,1,0,0
7103,1.2000000000000002,0,1,1
7104,0.4,1,0,0
7105,1.2000000000000002,0,0,0
7106,0.4,2,1,0
7107,0.4,1,0,0
7108,0.4,2,1,1
7109,0.4,0,0,0
7110,0.4,2,0,0
7111,0.4,2,1,1
7112,0.4,2,1,0
7113,0.4,2,1,1
7114,2.0,2,0,1
7115,0.4,1,0,0
7116,0.4,1,0,0
7117,0.4,3,0,0
7118,1.2000000000000002,1,0,0
7119,0.4,2,0,0
7120,0.4,0,0,0
7121,0.4,2,1,1
7122,0.4,1,1,1
7123,1.2000000000000002,1,0,0
7124,0.4,1,1,1
7125,0.4,1,0,0
7126,1.2000000000000002,1,1,1
7127,0.4,1,0,0
7128,0.4,2,0,1
7129,0.4,1,1,1
7130,0.4,1,1,1
7131,0.4,1,1,0
7132,0.4,1,0,0
7133,0.4,3,0,0
7134,0.4,2,1,0
7135,1.2000000000000002,2,1,1
7136,0.4,2,0,0
7137,0.4,1,0,0
7138,0.4,1,1,1
7139,0.4,1,1,1
7140,0.4,1,1,1
7141,1.2000000000000002,2,0,0
7142,0.4,2,1,1
7143,1.2000000000000002,2,1,1
7144,0.4,2,0,0
7145,0.4,1,0,0
7146,1.2000000000000002,0,0,0
7147,1.2000000000000002,1,1,1
7148,0.4,1,0,0
7149,0.4,2,1,1
7150,0.4,1,0,0
7151,0.4,1,1,1
7152,0.4,1,1,1
7153,0.4,1,0,0
7154,0.4,1,0,0
7155,0.4,1,1,0
7156,0.4,2,1,1
7157,1.2000000000000002,2,1,1
7158,1.2000000000000002,2,0,1
7159,1.2000000000000002,0,0,1
7160,0.4,2,0,0
7161,0.4,0,0,0
7162,0.4,0,1,1
7163,0.4,2,0,0
7164,0.4,2,1,1
7165,0.4,1,0,0
7166,0.4,1,0,0
7167,0.4,3,1,1
7168,1.2000000000000002,1,1,1
7169,0.4,0,1,1
7170,0.4,2,1,1
7171,1.2000000000000002,2,0,1
7172,1.2000000000000002,2,0,0
7173,0.4,1,1,1
7174,1.2000000000000002,2,1,1
7175,0.4,2,0,0
7176,1.2000000000000002,1,0,1
7177,0.4,1,1,1
7178,1.2000000000000002,2,1,1
7179,0.4,1,1,0
7180,1.2000000000000002,3,0,1
7181,0.4,2,1,0
7182,0.4,1,1,1
7183,0.4,2,0,0
7184,0.4,1,0,0
7185,0.4,1,1,1
7186,0.4,1,1,1
7187,0.4,2,1,1
7188,0.4,3,1,1
7189,0.4,1,1,1
7190,0.4,1,1,1
7191,0.4,1,0,0
7192,0.4,2,0,0
7193,1.2000000000000002,2,1,1
7194,0.4,1,0,0
7195,0.4,0,0,0
7196,0.4,3,0,0
7197,0.4,2,0,0
7198,0.4,1,0,0
7199,0.4,2,0,0
7200,1.2000000000000002,2,0,0
7201,0.4,0,0,0
7202,0.4,3,0,0
7203,0.4,2,1,1
7204,2.0,1,1,1
7205,0.4,2,0,1
7206,1.2000000000000002,2,1,1
7207,0.4,2,1,1
7208,0.4,3,1,1
7209,1.2000000000000002,1,0,0
7210,1.2000000000000002,1,0,1
7211,0.4,1,0,0
7212,2.0,2,1,1
7213,0.4,1,1,1
7214,0.4,2,0,0
7215,0.4,2,0,0
7216,0.4,1,1,1
7217,1.2000000000000002,0,1,1
7218,0.4,2,1,1
7219,0.4,1,0,0
7220,0.4,0,1,1
7221,1.2000000000000002,2,1,1
7222,0.4,3,1,1
7223,0.4,2,1,1
7224,0.4,0,1,1
7225,0.4,0,0,0
7226,0.4,1,0,1
7227,0.4,0,1,1
7228,0.4,1,0,0
7229,0.4,0,0,0
7230,0.4,3,1,1
7231,0.4,0,1,1
7232,0.4,1,1,1
7233,0.4,1,1,1
7234,1.2000000000000002,3,0,0
7235,0.4,2,1,1
7236,0.4,0,1,1
7237,0.4,2,1,1
7238,1.2000000000000002,2,1,1
7239,0.4,0,1,1
7240,0.4,3,1,1
7241,0.4,2,0,0
7242,0.4,0,0,0
7243,0.4,2,0,0
7244,0.4,1,0,0
7245,1.2000000000000002,0,1,1
7246,1.2000000000000002,3,0,1
7247,0.4,2,1,1
7248,1.2000000000000002,0,0,0
7249,0.4,3,1,1
7250,1.2000000000000002,2,1,1
7251,1.2000000000000002,1,0,1
7252,0.4,1,1,0
7253,0.4,1,1,1
7254,0.4,1,0,0
7255,0.4,1,1,1
7256,1.2000000000000002,1,1,1
7257,0.4,1,0,0
7258,0.4,2,0,0
7259,0.4,2,1,1
7260,0.4,2,1,0
7261,1.2000000000000002,0,0,1
7262,0.4,0,0,0
7263,1.2000000000000002,0,0,1
7264,0.4,2,1,1
7265,0.4,1,1,1
7266,0.4,1,1,1
7267,0.4,2,0,0
7268,1.2000000000000002,0,1,1
7269,0.4,3,1,0
7270,0.4,1,0,0
7271,0.4,2,0,0
7272,0.4,2,0,0
7273,1.2000000000000002,1,0,0
7274,0.4,1,0,0
7275,1.2000000000000002,2,1,1
7276,0.4,1,0,0
7277,0.4,3,1,0
7278,0.4,1,1,1
7279,0.4,2,0,0
7280,1.2000000000000002,0,1,1
7281,1.2000000000000002,2,1,1
7282,0.4,1,0,0
7283,0.4,1,1,0
7284,0.4,0,0,0
7285,0.4,1,0,0
7286,0.4,2,1,1
7287,0.4,1,1,1
7288,0.4,1,1,1
7289,0.4,0,1,1
7290,0.4,3,1,0
7291,0.4,0,0,0
7292,0.4,0,1,1
7293,0.4,2,1,1
7294,0.4,1,1,1
7295,1.2000000000000002,2,1,1
7296,0.4,1,1,1
7297,1.2000000000000002,1,1,1
7298,0.4,1,0,0
7299,0.4,2,0,0
7300,0.4,1,0,0
7301,1.2000000000000002,3,0,0
7302,0.4,1,0,0
7303,0.4,2,0,0
7304,0.4,1,1,1
7305,1.2000000000000002,0,0,1
7306,0.4,1,0,0
7307,0.4,2,1,1
7308,2.0,3,0,0
7309,1.2000000000000002,2,0,0
7310,0.4,3,1,1
7311,0.4,2,1,1
7312,0.4,1,1,1
7313,1.2000000000000002,1,0,0
7314,1.2000000000000002,0,0,0
7315,0.4,1,1,1
7316,0.4,1,0,0
7317,0.4,2,1,1
7318,0.4,2,1,0
7319,0.4,3,0,1
7320,0.4,2,1,1
7321,1.2000000000000002,2,0,0
7322,1.2000000000000002,2,1,1
7323,1.2000000000000002,0,0,0
7324,0.4,2,1,1
7325,2.0,2,0,1
7326,0.4,1,1,0
7327,1.2000000000000002,0,1,1
7328,0.4,2,1,1
7329,0.4,1,0,0
7330,0.4,2,1,1
7331,0.4,3,0,0
7332,0.4,2,1,1
7333,0.4,2,0,0
7334,0.4,1,1,1
7335,0.4,1,1,1
7336,0.4,1,0,0
7337,0.4,0,0,0
7338,1.2000000000000002,1,0,1
7339,1.2000000000000002,0,1,1
7340,0.4,0,0,0
7341,0.4,0,0,0
7342,0.4,1,0,0
7343,0.4,2,1,1
7344,1.2000000000000002,1,0,0
7345,0.4,0,1,1
7346,0.4,3,1,1
7347,1.2000000000000002,1,0,0
7348,0.4,0,0,0
7349,0.4,1,1,1
7350,0.4,3,0,0
7351,0.4,1,0,0
7352,0.4,2,0,0
7353,0.4,2,1,1
7354,0.4,1,0,0
7355,1.2000000000000002,3,1,1
7356,0.4,1,0,0
7357,0.4,1,0,0
7358,0.4,1,1,1
7359,0.4,2,0,0
7360,0.4,1,1,1
7361,1.2000000000000002,2,0,0
7362,0.4,2,0,0
7363,0.4,1,0,1
7364,1.2000000000000002,1,0,0
7365,1.2000000000000002,1,1,1
7366,0.4,0,1,1
7367,0.4,2,1,0
7368,0.4,2,1,1
7369,1.2000000000000002,0,1,1
7370,1.2000000000000002,1,0,1
7371,1.2000000000000002,1,1,1
7372,0.4,1,0,0
7373,0.4,1,1,1
7374,0.4,0,1,1
7375,0.4,2,0,0
7376,0.4,0,1,1
7377,0.4,1,1,1
7378,2.0,0,0,1
7379,0.4,0,0,1
7380,0.4,1,1,1
7381,0.4,1,0,0
7382,0.4,0,0,0
7383,1.2000000000000002,1,1,1
7384,1.2000000000000002,1,1,1
7385,1.2000000000000002,0,1,1
7386,0.4,1,1,1
7387,0.4,1,0,0
7388,0.4,1,1,1
7389,1.2000000000000002,2,1,1
7390,0.4,1,0,0
7391,0.4,1,0,0
7392,0.4,3,0,0
7393,0.4,3,0,0
7394,0.4,2,0,0
7395,0.4,2,1,1
7396,0.4,0,0,0
7397,0.4,1,0,0
7398,0.4,2,0,0
7399,0.4,2,0,0
7400,1.2000000000000002,2,1,1
7401,2.0,2,1,1
7402,0.4,3,0,0
7403,0.4,0,0,0
7404,1.2000000000000002,2,1,1
7405,0.4,1,1,1
7406,1.2000000000000002,2,0,0
7407,1.2000000000000002,1,1,1
7408,1.2000000000000002,3,1,1
7409,0.4,2,1,1
7410,0.4,1,0,0
7411,0.4,2,0,0
7412,0.4,1,0,0
7413,0.4,1,0,0
7414,0.4,3,1,1
7415,0.4,1,0,0
7416,1.2000000000000002,2,1,1
7417,0.4,2,1,1
7418,0.4,1,0,0
7419,1.2000000000000002,3,1,1
7420,1.2000000000000002,3,1,1
7421,1.2000000000000002,3,1,1
7422,1.2000000000000002,1,0,1
7423,0.4,1,0,0
7424,0.4,3,0,0
7425,0.4,0,1,1
7426,0.4,2,0,0
7427,1.2000000000000002,2,0,0
7428,1.2000000000000002,1,0,1
7429,1.2000000000000002,1,0,1
7430,0.4,3,1,1
7431,2.0,2,1,1
7432,1.2000000000000002,2,0,0
7433,0.4,1,0,0
7434,0.4,0,1,1
7435,0.4,2,1,0
7436,1.2000000000000002,1,1,1
7437,0.4,1,0,0
7438,0.4,1,0,0
7439,0.4,3,1,1
7440,0.4,1,1,1
7441,2.0,2,0,1
7442,0.4,1,0,0
7443,0.4,2,1,1
7444,0.4,0,0,0
7445,1.2000000000000002,0,0,1
7446,0.4,1,1,0
7447,0.4,2,1,1
7448,0.4,2,0,0
7449,0.4,0,0,0
7450,1.2000000000000002,3,0,0
7451,0.4,2,1,1
7452,0.4,2,0,0
7453,0.4,1,0,0
7454,1.2000000000000002,2,0,1
7455,0.4,0,1,1
7456,0.4,2,1,0
7457,0.4,2,1,1
7458,0.4,1,0,0
7459,0.4,1,1,1
7460,0.4,1,0,0
7461,0.4,1,0,0
7462,0.4,2,1,1
7463,0.4,0,0,0
7464,0.4,2,0,0
7465,0.4,1,1,1
7466,1.2000000000000002,2,1,1
7467,0.4,1,0,0
7468,0.4,1,0,0
7469,0.4,0,1,1
7470,0.4,2,1,1
7471,0.4,1,0,0
7472,0.4,3,0,0
7473,0.4,3,1,0
7474,0.4,3,1,0
7475,0.4,3,1,0
7476,0.4,1,1,1
7477,0.4,2,0,0
7478,1.2000000000000002,0,0,1
7479,0.4,2,1,1
7480,0.4,1,0,0
7481,1.2000000000000002,2,1,1
7482,1.2000000000000002,1,0,0
7483,0.4,1,1,1
7484,0.4,1,0,0
7485,0.4,0,1,1
7486,0.4,1,1,1
7487,0.4,1,0,0
7488,0.4,3,1,0
7489,1.2000000000000002,0,0,1
7490,0.4,2,1,1
7491,0.4,1,1,1
7492,0.4,2,0,0
7493,0.4,2,1,1
7494,1.2000000000000002,1,1,1
7495,0.4,2,1,1
7496,0.4,1,0,1
7497,1.2000000000000002,0,0,1
7498,0.4,0,0,0
7499,1.2000000000000002,2,0,0
7500,1.2000000000000002,2,0,1
7501,1.2000000000000002,2,1,1
7502,0.4,1,0,0
7503,0.4,1,0,0
7504,0.4,1,1,1
7505,0.4,3,0,0
7506,0.4,0,1,1
7507,2.0,1,1,1
7508,0.4,3,1,1
7509,0.4,2,1,1
7510,0.4,1,0,1
7511,0.4,1,0,0
7512,0.4,2,1,1
7513,0.4,3,1,1
7514,0.4,1,0,0
7515,0.4,3,0,0
7516,0.4,3,1,1
7517,0.4,3,1,1
7518,1.2000000000000002,0,0,0
7519,0.4,2,1,0
7520,0.4,2,1,1
7521,0.4,2,0,0
7522,0.4,1,0,0
7523,0.4,2,0,0
7524,0.4,2,0,0
7525,1.2000000000000002,2,1,1
7526,0.4,1,0,0
7527,1.2000000000000002,1,0,0
7528,1.2000000000000002,2,0,0
7529,0.4,0,0,0
7530,1.2000000000000002,0,1,1
7531,0.4,1,0,1
7532,1.2000000000000002,0,1,1
7533,0.4,2,0,0
7534,0.4,0,0,0
7535,1.2000000000000002,1,1,1
7536,0.4,1,0,1
7537,0.4,3,0,0
7538,1.2000000000000002,2,1,1
7539,0.4,2,0,0
7540,0.4,2,1,1
7541,0.4,1,1,1
7542,0.4,1,0,0
7543,0.4,1,0,0
7544,0.4,2,0,0
7545,0.4,2,0,0
7546,1.2000000000000002,0,1,1
7547,0.4,2,1,1
7548,0.4,0,1,1
7549,0.4,1,0,0
7550,1.2000000000000002,3,0,0
7551,0.4,0,0,0
7552,0.4,2,0,0
7553,1.2000000000000002,1,0,1
7554,0.4,2,1,1
7555,0.4,2,0,0
7556,0.4,2,0,0
7557,1.2000000000000002,2,0,1
7558,0.4,0,0,0
7559,0.4,3,1,0
7560,0.4,1,1,1
7561,1.2000000000000002,1,0,0
7562,0.4,3,0,0
7563,1.2000000000000002,3,0,0
7564,1.2000000000000002,3,1,1
7565,1.2000000000000002,1,1,1
7566,0.4,1,0,0
7567,0.4,1,1,1
7568,1.2000000000000002,2,0,0
7569,0.4,2,1,1
7570,0.4,1,0,0
7571,0.4,1,0,0
7572,0.4,3,0,0
7573,0.4,1,0,0
7574,0.4,2,1,1
7575,0.4,0,0,0
7576,0.4,2,1,1
7577,0.4,2,0,0
7578,0.4,1,1,1
7579,0.4,0,1,1
7580,1.2000000000000002,2,1,1
7581,0.4,0,1,1
7582,1.2000000000000002,3,1,1
7583,1.2000000000000002,2,1,1
7584,0.4,0,1,1
7585,0.4,2,1,0
7586,0.4,2,0,0
7587,2.0,2,1,1
7588,0.4,0,1,0
7589,2.0,2,0,1
7590,1.2000000000000002,1,1,1
7591,0.4,2,0,0
7592,0.4,1,0,1
7593,1.2000000000000002,1,1,1
7594,0.4,3,0,0
7595,0.4,1,1,1
7596,1.2000000000000002,1,1,1
7597,0.4,2,0,0
7598,0.4,1,1,1
7599,0.4,3,0,0
7600,0.4,2,0,0
7601,0.4,1,1,1
7602,0.4,2,1,0
7603,0.4,2,0,0
7604,0.4,2,0,0
7605,1.2000000000000002,2,1,1
7606,1.2000000000000002,1,1,1
7607,0.4,1,0,0
7608,0.4,0,1,1
7609,0.4,0,0,1
7610,0.4,2,0,0
7611,0.4,3,1,1
7612,0.4,0,1,1
7613,0.4,1,1,0
7614,1.2000000000000002,1,0,1
7615,1.2000000000000002,0,1,1
7616,0.4,2,1,1
7617,0.4,2,1,1
7618,0.4,2,1,1
7619,1.2000000000000002,2,0,0
7620,1.2000000000000002,3,0,0
7621,0.4,2,1,1
7622,0.4,2,1,1
7623,1.2000000000000002,2,0,0
7624,0.4,1,0,1
7625,1.2000000000000002,2,0,0
7626,0.4,1,1,0
7627,1.2000000000000002,1,1,1
7628,0.4,2,0,0
7629,4.4,2,0,1
7630,0.4,1,1,1
7631,0.4,0,1,1
7632,0.4,1,0,0
7633,0.4,3,1,1
7634,0.4,3,0,0
7635,0.4,2,1,1
7636,0.4,3,0,0
7637,0.4,0,1,1
7638,0.4,1,1,1
7639,0.4,2,1,1
7640,1.2000000000000002,0,0,1
7641,1.2000000000000002,2,1,1
7642,1.2000000000000002,2,0,0
7643,0.4,3,0,0
7644,0.4,3,1,1
7645,0.4,2,1,1
7646,0.4,2,0,0
7647,0.4,1,1,1
7648,1.2000000000000002,1,0,0
7649,0.4,3,0,0
7650,0.4,2,0,0
7651,0.4,2,1,1
7652,0.4,1,0,0
7653,0.4,3,1,0
7654,0.4,1,1,1
7655,0.4,2,1,1
7656,1.2000000000000002,1,1,1
7657,2.0,2,1,1
7658,0.4,2,1,1
7659,0.4,1,0,0
7660,0.4,2,1,1
7661,0.4,1,1,1
7662,0.4,3,1,0
7663,1.2000000000000002,0,0,1
7664,0.4,1,1,1
7665,0.4,1,1,1
7666,0.4,2,1,1
7667,0.4,1,0,0
7668,0.4,1,1,1
7669,1.2000000000000002,1,1,1
7670,1.2000000000000002,1,0,1
7671,0.4,2,1,1
7672,0.4,2,0,0
7673,0.4,1,1,1
7674,0.4,1,0,0
7675,0.4,1,0,0
7676,1.2000000000000002,3,0,0
7677,1.2000000000000002,1,0,0
7678,1.2000000000000002,3,1,1
7679,0.4,3,0,0
7680,0.4,2,1,0
7681,1.2000000000000002,1,0,0
7682,1.2000000000000002,2,0,0
7683,0.4,1,0,0
7684,0.4,1,0,0
7685,1.2000000000000002,0,0,0
7686,0.4,3,0,1
7687,0.4,3,1,0
7688,0.4,1,0,0
7689,0.4,1,1,1
7690,0.4,2,0,0
7691,0.4,0,1,1
7692,0.4,2,1,1
7693,1.2000000000000002,1,0,0
7694,0.4,2,1,1
7695,1.2000000000000002,1,1,1
7696,0.4,2,1,1
7697,0.4,0,0,0
7698,2.0,3,1,1
7699,1.2000000000000002,2,0,0
7700,0.4,2,1,1
7701,0.4,3,0,0
7702,0.4,1,1,1
7703,0.4,1,0,0
7704,1.2000000000000002,3,0,1
7705,0.4,2,1,1
7706,0.4,1,1,1
7707,0.4,1,0,0
7708,0.4,2,1,1
7709,0.4,1,1,1
7710,0.4,1,0,0
7711,0.4,1,0,0
7712,1.2000000000000002,0,1,1
7713,2.0,2,1,1
7714,0.4,0,0,0
7715,0.4,2,1,1
7716,0.4,3,0,0
7717,0.4,0,0,0
7718,0.4,3,0,0
7719,0.4,1,1,1
7720,1.2000000000000002,1,1,1
7721,0.4,1,0,0
7722,0.4,2,0,0
7723,0.4,1,0,0
7724,0.4,3,0,0
7725,0.4,0,1,1
7726,0.4,1,0,0
7727,0.4,3,0,0
7728,0.4,1,0,0
7729,0.4,2,0,0
7730,0.4,2,1,1
7731,0.4,2,1,1
7732,0.4,3,0,0
7733,0.4,0,0,0
7734,0.4,1,0,0
7735,1.2000000000000002,2,1,1
7736,1.2000000000000002,2,1,1
7737,0.4,2,0,0
7738,0.4,2,1,0
7739,0.4,3,1,0
7740,0.4,3,1,0
7741,0.4,1,1,1
7742,0.4,1,0,0
7743,0.4,1,1,1
7744,0.4,3,1,0
7745,0.4,2,0,0
7746,0.4,0,1,1
7747,1.2000000000000002,2,1,1
7748,0.4,2,0,0
7749,1.2000000000000002,1,1,1
7750,1.2000000000000002,2,0,1
7751,1.2000000000000002,0,1,1
7752,0.4,1,0,0
7753,0.4,1,0,0
7754,0.4,1,1,1
7755,1.2000000000000002,2,1,1
7756,0.4,0,0,0
7757,0.4,2,1,1
7758,0.4,3,1,1
7759,1.2000000000000002,3,0,0
7760,1.2000000000000002,2,0,0
7761,0.4,1,0,0
7762,1.2000000000000002,2,1,1
7763,0.4,2,0,0
7764,0.4,2,1,1
7765,0.4,3,0,0
7766,0.4,1,1,1
7767,0.4,2,1,0
7768,1.2000000000000002,2,1,1
7769,0.4,2,1,1
7770,2.0,2,1,1
7771,0.4,2,1,1
7772,0.4,1,0,0
7773,1.2000000000000002,1,0,0
7774,0.4,3,1,1
7775,0.4,2,1,1
7776,0.4,3,1,1
7777,0.4,2,0,0
7778,0.4,1,0,0
7779,0.4,3,0,0
7780,0.4,2,0,0
7781,0.4,2,1,0
7782,0.4,2,1,1
7783,0.4,1,1,0
7784,1.2000000000000002,2,1,1
7785,1.2000000000000002,1,0,0
7786,1.2000000000000002,1,1,1
7787,0.4,1,0,0
7788,0.4,1,0,0
7789,0.4,3,0,0
7790,0.4,1,0,0
7791,1.2000000000000002,3,0,0
7792,0.4,3,0,1
7793,0.4,2,1,0
7794,0.4,3,0,0
7795,0.4,2,1,1
7796,0.4,2,0,0
7797,1.2000000000000002,0,0,0
7798,1.2000000000000002,2,1,1
7799,1.2000000000000002,1,0,0
7800,0.4,1,1,0
7801,0.4,2,1,1
7802,0.4,3,0,0
7803,0.4,1,1,1
7804,0.4,0,1,1
7805,0.4,2,1,1
7806,0.4,2,0,0
7807,0.4,0,0,0
7808,0.4,2,1,1
7809,0.4,1,1,0
7810,0.4,3,0,0
7811,0.4,3,0,0
7812,0.4,2,1,1
7813,0.4,3,0,0
7814,0.4,1,0,0
7815,0.4,1,1,1
7816,0.4,3,0,0
7817,0.4,2,1,1
7818,1.2000000000000002,1,1,1
7819,0.4,1,1,1
7820,0.4,2,1,1
7821,0.4,1,0,0
7822,0.4,1,0,0
7823,0.4,2,1,1
7824,0.4,2,1,1
7825,0.4,2,0,0
7826,0.4,2,1,0
7827,1.2000000000000002,1,0,0
7828,0.4,0,0,0
7829,0.4,3,1,1
7830,0.4,1,1,1
7831,0.4,2,0,0
7832,0.4,2,0,0
7833,0.4,2,0,0
7834,0.4,3,1,0
7835,2.0,1,1,1
7836,0.4,2,1,1
7837,0.4,2,1,1
7838,0.4,2,1,1
7839,0.4,1,0,0
7840,0.4,2,1,1
7841,0.4,1,1,1
7842,2.0,1,1,1
7843,0.4,3,1,1
7844,0.4,2,0,0
7845,1.2000000000000002,1,0,0
7846,0.4,2,0,0
7847,0.4,2,1,1
7848,0.4,2,0,0
7849,0.4,1,1,1
7850,1.2000000000000002,1,1,1
7851,0.4,2,1,1
7852,0.4,2,1,1
7853,0.4,0,0,0
7854,0.4,1,0,0
7855,0.4,2,1,0
7856,0.4,3,1,1
7857,0.4,2,1,1
7858,0.4,3,1,0
7859,0.4,0,0,0
7860,0.4,0,1,1
7861,1.2000000000000002,0,1,1
7862,0.4,1,1,1
7863,0.4,2,0,0
7864,0.4,3,1,0
7865,0.4,0,0,0
7866,1.2000000000000002,1,1,1
7867,0.4,2,1,1
7868,0.4,2,0,0
7869,0.4,2,0,0
7870,0.4,2,0,0
7871,1.2000000000000002,1,0,1
7872,0.4,2,1,1
7873,0.4,1,1,0
7874,0.4,2,1,1
7875,1.2000000000000002,1,1,1
7876,0.4,1,1,1
7877,0.4,2,1,1
7878,0.4,2,1,1
7879,0.4,3,0,0
7880,0.4,1,1,1
7881,0.4,2,0,0
7882,0.4,2,1,1
7883,0.4,1,0,0
7884,1.2000000000000002,1,0,0
7885,0.4,2,0,0
7886,0.4,1,0,0
7887,2.0,2,0,0
7888,1.2000000000000002,1,1,1
7889,0.4,1,1,1
7890,0.4,2,1,1
7891,0.4,2,1,1
7892,1.2000000000000002,1,0,0
7893,0.4,2,0,0
7894,0.4,1,1,1
7895,0.4,3,1,1
7896,0.4,1,0,0
7897,0.4,0,0,1
7898,0.4,1,0,0
7899,0.4,2,0,0
7900,0.4,0,1,1
7901,1.2000000000000002,2,0,0
7902,0.4,0,1,1
7903,0.4,1,0,0
7904,0.4,0,1,1
7905,0.4,2,1,1
7906,0.4,0,0,0
7907,1.2000000000000002,1,1,1
7908,0.4,0,0,0
7909,0.4,2,0,0
7910,0.4,0,0,0
7911,1.2000000000000002,0,0,1
7912,2.0,2,1,1
7913,1.2000000000000002,1,0,0
7914,0.4,1,1,1
7915,0.4,2,1,1
7916,1.2000000000000002,1,1,1
7917,0.4,2,1,1
7918,0.4,1,1,1
7919,0.4,0,0,1
7920,0.4,2,1,0
7921,0.4,2,1,1
7922,0.4,2,0,0
7923,0.4,1,0,0
7924,0.4,1,1,1
7925,0.4,0,1,1
7926,1.2000000000000002,2,1,1
7927,0.4,2,1,1
7928,0.4,1,0,0
7929,0.4,1,0,0
7930,1.2000000000000002,2,0,0
7931,0.4,3,1,1
7932,4.4,1,1,1
7933,0.4,3,0,0
7934,0.4,1,1,1
7935,0.4,1,1,1
7936,0.4,3,1,1
7937,0.4,2,0,0
7938,1.2000000000000002,2,1,1
7939,1.2000000000000002,3,0,0
7940,1.2000000000000002,1,1,1
7941,0.4,0,1,1
7942,0.4,3,1,1
7943,0.4,3,1,0
7944,0.4,3,0,0
7945,0.4,3,1,0
7946,0.4,2,0,0
7947,0.4,0,1,1
7948,0.4,2,0,0
7949,0.4,2,1,1
7950,0.4,1,0,0
7951,0.4,1,1,1
7952,0.4,2,0,0
7953,0.4,1,1,1
7954,0.4,1,1,1
7955,0.4,1,0,0
7956,0.4,0,0,0
7957,0.4,1,0,0
7958,0.4,0,1,0
7959,1.2000000000000002,1,0,1
7960,0.4,2,1,1
7961,0.4,3,1,0
7962,1.2000000000000002,2,0,1
7963,0.4,0,1,1
7964,1.2000000000000002,2,1,1
7965,0.4,1,0,0
7966,0.4,1,1,1
7967,0.4,2,0,0
7968,0.4,2,0,0
7969,0.4,1,0,0
7970,0.4,0,0,0
7971,0.4,1,0,0
7972,0.4,2,1,1
7973,0.4,2,0,0
7974,0.4,1,0,1
7975,0.4,1,1,1
7976,0.4,1,1,1
7977,0.4,2,0,0
7978,0.4,1,1,1
7979,0.4,1,1,0
7980,1.2000000000000002,3,1,1
7981,1.2000000000000002,2,0,0
7982,0.4,1,0,1
7983,0.4,0,0,0
7984,1.2000000000000002,2,1,1
7985,0.4,1,0,0
7986,1.2000000000000002,2,0,0
7987,0.4,0,1,1
7988,0.4,2,1,0
7989,0.4,1,0,0
7990,0.4,0,1,1
7991,0.4,3,1,1
7992,0.4,0,1,1
7993,0.4,2,0,0
7994,0.4,2,0,0
7995,0.4,2,1,1
7996,1.2000000000000002,3,1,1
7997,0.4,1,0,0
7998,0.4,0,0,1
7999,1.2000000000000002,3,1,1
8000,0.4,2,1,1
8001,0.4,2,0,0
8002,0.4,1,0,0
8003,0.4,3,0,0
8004,0.4,2,1,1
8005,1.2000000000000002,2,1,1
8006,0.4,1,1,1
8007,0.4,1,1,0
8008,0.4,2,1,1
8009,0.4,1,0,0
8010,0.4,3,0,0
8011,0.4,1,0,0
8012,0.4,0,0,0
8013,0.4,2,1,1
8014,0.4,0,0,0
8015,0.4,2,0,0
8016,0.4,2,0,0
8017,0.4,1,1,1
8018,0.4,2,0,0
8019,0.4,1,0,0
8020,1.2000000000000002,1,0,1
8021,0.4,1,0,0
8022,0.4,2,1,1
8023,0.4,2,1,1
8024,2.8,1,0,1
8025,0.4,2,0,0
8026,0.4,0,0,0
8027,1.2000000000000002,1,1,1
8028,0.4,2,1,0
8029,1.2000000000000002,2,1,1
8030,0.4,3,0,0
8031,2.8,1,0,1
8032,0.4,1,0,0
8033,0.4,1,0,0
8034,0.4,1,1,1
8035,0.4,1,1,1
8036,0.4,2,1,1
8037,0.4,2,0,0
8038,2.0,3,1,1
8039,0.4,1,1,0
8040,0.4,1,1,1
8041,0.4,2,1,1
8042,0.4,3,0,0
8043,0.4,3,1,1
8044,0.4,0,1,1
8045,1.2000000000000002,3,1,1
8046,0.4,1,1,0
8047,0.4,1,1,1
8048,0.4,2,0,0
8049,0.4,1,0,0
8050,0.4,2,0,0
8051,0.4,1,0,0
8052,0.4,2,0,0
8053,1.2000000000000002,2,1,1
8054,0.4,1,0,0
8055,0.4,1,1,1
8056,0.4,2,0,0
8057,2.0,2,0,1
8058,1.2000000000000002,1,0,1
8059,0.4,1,1,0
8060,0.4,2,1,0
8061,0.4,1,1,0
8062,0.4,2,1,1
8063,0.4,1,0,0
8064,1.2000000000000002,2,1,1
8065,0.4,0,1,1
8066,1.2000000000000002,3,0,0
8067,0.4,1,0,0
8068,1.2000000000000002,1,1,1
8069,0.4,2,0,0
8070,0.4,1,0,0
8071,0.4,1,1,1
8072,0.4,1,1,1
8073,0.4,2,0,0
8074,1.2000000000000002,1,1,1
8075,0.4,2,0,0
8076,0.4,2,0,0
8077,0.4,1,0,0
8078,0.4,2,1,1
8079,0.4,1,1,1
8080,0.4,3,0,0
8081,1.2000000000000002,2,1,1
8082,0.4,2,1,1
8083,1.2000000000000002,0,0,1
8084,0.4,1,1,1
8085,0.4,3,1,0
8086,0.4,2,1,1
8087,2.0,2,1,1
8088,0.4,1,1,1
8089,2.0,0,1,1
8090,0.4,2,1,0
8091,0.4,2,1,1
8092,1.2000000000000002,2,0,1
8093,0.4,1,1,1
8094,0.4,2,0,0
8095,0.4,2,0,1
8096,1.2000000000000002,1,1,1
8097,0.4,1,1,1
8098,0.4,1,1,1
8099,0.4,3,1,1
8100,2.0,3,1,1
8101,0.4,2,0,0
8102,0.4,3,1,1
8103,1.2000000000000002,3,1,1
8104,0.4,3,0,0
8105,0.4,2,0,0
8106,0.4,2,1,1
8107,0.4,1,1,1
8108,0.4,3,0,0
8109,0.4,2,1,1
8110,1.2000000000000002,2,1,1
8111,1.2000000000000002,2,1,1
8112,0.4,1,0,0
8113,0.4,3,0,0
8114,0.4,3,1,1
8115,0.4,2,0,0
8116,0.4,3,0,0
8117,0.4,0,1,1
8118,1.2000000000000002,2,0,0
8119,0.4,2,1,1
8120,0.4,2,0,0
8121,2.0,2,0,1
8122,1.2000000000000002,2,0,1
8123,0.4,2,0,0
8124,0.4,2,1,1
8125,0.4,2,1,1
8126,1.2000000000000002,1,1,1
8127,0.4,0,0,0
8128,0.4,1,1,0
8129,0.4,1,0,0
8130,0.4,2,1,1
8131,0.4,1,1,1
8132,0.4,3,0,0
8133,1.2000000000000002,1,0,0
8134,0.4,2,1,1
8135,1.2000000000000002,2,1,1
8136,0.4,1,0,0
8137,0.4,1,0,0
8138,0.4,3,1,0
8139,0.4,1,0,0
8140,1.2000000000000002,0,0,1
8141,0.4,1,1,1
8142,2.0,0,0,1
8143,1.2000000000000002,1,0,0
8144,0.4,3,0,0
8145,1.2000000000000002,1,0,0
8146,0.4,1,0,0
8147,1.2000000000000002,1,0,0
8148,1.2000000000000002,1,1,1
8149,0.4,2,1,1
8150,0.4,2,0,0
8151,0.4,1,0,0
8152,0.4,0,1,1
8153,0.4,3,1,0
8154,1.2000000000000002,2,1,0
8155,0.4,2,1,1
8156,0.4,1,0,0
8157,0.4,1,1,0
8158,0.4,1,1,1
8159,0.4,1,0,0
8160,2.0,2,0,1
8161,0.4,1,1,1
8162,0.4,2,0,0
8163,0.4,2,0,0
8164,0.4,1,0,0
8165,1.2000000000000002,3,0,1
8166,1.2000000000000002,2,1,1
8167,0.4,3,0,0
8168,0.4,0,1,1
8169,0.4,1,1,0
8170,0.4,1,1,1
8171,0.4,2,1,1
8172,1.2000000000000002,1,1,1
8173,0.4,1,0,0
8174,1.2000000000000002,1,1,1
8175,1.2000000000000002,0,1,1
8176,0.4,1,0,0
8177,0.4,3,1,1
8178,0.4,1,0,0
8179,0.4,1,0,0
8180,0.4,2,0,0
8181,0.4,2,0,0
8182,0.4,2,1,1
8183,0.4,1,1,1
8184,0.4,2,1,1
8185,0.4,1,0,0
8186,1.2000000000000002,1,0,1
8187,1.2000000000000002,3,0,0
8188,1.2000000000000002,2,1,1
8189,0.4,3,0,0
8190,0.4,3,0,0
8191,1.2000000000000002,1,0,0
8192,0.4,2,0,0
8193,0.4,1,1,1
8194,0.4,0,1,1
8195,0.4,1,1,1
8196,0.4,2,0,0
8197,0.4,3,1,1
8198,0.4,2,1,1
8199,1.2000000000000002,3,1,1
8200,1.2000000000000002,2,1,1
8201,0.4,1,1,1
8202,0.4,1,1,1
8203,0.4,1,1,1
8204,1.2000000000000002,2,0,1
8205,1.2000000000000002,3,1,1
8206,0.4,1,0,0
8207,0.4,2,0,0
8208,1.2000000000000002,0,0,1
8209,1.2000000000000002,0,0,1
8210,0.4,3,0,0
8211,0.4,3,1,0
8212,0.4,1,1,1
8213,0.4,1,0,0
8214,1.2000000000000002,1,0,0
8215,0.4,1,1,1
8216,0.4,2,0,0
8217,0.4,1,1,1
8218,1.2000000000000002,1,0,1
8219,0.4,1,1,1
8220,0.4,1,0,0
8221,0.4,1,1,1
8222,1.2000000000000002,2,0,1
8223,0.4,2,0,0
8224,0.4,1,1,1
8225,0.4,2,0,0
8226,1.2000000000000002,1,0,1
8227,0.4,2,0,0
8228,0.4,0,0,1
8229,0.4,1,1,1
8230,0.4,1,0,0
8231,0.4,1,0,0
8232,0.4,2,0,0
8233,1.2000000000000002,2,0,0
8234,1.2000000000000002,2,1,1
8235,0.4,2,0,0
8236,0.4,2,0,1
8237,1.2000000000000002,2,0,0
8238,0.4,3,1,0
8239,1.2000000000000002,1,0,0
8240,0.4,1,0,0
8241,0.4,2,1,1
8242,1.2000000000000002,2,0,1
8243,2.0,2,0,1
8244,0.4,0,1,1
8245,0.4,2,0,1
8246,0.4,1,1,1
8247,0.4,0,1,1
8248,0.4,2,0,0
8249,0.4,2,0,0
8250,0.4,0,0,0
8251,0.4,1,0,0
8252,0.4,2,1,1
8253,0.4,1,0,0
8254,0.4,2,0,0
8255,0.4,1,1,0
8256,0.4,1,1,1
8257,1.2000000000000002,1,0,1
8258,1.2000000000000002,1,1,1
8259,1.2000000000000002,2,1,1
8260,0.4,2,0,0
8261,1.2000000000000002,2,0,0
8262,1.2000000000000002,2,1,1
8263,0.4,1,1,1
8264,0.4,2,1,1
8265,1.2000000000000002,0,0,1
8266,0.4,0,0,0
8267,0.4,3,0,0
8268,0.4,2,0,0
8269,0.4,1,1,0
8270,0.4,2,1,1
8271,1.2000000000000002,2,0,0
8272,0.4,2,1,1
8273,0.4,0,1,1
8274,1.2000000000000002,1,0,1
8275,1.2000000000000002,1,0,0
8276,0.4,2,1,1
8277,1.2000000000000002,3,1,1
8278,0.4,0,1,1
8279,0.4,2,0,0
8280,0.4,2,1,1
8281,1.2000000000000002,1,1,1
8282,0.4,2,1,1
8283,0.4,1,0,0
8284,0.4,0,0,0
8285,0.4,1,1,1
8286,0.4,1,1,1
8287,0.4,1,0,0
8288,0.4,2,0,0
8289,0.4,2,0,0
8290,0.4,1,0,0
8291,0.4,1,1,1
8292,0.4,2,0,0
8293,1.2000000000000002,2,1,1
8294,0.4,2,0,0
8295,1.2000000000000002,3,1,1
8296,0.4,1,1,1
8297,1.2000000000000002,1,0,0
8298,1.2000000000000002,2,1,1
8299,0.4,2,1,1
8300,1.2000000000000002,1,1,1
8301,0.4,1,1,1
8302,0.4,3,1,1
8303,0.4,2,1,1
8304,0.4,3,0,0
8305,1.2000000000000002,1,1,1
8306,1.2000000000000002,1,1,1
8307,0.4,1,0,0
8308,0.4,2,0,0
8309,0.4,0,1,1
8310,0.4,1,1,1
8311,0.4,2,1,1
8312,1.2000000000000002,2,1,1
8313,0.4,0,1,1
8314,0.4,1,1,1
8315,0.4,2,1,1
8316,0.4,1,1,1
8317,0.4,3,0,0
8318,0.4,2,0,0
8319,1.2000000000000002,2,0,0
8320,0.4,3,1,1
8321,0.4,2,1,1
8322,2.0,0,0,1
8323,0.4,3,1,1
8324,0.4,3,1,0
8325,0.4,2,0,0
8326,0.4,1,1,1
8327,0.4,1,0,0
8328,0.4,1,1,0
8329,0.4,1,0,0
8330,1.2000000000000002,1,0,0
8331,0.4,1,0,0
8332,0.4,2,0,0
8333,0.4,1,1,1
8334,0.4,1,0,0
8335,0.4,1,0,0
8336,0.4,3,1,1
8337,0.4,1,1,1
8338,0.4,1,1,1
8339,0.4,3,1,1
8340,0.4,3,1,0
8341,0.4,2,1,1
8342,0.4,1,1,1
8343,0.4,2,1,1
8344,1.2000000000000002,1,1,1
8345,0.4,1,0,0
8346,1.2000000000000002,1,1,1
8347,0.4,0,1,1
8348,0.4,2,0,0
8349,0.4,2,1,1
8350,0.4,3,1,0
8351,0.4,0,1,1
8352,2.0,1,0,1
8353,0.4,1,1,1
8354,0.4,3,0,0
8355,0.4,2,0,0
8356,1.2000000000000002,1,0,0
8357,0.4,1,1,1
8358,0.4,3,1,1
8359,1.2000000000000002,1,1,1
8360,0.4,2,0,0
8361,0.4,2,0,0
8362,1.2000000000000002,2,0,0
8363,0.4,3,0,0
8364,0.4,1,0,0
8365,0.4,2,0,0
8366,0.4,3,0,0
8367,1.2000000000000002,2,0,1
8368,0.4,2,1,1
8369,1.2000000000000002,2,0,0
8370,0.4,1,0,0
8371,0.4,1,1,1
8372,1.2000000000000002,1,1,1
8373,0.4,2,1,1
8374,0.4,0,1,1
8375,1.2000000000000002,3,1,1
8376,1.2000000000000002,1,0,0
8377,0.4,2,1,0
8378,0.4,1,1,1
8379,0.4,2,1,1
8380,0.4,1,1,1
8381,0.4,0,0,0
8382,0.4,3,0,0
8383,0.4,0,1,1
8384,0.4,2,0,0
8385,0.4,1,0,0
8386,0.4,0,0,1
8387,0.4,1,1,1
8388,0.4,1,0,0
8389,0.4,2,1,1
8390,1.2000000000000002,2,1,1
8391,0.4,1,1,1
8392,1.2000000000000002,3,0,0
8393,0.4,2,0,0
8394,0.4,0,1,1
8395,0.4,2,0,0
8396,1.2000000000000002,1,1,1
8397,1.2000000000000002,1,1,1
8398,0.4,3,1,1
8399,0.4,3,1,1
8400,0.4,2,0,0
8401,0.4,2,0,0
8402,0.4,1,0,0
8403,0.4,1,0,0
8404,0.4,2,0,0
8405,0.4,2,1,1
8406,2.0,2,0,1
8407,0.4,3,0,0
8408,1.2000000000000002,3,1,1
8409,0.4,1,0,0
8410,1.2000000000000002,0,1,1
8411,0.4,1,1,1
8412,0.4,2,0,0
8413,0.4,1,1,1
8414,0.4,2,1,1
8415,0.4,2,1,1
8416,0.4,1,1,1
8417,0.4,2,0,1
8418,0.4,2,0,0
8419,0.4,2,0,0
8420,0.4,1,1,1
8421,0.4,3,1,1
8422,0.4,0,1,1
8423,0.4,1,0,0
8424,0.4,3,1,1
8425,0.4,2,0,0
8426,1.2000000000000002,1,1,1
8427,1.2000000000000002,1,1,1
8428,0.4,2,0,0
8429,0.4,3,0,0
8430,1.2000000000000002,2,1,1
8431,0.4,1,0,0
8432,0.4,0,1,1
8433,0.4,0,1,1
8434,2.0,2,1,1
8435,1.2000000000000002,2,0,0
8436,0.4,2,1,1
8437,0.4,2,1,1
8438,0.4,3,1,1
8439,0.4,1,1,1
8440,0.4,0,1,1
8441,1.2000000000000002,2,1,1
8442,0.4,3,0,0
8443,1.2000000000000002,0,1,1
8444,0.4,2,1,1
8445,1.2000000000000002,0,0,0
8446,0.4,1,0,0
8447,0.4,2,1,1
8448,1.2000000000000002,2,0,0
8449,1.2000000000000002,3,1,1
8450,0.4,2,0,0
8451,0.4,0,0,0
8452,0.4,3,0,0
8453,0.4,2,1,1
8454,0.4,1,0,0
8455,0.4,1,0,0
8456,0.4,0,1,0
8457,1.2000000000000002,1,1,1
8458,1.2000000000000002,1,0,0
8459,0.4,1,0,0
8460,0.4,2,0,1
8461,1.2000000000000002,0,0,1
8462,0.4,1,1,1
8463,0.4,3,0,0
8464,0.4,1,1,1
8465,1.2000000000000002,1,0,0
8466,0.4,0,0,0
8467,1.2000000000000002,2,0,0
8468,0.4,1,0,0
8469,1.2000000000000002,2,0,0
8470,1.2000000000000002,0,0,0
8471,1.2000000000000002,1,1,1
8472,0.4,3,1,0
8473,0.4,2,1,1
8474,0.4,2,1,1
8475,0.4,2,1,1
8476,0.4,2,0,0
8477,1.2000000000000002,2,1,1
8478,0.4,1,1,0
8479,0.4,2,0,1
8480,0.4,1,1,1
8481,1.2000000000000002,2,1,1
8482,0.4,2,0,0
8483,0.4,2,0,0
8484,0.4,2,0,0
8485,1.2000000000000002,2,1,1
8486,1.2000000000000002,2,1,1
8487,0.4,2,0,0
8488,0.4,1,0,0
8489,0.4,1,1,1
8490,1.2000000000000002,0,1,1
8491,0.4,3,0,0
8492,0.4,2,1,1
8493,0.4,2,0,0
8494,1.2000000000000002,2,1,1
8495,0.4,3,0,0
8496,0.4,2,1,1
8497,0.4,2,1,1
8498,0.4,3,1,1
8499,0.4,3,1,1
8500,0.4,2,0,0
8501,1.2000000000000002,3,1,1
8502,0.4,1,0,0
8503,1.2000000000000002,1,1,1
8504,1.2000000000000002,2,0,1
8505,1.2000000000000002,0,0,0
8506,0.4,1,0,0
8507,0.4,2,0,0
8508,0.4,2,1,0
8509,0.4,1,1,1
8510,1.2000000000000002,2,1,1
8511,0.4,2,0,0
8512,0.4,3,0,0
8513,0.4,2,0,0
8514,1.2000000000000002,1,1,1
8515,0.4,2,1,1
8516,1.2000000000000002,1,0,0
8517,1.2000000000000002,1,1,1
8518,0.4,2,0,0
8519,0.4,1,0,0
8520,0.4,3,1,0
8521,0.4,1,0,0
8522,0.4,2,0,0
8523,1.2000000000000002,1,1,1
8524,0.4,1,0,0
8525,0.4,1,0,0
8526,1.2000000000000002,2,0,1
8527,1.2000000000000002,3,0,0
8528,0.4,1,1,1
8529,1.2000000000000002,2,0,1
8530,0.4,0,0,0
8531,0.4,2,1,0
8532,0.4,1,0,0
8533,0.4,2,1,1
8534,0.4,0,0,0
8535,0.4,2,0,0
8536,0.4,1,1,1
8537,0.4,1,0,0
8538,0.4,1,0,0
8539,0.4,2,0,0
8540,0.4,1,1,1
8541,0.4,2,1,1
8542,0.4,1,1,1
8543,0.4,3,0,0
8544,0.4,3,0,0
8545,0.4,3,0,0
8546,0.4,1,1,1
8547,2.0,2,0,1
8548,0.4,3,1,1
8549,1.2000000000000002,2,1,1
8550,0.4,3,0,0
8551,1.2000000000000002,0,1,1
8552,0.4,2,0,0
8553,0.4,1,1,1
8554,0.4,1,1,0
8555,1.2000000000000002,2,1,1
8556,0.4,1,0,0
8557,1.2000000000000002,2,0,0
8558,1.2000000000000002,2,1,1
8559,0.4,0,1,1
8560,1.2000000000000002,3,0,0
8561,1.2000000000000002,1,1,1
8562,0.4,1,1,1
8563,0.4,2,0,0
8564,0.4,1,0,0
8565,1.2000000000000002,2,1,1
8566,0.4,0,0,0
8567,0.4,1,1,0
8568,0.4,2,0,0
8569,0.4,1,1,1
8570,0.4,3,1,1
8571,1.2000000000000002,1,1,1
8572,1.2000000000000002,2,1,1
8573,0.4,1,0,0
8574,2.0,0,1,1
8575,0.4,3,0,0
8576,0.4,0,1,1
8577,0.4,2,1,1
8578,0.4,1,0,0
8579,0.4,0,0,0
8580,0.4,0,1,1
8581,0.4,1,1,1
8582,0.4,0,1,1
8583,0.4,1,0,0
8584,0.4,1,0,0
8585,0.4,1,1,1
8586,0.4,1,0,0
8587,1.2000000000000002,1,0,1
8588,0.4,0,0,1
8589,2.0,2,1,1
8590,0.4,1,1,1
8591,1.2000000000000002,1,0,0
8592,0.4,2,1,0
8593,1.2000000000000002,2,1,1
8594,0.4,0,1,1
8595,0.4,2,1,1
8596,0.4,3,1,1
8597,0.4,2,0,0
8598,0.4,0,1,1
8599,0.4,1,0,0
8600,0.4,2,0,0
8601,0.4,1,0,0
8602,0.4,1,0,0
8603,0.4,2,0,0
8604,0.4,3,1,0
8605,0.4,2,0,0
8606,0.4,2,0,0
8607,0.4,1,1,1
8608,0.4,2,0,0
8609,0.4,1,0,0
8610,0.4,1,0,0
8611,0.4,0,0,0
8612,0.4,0,1,1
8613,0.4,1,0,0
8614,0.4,1,0,0
8615,0.4,1,1,1
8616,1.2000000000000002,1,0,1
8617,1.2000000000000002,1,1,1
8618,0.4,2,0,0
8619,0.4,2,0,0
8620,1.2000000000000002,1,0,0
8621,1.2000000000000002,3,0,0
8622,0.4,2,1,1
8623,0.4,1,1,1
8624,0.4,1,0,1
8625,1.2000000000000002,1,1,1
8626,0.4,3,0,0
8627,0.4,1,0,0
8628,0.4,0,0,0
8629,0.4,2,1,1
8630,0.4,2,0,0
8631,0.4,2,1,1
8632,0.4,2,0,0
8633,0.4,1,0,0
8634,0.4,2,0,0
8635,0.4,1,0,0
8636,0.4,2,1,1
8637,0.4,0,1,1
8638,0.4,1,0,0
8639,0.4,3,0,0
8640,1.2000000000000002,0,1,1
8641,0.4,1,1,1
8642,0.4,1,0,0
8643,0.4,3,1,0
8644,1.2000000000000002,1,1,1
8645,0.4,1,0,0
8646,1.2000000000000002,0,1,1
8647,0.4,1,1,1
8648,2.0,2,1,0
8649,0.4,2,1,1
8650,0.4,2,1,1
8651,0.4,1,1,1
8652,0.4,1,0,0
8653,0.4,1,1,1
8654,0.4,1,1,1
8655,1.2000000000000002,1,0,1
8656,0.4,0,1,1
8657,0.4,2,0,0
8658,0.4,3,1,1
8659,0.4,1,0,0
8660,0.4,2,1,1
8661,1.2000000000000002,2,0,0
8662,0.4,3,1,1
8663,0.4,1,0,0
8664,0.4,1,0,0
8665,1.2000000000000002,0,0,1
8666,0.4,0,1,1
8667,1.2000000000000002,3,0,0
8668,0.4,2,0,0
8669,2.0,2,1,1
8670,0.4,3,0,0
8671,0.4,1,1,1
8672,0.4,0,0,1
8673,0.4,1,1,1
8674,0.4,2,0,0
8675,0.4,1,1,1
8676,1.2000000000000002,2,0,0
8677,0.4,0,0,0
8678,0.4,2,1,1
8679,0.4,1,0,0
8680,1.2000000000000002,3,1,1
8681,0.4,3,1,1
8682,0.4,2,1,0
8683,0.4,0,1,1
8684,0.4,0,1,1
8685,1.2000000000000002,2,0,1
8686,0.4,3,0,0
8687,0.4,2,0,0
8688,1.2000000000000002,2,1,1
8689,0.4,2,0,0
8690,0.4,2,1,1
8691,0.4,2,0,0
8692,0.4,1,1,1
8693,1.2000000000000002,1,0,0
8694,1.2000000000000002,2,1,1
8695,0.4,3,1,1
8696,0.4,0,1,1
8697,1.2000000000000002,0,1,1
8698,0.4,1,1,1
8699,0.4,1,1,1
8700,0.4,0,1,1
8701,0.4,1,0,0
8702,0.4,2,0,0
8703,0.4,3,0,0
8704,0.4,2,0,0
8705,0.4,2,1,0
8706,0.4,0,0,0
8707,0.4,0,0,0
8708,0.4,2,1,1
8709,0.4,3,1,0
8710,0.4,2,1,0
8711,1.2000000000000002,1,0,0
8712,0.4,1,0,0
8713,0.4,0,1,1
8714,1.2000000000000002,3,1,1
8715,0.4,2,0,0
8716,1.2000000000000002,1,1,1
8717,0.4,0,1,1
8718,0.4,2,0,1
8719,0.4,1,1,1
8720,1.2000000000000002,1,0,0
8721,1.2000000000000002,0,0,0
8722,0.4,0,1,1
8723,1.2000000000000002,2,1,1
8724,0.4,1,1,1
8725,1.2000000000000002,1,1,1
8726,0.4,2,1,1
8727,0.4,2,1,1
8728,0.4,1,0,0
8729,0.4,1,0,0
8730,0.4,1,1,1
8731,0.4,2,0,0
8732,1.2000000000000002,1,0,0
8733,0.4,3,1,1
8734,0.4,1,1,1
8735,0.4,2,1,1
8736,1.2000000000000002,1,1,1
8737,0.4,1,1,1
8738,0.4,3,1,1
8739,0.4,2,0,0
8740,0.4,0,0,0
8741,0.4,1,0,0
8742,0.4,2,1,0
8743,1.2000000000000002,2,0,0
8744,0.4,2,1,0
8745,0.4,1,0,0
8746,0.4,1,1,1
8747,0.4,1,1,1
8748,0.4,2,1,0
8749,0.4,2,0,0
8750,0.4,2,1,1
8751,0.4,3,0,0
8752,0.4,2,1,1
8753,0.4,1,1,0
8754,0.4,0,1,1
8755,1.2000000000000002,1,1,1
8756,0.4,1,1,1
8757,1.2000000000000002,0,0,1
8758,0.4,1,1,1
8759,0.4,2,0,0
8760,2.0,1,1,1
8761,0.4,2,1,1
8762,0.4,1,1,1
8763,0.4,2,0,0
8764,1.2000000000000002,2,0,0
8765,0.4,1,0,0
8766,1.2000000000000002,2,1,1
8767,0.4,1,1,1
8768,0.4,1,1,1
8769,0.4,1,1,1
8770,0.4,1,1,1
8771,0.4,1,1,1
8772,0.4,2,0,0
8773,0.4,2,1,0
8774,1.2000000000000002,1,1,1
8775,1.2000000000000002,1,1,1
8776,0.4,1,1,1
8777,0.4,1,1,1
8778,0.4,1,1,1
8779,0.4,2,0,0
8780,0.4,2,0,0
8781,0.4,0,0,0
8782,1.2000000000000002,2,1,1
8783,0.4,2,1,0
8784,1.2000000000000002,3,0,1
8785,0.4,0,1,1
8786,0.4,2,1,1
8787,0.4,1,0,0
8788,0.4,1,1,0
8789,0.4,2,1,1
8790,0.4,1,0,0
8791,0.4,2,0,0
8792,0.4,1,0,0
8793,0.4,1,1,0
8794,0.4,1,1,1
8795,1.2000000000000002,2,0,0
8796,0.4,1,0,0
8797,1.2000000000000002,0,1,1
8798,0.4,1,0,0
8799,0.4,3,1,1
8800,0.4,2,1,0
8801,0.4,2,0,0
8802,0.4,2,0,0
8803,0.4,2,1,0
8804,0.4,1,1,1
8805,0.4,1,1,1
8806,0.4,1,0,0
8807,1.2000000000000002,1,0,0
8808,0.4,1,0,0
8809,0.4,2,0,0
8810,0.4,2,1,1
8811,0.4,2,0,0
8812,0.4,2,0,0
8813,0.4,2,1,0
8814,0.4,1,0,0
8815,0.4,2,0,1
8816,2.0,1,1,1
8817,0.4,0,0,0
8818,0.4,2,0,0
8819,0.4,1,1,0
8820,1.2000000000000002,2,1,1
8821,0.4,1,1,1
8822,0.4,1,1,1
8823,0.4,1,0,0
8824,0.4,1,1,1
8825,1.2000000000000002,1,0,0
8826,0.4,1,0,0
8827,0.4,1,0,1
8828,0.4,1,1,1
8829,0.4,2,0,0
8830,0.4,2,0,0
8831,2.0,3,1,1
8832,0.4,2,1,1
8833,1.2000000000000002,1,0,1
8834,0.4,1,1,1
8835,1.2000000000000002,0,0,1
8836,1.2000000000000002,1,0,0
8837,1.2000000000000002,2,1,1
8838,0.4,3,1,1
8839,0.4,0,1,1
8840,0.4,1,1,1
8841,2.0,2,1,1
8842,0.4,1,0,0
8843,1.2000000000000002,1,0,0
8844,0.4,1,0,0
8845,0.4,1,0,0
8846,0.4,0,1,1
8847,0.4,3,1,0
8848,0.4,1,1,1
8849,0.4,0,1,1
8850,0.4,2,1,0
8851,1.2000000000000002,2,0,0
8852,1.2000000000000002,3,0,0
8853,1.2000000000000002,1,1,1
8854,0.4,1,0,0
8855,0.4,1,0,0
8856,1.2000000000000002,2,0,1
8857,0.4,2,1,1
8858,0.4,2,1,1
8859,0.4,1,1,1
8860,0.4,3,1,1
8861,0.4,1,1,1
8862,0.4,1,0,0
8863,0.4,3,0,0
8864,0.4,3,1,1
8865,0.4,3,1,0
8866,0.4,3,0,0
8867,0.4,3,0,0
8868,0.4,1,1,1
8869,0.4,0,1,1
8870,1.2000000000000002,2,0,1
8871,0.4,2,0,0
8872,0.4,1,0,0
8873,1.2000000000000002,1,1,1
8874,0.4,2,1,0
8875,0.4,1,1,1
8876,0.4,2,1,1
8877,0.4,3,1,1
8878,1.2000000000000002,3,0,1
8879,2.0,3,1,1
8880,1.2000000000000002,1,0,1
8881,0.4,1,0,0
8882,0.4,2,0,0
8883,1.2000000000000002,3,1,1
8884,0.4,2,0,0
8885,0.4,2,1,1
8886,0.4,1,0,0
8887,0.4,2,0,0
8888,0.4,3,0,0
8889,1.2000000000000002,2,1,1
8890,0.4,2,0,0
8891,0.4,1,1,1
8892,0.4,1,1,1
8893,0.4,2,0,0
8894,2.0,2,0,1
8895,0.4,3,0,0
8896,0.4,1,1,1
8897,0.4,2,1,1
8898,0.4,1,0,0
8899,0.4,1,1,1
8900,0.4,3,1,1
8901,0.4,3,0,0
8902,0.4,2,1,1
8903,1.2000000000000002,2,0,0
8904,0.4,3,1,1
8905,0.4,2,1,1
8906,0.4,2,1,1
8907,0.4,1,1,1
8908,0.4,1,1,1
8909,0.4,1,1,0
8910,0.4,1,1,1
8911,1.2000000000000002,1,1,1
8912,1.2000000000000002,2,1,1
8913,1.2000000000000002,3,1,1
8914,1.2000000000000002,1,1,1
8915,0.4,3,1,1
8916,0.4,2,0,0
8917,0.4,0,1,1
8918,0.4,1,1,1
8919,0.4,0,0,0
8920,0.4,1,1,1
8921,0.4,2,1,1
8922,0.4,1,1,1
8923,0.4,1,1,1
8924,1.2000000000000002,1,0,1
8925,0.4,2,0,0
8926,0.4,1,0,0
8927,1.2000000000000002,2,0,0
8928,0.4,2,0,0
8929,0.4,3,1,0
8930,0.4,0,0,0
8931,0.4,3,0,0
8932,0.4,1,0,0
8933,1.2000000000000002,3,1,1
8934,0.4,2,1,1
8935,0.4,2,1,1
8936,2.0,1,1,1
8937,0.4,3,0,0
8938,1.2000000000000002,0,0,1
8939,0.4,0,0,0
8940,0.4,1,1,1
8941,2.0,1,1,1
8942,0.4,0,1,1
8943,1.2000000000000002,2,1,1
8944,0.4,2,0,0
8945,0.4,1,1,1
8946,1.2000000000000002,3,0,0
8947,0.4,1,0,0
8948,0.4,1,1,0
8949,0.4,1,1,1
8950,0.4,3,0,0
8951,0.4,3,0,0
8952,0.4,1,0,0
8953,0.4,1,0,0
8954,0.4,1,0,0
8955,0.4,3,1,1
8956,0.4,2,0,0
8957,0.4,0,1,1
8958,0.4,3,0,0
8959,0.4,1,1,1
8960,1.2000000000000002,1,0,1
8961,0.4,1,1,0
8962,1.2000000000000002,3,1,1
8963,2.0,1,1,1
8964,0.4,1,1,1
8965,0.4,3,0,0
8966,0.4,2,1,1
8967,1.2000000000000002,2,0,0
8968,0.4,1,1,1
8969,0.4,1,0,0
8970,0.4,3,0,0
8971,0.4,2,1,1
8972,1.2000000000000002,2,1,1
8973,1.2000000000000002,2,1,1
8974,0.4,0,1,1
8975,1.2000000000000002,2,1,1
8976,0.4,2,0,0
8977,0.4,2,1,1
8978,0.4,2,1,1
8979,1.2000000000000002,1,0,0
8980,1.2000000000000002,2,1,1
8981,0.4,2,0,0
8982,0.4,3,0,0
8983,0.4,1,0,0
8984,0.4,3,0,0
8985,1.2000000000000002,2,1,1
8986,0.4,3,0,0
8987,0.4,1,1,0
8988,0.4,0,1,1
8989,0.4,3,1,0
8990,0.4,1,0,0
8991,0.4,1,1,1
8992,0.4,1,0,0
8993,1.2000000000000002,2,0,0
8994,1.2000000000000002,1,0,0
8995,1.2000000000000002,2,0,0
8996,0.4,3,1,0
8997,2.0,2,1,1
8998,0.4,1,0,0
8999,0.4,0,0,1
9000,1.2000000000000002,1,0,0
9001,0.4,3,1,1
9002,0.4,1,0,0
9003,0.4,2,1,1
9004,0.4,1,1,1
9005,0.4,2,0,0
9006,0.4,3,0,0
9007,2.0,2,1,1
9008,0.4,2,1,1
9009,1.2000000000000002,1,1,1
9010,1.2000000000000002,1,0,0
9011,0.4,3,0,0
9012,0.4,2,1,1
9013,2.8,1,1,1
9014,0.4,2,0,0
9015,0.4,2,0,0
9016,0.4,2,0,0
9017,0.4,0,0,1
9018,0.4,1,1,0
9019,1.2000000000000002,1,0,0
9020,0.4,0,1,1
9021,0.4,2,1,1
9022,0.4,2,0,0
9023,0.4,3,1,1
9024,0.4,0,1,1
9025,1.2000000000000002,0,0,1
9026,0.4,3,0,0
9027,1.2000000000000002,0,0,1
9028,0.4,0,0,0
9029,0.4,1,0,0
9030,0.4,2,0,0
9031,0.4,1,1,1
9032,0.4,1,0,0
9033,0.4,1,0,0
9034,0.4,1,1,1
9035,0.4,3,1,1
9036,0.4,2,0,0
9037,0.4,1,0,0
9038,0.4,1,1,1
9039,0.4,2,0,0
9040,0.4,2,1,0
9041,0.4,2,1,1
9042,1.2000000000000002,0,1,1
9043,0.4,0,0,0
9044,2.0,2,0,1
9045,0.4,2,0,0
9046,0.4,1,1,1
9047,1.2000000000000002,3,1,1
9048,0.4,2,1,1
9049,0.4,2,1,0
9050,0.4,1,1,1
9051,0.4,3,1,0
9052,2.0,3,1,1
9053,0.4,2,1,1
9054,0.4,3,1,0
9055,0.4,3,1,1
9056,1.2000000000000002,1,0,1
9057,0.4,1,1,0
9058,0.4,1,0,0
9059,1.2000000000000002,0,1,1
9060,0.4,2,0,0
9061,0.4,2,1,1
9062,0.4,1,1,1
9063,1.2000000000000002,1,1,1
9064,0.4,1,0,0
9065,0.4,0,0,0
9066,1.2000000000000002,2,1,1
9067,0.4,2,1,1
9068,0.4,2,0,0
9069,0.4,3,0,0
9070,2.0,2,1,1
9071,0.4,2,1,1
9072,0.4,3,1,0
9073,0.4,2,1,1
9074,0.4,3,0,0
9075,0.4,1,1,1
9076,0.4,1,1,1
9077,1.2000000000000002,1,1,1
9078,0.4,2,1,1
9079,0.4,1,1,1
9080,0.4,1,1,1
9081,0.4,2,0,0
9082,1.2000000000000002,2,1,1
9083,0.4,1,1,1
9084,0.4,2,1,1
9085,0.4,0,0,0
9086,0.4,3,1,1
9087,0.4,2,0,0
9088,0.4,3,1,1
9089,0.4,1,1,1
9090,1.2000000000000002,2,1,1
9091,1.2000000000000002,2,1,1
9092,0.4,2,0,0
9093,0.4,1,1,1
9094,0.4,0,0,0
9095,0.4,1,0,0
9096,0.4,3,1,1
9097,0.4,3,0,0
9098,1.2000000000000002,2,1,1
9099,0.4,1,1,1
9100,1.2000000000000002,1,1,1
9101,1.2000000000000002,1,0,0
9102,0.4,2,1,0
9103,1.2000000000000002,2,0,0
9104,0.4,2,0,1
9105,1.2000000000000002,0,0,0
9106,0.4,3,0,0
9107,1.2000000000000002,2,0,1
9108,0.4,1,0,0
9109,1.2000000000000002,2,0,0
9110,0.4,1,0,0
9111,0.4,2,1,0
9112,0.4,1,1,1
9113,0.4,3,1,1
9114,0.4,2,1,1
9115,0.4,1,1,1
9116,0.4,1,1,1
9117,2.0,1,1,1
9118,0.4,2,1,1
9119,1.2000000000000002,1,1,1
9120,1.2000000000000002,1,1,1
9121,1.2000000000000002,2,0,0
9122,0.4,1,0,0
9123,0.4,2,0,0
9124,0.4,2,1,1
9125,0.4,2,1,0
9126,0.4,3,0,0
9127,1.2000000000000002,1,0,0
9128,0.4,0,1,1
9129,0.4,3,1,0
9130,0.4,1,1,1
9131,0.4,1,1,1
9132,1.2000000000000002,1,0,0
9133,0.4,1,0,0
9134,0.4,1,1,1
9135,0.4,2,0,0
9136,0.4,2,0,0
9137,0.4,2,0,0
9138,0.4,1,0,0
9139,2.0,1,1,1
9140,0.4,1,0,0
9141,0.4,1,0,0
9142,0.4,1,1,1
9143,0.4,2,1,0
9144,0.4,1,0,0
9145,1.2000000000000002,2,1,1
9146,0.4,0,0,0
9147,0.4,1,0,0
9148,0.4,1,1,1
9149,0.4,2,1,1
9150,1.2000000000000002,1,0,0
9151,1.2000000000000002,3,1,1
9152,0.4,1,0,1
9153,0.4,1,0,1
9154,1.2000000000000002,0,1,1
9155,0.4,3,1,1
9156,0.4,1,0,0
9157,0.4,1,0,0
9158,1.2000000000000002,3,1,1
9159,0.4,2,1,1
9160,0.4,2,1,1
9161,0.4,1,1,1
9162,0.4,3,1,0
9163,0.4,1,1,1
9164,0.4,2,0,0
9165,0.4,1,1,1
9166,0.4,1,1,1
9167,0.4,3,0,0
9168,0.4,1,1,1
9169,0.4,2,1,1
9170,0.4,1,1,1
9171,0.4,2,1,1
9172,0.4,1,1,1
9173,0.4,2,1,1
9174,1.2000000000000002,0,0,0
9175,0.4,0,1,1
9176,0.4,0,1,1
9177,0.4,2,0,0
9178,0.4,1,1,0
9179,0.4,1,1,1
9180,0.4,2,0,0
9181,0.4,3,0,0
9182,1.2000000000000002,1,0,0
9183,1.2000000000000002,2,1,1
9184,1.2000000000000002,0,1,1
9185,0.4,2,0,0
9186,1.2000000000000002,1,1,1
9187,0.4,3,0,0
9188,0.4,3,0,0
9189,0.4,3,1,1
9190,0.4,1,0,0
9191,1.2000000000000002,1,0,0
9192,0.4,1,1,1
9193,0.4,2,0,0
9194,0.4,1,0,0
9195,1.2000000000000002,0,0,0
9196,1.2000000000000002,2,1,1
9197,1.2000000000000002,0,0,0
9198,0.4,1,1,1
9199,0.4,1,1,1
9200,0.4,0,0,0
9201,0.4,2,1,1
9202,0.4,2,0,0
9203,1.2000000000000002,2,1,1
9204,0.4,1,0,0
9205,0.4,1,0,0
9206,0.4,2,1,1
9207,0.4,0,1,1
9208,0.4,2,0,0
9209,0.4,2,1,1
9210,0.4,3,0,1
9211,0.4,2,0,0
9212,0.4,1,0,0
9213,0.4,3,1,0
9214,0.4,1,1,1
9215,1.2000000000000002,2,1,1
9216,1.2000000000000002,1,0,1
9217,0.4,2,1,1
9218,0.4,1,0,0
9219,0.4,0,1,1
9220,0.4,0,1,1
9221,1.2000000000000002,2,1,1
9222,0.4,1,0,0
9223,0.4,1,0,0
9224,0.4,2,1,0
9225,2.0,1,0,1
9226,0.4,2,0,0
9227,0.4,1,0,0
9228,1.2000000000000002,3,1,1
9229,0.4,3,0,0
9230,0.4,1,0,1
9231,1.2000000000000002,0,1,1
9232,0.4,3,0,0
9233,0.4,1,1,1
9234,0.4,2,0,0
9235,1.2000000000000002,3,1,1
9236,0.4,2,1,1
9237,0.4,1,0,0
9238,1.2000000000000002,1,1,1
9239,0.4,3,0,0
9240,0.4,2,0,0
9241,1.2000000000000002,2,1,1
9242,1.2000000000000002,0,1,1
9243,0.4,2,0,0
9244,0.4,1,0,0
9245,1.2000000000000002,3,1,1
9246,0.4,2,1,1
9247,1.2000000000000002,1,0,0
9248,0.4,0,1,1
9249,0.4,3,0,0
9250,0.4,2,1,1
9251,0.4,3,0,0
9252,0.4,1,0,1
9253,1.2000000000000002,2,0,1
9254,1.2000000000000002,1,0,0
9255,0.4,2,1,1
9256,0.4,2,0,0
9257,0.4,3,1,1
9258,1.2000000000000002,1,0,0
9259,0.4,1,0,0
9260,0.4,1,0,0
9261,1.2000000000000002,1,1,1
9262,0.4,2,0,0
9263,1.2000000000000002,2,1,1
9264,0.4,1,1,1
9265,0.4,1,0,1
9266,0.4,1,0,0
9267,0.4,1,1,1
9268,0.4,3,0,0
9269,0.4,1,1,1
9270,0.4,1,1,0
9271,0.4,2,0,0
9272,0.4,1,0,0
9273,0.4,1,1,1
9274,1.2000000000000002,1,0,0
9275,0.4,1,1,1
9276,1.2000000000000002,3,1,1
9277,0.4,2,0,0
9278,0.4,1,1,1
9279,1.2000000000000002,2,1,1
9280,2.0,3,1,1
9281,0.4,1,1,1
9282,0.4,0,0,0
9283,0.4,0,1,1
9284,1.2000000000000002,0,1,1
9285,0.4,1,0,0
9286,0.4,3,0,0
9287,0.4,1,1,1
9288,0.4,2,1,0
9289,2.0,2,0,0
9290,0.4,2,0,0
9291,0.4,1,1,1
9292,1.2000000000000002,1,1,1
9293,0.4,1,1,1
9294,0.4,1,1,1
9295,0.4,2,0,0
9296,0.4,3,1,1
9297,0.4,0,0,0
9298,0.4,2,0,0
9299,0.4,3,0,0
9300,0.4,2,0,0
9301,0.4,3,0,0
9302,0.4,2,1,1
9303,0.4,1,0,0
9304,0.4,1,1,1
9305,0.4,1,0,0
9306,0.4,2,1,1
9307,1.2000000000000002,1,0,1
9308,1.2000000000000002,2,0,1
9309,0.4,2,0,0
9310,0.4,2,1,0
9311,0.4,2,1,1
9312,0.4,1,1,1
9313,0.4,3,0,0
9314,0.4,1,1,1
9315,0.4,0,0,0
9316,0.4,2,0,0
9317,0.4,0,1,1
9318,0.4,2,1,1
9319,1.2000000000000002,1,1,1
9320,0.4,3,1,1
9321,0.4,1,0,0
9322,0.4,1,1,1
9323,0.4,1,1,1
9324,0.4,3,0,0
9325,0.4,3,0,0
9326,0.4,1,1,1
9327,1.2000000000000002,3,1,1
9328,0.4,1,1,1
9329,0.4,1,0,0
9330,0.4,1,0,1
9331,0.4,2,0,0
9332,0.4,1,0,0
9333,0.4,2,0,0
9334,0.4,2,0,0
9335,0.4,2,0,0
9336,0.4,1,1,1
9337,1.2000000000000002,0,1,1
9338,0.4,3,0,0
9339,1.2000000000000002,1,0,1
9340,0.4,1,1,1
9341,0.4,1,0,0
9342,0.4,0,0,0
9343,0.4,1,1,0
9344,1.2000000000000002,1,0,1
9345,0.4,2,1,1
9346,0.4,3,1,1
9347,0.4,0,0,0
9348,1.2000000000000002,2,1,1
9349,0.4,1,1,1
9350,0.4,3,1,0
9351,0.4,1,1,1
9352,0.4,2,1,1
9353,0.4,1,1,1
9354,1.2000000000000002,3,0,0
9355,0.4,2,1,1
9356,0.4,2,0,0
9357,0.4,2,1,1
9358,0.4,1,0,0
9359,0.4,1,0,0
9360,0.4,1,0,0
9361,0.4,1,0,0
9362,0.4,2,1,1
9363,1.2000000000000002,3,1,1
9364,0.4,1,0,0
9365,0.4,1,1,1
9366,0.4,1,1,0
9367,0.4,1,1,1
9368,0.4,1,1,1
9369,0.4,1,1,1
9370,0.4,1,1,1
9371,1.2000000000000002,1,1,1
9372,0.4,2,1,1
9373,0.4,2,1,1
9374,0.4,0,1,1
9375,1.2000000000000002,3,1,1
9376,0.4,1,0,0
9377,1.2000000000000002,2,1,1
9378,0.4,1,1,1
9379,1.2000000000000002,2,1,1
9380,1.2000000000000002,2,1,0
9381,1.2000000000000002,1,1,1
9382,0.4,1,0,0
9383,0.4,3,0,0
9384,0.4,2,0,0
9385,0.4,1,0,0
9386,0.4,1,1,1
9387,0.4,2,1,1
9388,1.2000000000000002,0,1,1
9389,0.4,1,0,0
9390,1.2000000000000002,2,1,1
9391,0.4,1,1,1
9392,0.4,1,1,1
9393,0.4,2,0,0
9394,0.4,1,1,1
9395,1.2000000000000002,0,0,0
9396,0.4,2,1,1
9397,1.2000000000000002,3,1,1
9398,0.4,0,1,1
9399,0.4,3,0,0
9400,1.2000000000000002,2,1,1
9401,1.2000000000000002,2,0,1
9402,2.8,1,0,0
9403,1.2000000000000002,0,1,1
9404,0.4,1,1,1
9405,0.4,1,0,0
9406,0.4,2,0,0
9407,1.2000000000000002,1,0,0
9408,0.4,1,0,0
9409,0.4,3,0,0
9410,1.2000000000000002,3,0,0
9411,0.4,1,1,0
9412,1.2000000000000002,1,1,1
9413,1.2000000000000002,3,1,1
9414,0.4,1,0,0
9415,0.4,3,0,0
9416,0.4,1,0,0
9417,0.4,0,0,0
9418,0.4,2,1,1
9419,0.4,2,0,0
9420,0.4,2,1,1
9421,0.4,3,0,0
9422,1.2000000000000002,2,1,1
9423,1.2000000000000002,2,0,0
9424,0.4,3,1,0
9425,0.4,2,1,1
9426,0.4,1,0,0
9427,1.2000000000000002,2,1,1
9428,1.2000000000000002,2,0,0
9429,0.4,2,1,0
9430,1.2000000000000002,1,1,1
9431,0.4,3,1,1
9432,1.2000000000000002,2,1,1
9433,0.4,2,1,0
9434,0.4,3,0,0
9435,0.4,1,0,0
9436,0.4,1,0,0
9437,0.4,1,0,0
9438,0.4,2,0,0
9439,1.2000000000000002,1,0,1
9440,0.4,2,0,0
9441,0.4,2,0,0
9442,1.2000000000000002,1,1,1
9443,0.4,3,0,0
9444,1.2000000000000002,2,0,0
9445,0.4,2,1,1
9446,0.4,2,1,1
9447,1.2000000000000002,1,0,0
9448,1.2000000000000002,2,0,0
9449,0.4,2,0,0
9450,1.2000000000000002,2,0,0
9451,1.2000000000000002,1,0,0
9452,0.4,3,1,1
9453,0.4,2,0,0
9454,0.4,2,1,1
9455,0.4,3,1,0
9456,0.4,2,1,1
9457,0.4,1,0,1
9458,0.4,1,1,1
9459,0.4,1,1,1
9460,0.4,2,0,0
9461,0.4,1,1,1
9462,1.2000000000000002,3,0,0
9463,0.4,1,0,0
9464,0.4,2,1,1
9465,0.4,2,1,1
9466,0.4,1,0,0
9467,1.2000000000000002,1,0,0
9468,1.2000000000000002,1,1,1
9469,0.4,2,1,1
9470,0.4,1,1,1
9471,0.4,3,1,0
9472,0.4,2,1,1
9473,0.4,2,0,0
9474,0.4,2,0,0
9475,0.4,1,1,1
9476,0.4,2,1,1
9477,0.4,3,0,1
9478,0.4,0,0,1
9479,1.2000000000000002,2,1,1
9480,0.4,2,0,0
9481,0.4,2,0,0
9482,0.4,2,0,1
9483,0.4,2,0,0
9484,0.4,2,1,1
9485,1.2000000000000002,1,1,1
9486,0.4,1,0,0
9487,0.4,3,0,0
9488,1.2000000000000002,1,0,0
9489,0.4,1,1,1
9490,1.2000000000000002,2,1,1
9491,0.4,3,0,0
9492,0.4,2,1,1
9493,0.4,2,1,1
9494,0.4,1,1,1
9495,0.4,1,1,1
9496,0.4,0,0,0
9497,0.4,0,1,1
9498,0.4,2,1,1
9499,1.2000000000000002,2,1,1
9500,0.4,2,0,0
9501,0.4,1,1,1
9502,0.4,1,0,0
9503,0.4,1,1,1
9504,0.4,1,1,1
9505,0.4,2,0,0
9506,0.4,2,0,0
9507,0.4,1,1,1
9508,0.4,1,0,0
9509,1.2000000000000002,1,1,1
9510,0.4,2,1,1
9511,0.4,1,0,0
9512,2.8,0,0,1
9513,0.4,3,1,1
9514,0.4,1,0,0
9515,1.2000000000000002,1,0,0
9516,0.4,1,0,0
9517,1.2000000000000002,3,0,0
9518,0.4,2,1,1
9519,1.2000000000000002,1,0,0
9520,0.4,2,0,0
9521,0.4,1,1,1
9522,0.4,2,1,0
9523,0.4,1,1,1
9524,0.4,3,1,1
9525,0.4,0,0,0
9526,1.2000000000000002,2,0,0
9527,0.4,2,0,0
9528,0.4,3,0,0
9529,0.4,3,0,0
9530,0.4,0,1,1
9531,1.2000000000000002,1,0,0
9532,0.4,1,0,0
9533,1.2000000000000002,2,0,0
9534,0.4,0,0,0
9535,0.4,1,1,1
9536,1.2000000000000002,2,1,0
9537,0.4,3,1,0
9538,0.4,2,1,1
9539,0.4,3,0,0
9540,1.2000000000000002,1,0,1
9541,0.4,1,0,0
9542,0.4,2,1,1
9543,0.4,2,0,0
9544,0.4,2,1,0
9545,0.4,2,1,1
9546,1.2000000000000002,1,1,1
9547,0.4,1,1,1
9548,0.4,1,1,1
9549,0.4,2,0,0
9550,0.4,2,0,0
9551,1.2000000000000002,1,0,1
9552,1.2000000000000002,2,0,1
9553,0.4,0,0,0
9554,1.2000000000000002,2,0,0
9555,0.4,0,0,0
9556,0.4,1,1,1
9557,1.2000000000000002,2,0,0
9558,1.2000000000000002,1,1,1
9559,0.4,1,0,0
9560,0.4,2,0,0
9561,0.4,1,0,0
9562,1.2000000000000002,1,1,1
9563,1.2000000000000002,2,0,0
9564,0.4,1,0,0
9565,0.4,1,0,0
9566,0.4,1,1,1
9567,0.4,1,0,0
9568,0.4,2,1,1
9569,0.4,2,0,0
9570,0.4,3,0,0
9571,0.4,1,1,1
9572,1.2000000000000002,1,0,0
9573,0.4,2,0,0
9574,1.2000000000000002,2,0,1
9575,0.4,0,1,1
9576,0.4,1,0,1
9577,0.4,0,0,0
9578,0.4,1,1,1
9579,0.4,2,0,0
9580,0.4,0,0,0
9581,0.4,2,1,1
9582,1.2000000000000002,1,1,1
9583,0.4,0,1,1
9584,0.4,0,0,0
9585,0.4,2,1,1
9586,0.4,2,0,0
9587,0.4,2,1,0
9588,1.2000000000000002,2,0,0
9589,0.4,2,0,0
9590,0.4,2,1,0
9591,0.4,2,1,0
9592,0.4,0,1,1
9593,0.4,2,1,1
9594,0.4,2,0,0
9595,0.4,2,0,0
9596,1.2000000000000002,1,1,1
9597,1.2000000000000002,3,1,1
9598,0.4,1,0,0
9599,0.4,2,1,1
9600,0.4,0,0,0
9601,0.4,1,0,0
9602,0.4,1,1,1
9603,0.4,2,0,0
9604,1.2000000000000002,0,0,1
9605,0.4,2,1,1
9606,0.4,2,1,1
9607,0.4,3,0,0
9608,0.4,0,1,1
9609,0.4,2,1,1
9610,0.4,1,1,1
9611,1.2000000000000002,2,1,1
9612,0.4,1,0,0
9613,1.2000000000000002,0,0,1
9614,0.4,0,0,0
9615,1.2000000000000002,1,0,1
9616,1.2000000000000002,2,0,1
9617,0.4,2,0,0
9618,0.4,2,1,1
9619,0.4,1,1,0
9620,1.2000000000000002,2,1,1
9621,2.8,1,0,1
9622,0.4,2,0,0
9623,0.4,1,1,1
9624,0.4,1,1,1
9625,0.4,1,1,1
9626,0.4,2,0,0
9627,0.4,1,1,1
9628,1.2000000000000002,2,0,0
9629,0.4,3,1,1
9630,0.4,2,1,1
9631,0.4,2,1,1
9632,0.4,0,1,1
9633,0.4,3,0,0
9634,1.2000000000000002,1,1,1
9635,0.4,0,0,0
9636,2.0,2,1,1
9637,1.2000000000000002,3,1,1
9638,1.2000000000000002,1,0,1
9639,0.4,2,0,0
9640,0.4,2,0,0
9641,0.4,3,1,0
9642,0.4,1,1,1
9643,0.4,2,0,0
9644,0.4,3,0,0
9645,0.4,2,1,1
9646,0.4,2,0,0
9647,0.4,1,0,0
9648,0.4,1,1,1
9649,0.4,1,1,0
9650,0.4,1,0,0
9651,0.4,1,0,0
9652,0.4,2,0,0
9653,0.4,1,0,0
9654,1.2000000000000002,2,0,0
9655,0.4,0,0,0
9656,0.4,2,1,0
9657,1.2000000000000002,3,1,1
9658,2.0,2,1,1
9659,0.4,3,1,0
9660,0.4,2,0,0
9661,0.4,1,0,0
9662,0.4,3,0,0
9663,1.2000000000000002,1,1,1
9664,0.4,2,1,1
9665,0.4,2,1,1
9666,0.4,3,1,1
9667,0.4,2,0,0
9668,1.2000000000000002,2,1,1
9669,0.4,2,1,0
9670,0.4,1,0,0
9671,0.4,2,0,0
9672,0.4,2,1,1
9673,1.2000000000000002,1,1,1
9674,1.2000000000000002,2,1,1
9675,0.4,1,0,0
9676,0.4,2,0,0
9677,0.4,1,1,1
9678,0.4,2,0,0
9679,0.4,2,0,0
9680,1.2000000000000002,1,0,1
9681,0.4,0,1,1
9682,1.2000000000000002,2,0,0
9683,0.4,2,1,0
9684,0.4,1,0,0
9685,0.4,0,1,1
9686,1.2000000000000002,2,0,1
9687,0.4,2,1,1
9688,0.4,1,1,1
9689,0.4,1,0,0
9690,0.4,0,0,0
9691,0.4,2,0,0
9692,0.4,3,0,0
9693,1.2000000000000002,2,1,1
9694,1.2000000000000002,2,1,1
9695,1.2000000000000002,1,0,0
9696,0.4,1,0,0
9697,0.4,2,0,0
9698,0.4,2,0,0
9699,0.4,1,1,1
9700,0.4,2,1,1
9701,0.4,1,0,0
9702,0.4,1,0,0
9703,0.4,1,1,1
9704,0.4,2,0,0
9705,0.4,1,1,1
9706,0.4,1,1,1
9707,0.4,3,1,1
9708,0.4,0,1,1
9709,1.2000000000000002,1,1,1
9710,0.4,0,1,1
9711,0.4,2,0,0
9712,0.4,2,0,0
9713,0.4,2,0,0
9714,0.4,1,0,0
9715,0.4,0,1,1
9716,1.2000000000000002,1,1,1
9717,0.4,3,0,0
9718,1.2000000000000002,1,1,1
9719,0.4,2,1,1
9720,1.2000000000000002,2,0,0
9721,0.4,2,0,0
9722,0.4,3,0,0
9723,1.2000000000000002,3,0,1
9724,0.4,1,1,1
9725,0.4,2,0,0
9726,0.4,2,0,0
9727,0.4,1,0,0
9728,0.4,1,0,0
9729,0.4,1,0,0
9730,0.4,2,0,0
9731,0.4,0,1,1
9732,1.2000000000000002,2,0,0
9733,0.4,2,1,0
9734,0.4,0,0,0
9735,0.4,2,0,0
9736,0.4,3,0,0
9737,1.2000000000000002,1,0,1
9738,0.4,1,0,0
9739,0.4,0,1,1
9740,1.2000000000000002,2,1,1
9741,0.4,1,0,0
9742,0.4,2,0,0
9743,0.4,1,0,0
9744,0.4,0,1,1
9745,1.2000000000000002,3,0,0
9746,0.4,1,1,1
9747,1.2000000000000002,2,1,1
9748,0.4,2,0,0
9749,0.4,1,0,0
9750,0.4,0,1,1
9751,0.4,0,0,0
9752,0.4,1,0,0
9753,0.4,2,0,0
9754,0.4,2,0,0
9755,0.4,2,0,0
9756,1.2000000000000002,1,0,0
9757,0.4,1,0,0
9758,0.4,2,1,1
9759,0.4,2,0,0
9760,0.4,1,1,1
9761,0.4,2,0,0
9762,0.4,2,1,1
9763,0.4,2,0,0
9764,0.4,1,1,0
9765,0.4,1,0,0
9766,1.2000000000000002,1,0,0
9767,1.2000000000000002,0,1,1
9768,0.4,0,1,0
9769,0.4,2,0,0
9770,0.4,1,0,0
9771,0.4,2,0,0
9772,0.4,1,1,1
9773,0.4,3,1,1
9774,0.4,2,1,1
9775,0.4,1,0,0
9776,1.2000000000000002,1,0,0
9777,1.2000000000000002,0,1,1
9778,0.4,1,1,1
9779,0.4,2,0,0
9780,1.2000000000000002,2,1,1
9781,0.4,1,1,0
9782,1.2000000000000002,0,0,0
9783,2.0,1,0,1
9784,1.2000000000000002,1,1,1
9785,0.4,3,0,0
9786,0.4,3,0,0
9787,0.4,3,1,1
9788,0.4,2,0,0
9789,0.4,1,1,0
9790,0.4,1,0,0
9791,0.4,1,0,0
9792,2.8,3,1,1
9793,0.4,1,0,0
9794,0.4,1,1,1
9795,0.4,1,1,1
9796,1.2000000000000002,0,1,1
9797,1.2000000000000002,1,1,1
9798,0.4,2,0,0
9799,0.4,0,0,0
9800,0.4,1,1,1
9801,0.4,1,0,0
9802,0.4,1,1,1
9803,0.4,2,0,0
9804,0.4,1,1,1
9805,1.2000000000000002,1,1,1
9806,0.4,2,1,1
9807,0.4,0,1,1
9808,1.2000000000000002,1,1,1
9809,0.4,1,0,0
9810,0.4,1,0,0
9811,0.4,2,1,1
9812,0.4,1,1,1
9813,1.2000000000000002,1,1,1
9814,1.2000000000000002,0,1,1
9815,0.4,2,1,1
9816,0.4,1,1,1
9817,0.4,3,0,0
9818,0.4,2,0,0
9819,0.4,2,1,1
9820,1.2000000000000002,1,0,0
9821,0.4,1,0,0
9822,1.2000000000000002,1,0,0
9823,0.4,1,0,0
9824,0.4,1,1,1
9825,1.2000000000000002,1,1,1
9826,0.4,2,0,0
9827,0.4,0,0,0
9828,0.4,2,0,0
9829,0.4,1,1,1
9830,0.4,1,1,1
9831,0.4,3,0,0
9832,0.4,1,1,1
9833,0.4,1,0,0
9834,0.4,2,0,0
9835,0.4,1,1,1
9836,0.4,2,1,0
9837,0.4,1,0,0
9838,0.4,2,0,0
9839,0.4,2,0,0
9840,1.2000000000000002,1,1,1
9841,0.4,2,1,1
9842,0.4,0,1,1
9843,0.4,2,1,1
9844,0.4,1,0,0
9845,0.4,1,1,0
9846,1.2000000000000002,1,0,0
9847,0.4,2,1,1
9848,0.4,2,0,0
9849,0.4,3,1,1
9850,0.4,0,0,1
9851,0.4,1,1,1
9852,0.4,3,1,1
9853,0.4,2,0,0
9854,0.4,1,1,1
9855,1.2000000000000002,2,0,1
9856,0.4,2,1,1
9857,0.4,1,0,0
9858,0.4,2,1,1
9859,0.4,2,0,0
9860,0.4,1,1,0
9861,0.4,1,1,1
9862,1.2000000000000002,1,1,1
9863,0.4,1,0,0
9864,1.2000000000000002,1,1,1
9865,1.2000000000000002,1,1,1
9866,1.2000000000000002,2,0,0
9867,2.0,2,1,1
9868,1.2000000000000002,0,1,1
9869,1.2000000000000002,2,1,1
9870,1.2000000000000002,2,1,1
9871,0.4,2,1,0
9872,1.2000000000000002,1,0,0
9873,0.4,0,1,1
9874,0.4,2,1,1
9875,2.0,2,1,1
9876,0.4,2,1,1
9877,0.4,0,0,0
9878,0.4,3,0,0
9879,0.4,2,1,1
9880,0.4,1,1,1
9881,0.4,1,0,0
9882,0.4,2,0,1
9883,0.4,1,0,0
9884,1.2000000000000002,2,1,1
9885,1.2000000000000002,1,1,1
9886,0.4,2,1,0
9887,1.2000000000000002,3,0,1
9888,1.2000000000000002,2,0,0
9889,0.4,1,1,1
9890,0.4,3,0,0
9891,0.4,0,0,0
9892,0.4,2,1,1
9893,1.2000000000000002,2,1,1
9894,0.4,2,0,0
9895,0.4,2,0,0
9896,0.4,1,0,0
9897,0.4,3,0,0
9898,0.4,0,0,0
9899,0.4,2,1,1
9900,1.2000000000000002,2,0,1
9901,0.4,2,0,0
9902,0.4,1,0,0
9903,0.4,2,1,1
9904,1.2000000000000002,1,1,1
9905,0.4,1,0,0
9906,0.4,1,1,1
9907,0.4,1,1,1
9908,0.4,3,1,1
9909,1.2000000000000002,0,0,0
9910,1.2000000000000002,3,1,1
9911,0.4,2,1,1
9912,0.4,0,0,0
9913,0.4,1,1,1
9914,0.4,1,1,1
9915,0.4,1,0,0
9916,0.4,3,0,0
9917,0.4,1,1,1
9918,0.4,1,1,1
9919,0.4,2,0,0
9920,1.2000000000000002,0,1,1
9921,0.4,1,0,0
9922,0.4,1,0,0
9923,1.2000000000000002,2,1,1
9924,1.2000000000000002,1,0,1
9925,0.4,1,1,1
9926,0.4,1,1,1
9927,0.4,1,0,0
9928,0.4,2,1,1
9929,0.4,2,1,1
9930,0.4,2,0,0
9931,0.4,1,1,1
9932,0.4,1,0,0
9933,0.4,0,1,1
9934,0.4,1,0,0
9935,0.4,0,1,1
9936,0.4,0,1,1
9937,0.4,2,1,1
9938,0.4,1,1,1
9939,0.4,0,0,0
9940,1.2000000000000002,2,0,1
9941,0.4,3,1,0
9942,0.4,1,0,0
9943,2.0,2,0,1
9944,0.4,1,0,0
9945,0.4,0,1,1
9946,0.4,2,1,1
9947,0.4,2,1,1
9948,1.2000000000000002,1,1,1
9949,1.2000000000000002,2,1,1
9950,0.4,0,0,1
9951,2.0,2,0,1
9952,0.4,1,0,1
9953,0.4,2,0,0
9954,1.2000000000000002,2,1,1
9955,0.4,2,1,0
9956,0.4,2,1,1
9957,0.4,2,1,0
9958,0.4,0,1,1
9959,0.4,1,1,1
9960,2.0,2,1,1
9961,0.4,0,1,1
9962,0.4,1,1,1
9963,1.2000000000000002,2,1,1
9964,0.4,2,1,1
9965,1.2000000000000002,1,1,1
9966,0.4,2,1,1
9967,0.4,1,0,1
9968,0.4,1,1,1
9969,1.2000000000000002,2,1,1
9970,0.4,1,1,1
9971,0.4,2,0,0
9972,1.2000000000000002,2,1,1
9973,1.2000000000000002,2,0,0
9974,0.4,1,1,1
9975,0.4,1,1,1
9976,0.4,2,1,0
9977,1.2000000000000002,1,1,1
9978,0.4,2,0,1
9979,0.4,1,1,1
9980,0.4,1,0,0
9981,0.4,1,0,0
9982,0.4,2,1,1
9983,0.4,2,1,0
9984,0.4,2,0,0
9985,0.4,1,0,0
9986,0.4,2,1,1
9987,0.4,2,0,0
9988,0.4,3,0,0
9989,0.4,1,0,0
9990,2.0,1,0,0
9991,0.4,1,0,0
9992,0.4,3,1,1
9993,0.4,1,1,1
9994,1.2000000000000002,0,0,0
9995,0.4,3,1,0
9996,1.2000000000000002,2,1,1
9997,0.4,1,0,0
9998,0.4,3,0,0
9999,0.4,2,1,1
10000,0.4,0,1,0
10001,1.2000000000000002,0,1,1
10002,0.4,3,1,1
10003,0.4,2,0,0
10004,0.4,2,1,1
10005,0.4,2,0,0
10006,0.4,2,0,0
10007,0.4,2,1,0
10008,0.4,3,1,1
10009,0.4,2,1,1
10010,0.4,0,0,0
10011,1.2000000000000002,3,0,0
10012,1.2000000000000002,1,0,1
10013,0.4,2,1,1
10014,0.4,1,1,1
10015,0.4,1,1,1
10016,0.4,1,1,1
10017,0.4,2,0,0
10018,1.2000000000000002,2,1,1
10019,0.4,1,0,0
10020,0.4,2,1,1
10021,2.0,1,1,1
10022,0.4,3,1,0
10023,0.4,2,1,0
10024,0.4,0,0,0
10025,2.0,3,1,1
10026,0.4,1,1,1
10027,0.4,2,1,1
10028,0.4,1,0,0
10029,0.4,0,1,1
10030,0.4,3,0,0
10031,0.4,2,1,1
10032,1.2000000000000002,2,0,0
10033,0.4,1,0,0
10034,0.4,2,0,0
10035,0.4,1,0,0
10036,0.4,0,0,0
10037,0.4,2,1,1
10038,2.8,1,1,1
10039,0.4,2,0,0
10040,0.4,2,0,0
10041,0.4,1,0,0
10042,0.4,2,0,0
10043,0.4,2,1,0
10044,0.4,0,0,0
10045,1.2000000000000002,2,0,0
10046,0.4,2,0,0
10047,0.4,2,1,0
10048,1.2000000000000002,2,0,0
10049,0.4,1,1,1
10050,0.4,1,1,1
10051,1.2000000000000002,2,0,1
10052,1.2000000000000002,2,0,0
10053,1.2000000000000002,1,1,1
10054,0.4,1,1,1
10055,1.2000000000000002,3,0,0
10056,0.4,2,1,1
10057,0.4,1,1,1
10058,1.2000000000000002,2,1,1
10059,0.4,2,1,1
10060,0.4,2,0,0
10061,0.4,2,0,0
10062,0.4,2,1,1
10063,0.4,2,0,0
10064,0.4,2,1,1
10065,0.4,3,1,0
10066,0.4,2,1,1
10067,0.4,3,1,0
10068,1.2000000000000002,2,1,1
10069,0.4,2,1,1
10070,0.4,0,0,0
10071,0.4,3,1,1
10072,0.4,1,1,1
10073,0.4,3,1,1
10074,0.4,2,1,1
10075,1.2000000000000002,3,1,1
10076,0.4,1,0,0
10077,2.8,0,1,1
10078,0.4,2,1,1
10079,0.4,2,1,1
10080,0.4,1,1,1
10081,0.4,2,0,0
10082,1.2000000000000002,2,1,1
10083,0.4,3,0,0
10084,0.4,1,1,1
10085,0.4,1,0,0
10086,0.4,2,0,0
10087,0.4,1,0,0
10088,0.4,1,1,1
10089,0.4,2,1,0
10090,1.2000000000000002,3,0,0
10091,0.4,1,0,0
10092,0.4,0,1,1
10093,0.4,1,0,0
10094,1.2000000000000002,1,0,0
10095,0.4,1,0,0
10096,1.2000000000000002,1,0,0
10097,2.0,2,1,1
10098,0.4,1,1,0
10099,0.4,1,0,0
10100,0.4,1,0,0
10101,0.4,1,0,0
10102,0.4,3,1,1
10103,2.0,1,0,1
10104,1.2000000000000002,2,0,1
10105,0.4,2,0,0
10106,0.4,0,0,0
10107,1.2000000000000002,1,0,0
10108,1.2000000000000002,2,0,1
10109,1.2000000000000002,1,1,1
10110,1.2000000000000002,2,0,0
10111,0.4,2,0,0
10112,0.4,2,0,0
10113,0.4,3,1,1
10114,0.4,2,0,0
10115,0.4,1,1,1
10116,0.4,1,0,1
10117,1.2000000000000002,2,0,1
10118,2.0,1,0,1
10119,0.4,1,0,0
10120,1.2000000000000002,2,0,1
10121,0.4,1,0,0
10122,0.4,1,1,1
10123,0.4,1,0,0
10124,0.4,1,1,1
10125,0.4,1,0,0
10126,0.4,0,1,1
10127,0.4,3,0,0
10128,0.4,1,0,0
10129,1.2000000000000002,2,0,0
10130,0.4,1,1,1
10131,0.4,2,0,0
10132,0.4,3,1,1
10133,1.2000000000000002,2,0,0
10134,0.4,2,1,0
10135,1.2000000000000002,1,1,1
10136,0.4,0,1,1
10137,0.4,0,1,1
10138,0.4,2,1,1
10139,0.4,3,0,0
10140,0.4,2,0,0
10141,2.0,0,1,1
10142,0.4,3,1,0
10143,1.2000000000000002,2,1,1
10144,0.4,2,1,1
10145,1.2000000000000002,1,1,1
10146,0.4,3,0,0
10147,1.2000000000000002,2,0,1
10148,0.4,1,0,0
10149,0.4,1,1,1
10150,0.4,1,1,1
10151,0.4,2,0,0
10152,0.4,1,1,1
10153,1.2000000000000002,0,0,1
10154,0.4,2,1,1
10155,0.4,1,1,1
10156,0.4,1,0,0
10157,0.4,1,1,1
10158,0.4,2,1,1
10159,0.4,2,1,0
10160,0.4,3,0,0
10161,1.2000000000000002,0,0,1
10162,0.4,2,0,0
10163,0.4,1,0,0
10164,1.2000000000000002,1,1,1
10165,0.4,2,1,1
10166,0.4,0,1,1
10167,1.2000000000000002,0,1,1
10168,1.2000000000000002,3,1,1
10169,0.4,3,0,0
10170,1.2000000000000002,2,1,1
10171,1.2000000000000002,1,0,0
10172,0.4,2,0,0
10173,1.2000000000000002,0,1,1
10174,1.2000000000000002,1,1,1
10175,0.4,2,0,0
10176,1.2000000000000002,2,1,1
10177,0.4,2,0,0
10178,1.2000000000000002,1,0,0
10179,0.4,0,1,1
10180,0.4,1,0,0
10181,1.2000000000000002,0,1,1
10182,0.4,1,0,0
10183,0.4,1,0,0
10184,0.4,2,0,0
10185,0.4,2,1,0
10186,0.4,0,1,1
10187,0.4,1,0,1
10188,0.4,2,0,0
10189,0.4,3,0,0
10190,2.0,2,1,1
10191,0.4,0,0,0
10192,0.4,0,1,1
10193,0.4,3,0,0
10194,0.4,1,0,0
10195,0.4,1,0,0
10196,0.4,1,1,1
10197,1.2000000000000002,0,1,1
10198,0.4,3,1,0
10199,0.4,2,1,1
10200,0.4,1,1,1
10201,0.4,1,0,0
10202,0.4,2,1,1
10203,0.4,3,1,1
10204,0.4,2,1,1
10205,0.4,1,0,0
10206,0.4,0,1,0
10207,0.4,2,1,1
10208,0.4,2,1,1
10209,0.4,1,0,0
10210,0.4,3,0,0
10211,0.4,1,1,1
10212,0.4,3,1,0
10213,1.2000000000000002,2,1,1
10214,0.4,3,1,1
10215,0.4,1,0,0
10216,2.0,2,1,1
10217,0.4,1,1,1
10218,0.4,3,0,0
10219,0.4,1,0,1
10220,0.4,1,1,1
10221,0.4,2,1,1
10222,0.4,2,1,1
10223,1.2000000000000002,1,0,0
10224,0.4,2,0,0
10225,0.4,1,0,0
10226,1.2000000000000002,1,0,1
10227,1.2000000000000002,1,0,0
10228,0.4,1,1,1
10229,0.4,2,1,1
10230,0.4,2,0,0
10231,0.4,3,0,0
10232,0.4,2,1,1
10233,1.2000000000000002,1,0,0
10234,0.4,2,1,1
10235,0.4,2,1,1
10236,0.4,0,1,1
10237,0.4,2,1,1
10238,0.4,3,0,0
10239,0.4,1,1,1
10240,0.4,2,0,0
10241,0.4,2,1,1
10242,1.2000000000000002,2,0,0
10243,0.4,3,0,0
10244,0.4,3,0,0
10245,0.4,2,1,1
10246,1.2000000000000002,2,1,1
10247,1.2000000000000002,3,0,0
10248,0.4,3,0,0
10249,0.4,0,0,0
10250,0.4,2,0,0
10251,0.4,2,1,1
10252,1.2000000000000002,2,1,1
10253,0.4,1,0,0
10254,0.4,2,1,1
10255,0.4,3,1,1
10256,1.2000000000000002,2,1,1
10257,2.0,1,0,1
10258,0.4,1,1,0
10259,1.2000000000000002,1,1,1
10260,0.4,3,0,0
10261,0.4,0,0,0
10262,0.4,3,0,0
10263,0.4,3,0,0
10264,1.2000000000000002,0,1,1
10265,0.4,1,1,1
10266,0.4,2,0,0
10267,1.2000000000000002,2,1,1
10268,0.4,2,0,0
10269,2.0,2,1,1
10270,0.4,3,1,0
10271,0.4,3,0,0
10272,0.4,1,0,0
10273,0.4,1,1,1
10274,0.4,1,0,0
10275,0.4,2,1,0
10276,0.4,1,1,0
10277,0.4,2,1,1
10278,0.4,1,0,0
10279,1.2000000000000002,1,0,0
10280,0.4,2,1,1
10281,0.4,1,1,1
10282,1.2000000000000002,1,1,1
10283,0.4,2,1,1
10284,0.4,1,0,0
10285,1.2000000000000002,1,1,1
10286,0.4,0,0,1
10287,0.4,1,1,1
10288,1.2000000000000002,1,1,1
10289,1.2000000000000002,2,1,1
10290,0.4,2,1,1
10291,0.4,1,0,0
10292,0.4,0,1,1
10293,0.4,2,1,1
10294,1.2000000000000002,1,0,0
10295,0.4,2,0,0
10296,0.4,3,1,0
10297,0.4,2,0,0
10298,0.4,1,0,0
10299,0.4,2,1,1
10300,0.4,2,1,1
10301,1.2000000000000002,2,1,1
10302,0.4,1,0,0
10303,0.4,2,0,0
10304,0.4,3,0,0
10305,1.2000000000000002,3,0,0
10306,0.4,1,0,0
10307,0.4,3,1,1
10308,0.4,1,0,0
10309,0.4,2,0,0
10310,0.4,1,0,0
10311,0.4,2,1,1
10312,0.4,1,1,1
10313,0.4,2,1,1
10314,1.2000000000000002,1,1,1
10315,0.4,1,0,0
10316,0.4,1,1,1
10317,0.4,1,0,0
10318,1.2000000000000002,2,0,0
10319,0.4,1,1,1
10320,0.4,3,0,0
10321,0.4,2,1,0
10322,0.4,2,0,0
10323,0.4,2,0,0
10324,0.4,1,0,0
10325,0.4,1,0,0
10326,0.4,2,1,1
10327,1.2000000000000002,1,0,1
10328,0.4,0,0,0
10329,0.4,1,0,0
10330,0.4,2,0,0
10331,1.2000000000000002,2,1,1
10332,1.2000000000000002,0,1,1
10333,0.4,2,1,1
10334,0.4,1,0,0
10335,0.4,2,1,1
10336,0.4,2,0,0
10337,2.0,2,1,1
10338,1.2000000000000002,1,1,1
10339,0.4,2,1,1
10340,0.4,2,0,0
10341,0.4,3,1,1
10342,1.2000000000000002,2,1,1
10343,0.4,2,1,1
10344,0.4,3,1,0
10345,1.2000000000000002,2,1,1
10346,0.4,3,0,0
10347,0.4,0,1,1
10348,0.4,2,0,0
10349,0.4,2,0,0
10350,0.4,3,0,0
10351,0.4,0,1,1
10352,0.4,1,0,0
10353,0.4,1,1,1
10354,0.4,2,0,0
10355,0.4,2,0,0
10356,0.4,2,0,0
10357,2.0,2,1,1
10358,0.4,0,1,1
10359,0.4,0,1,1
10360,0.4,2,1,1
10361,2.0,0,1,1
10362,0.4,0,1,1
10363,1.2000000000000002,1,0,1
10364,2.0,2,1,1
10365,0.4,1,0,0
10366,0.4,3,1,1
10367,0.4,1,0,0
10368,0.4,1,0,0
10369,0.4,1,0,0
10370,0.4,1,1,1
10371,0.4,2,0,0
10372,0.4,0,0,0
10373,0.4,2,0,0
10374,0.4,1,0,0
10375,0.4,3,0,0
10376,0.4,0,1,1
10377,0.4,1,1,1
10378,0.4,3,0,0
10379,1.2000000000000002,2,0,0
10380,0.4,0,0,1
10381,0.4,2,1,1
10382,1.2000000000000002,2,1,1
10383,0.4,2,0,0
10384,0.4,2,0,0
10385,1.2000000000000002,2,1,1
10386,0.4,0,1,1
10387,1.2000000000000002,3,1,1
10388,0.4,3,1,1
10389,0.4,2,1,0
10390,0.4,1,0,0
10391,0.4,1,1,1
10392,0.4,1,1,1
10393,0.4,2,0,0
10394,0.4,3,0,0
10395,0.4,3,0,0
10396,0.4,2,1,1
10397,0.4,2,1,1
10398,0.4,3,0,0
10399,0.4,2,0,0
10400,0.4,1,0,0
10401,0.4,0,0,0
10402,1.2000000000000002,1,0,1
10403,1.2000000000000002,0,1,1
10404,0.4,2,0,0
10405,0.4,1,1,1
10406,0.4,1,0,0
10407,2.0,3,0,1
10408,0.4,3,0,0
10409,1.2000000000000002,2,0,0
10410,0.4,1,0,0
10411,1.2000000000000002,2,0,0
10412,0.4,2,0,0
10413,1.2000000000000002,2,0,1
10414,1.2000000000000002,1,1,1
10415,0.4,0,0,0
10416,1.2000000000000002,2,0,0
10417,0.4,0,1,1
10418,0.4,0,0,0
10419,0.4,2,1,1
10420,0.4,2,1,1
10421,0.4,1,1,1
10422,0.4,1,0,0
10423,0.4,1,0,1
10424,0.4,2,1,1
10425,0.4,3,0,0
10426,0.4,2,0,0
10427,1.2000000000000002,0,0,0
10428,0.4,1,1,1
10429,1.2000000000000002,2,0,0
10430,0.4,0,1,1
10431,0.4,2,0,0
10432,0.4,0,0,0
10433,0.4,1,1,0
10434,0.4,3,1,1
10435,0.4,1,0,0
10436,0.4,2,1,0
10437,1.2000000000000002,3,0,0
10438,0.4,1,1,1
10439,0.4,1,0,0
10440,0.4,1,0,0
10441,0.4,3,0,0
10442,1.2000000000000002,0,1,1
10443,0.4,1,0,0
10444,0.4,3,1,1
10445,0.4,1,0,0
10446,1.2000000000000002,1,0,1
10447,0.4,1,0,0
10448,0.4,0,0,0
10449,0.4,3,0,0
10450,1.2000000000000002,2,1,1
10451,0.4,3,0,0
10452,1.2000000000000002,2,1,1
10453,0.4,2,0,0
10454,0.4,1,1,1
10455,0.4,1,1,1
10456,0.4,2,0,0
10457,0.4,2,1,1
10458,1.2000000000000002,1,0,0
10459,0.4,3,0,0
10460,0.4,2,0,0
10461,0.4,2,0,0
10462,0.4,0,1,1
10463,1.2000000000000002,2,0,0
10464,0.4,2,0,0
10465,2.0,2,0,1
10466,0.4,1,0,0
10467,0.4,2,1,1
10468,0.4,2,0,0
10469,0.4,2,1,1
10470,0.4,3,1,0
10471,2.0,2,1,1
10472,0.4,1,0,1
10473,1.2000000000000002,2,1,1
10474,0.4,3,0,0
10475,0.4,1,1,0
10476,0.4,3,0,0
10477,0.4,1,0,0
10478,0.4,0,1,0
10479,0.4,2,1,0
10480,0.4,2,1,1
10481,1.2000000000000002,1,0,1
10482,1.2000000000000002,2,1,1
10483,0.4,0,1,1
10484,0.4,1,1,1
10485,2.0,1,0,1
10486,0.4,1,1,1
10487,1.2000000000000002,1,1,1
10488,0.4,1,1,1
10489,1.2000000000000002,2,1,1
10490,0.4,1,1,1
10491,0.4,2,1,1
10492,0.4,0,0,0
10493,0.4,1,0,0
10494,1.2000000000000002,2,1,1
10495,1.2000000000000002,2,0,1
10496,0.4,0,1,1
10497,0.4,0,1,1
10498,0.4,3,0,0
10499,0.4,1,1,1
10500,0.4,2,0,0
10501,0.4,3,1,1
10502,1.2000000000000002,1,1,0
10503,0.4,2,1,1
10504,0.4,3,0,0
10505,0.4,1,0,0
10506,0.4,1,1,1
10507,0.4,2,1,1
10508,0.4,3,0,0
10509,1.2000000000000002,1,0,0
10510,0.4,2,0,0
10511,0.4,1,0,0
10512,0.4,1,0,0
10513,0.4,1,1,1
10514,0.4,1,1,1
10515,0.4,3,1,1
10516,0.4,2,1,1
10517,0.4,2,1,1
10518,0.4,2,0,0
10519,1.2000000000000002,3,0,0
10520,0.4,1,0,1
10521,0.4,2,1,1
10522,0.4,2,1,0
10523,1.2000000000000002,3,0,0
10524,0.4,2,1,1
10525,0.4,1,0,0
10526,0.4,2,0,0
10527,0.4,1,0,1
10528,0.4,1,1,1
10529,0.4,0,0,0
10530,0.4,2,1,1
10531,0.4,1,0,0
10532,0.4,0,0,0
10533,0.4,3,0,0
10534,1.2000000000000002,2,1,1
10535,0.4,1,0,0
10536,1.2000000000000002,1,1,1
10537,0.4,2,1,1
10538,0.4,2,1,1
10539,0.4,2,0,0
10540,1.2000000000000002,0,0,0
10541,0.4,1,1,1
10542,0.4,1,1,1
10543,0.4,2,0,0
10544,1.2000000000000002,1,0,0
10545,0.4,1,0,0
10546,1.2000000000000002,1,0,0
10547,0.4,1,0,0
10548,2.0,1,0,1
10549,0.4,1,0,0
10550,0.4,3,0,0
10551,0.4,1,0,0
10552,0.4,1,1,1
10553,1.2000000000000002,2,1,1
10554,0.4,2,0,0
10555,0.4,1,0,0
10556,0.4,2,1,1
10557,0.4,1,0,0
10558,1.2000000000000002,1,1,1
10559,0.4,0,0,0
10560,0.4,0,1,1
10561,1.2000000000000002,1,1,1
10562,0.4,0,0,0
10563,0.4,1,1,1
10564,0.4,0,0,0
10565,0.4,3,1,1
10566,2.0,0,0,1
10567,0.4,1,1,0
10568,0.4,2,1,0
10569,0.4,2,0,0
10570,0.4,1,1,1
10571,0.4,1,1,1
10572,0.4,2,1,1
10573,0.4,1,0,0
10574,1.2000000000000002,1,1,1
10575,0.4,0,1,1
10576,1.2000000000000002,2,0,0
10577,0.4,3,0,0
10578,0.4,1,1,0
10579,0.4,2,1,0
10580,0.4,1,0,0
10581,0.4,2,0,1
10582,0.4,1,0,0
10583,0.4,3,1,0
10584,1.2000000000000002,0,0,1
10585,1.2000000000000002,3,0,0
10586,0.4,2,0,0
10587,0.4,1,0,0
10588,0.4,0,1,1
10589,0.4,2,0,0
10590,0.4,2,1,0
10591,1.2000000000000002,0,0,0
10592,1.2000000000000002,1,0,0
10593,0.4,2,1,1
10594,1.2000000000000002,1,1,1
10595,1.2000000000000002,2,0,1
10596,0.4,1,1,1
10597,0.4,2,0,0
10598,1.2000000000000002,2,1,1
10599,0.4,1,0,0
10600,0.4,0,1,1
10601,0.4,1,1,1
10602,1.2000000000000002,0,1,1
10603,0.4,3,0,0
10604,0.4,3,1,1
10605,0.4,1,0,0
10606,0.4,1,0,0
10607,0.4,2,0,0
10608,0.4,0,0,0
10609,0.4,0,1,1
10610,0.4,2,0,1
10611,0.4,2,1,1
10612,0.4,3,1,1
10613,0.4,3,1,0
10614,1.2000000000000002,0,0,1
10615,1.2000000000000002,2,0,0
10616,0.4,0,0,0
10617,1.2000000000000002,2,0,1
10618,1.2000000000000002,2,0,0
10619,0.4,2,0,0
10620,0.4,3,1,1
10621,1.2000000000000002,1,0,0
10622,0.4,0,0,0
10623,0.4,1,1,1
10624,0.4,0,1,1
10625,0.4,2,1,0
10626,1.2000000000000002,1,1,1
10627,1.2000000000000002,2,0,0
10628,0.4,2,0,0
10629,0.4,2,0,0
10630,0.4,1,0,0
10631,0.4,1,0,0
10632,0.4,1,1,1
10633,0.4,1,1,1
10634,0.4,2,0,0
10635,0.4,0,0,0
10636,1.2000000000000002,2,1,1
10637,0.4,2,1,1
10638,0.4,2,0,0
10639,0.4,2,0,0
10640,0.4,0,1,1
10641,0.4,2,1,1
10642,0.4,2,1,1
10643,2.0,1,0,1
10644,1.2000000000000002,1,1,1
10645,1.2000000000000002,0,0,1
10646,0.4,1,1,1
10647,0.4,2,1,0
10648,0.4,1,1,1
10649,0.4,1,0,0
10650,1.2000000000000002,1,0,1
10651,0.4,3,0,0
10652,1.2000000000000002,2,1,1
10653,0.4,0,0,0
10654,0.4,3,1,1
10655,0.4,2,0,0
10656,0.4,2,1,1
10657,1.2000000000000002,1,0,1
10658,1.2000000000000002,2,1,1
10659,1.2000000000000002,1,1,1
10660,0.4,2,1,1
10661,1.2000000000000002,2,0,0
10662,0.4,2,0,0
10663,1.2000000000000002,1,0,1
10664,0.4,2,1,1
10665,0.4,1,1,1
10666,0.4,2,1,1
10667,0.4,3,0,0
10668,0.4,2,0,0
10669,0.4,1,1,1
10670,0.4,2,0,0
10671,2.0,1,0,1
10672,0.4,2,0,0
10673,1.2000000000000002,2,0,0
10674,1.2000000000000002,3,1,1
10675,0.4,2,0,0
10676,0.4,1,1,1
10677,0.4,2,0,1
10678,0.4,2,0,0
10679,0.4,3,1,0
10680,0.4,1,0,1
10681,0.4,1,1,1
10682,0.4,1,0,1
10683,1.2000000000000002,1,1,1
10684,1.2000000000000002,2,0,0
10685,0.4,1,0,0
10686,0.4,3,1,0
10687,1.2000000000000002,2,0,0
10688,0.4,2,1,1
10689,0.4,0,1,1
10690,0.4,2,1,1
10691,0.4,1,0,0
10692,0.4,0,0,0
10693,0.4,3,1,1
10694,0.4,1,0,0
10695,0.4,0,0,0
10696,0.4,1,1,1
10697,0.4,1,0,0
10698,0.4,2,1,1
10699,0.4,1,0,0
10700,1.2000000000000002,2,1,1
10701,0.4,0,1,1
10702,0.4,2,0,0
10703,0.4,3,1,0
10704,0.4,3,1,1
10705,0.4,2,1,1
10706,1.2000000000000002,2,1,1
10707,0.4,3,1,1
10708,0.4,0,0,0
10709,0.4,2,0,0
10710,0.4,2,1,0
10711,0.4,2,1,1
10712,0.4,3,1,1
10713,0.4,1,1,1
10714,2.0,2,1,1
10715,2.0,0,0,1
10716,1.2000000000000002,1,0,0
10717,0.4,2,0,0
10718,0.4,2,1,1
10719,0.4,2,1,1
10720,1.2000000000000002,1,0,0
10721,1.2000000000000002,2,1,1
10722,0.4,1,0,0
10723,0.4,2,0,0
10724,1.2000000000000002,2,0,0
10725,0.4,2,0,0
10726,0.4,2,0,0
10727,0.4,2,1,1
10728,0.4,2,1,1
10729,1.2000000000000002,3,0,0
10730,0.4,1,1,1
10731,0.4,3,0,0
10732,0.4,2,1,1
10733,0.4,2,0,0
10734,1.2000000000000002,2,0,0
10735,0.4,3,0,0
10736,1.2000000000000002,2,0,0
10737,0.4,1,0,0
10738,0.4,2,0,0
10739,0.4,2,1,1
10740,0.4,2,1,1
10741,0.4,1,1,1
10742,0.4,1,1,1
10743,1.2000000000000002,0,1,1
10744,0.4,2,0,0
10745,0.4,0,0,1
10746,0.4,3,1,1
10747,0.4,1,0,0
10748,0.4,2,0,0
10749,1.2000000000000002,0,1,1
10750,0.4,2,0,0
10751,0.4,1,1,1
10752,0.4,2,1,0
10753,0.4,1,0,0
10754,0.4,1,1,1
10755,0.4,2,1,1
10756,1.2000000000000002,1,0,1
10757,0.4,2,0,0
10758,0.4,2,1,1
10759,1.2000000000000002,1,0,0
10760,0.4,2,1,1
10761,0.4,0,1,1
10762,0.4,2,1,1
10763,0.4,3,1,1
10764,0.4,1,0,0
10765,0.4,2,1,1
10766,0.4,2,0,0
10767,0.4,2,0,0
10768,2.8,1,0,1
10769,2.0,2,0,0
10770,0.4,0,1,1
10771,1.2000000000000002,2,1,1
10772,0.4,2,0,0
10773,0.4,1,1,0
10774,0.4,3,1,1
10775,0.4,2,1,0
10776,0.4,2,1,0
10777,0.4,2,0,0
10778,0.4,2,1,1
10779,1.2000000000000002,3,1,1
10780,1.2000000000000002,2,1,1
10781,0.4,0,1,1
10782,0.4,1,0,0
10783,0.4,1,1,1
10784,0.4,3,0,0
10785,1.2000000000000002,2,0,1
10786,0.4,1,1,1
10787,0.4,1,0,0
10788,1.2000000000000002,1,1,1
10789,0.4,2,1,1
10790,2.8,3,1,1
10791,1.2000000000000002,2,0,1
10792,0.4,3,0,0
10793,1.2000000000000002,0,0,1
10794,0.4,1,0,0
10795,0.4,2,0,0
10796,0.4,3,0,0
10797,0.4,2,0,0
10798,0.4,1,0,0
10799,0.4,2,1,0
10800,1.2000000000000002,1,1,1
10801,1.2000000000000002,1,1,1
10802,1.2000000000000002,2,0,0
10803,0.4,3,1,1
10804,0.4,1,0,0
10805,0.4,1,0,0
10806,0.4,3,1,1
10807,0.4,2,0,0
10808,0.4,3,1,1
10809,0.4,1,1,1
10810,0.4,1,0,0
10811,2.0,2,0,1
10812,0.4,2,0,0
10813,0.4,1,1,1
10814,0.4,0,1,1
10815,1.2000000000000002,2,0,1
10816,1.2000000000000002,1,1,1
10817,0.4,1,1,1
10818,0.4,3,0,0
10819,0.4,2,0,0
10820,0.4,2,0,0
10821,0.4,2,1,1
10822,0.4,2,0,0
10823,0.4,0,1,1
10824,0.4,2,1,1
10825,1.2000000000000002,2,1,1
10826,0.4,1,1,0
10827,1.2000000000000002,2,1,1
10828,0.4,2,0,0
10829,0.4,1,0,0
10830,1.2000000000000002,3,1,1
10831,0.4,1,1,0
10832,0.4,2,1,0
10833,0.4,2,1,1
10834,0.4,0,0,0
10835,1.2000000000000002,1,1,1
10836,1.2000000000000002,2,1,1
10837,2.0,3,1,1
10838,0.4,3,0,0
10839,0.4,0,1,1
10840,0.4,1,0,0
10841,0.4,1,0,0
10842,2.0,0,0,1
10843,0.4,3,0,0
10844,0.4,2,1,1
10845,0.4,3,0,0
10846,0.4,0,1,1
10847,1.2000000000000002,1,1,1
10848,0.4,2,1,1
10849,0.4,1,0,0
10850,0.4,2,0,0
10851,0.4,0,1,1
10852,1.2000000000000002,3,1,1
10853,0.4,2,0,0
10854,0.4,2,0,0
10855,1.2000000000000002,1,0,0
10856,0.4,2,0,0
10857,0.4,1,0,0
10858,1.2000000000000002,1,0,0
10859,0.4,0,1,1
10860,0.4,3,1,0
10861,0.4,2,1,1
10862,0.4,1,0,0
10863,2.0,2,1,1
10864,0.4,2,1,0
10865,0.4,0,0,0
10866,0.4,2,0,0
10867,0.4,3,1,0
10868,0.4,0,0,0
10869,1.2000000000000002,0,1,1
10870,0.4,2,1,1
10871,1.2000000000000002,3,1,1
10872,0.4,1,1,1
10873,0.4,2,1,1
10874,0.4,0,1,1
10875,0.4,1,1,1
10876,1.2000000000000002,3,1,1
10877,1.2000000000000002,1,1,1
10878,0.4,2,1,1
10879,0.4,1,1,0
10880,0.4,2,1,1
10881,0.4,0,0,0
10882,1.2000000000000002,1,1,1
10883,0.4,2,1,1
10884,0.4,1,1,1
10885,0.4,1,0,0
10886,0.4,1,0,0
10887,1.2000000000000002,1,1,1
10888,0.4,2,1,1
10889,0.4,2,0,0
10890,0.4,1,1,1
10891,0.4,0,1,1
10892,1.2000000000000002,1,0,0
10893,0.4,2,0,0
10894,0.4,2,0,0
10895,0.4,0,1,1
10896,0.4,1,0,0
10897,0.4,3,1,1
10898,0.4,1,1,1
10899,0.4,2,1,1
10900,0.4,1,1,1
10901,1.2000000000000002,3,1,1
10902,2.0,1,1,1
10903,0.4,1,0,0
10904,0.4,1,0,0
10905,0.4,2,0,0
10906,0.4,0,1,1
10907,0.4,1,1,1
10908,0.4,0,0,0
10909,1.2000000000000002,0,0,0
10910,1.2000000000000002,1,0,0
10911,2.0,2,0,0
10912,1.2000000000000002,2,1,1
10913,0.4,1,0,0
10914,0.4,1,0,0
10915,0.4,2,0,0
10916,1.2000000000000002,1,0,1
10917,0.4,2,0,0
10918,0.4,2,0,0
10919,1.2000000000000002,3,0,0
10920,0.4,2,0,0
10921,0.4,1,1,1
10922,0.4,1,0,0
10923,1.2000000000000002,0,0,0
10924,1.2000000000000002,2,0,0
10925,0.4,0,1,1
10926,1.2000000000000002,1,1,1
10927,0.4,1,1,0
10928,1.2000000000000002,3,1,1
10929,0.4,2,1,1
10930,1.2000000000000002,2,1,1
10931,1.2000000000000002,1,1,1
10932,0.4,2,0,0
10933,0.4,3,0,0
10934,0.4,3,0,0
10935,0.4,1,0,0
10936,0.4,2,0,0
10937,0.4,2,0,0
10938,0.4,2,1,1
10939,1.2000000000000002,2,1,1
10940,0.4,2,0,0
10941,0.4,0,1,1
10942,0.4,1,0,0
10943,1.2000000000000002,3,0,0
10944,0.4,2,1,1
10945,0.4,1,0,0
10946,0.4,0,1,1
10947,1.2000000000000002,1,0,0
10948,0.4,2,0,1
10949,1.2000000000000002,1,0,0
10950,0.4,3,0,0
10951,0.4,2,0,0
10952,0.4,2,0,0
10953,0.4,2,1,0
10954,0.4,3,1,1
10955,1.2000000000000002,3,0,0
10956,0.4,2,1,1
10957,1.2000000000000002,1,1,1
10958,0.4,1,1,1
10959,0.4,0,1,1
10960,1.2000000000000002,2,0,0
10961,1.2000000000000002,2,0,1
10962,0.4,2,0,0
10963,0.4,1,0,0
10964,1.2000000000000002,1,1,1
10965,0.4,2,0,0
10966,0.4,0,0,0
10967,1.2000000000000002,1,1,1
10968,0.4,2,0,0
10969,0.4,0,1,1
10970,0.4,2,0,0
10971,1.2000000000000002,2,1,1
10972,1.2000000000000002,2,0,1
10973,0.4,1,0,0
10974,0.4,2,0,0
10975,0.4,1,0,0
10976,0.4,1,1,1
10977,0.4,3,0,0
10978,0.4,1,0,0
10979,0.4,1,0,0
10980,0.4,2,0,0
10981,1.2000000000000002,1,0,0
10982,0.4,2,0,0
10983,0.4,2,0,0
10984,0.4,2,1,1
10985,0.4,1,0,0
10986,1.2000000000000002,2,0,0
10987,1.2000000000000002,2,0,0
10988,0.4,1,1,1
10989,0.4,3,0,0
10990,0.4,0,0,0
10991,1.2000000000000002,1,1,1
10992,0.4,2,0,0
10993,0.4,1,1,1
10994,0.4,2,1,1
10995,0.4,2,0,0
10996,0.4,2,1,1
10997,1.2000000000000002,1,1,1
10998,0.4,1,1,1
10999,0.4,1,0,0
11000,0.4,1,1,1
11001,0.4,0,1,1
11002,2.0,3,1,1
11003,0.4,1,1,1
11004,0.4,2,1,0
11005,0.4,1,0,0
11006,0.4,3,0,0
11007,0.4,1,1,0
11008,0.4,2,1,0
11009,0.4,0,0,0
11010,0.4,0,1,1
11011,1.2000000000000002,2,0,1
11012,0.4,2,0,0
11013,0.4,2,0,0
11014,0.4,2,1,1
11015,0.4,2,0,0
11016,1.2000000000000002,2,1,1
11017,0.4,3,1,0
11018,1.2000000000000002,3,1,1
11019,0.4,0,1,1
11020,0.4,1,1,1
11021,1.2000000000000002,2,0,0
11022,1.2000000000000002,1,1,1
11023,0.4,1,1,1
11024,1.2000000000000002,2,1,1
11025,0.4,2,1,1
11026,0.4,1,0,0
11027,0.4,0,0,0
11028,0.4,2,1,1
11029,0.4,1,0,0
11030,0.4,0,0,1
11031,0.4,0,0,0
11032,0.4,2,1,1
11033,1.2000000000000002,2,1,1
11034,0.4,1,1,1
11035,0.4,2,0,0
11036,0.4,1,1,1
11037,0.4,2,0,0
11038,1.2000000000000002,2,1,1
11039,0.4,1,0,0
11040,0.4,0,0,0
11041,1.2000000000000002,1,1,1
11042,0.4,2,0,1
11043,1.2000000000000002,3,0,0
11044,0.4,2,0,0
11045,0.4,2,0,0
11046,0.4,1,0,0
11047,0.4,1,0,0
11048,1.2000000000000002,2,0,1
11049,0.4,2,0,0
11050,0.4,3,1,1
11051,1.2000000000000002,1,0,0
11052,0.4,2,1,0
11053,0.4,2,0,0
11054,1.2000000000000002,3,0,0
11055,0.4,2,1,1
11056,0.4,2,0,0
11057,1.2000000000000002,3,1,1
11058,2.0,1,1,1
11059,0.4,2,0,0
11060,0.4,1,0,0
11061,0.4,1,0,1
11062,0.4,1,0,0
11063,0.4,1,0,0
11064,0.4,1,1,0
11065,0.4,2,1,1
11066,1.2000000000000002,1,0,1
11067,0.4,3,1,0
11068,1.2000000000000002,1,0,1
11069,0.4,2,0,0
11070,0.4,0,1,1
11071,0.4,1,1,1
11072,0.4,1,1,1
11073,0.4,1,1,1
11074,0.4,1,0,0
11075,0.4,0,1,1
11076,0.4,0,0,0
11077,0.4,3,1,0
11078,0.4,2,0,0
11079,1.2000000000000002,3,1,1
11080,0.4,1,1,1
11081,0.4,1,1,1
11082,1.2000000000000002,2,0,0
11083,0.4,1,1,0
11084,0.4,2,1,1
11085,0.4,2,0,0
11086,0.4,3,0,0
11087,2.8,2,1,1
11088,0.4,2,0,0
11089,0.4,3,0,0
11090,0.4,3,0,0
11091,0.4,3,1,0
11092,0.4,2,1,1
11093,0.4,1,0,0
11094,0.4,1,0,0
11095,0.4,2,0,0
11096,0.4,2,0,0
11097,0.4,3,0,0
11098,0.4,1,1,1
11099,0.4,3,1,0
11100,1.2000000000000002,0,1,1
11101,0.4,2,0,0
11102,0.4,2,1,1
11103,0.4,1,0,0
11104,0.4,1,1,1
11105,0.4,0,0,0
11106,0.4,1,0,0
11107,1.2000000000000002,3,1,1
11108,1.2000000000000002,1,1,1
11109,0.4,1,1,1
11110,0.4,2,1,1
11111,2.8,1,1,1
11112,0.4,2,0,0
11113,0.4,1,1,1
11114,1.2000000000000002,2,0,0
11115,0.4,2,0,0
11116,0.4,0,0,0
11117,0.4,3,1,0
11118,0.4,1,1,0
11119,1.2000000000000002,1,1,1
11120,1.2000000000000002,1,0,0
11121,0.4,0,0,0
11122,0.4,3,1,1
11123,2.0,2,1,1
11124,0.4,1,1,1
11125,2.0,3,1,1
11126,2.0,2,0,1
11127,1.2000000000000002,3,1,1
11128,0.4,0,0,0
11129,0.4,2,1,1
11130,0.4,2,0,0
11131,0.4,2,0,0
11132,1.2000000000000002,0,1,1
11133,2.0,2,1,1
11134,0.4,3,0,0
11135,0.4,0,1,1
11136,1.2000000000000002,3,0,0
11137,0.4,2,1,1
11138,0.4,1,0,1
11139,0.4,3,0,0
11140,0.4,1,1,0
11141,0.4,2,0,0
11142,1.2000000000000002,2,0,0
11143,0.4,2,0,0
11144,1.2000000000000002,3,1,1
11145,0.4,2,1,1
11146,0.4,3,1,1
11147,0.4,1,0,0
11148,1.2000000000000002,2,1,1
11149,0.4,1,1,1
11150,0.4,1,1,1
11151,0.4,0,0,0
11152,0.4,0,0,0
11153,0.4,2,1,1
11154,0.4,2,0,1
11155,0.4,1,0,0
11156,0.4,2,0,0
11157,1.2000000000000002,1,0,1
11158,0.4,1,1,1
11159,0.4,2,0,0
11160,1.2000000000000002,0,0,0
11161,0.4,2,1,1
11162,1.2000000000000002,1,1,1
11163,0.4,2,0,0
11164,0.4,1,1,1
11165,1.2000000000000002,2,1,1
11166,0.4,1,1,0
11167,0.4,2,0,1
11168,0.4,1,0,0
11169,0.4,2,1,1
11170,2.0,2,1,1
11171,1.2000000000000002,1,1,1
11172,0.4,3,1,0
11173,0.4,2,0,0
11174,0.4,1,0,0
11175,1.2000000000000002,2,0,1
11176,0.4,1,1,1
11177,0.4,2,0,0
11178,0.4,1,0,0
11179,0.4,1,0,0
11180,0.4,1,0,0
11181,0.4,1,1,1
11182,0.4,2,0,0
11183,0.4,1,0,0
11184,0.4,1,1,1
11185,0.4,2,1,1
11186,0.4,2,1,0
11187,0.4,2,0,0
11188,1.2000000000000002,1,0,1
11189,0.4,2,0,0
11190,0.4,2,1,1
11191,0.4,3,0,0
11192,0.4,3,0,0
11193,0.4,0,1,1
11194,0.4,1,1,1
11195,0.4,1,1,1
11196,1.2000000000000002,1,1,1
11197,1.2000000000000002,1,1,1
11198,0.4,3,1,1
11199,2.0,2,1,1
11200,0.4,3,0,0
11201,0.4,2,0,0
11202,5.199999999999999,2,0,1
11203,0.4,3,1,1
11204,0.4,2,0,0
11205,1.2000000000000002,2,0,0
11206,0.4,0,1,1
11207,1.2000000000000002,2,1,1
11208,0.4,0,1,1
11209,0.4,0,1,1
11210,0.4,2,0,0
11211,0.4,3,0,0
11212,0.4,1,0,0
11213,0.4,1,0,0
11214,0.4,1,0,0
11215,0.4,2,0,0
11216,0.4,1,1,1
11217,1.2000000000000002,0,0,1
11218,0.4,1,1,0
11219,0.4,0,1,1
11220,0.4,1,1,1
11221,1.2000000000000002,1,0,0
11222,1.2000000000000002,1,1,1
11223,1.2000000000000002,2,1,0
11224,2.0,0,1,1
11225,1.2000000000000002,3,1,1
11226,0.4,3,1,1
11227,0.4,3,0,0
11228,0.4,1,1,1
11229,1.2000000000000002,0,1,1
11230,0.4,1,1,1
11231,0.4,2,1,1
11232,0.4,2,0,0
11233,0.4,0,1,1
11234,0.4,2,0,1
11235,0.4,2,0,0
11236,0.4,1,1,1
11237,0.4,2,0,0
11238,0.4,3,0,0
11239,0.4,1,1,1
11240,0.4,1,0,0
11241,0.4,2,1,1
11242,0.4,3,1,1
11243,0.4,2,0,0
11244,2.0,2,0,1
11245,1.2000000000000002,2,1,1
11246,0.4,1,1,0
11247,1.2000000000000002,1,0,1
11248,0.4,3,1,1
11249,0.4,2,0,0
11250,0.4,0,0,0
11251,0.4,3,1,1
11252,0.4,1,1,1
11253,1.2000000000000002,2,1,1
11254,0.4,2,0,0
11255,0.4,3,1,1
11256,0.4,2,0,0
11257,0.4,2,0,0
11258,0.4,3,0,0
11259,0.4,1,0,1
11260,0.4,1,1,1
11261,1.2000000000000002,2,0,0
11262,0.4,1,0,0
11263,0.4,1,1,1
11264,0.4,2,1,1
11265,0.4,2,1,1
11266,0.4,1,0,0
11267,0.4,1,0,0
11268,0.4,0,0,0
11269,0.4,2,1,1
11270,0.4,1,0,0
11271,0.4,1,0,0
11272,0.4,1,0,0
11273,0.4,1,0,0
11274,0.4,2,1,1
11275,0.4,3,0,0
11276,0.4,0,0,0
11277,1.2000000000000002,1,0,0
11278,0.4,3,0,0
11279,0.4,1,0,0
11280,0.4,3,0,0
11281,0.4,0,1,1
11282,0.4,1,0,0
11283,0.4,3,1,1
11284,0.4,1,0,0
11285,0.4,1,0,0
11286,0.4,1,1,1
11287,0.4,1,1,1
11288,0.4,1,1,1
11289,0.4,2,1,1
11290,0.4,1,1,1
11291,0.4,1,0,0
11292,0.4,1,0,0
11293,0.4,1,1,1
11294,0.4,1,0,0
11295,0.4,3,0,0
11296,0.4,1,1,1
11297,0.4,2,0,0
11298,0.4,2,0,0
11299,0.4,2,0,0
11300,0.4,0,0,0
11301,0.4,1,1,1
11302,0.4,2,1,1
11303,0.4,1,1,1
11304,0.4,3,1,1
11305,0.4,2,0,0
11306,0.4,2,0,0
11307,0.4,1,1,1
11308,2.0,2,1,1
11309,0.4,2,1,1
11310,0.4,2,0,0
11311,0.4,2,1,1
11312,0.4,1,1,1
11313,0.4,0,1,1
11314,1.2000000000000002,2,0,0
11315,0.4,1,1,1
11316,2.0,2,0,1
11317,1.2000000000000002,3,0,0
11318,0.4,2,1,1
11319,0.4,2,1,1
11320,0.4,2,0,0
11321,2.0,2,1,1
11322,0.4,0,1,1
11323,0.4,2,1,0
11324,0.4,1,0,1
11325,1.2000000000000002,2,1,1
11326,0.4,1,1,1
11327,0.4,0,0,0
11328,0.4,0,0,1
11329,0.4,0,1,0
11330,1.2000000000000002,2,1,1
11331,0.4,2,1,1
11332,2.0,2,1,1
11333,0.4,2,1,1
11334,0.4,1,1,1
11335,0.4,3,0,0
11336,0.4,1,1,1
11337,0.4,1,0,0
11338,0.4,2,0,0
11339,1.2000000000000002,0,1,1
11340,0.4,2,1,1
11341,1.2000000000000002,2,1,1
11342,0.4,2,0,0
11343,1.2000000000000002,1,1,1
11344,1.2000000000000002,1,1,1
11345,1.2000000000000002,0,0,1
11346,0.4,3,0,0
11347,0.4,0,0,0
11348,0.4,2,0,0
11349,0.4,1,0,0
11350,2.0,1,0,0
11351,0.4,0,0,0
11352,0.4,2,1,1
11353,2.0,0,0,0
11354,0.4,2,0,0
11355,0.4,3,0,0
11356,0.4,1,0,0
11357,0.4,3,1,1
11358,1.2000000000000002,1,0,1
11359,0.4,3,0,0
11360,1.2000000000000002,1,1,1
11361,0.4,2,0,0
11362,0.4,1,0,0
11363,0.4,1,1,1
11364,0.4,2,0,0
11365,0.4,2,1,1
11366,1.2000000000000002,1,1,1
11367,0.4,1,1,0
11368,0.4,1,1,1
11369,0.4,1,1,0
11370,0.4,1,0,0
11371,0.4,2,1,1
11372,0.4,2,1,1
11373,0.4,1,1,1
11374,1.2000000000000002,3,0,0
11375,0.4,3,0,0
11376,0.4,2,1,1
11377,1.2000000000000002,2,1,1
11378,0.4,2,0,0
11379,1.2000000000000002,3,0,0
11380,1.2000000000000002,2,1,1
11381,0.4,0,0,0
11382,1.2000000000000002,3,1,1
11383,0.4,1,0,0
11384,0.4,1,1,1
11385,0.4,2,1,1
11386,1.2000000000000002,1,1,1
11387,0.4,2,1,1
11388,0.4,2,0,0
11389,1.2000000000000002,2,1,1
11390,0.4,3,0,0
11391,0.4,0,1,1
11392,0.4,2,0,0
11393,1.2000000000000002,2,1,1
11394,0.4,1,1,1
11395,0.4,1,1,1
11396,0.4,1,0,0
11397,1.2000000000000002,1,1,1
11398,0.4,0,0,0
11399,0.4,1,0,0
11400,1.2000000000000002,3,0,1
11401,0.4,2,0,0
11402,0.4,2,0,0
11403,1.2000000000000002,2,1,1
11404,0.4,1,1,1
11405,0.4,2,1,1
11406,0.4,1,0,0
11407,1.2000000000000002,1,0,1
11408,1.2000000000000002,1,0,0
11409,0.4,2,1,0
11410,0.4,1,1,1
11411,0.4,0,0,0
11412,0.4,1,0,0
11413,0.4,1,0,0
11414,0.4,2,1,1
11415,0.4,1,1,1
11416,0.4,1,1,1
11417,0.4,1,0,0
11418,0.4,2,1,1
11419,0.4,2,1,1
11420,0.4,2,0,0
11421,0.4,1,1,1
11422,0.4,2,1,1
11423,0.4,2,1,1
11424,1.2000000000000002,0,1,1
11425,0.4,2,0,0
11426,0.4,3,1,1
11427,1.2000000000000002,1,0,0
11428,1.2000000000000002,2,1,1
11429,0.4,1,0,0
11430,0.4,1,0,0
11431,0.4,2,0,0
11432,0.4,1,1,1
11433,0.4,3,0,0
11434,2.0,3,1,1
11435,0.4,2,1,1
11436,0.4,1,1,1
11437,1.2000000000000002,3,0,0
11438,0.4,2,0,0
11439,0.4,1,1,1
11440,0.4,1,1,1
11441,1.2000000000000002,1,1,1
11442,0.4,1,0,0
11443,0.4,2,0,0
11444,0.4,3,1,1
11445,0.4,0,1,1
11446,1.2000000000000002,1,0,1
11447,0.4,2,0,0
11448,0.4,1,0,0
11449,0.4,3,1,0
11450,0.4,2,1,1
11451,1.2000000000000002,2,0,0
11452,0.4,1,1,1
11453,0.4,0,1,1
11454,1.2000000000000002,1,1,1
11455,0.4,2,1,1
11456,0.4,2,0,0
11457,1.2000000000000002,1,1,1
11458,0.4,1,1,1
11459,1.2000000000000002,2,0,0
11460,0.4,2,0,0
11461,0.4,1,1,1
11462,0.4,2,1,1
11463,0.4,1,1,1
11464,0.4,2,0,0
11465,1.2000000000000002,2,0,1
11466,1.2000000000000002,2,0,0
11467,0.4,3,1,1
11468,0.4,1,1,1
11469,0.4,1,1,1
11470,0.4,2,1,0
11471,0.4,0,0,0
11472,0.4,2,0,0
11473,2.0,1,0,0
11474,0.4,0,0,0
11475,0.4,1,0,0
11476,0.4,0,0,0
11477,1.2000000000000002,2,0,1
11478,2.8,1,1,1
11479,1.2000000000000002,3,0,0
11480,0.4,2,0,0
11481,0.4,1,0,0
11482,0.4,3,0,0
11483,0.4,3,1,1
11484,1.2000000000000002,2,0,0
11485,0.4,3,0,1
11486,0.4,1,0,0
11487,0.4,3,0,0
11488,0.4,3,1,1
11489,2.0,1,1,1
11490,0.4,0,0,0
11491,1.2000000000000002,1,1,1
11492,0.4,2,1,1
11493,0.4,1,0,0
11494,0.4,1,1,1
11495,1.2000000000000002,2,1,1
11496,0.4,2,1,1
11497,0.4,0,0,1
11498,0.4,3,1,0
11499,0.4,1,1,1
11500,1.2000000000000002,2,0,1
11501,0.4,0,0,0
11502,2.0,3,0,1
11503,0.4,0,1,1
11504,0.4,1,1,1
11505,0.4,1,1,1
11506,0.4,2,1,1
11507,0.4,2,0,0
11508,0.4,1,0,0
11509,0.4,3,1,0
11510,0.4,2,0,0
11511,0.4,0,0,1
11512,0.4,2,1,1
11513,0.4,1,1,1
11514,0.4,0,0,0
11515,0.4,1,0,0
11516,0.4,2,0,0
11517,0.4,1,1,1
11518,1.2000000000000002,1,1,1
11519,0.4,3,0,0
11520,1.2000000000000002,2,1,1
11521,1.2000000000000002,2,1,1
11522,1.2000000000000002,3,0,0
11523,0.4,2,1,0
11524,0.4,0,0,0
11525,0.4,1,1,0
11526,0.4,2,0,0
11527,0.4,0,0,0
11528,0.4,0,0,0
11529,0.4,1,1,1
11530,0.4,0,0,0
11531,0.4,3,0,0
11532,0.4,2,1,1
11533,0.4,1,0,0
11534,0.4,3,0,0
11535,0.4,3,0,0
11536,0.4,2,0,0
11537,0.4,3,1,1
11538,0.4,1,0,0
11539,0.4,2,1,0
11540,1.2000000000000002,2,0,0
11541,0.4,1,1,1
11542,1.2000000000000002,1,1,1
11543,0.4,3,0,0
11544,0.4,2,1,1
11545,1.2000000000000002,1,1,1
11546,0.4,2,0,0
11547,2.0,2,1,1
11548,1.2000000000000002,2,1,1
11549,1.2000000000000002,3,1,1
11550,0.4,0,0,1
11551,1.2000000000000002,0,0,1
11552,0.4,0,0,0
11553,0.4,1,0,1
11554,0.4,1,0,0
11555,0.4,1,1,1
11556,1.2000000000000002,2,1,1
11557,0.4,2,1,0
11558,0.4,1,0,0
11559,0.4,2,0,0
11560,0.4,3,0,0
11561,0.4,1,0,0
11562,1.2000000000000002,2,0,1
11563,0.4,0,1,0
11564,0.4,1,0,1
11565,0.4,1,0,0
11566,1.2000000000000002,3,1,1
11567,1.2000000000000002,2,0,0
11568,0.4,1,1,1
11569,0.4,1,1,1
11570,0.4,1,0,0
11571,0.4,2,0,0
11572,0.4,2,1,0
11573,0.4,3,0,0
11574,0.4,2,0,0
11575,1.2000000000000002,3,1,1
11576,0.4,1,1,1
11577,0.4,1,0,0
11578,0.4,1,1,1
11579,0.4,1,1,0
11580,1.2000000000000002,3,1,1
11581,0.4,1,0,0
11582,0.4,3,1,1
11583,0.4,3,1,1
11584,0.4,1,1,1
11585,0.4,0,0,0
11586,2.0,2,1,1
11587,0.4,1,1,1
11588,1.2000000000000002,1,1,1
11589,0.4,2,0,0
11590,0.4,1,0,0
11591,0.4,2,0,0
11592,0.4,2,0,1
11593,2.0,3,1,1
11594,0.4,2,0,0
11595,0.4,3,0,0
11596,1.2000000000000002,1,0,0
11597,0.4,2,0,0
11598,0.4,1,0,0
11599,1.2000000000000002,1,1,1
11600,0.4,2,1,1
11601,0.4,2,1,0
11602,0.4,2,0,0
11603,0.4,2,0,0
11604,0.4,2,0,0
11605,0.4,2,1,0
11606,0.4,2,0,0
11607,0.4,0,1,1
11608,0.4,1,1,1
11609,1.2000000000000002,2,1,1
11610,0.4,2,0,0
11611,1.2000000000000002,2,1,1
11612,0.4,2,1,1
11613,0.4,1,0,0
11614,0.4,2,1,0
11615,0.4,1,0,0
11616,1.2000000000000002,0,1,1
11617,0.4,1,1,1
11618,0.4,1,1,1
11619,2.0,2,1,1
11620,0.4,2,1,1
11621,0.4,1,1,1
11622,0.4,3,0,0
11623,0.4,1,0,0
11624,0.4,1,0,0
11625,1.2000000000000002,2,1,1
11626,1.2000000000000002,3,0,0
11627,2.0,1,1,1
11628,0.4,1,1,1
11629,0.4,2,1,1
11630,0.4,1,0,0
11631,0.4,3,1,1
11632,0.4,1,0,0
11633,0.4,1,0,0
11634,0.4,3,1,1
11635,0.4,2,0,0
11636,0.4,0,1,1
11637,0.4,2,1,1
11638,0.4,3,0,0
11639,0.4,1,0,0
11640,1.2000000000000002,1,0,0
11641,0.4,3,1,1
11642,0.4,3,1,1
11643,1.2000000000000002,1,0,0
11644,0.4,0,1,1
11645,0.4,1,0,0
11646,0.4,2,1,0
11647,0.4,2,0,0
11648,0.4,3,0,1
11649,0.4,1,0,0
11650,0.4,2,0,0
11651,1.2000000000000002,2,0,1
11652,0.4,1,1,1
11653,1.2000000000000002,2,0,0
11654,1.2000000000000002,1,1,1
11655,2.0,3,1,1
11656,1.2000000000000002,2,0,0
11657,0.4,1,0,0
11658,0.4,0,0,0
11659,0.4,3,1,1
11660,0.4,3,1,0
11661,1.2000000000000002,2,1,1
11662,0.4,0,1,1
11663,1.2000000000000002,3,0,0
11664,0.4,2,0,0
11665,0.4,1,0,0
11666,0.4,1,1,1
11667,0.4,3,1,1
11668,0.4,3,1,1
11669,0.4,1,1,1
11670,0.4,2,0,0
11671,0.4,2,0,0
11672,0.4,1,0,0
11673,1.2000000000000002,0,1,1
11674,1.2000000000000002,2,1,1
11675,0.4,1,0,0
11676,0.4,3,0,0
11677,0.4,2,1,1
11678,1.2000000000000002,1,1,1
11679,1.2000000000000002,1,1,1
11680,0.4,0,0,1
11681,1.2000000000000002,1,0,1
11682,0.4,2,0,0
11683,0.4,2,0,0
11684,0.4,3,1,0
11685,0.4,2,1,0
11686,0.4,2,0,0
11687,1.2000000000000002,1,1,1
11688,1.2000000000000002,0,0,0
11689,0.4,1,1,1
11690,0.4,0,1,0
11691,0.4,2,0,0
11692,0.4,1,0,0
11693,1.2000000000000002,2,1,1
11694,0.4,1,0,0
11695,0.4,3,1,1
11696,0.4,3,1,1
11697,0.4,2,0,0
11698,0.4,2,1,1
11699,0.4,0,0,0
11700,0.4,2,1,1
11701,0.4,2,0,0
11702,0.4,2,0,0
11703,1.2000000000000002,2,1,1
11704,0.4,2,1,1
11705,0.4,2,1,0
11706,0.4,3,0,0
11707,0.4,2,1,1
11708,0.4,1,0,0
11709,1.2000000000000002,3,1,1
11710,0.4,1,1,0
11711,0.4,1,0,0
11712,1.2000000000000002,2,0,0
11713,2.0,1,0,1
11714,0.4,1,1,1
11715,1.2000000000000002,1,1,1
11716,1.2000000000000002,1,0,0
11717,0.4,1,0,0
11718,0.4,2,0,0
11719,1.2000000000000002,1,0,0
11720,1.2000000000000002,2,1,1
11721,2.0,1,0,1
11722,0.4,3,0,0
11723,0.4,1,0,0
11724,0.4,3,1,1
11725,1.2000000000000002,1,0,1
11726,0.4,1,1,1
11727,0.4,2,0,0
11728,0.4,2,1,1
11729,0.4,2,1,1
11730,2.0,2,1,1
11731,0.4,1,1,1
11732,1.2000000000000002,0,1,1
11733,0.4,2,0,0
11734,0.4,1,0,0
11735,1.2000000000000002,2,1,1
11736,0.4,0,1,1
11737,1.2000000000000002,2,0,0
11738,0.4,2,0,0
11739,1.2000000000000002,2,1,1
11740,1.2000000000000002,2,0,0
11741,2.0,1,1,1
11742,1.2000000000000002,2,1,1
11743,1.2000000000000002,2,0,0
11744,0.4,1,0,0
11745,0.4,1,0,0
11746,0.4,2,0,0
11747,0.4,3,1,1
11748,1.2000000000000002,2,0,0
11749,0.4,3,1,1
11750,0.4,2,0,0
11751,0.4,0,1,1
11752,0.4,1,0,0
11753,0.4,2,1,1
11754,0.4,2,1,1
11755,0.4,0,1,1
11756,0.4,1,0,0
11757,0.4,1,0,0
11758,1.2000000000000002,1,0,1
11759,0.4,2,1,1
11760,0.4,1,0,0
11761,1.2000000000000002,1,0,0
11762,0.4,3,0,0
11763,0.4,1,0,0
11764,1.2000000000000002,1,0,0
11765,0.4,1,0,0
11766,0.4,0,0,0
11767,0.4,3,0,0
11768,1.2000000000000002,1,1,1
11769,0.4,1,1,1
11770,0.4,2,0,0
11771,0.4,2,0,0
11772,0.4,0,0,0
11773,0.4,1,1,1
11774,1.2000000000000002,3,0,0
11775,0.4,1,1,1
11776,0.4,1,1,1
11777,0.4,2,0,0
11778,1.2000000000000002,2,0,1
11779,0.4,2,0,0
11780,0.4,1,1,1
11781,0.4,2,1,1
11782,0.4,2,1,1
11783,0.4,2,0,0
11784,0.4,2,0,0
11785,0.4,3,0,0
11786,0.4,1,1,1
11787,0.4,2,0,0
11788,0.4,1,1,1
11789,0.4,1,0,0
11790,0.4,0,1,1
11791,0.4,2,1,1
11792,0.4,1,0,0
11793,0.4,2,1,1
11794,0.4,3,1,1
11795,0.4,2,0,0
11796,0.4,2,0,1
11797,0.4,2,0,0
11798,0.4,2,0,0
11799,0.4,1,0,0
11800,0.4,0,1,1
11801,2.0,3,0,1
11802,1.2000000000000002,1,1,1
11803,0.4,3,1,1
11804,0.4,3,0,0
11805,1.2000000000000002,2,1,1
11806,0.4,1,0,0
11807,0.4,1,0,1
11808,1.2000000000000002,2,0,0
11809,0.4,1,0,0
11810,0.4,0,0,0
11811,2.0,1,1,1
11812,0.4,2,1,1
11813,0.4,1,0,0
11814,1.2000000000000002,1,0,1
11815,0.4,2,1,1
11816,0.4,2,0,0
11817,0.4,2,1,1
11818,0.4,1,1,1
11819,1.2000000000000002,1,0,0
11820,0.4,2,0,0
11821,1.2000000000000002,1,0,1
11822,0.4,0,1,1
11823,0.4,1,1,1
11824,0.4,1,0,0
11825,0.4,2,1,1
11826,0.4,2,1,1
11827,1.2000000000000002,2,0,0
11828,0.4,2,0,0
11829,0.4,2,0,0
11830,0.4,1,1,1
11831,0.4,3,1,1
11832,0.4,1,1,1
11833,0.4,2,0,0
11834,0.4,1,0,0
11835,0.4,2,1,0
11836,0.4,3,1,1
11837,0.4,1,0,0
11838,0.4,1,0,1
11839,1.2000000000000002,1,0,0
11840,0.4,1,1,1
11841,0.4,0,1,1
11842,1.2000000000000002,1,1,1
11843,0.4,2,0,0
11844,0.4,1,0,0
11845,1.2000000000000002,0,0,1
11846,1.2000000000000002,1,0,0
11847,0.4,2,1,0
11848,1.2000000000000002,1,1,1
11849,1.2000000000000002,1,0,0
11850,0.4,1,0,0
11851,1.2000000000000002,2,1,1
11852,1.2000000000000002,2,1,1
11853,0.4,2,0,0
11854,0.4,1,0,1
11855,0.4,0,0,0
11856,1.2000000000000002,0,1,1
11857,1.2000000000000002,1,0,0
11858,0.4,1,0,0
11859,0.4,2,1,1
11860,0.4,2,1,1
11861,0.4,1,1,1
11862,0.4,1,1,0
11863,1.2000000000000002,2,0,0
11864,0.4,1,0,0
11865,1.2000000000000002,2,1,1
11866,0.4,2,0,0
11867,0.4,3,1,0
11868,1.2000000000000002,2,1,1
11869,2.0,1,0,1
11870,0.4,1,0,1
11871,0.4,1,0,0
11872,1.2000000000000002,2,1,1
11873,1.2000000000000002,2,0,1
11874,1.2000000000000002,3,1,1
11875,0.4,1,0,0
11876,1.2000000000000002,1,1,1
11877,0.4,1,0,0
11878,0.4,1,0,0
11879,0.4,1,0,0
11880,1.2000000000000002,2,1,1
11881,0.4,1,1,1
11882,0.4,1,1,1
11883,0.4,1,1,1
11884,0.4,2,0,0
11885,0.4,2,0,0
11886,0.4,3,1,0
11887,0.4,3,0,0
11888,0.4,2,1,1
11889,0.4,1,1,1
11890,0.4,1,0,0
11891,0.4,0,1,1
11892,0.4,1,0,0
11893,0.4,2,1,1
11894,0.4,2,0,0
11895,0.4,2,0,0
11896,1.2000000000000002,3,0,0
11897,0.4,1,0,0
11898,0.4,2,0,0
11899,1.2000000000000002,2,1,1
11900,0.4,1,0,0
11901,0.4,2,1,0
11902,0.4,1,0,0
11903,0.4,1,1,1
11904,0.4,1,1,1
11905,0.4,1,0,0
11906,0.4,3,0,0
11907,1.2000000000000002,2,0,0
11908,0.4,1,1,1
11909,2.0,2,1,1
11910,0.4,0,1,1
11911,1.2000000000000002,2,1,1
11912,0.4,2,0,0
11913,2.0,1,1,1
11914,0.4,3,1,0
11915,0.4,2,0,0
11916,0.4,3,0,0
11917,0.4,2,0,0
11918,0.4,3,0,0
11919,0.4,1,0,0
11920,0.4,2,1,1
11921,0.4,1,1,1
11922,0.4,1,1,0
11923,0.4,0,1,1
11924,1.2000000000000002,2,1,1
11925,0.4,2,0,0
11926,0.4,3,0,0
11927,0.4,2,0,0
11928,0.4,1,1,0
11929,0.4,1,0,0
11930,1.2000000000000002,1,0,0
11931,0.4,1,1,0
11932,1.2000000000000002,1,1,1
11933,1.2000000000000002,2,0,0
11934,0.4,0,0,1
11935,1.2000000000000002,2,1,1
11936,0.4,2,0,0
11937,0.4,2,0,0
11938,0.4,1,1,1
11939,0.4,2,0,0
11940,1.2000000000000002,2,0,1
11941,0.4,1,1,1
11942,0.4,0,0,0
11943,0.4,2,1,1
11944,0.4,1,1,1
11945,1.2000000000000002,1,1,1
11946,0.4,2,1,1
11947,0.4,2,0,0
11948,0.4,0,1,1
11949,1.2000000000000002,1,0,0
11950,0.4,3,1,1
11951,0.4,0,1,0
11952,1.2000000000000002,2,0,1
11953,0.4,2,1,1
11954,0.4,1,0,0
11955,0.4,2,1,1
11956,0.4,1,0,0
11957,0.4,1,1,1
11958,0.4,2,1,1
11959,0.4,1,1,1
11960,0.4,2,0,0
11961,0.4,2,1,0
11962,0.4,1,1,0
11963,0.4,2,0,0
11964,0.4,0,1,1
11965,1.2000000000000002,2,0,0
11966,1.2000000000000002,1,0,0
11967,1.2000000000000002,0,1,1
11968,0.4,3,0,0
11969,1.2000000000000002,3,1,1
11970,0.4,2,1,1
11971,0.4,2,1,1
11972,0.4,1,0,0
11973,0.4,2,0,0
11974,0.4,1,1,1
11975,0.4,2,0,0
11976,1.2000000000000002,3,0,0
11977,1.2000000000000002,1,0,1
11978,0.4,0,0,0
11979,1.2000000000000002,2,1,1
11980,0.4,1,0,0
11981,1.2000000000000002,2,1,1
11982,0.4,2,0,0
11983,1.2000000000000002,3,0,0
11984,0.4,2,0,0
11985,0.4,2,1,1
11986,0.4,2,0,0
11987,0.4,3,0,0
11988,0.4,2,0,0
11989,1.2000000000000002,1,1,1
11990,0.4,3,1,0
11991,0.4,3,1,1
11992,1.2000000000000002,2,0,0
11993,0.4,2,1,1
11994,0.4,1,0,0
11995,0.4,1,1,1
11996,1.2000000000000002,2,1,1
11997,0.4,1,0,0
11998,0.4,2,1,0
11999,1.2000000000000002,2,0,0
12000,0.4,0,0,0
12001,1.2000000000000002,1,1,1
12002,0.4,1,0,0
12003,0.4,2,1,1
12004,0.4,0,0,0
12005,1.2000000000000002,1,1,1
12006,2.0,1,0,0
12007,0.4,1,1,1
12008,0.4,2,1,1
12009,0.4,2,0,0
12010,0.4,2,1,1
12011,0.4,2,0,0
12012,0.4,2,1,1
12013,0.4,2,0,0
12014,0.4,3,0,0
12015,0.4,2,0,0
12016,0.4,1,1,1
12017,0.4,1,0,0
12018,0.4,1,0,0
12019,0.4,0,1,1
12020,1.2000000000000002,3,1,1
12021,0.4,2,1,1
12022,1.2000000000000002,0,1,1
12023,0.4,1,1,0
12024,1.2000000000000002,2,0,0
12025,1.2000000000000002,3,1,1
12026,0.4,1,1,1
12027,0.4,3,0,0
12028,0.4,1,0,0
12029,1.2000000000000002,3,0,0
12030,0.4,1,0,0
12031,0.4,0,1,1
12032,0.4,3,0,0
12033,0.4,0,1,1
12034,0.4,2,1,1
12035,0.4,2,1,1
12036,0.4,3,0,0
12037,1.2000000000000002,2,1,1
12038,0.4,1,1,1
12039,0.4,2,1,0
12040,0.4,1,1,1
12041,0.4,0,0,0
12042,0.4,1,0,0
12043,1.2000000000000002,1,1,1
12044,0.4,1,1,1
12045,0.4,1,1,1
12046,0.4,1,0,0
12047,1.2000000000000002,3,0,0
12048,0.4,3,0,0
12049,0.4,1,0,0
12050,0.4,2,0,0
12051,0.4,2,0,0
12052,0.4,2,1,1
12053,0.4,2,1,1
12054,1.2000000000000002,0,0,1
12055,0.4,0,1,1
12056,0.4,1,1,1
12057,0.4,3,1,0
12058,0.4,1,0,0
12059,0.4,3,1,0
12060,0.4,1,1,1
12061,0.4,1,0,0
12062,0.4,2,0,0
12063,0.4,3,0,0
12064,0.4,1,1,1
12065,0.4,2,1,0
12066,0.4,2,1,1
12067,0.4,2,0,0
12068,0.4,0,1,1
12069,0.4,1,1,0
12070,1.2000000000000002,2,0,0
12071,0.4,1,1,1
12072,0.4,3,0,0
12073,0.4,1,1,1
12074,0.4,3,1,1
12075,0.4,0,1,0
12076,0.4,1,1,0
12077,1.2000000000000002,1,1,1
12078,1.2000000000000002,2,0,1
12079,0.4,0,0,0
12080,0.4,2,1,1
12081,1.2000000000000002,0,0,1
12082,0.4,2,1,1
12083,0.4,0,1,1
12084,0.4,1,1,1
12085,1.2000000000000002,2,1,1
12086,0.4,2,0,0
12087,0.4,2,0,0
12088,0.4,3,0,0
12089,0.4,1,0,0
12090,0.4,1,0,0
12091,0.4,3,0,0
12092,0.4,1,0,0
12093,0.4,3,1,1
12094,0.4,0,1,1
12095,1.2000000000000002,2,1,1
12096,0.4,1,0,0
12097,0.4,3,0,0
12098,1.2000000000000002,3,1,1
12099,0.4,0,0,0
12100,0.4,1,1,1
12101,1.2000000000000002,0,1,1
12102,0.4,2,0,0
12103,1.2000000000000002,3,0,0
12104,0.4,2,1,0
12105,1.2000000000000002,2,1,1
12106,0.4,3,1,1
12107,0.4,2,1,1
12108,0.4,2,1,1
12109,1.2000000000000002,1,0,1
12110,0.4,2,1,0
12111,1.2000000000000002,1,1,1
12112,1.2000000000000002,3,1,1
12113,0.4,0,1,0
12114,0.4,2,0,0
12115,0.4,2,1,1
12116,0.4,0,0,0
12117,0.4,3,1,1
12118,0.4,1,0,1
12119,0.4,2,1,1
12120,0.4,3,1,1
12121,1.2000000000000002,2,1,1
12122,1.2000000000000002,0,1,1
12123,0.4,2,0,0
12124,0.4,2,1,1
12125,1.2000000000000002,2,1,1
12126,0.4,1,0,0
12127,0.4,3,1,1
12128,1.2000000000000002,2,1,1
12129,0.4,2,1,0
12130,0.4,0,1,1
12131,0.4,2,1,0
12132,0.4,2,0,0
12133,0.4,1,0,0
12134,1.2000000000000002,3,0,0
12135,0.4,1,0,0
12136,0.4,3,1,1
12137,0.4,2,0,0
12138,0.4,3,1,1
12139,0.4,1,1,1
12140,0.4,2,0,0
12141,1.2000000000000002,2,1,1
12142,0.4,3,0,0
12143,1.2000000000000002,2,0,0
12144,1.2000000000000002,3,0,0
12145,0.4,2,0,0
12146,1.2000000000000002,3,0,0
12147,0.4,2,0,0
12148,0.4,2,1,1
12149,1.2000000000000002,2,1,1
12150,0.4,3,1,0
12151,1.2000000000000002,2,0,0
12152,0.4,2,1,1
12153,0.4,2,1,1
12154,0.4,1,0,0
12155,0.4,1,1,1
12156,0.4,1,1,1
12157,1.2000000000000002,2,0,1
12158,0.4,3,1,1
12159,1.2000000000000002,1,0,0
12160,0.4,1,0,0
12161,0.4,2,0,0
12162,0.4,0,0,1
12163,0.4,2,1,1
12164,0.4,2,0,0
12165,2.0,2,0,1
12166,4.4,1,0,1
12167,0.4,1,1,1
12168,0.4,1,0,1
12169,0.4,1,1,1
12170,0.4,2,0,0
12171,0.4,1,1,0
12172,1.2000000000000002,3,0,0
12173,0.4,2,0,0
12174,0.4,1,0,1
12175,0.4,1,1,1
12176,0.4,2,1,1
12177,0.4,3,0,0
12178,0.4,1,0,0
12179,0.4,1,1,1
12180,0.4,3,1,1
12181,0.4,2,0,0
12182,0.4,2,1,1
12183,1.2000000000000002,2,1,1
12184,0.4,2,1,1
12185,0.4,1,0,0
12186,0.4,1,1,1
12187,0.4,0,1,1
12188,0.4,3,1,1
12189,0.4,1,0,1
12190,0.4,2,0,0
12191,0.4,2,1,1
12192,1.2000000000000002,0,1,1
12193,1.2000000000000002,2,1,1
12194,0.4,1,1,1
12195,0.4,2,1,1
12196,1.2000000000000002,2,0,0
12197,0.4,2,1,1
12198,1.2000000000000002,2,1,1
12199,0.4,0,0,0
12200,1.2000000000000002,1,0,0
12201,1.2000000000000002,3,1,1
12202,0.4,3,0,0
12203,0.4,0,1,1
12204,0.4,2,1,1
12205,1.2000000000000002,2,1,1
12206,1.2000000000000002,3,0,0
12207,0.4,0,0,0
12208,0.4,0,0,0
12209,1.2000000000000002,1,0,0
12210,1.2000000000000002,2,0,0
12211,1.2000000000000002,1,0,0
12212,1.2000000000000002,1,1,1
12213,0.4,2,1,1
12214,0.4,2,0,1
12215,1.2000000000000002,1,0,1
12216,0.4,1,1,1
12217,1.2000000000000002,1,1,1
12218,0.4,2,0,0
12219,0.4,3,0,0
12220,0.4,3,1,1
12221,1.2000000000000002,2,0,0
12222,1.2000000000000002,2,1,1
12223,0.4,3,0,0
12224,1.2000000000000002,1,0,0
12225,0.4,1,1,1
12226,1.2000000000000002,2,0,1
12227,0.4,1,1,1
12228,1.2000000000000002,1,0,0
12229,0.4,3,1,1
12230,1.2000000000000002,1,1,1
12231,0.4,1,0,0
12232,0.4,0,1,1
12233,0.4,1,1,1
12234,0.4,3,0,0
12235,0.4,2,0,0
12236,0.4,1,0,0
12237,0.4,1,0,0
12238,0.4,0,1,1
12239,0.4,2,0,0
12240,0.4,1,0,0
12241,1.2000000000000002,0,1,1
12242,1.2000000000000002,2,0,0
12243,0.4,1,0,0
12244,0.4,0,0,0
12245,0.4,1,0,0
12246,0.4,1,1,1
12247,1.2000000000000002,2,0,1
12248,0.4,1,0,0
12249,0.4,2,1,1
12250,1.2000000000000002,2,1,1
12251,0.4,1,0,0
12252,0.4,1,1,1
12253,0.4,0,0,1
12254,0.4,3,1,1
12255,2.0,1,1,1
12256,1.2000000000000002,1,1,1
12257,0.4,0,0,0
12258,0.4,3,1,1
12259,0.4,2,0,0
12260,0.4,2,0,0
12261,0.4,1,0,0
12262,0.4,0,1,1
12263,0.4,3,0,0
12264,0.4,3,0,0
12265,0.4,2,1,1
12266,0.4,1,0,0
12267,0.4,1,1,1
12268,0.4,2,0,0
12269,0.4,2,0,0
12270,0.4,2,1,1
12271,0.4,1,0,0
12272,0.4,2,0,0
12273,0.4,2,1,1
12274,1.2000000000000002,2,1,1
12275,1.2000000000000002,2,0,0
12276,0.4,2,1,1
12277,0.4,0,1,1
12278,1.2000000000000002,3,0,1
12279,0.4,1,1,1
12280,0.4,1,1,1
12281,0.4,2,0,0
12282,0.4,0,0,0
12283,0.4,1,0,0
12284,0.4,3,1,0
12285,0.4,2,0,0
12286,0.4,2,1,1
12287,0.4,1,0,0
12288,0.4,1,0,0
12289,0.4,1,1,1
12290,1.2000000000000002,3,1,1
12291,0.4,3,0,0
12292,0.4,2,0,0
12293,0.4,2,1,0
12294,1.2000000000000002,1,1,1
12295,1.2000000000000002,1,1,1
12296,0.4,2,1,1
12297,0.4,2,1,1
12298,1.2000000000000002,1,0,0
12299,0.4,1,1,1
12300,0.4,2,1,1
12301,0.4,1,0,0
12302,0.4,2,1,1
12303,1.2000000000000002,2,1,1
12304,0.4,1,0,0
12305,0.4,2,1,0
12306,0.4,1,0,0
12307,0.4,1,1,1
12308,0.4,2,0,0
12309,0.4,2,1,1
12310,0.4,2,1,1
12311,0.4,1,1,1
12312,0.4,1,1,1
12313,0.4,2,1,1
12314,0.4,2,0,0
12315,1.2000000000000002,2,0,0
12316,1.2000000000000002,2,0,0
12317,0.4,2,0,0
12318,2.0,2,1,1
12319,1.2000000000000002,1,0,0
12320,1.2000000000000002,1,0,0
12321,1.2000000000000002,1,1,1
12322,0.4,1,0,0
12323,0.4,1,0,1
12324,0.4,1,0,0
12325,0.4,2,0,0
12326,0.4,0,1,1
12327,0.4,0,1,1
12328,1.2000000000000002,2,0,0
12329,0.4,1,1,1
12330,1.2000000000000002,2,0,0
12331,0.4,0,1,1
12332,0.4,2,1,1
12333,0.4,2,0,0
12334,0.4,2,0,0
12335,0.4,3,1,1
12336,0.4,0,0,0
12337,0.4,2,1,0
12338,0.4,1,0,0
12339,2.0,1,1,1
12340,0.4,1,0,0
12341,0.4,2,0,0
12342,1.2000000000000002,3,0,0
12343,0.4,0,0,0
12344,0.4,2,1,1
12345,0.4,1,1,1
12346,0.4,1,1,1
12347,0.4,2,0,0
12348,0.4,1,0,0
12349,0.4,1,0,0
12350,0.4,3,1,1
12351,1.2000000000000002,2,1,1
12352,0.4,2,0,0
12353,0.4,3,1,1
12354,0.4,1,1,1
12355,0.4,3,1,1
12356,0.4,2,0,0
12357,0.4,1,1,1
12358,1.2000000000000002,0,1,1
12359,0.4,1,1,1
12360,1.2000000000000002,2,0,0
12361,1.2000000000000002,1,1,1
12362,0.4,3,0,0
12363,0.4,1,0,0
12364,1.2000000000000002,2,1,1
12365,0.4,2,0,0
12366,0.4,1,1,0
12367,0.4,2,0,0
12368,1.2000000000000002,0,1,1
12369,1.2000000000000002,2,0,0
12370,0.4,2,1,1
12371,0.4,0,1,1
12372,0.4,2,0,0
12373,0.4,2,0,0
12374,0.4,1,1,0
12375,2.0,2,1,1
12376,0.4,3,1,1
12377,1.2000000000000002,1,1,1
12378,0.4,3,0,0
12379,0.4,1,1,1
12380,0.4,2,0,0
12381,0.4,2,1,1
12382,0.4,2,0,1
12383,2.0,2,0,1
12384,0.4,3,1,0
12385,0.4,2,0,0
12386,0.4,0,1,1
12387,0.4,2,0,0
12388,1.2000000000000002,1,0,1
12389,0.4,2,0,0
12390,2.0,1,1,1
12391,0.4,0,0,0
12392,0.4,0,1,1
12393,0.4,1,0,0
12394,0.4,2,1,1
12395,2.0,1,1,1
12396,0.4,2,1,1
12397,0.4,2,0,0
12398,0.4,1,0,0
12399,0.4,1,1,1
12400,1.2000000000000002,1,1,1
12401,1.2000000000000002,0,1,1
12402,1.2000000000000002,1,1,1
12403,1.2000000000000002,3,1,1
12404,0.4,2,0,0
12405,0.4,1,0,0
12406,0.4,1,0,0
12407,0.4,2,1,0
12408,0.4,1,0,0
12409,0.4,1,0,0
12410,0.4,1,1,1
12411,1.2000000000000002,1,0,1
12412,1.2000000000000002,1,1,1
12413,1.2000000000000002,3,0,0
12414,0.4,1,0,1
12415,0.4,2,0,0
12416,0.4,1,1,1
12417,0.4,1,1,1
12418,0.4,2,0,0
12419,1.2000000000000002,1,1,1
12420,0.4,0,1,1
12421,0.4,2,1,1
12422,0.4,2,1,1
12423,0.4,2,1,1
12424,1.2000000000000002,2,0,0
12425,0.4,1,0,0
12426,0.4,2,0,0
12427,0.4,1,1,1
12428,0.4,2,0,0
12429,1.2000000000000002,2,0,0
12430,0.4,2,0,0
12431,0.4,3,0,0
12432,0.4,2,0,0
12433,0.4,0,0,0
12434,1.2000000000000002,1,0,0
12435,0.4,3,0,0
12436,0.4,1,0,0
12437,2.8,2,0,1
12438,0.4,3,1,1
12439,0.4,1,0,0
12440,0.4,2,1,0
12441,1.2000000000000002,1,1,1
12442,0.4,2,1,1
12443,0.4,3,1,0
12444,0.4,1,0,0
12445,0.4,2,0,0
12446,1.2000000000000002,1,1,1
12447,0.4,0,1,1
12448,0.4,3,1,1
12449,0.4,0,0,0
12450,1.2000000000000002,1,1,1
12451,0.4,2,0,0
12452,2.8,0,1,1
12453,0.4,1,1,1
12454,1.2000000000000002,2,0,0
12455,1.2000000000000002,0,0,1
12456,0.4,1,1,1
12457,1.2000000000000002,1,0,1
12458,0.4,1,1,1
12459,2.0,1,1,1
12460,0.4,2,1,0
12461,0.4,1,0,0
12462,2.0,0,0,1
12463,0.4,2,0,0
12464,0.4,2,0,0
12465,1.2000000000000002,1,0,1
12466,0.4,0,1,1
12467,0.4,2,0,0
12468,0.4,2,0,0
12469,1.2000000000000002,1,0,1
12470,1.2000000000000002,2,1,1
12471,0.4,1,0,0
12472,0.4,2,0,0
12473,0.4,2,1,1
12474,0.4,2,1,1
12475,1.2000000000000002,0,1,1
12476,0.4,0,1,0
12477,0.4,2,0,0
12478,0.4,3,1,0
12479,0.4,2,1,1
12480,1.2000000000000002,2,1,1
12481,0.4,2,1,1
12482,0.4,0,1,0
12483,0.4,2,1,0
12484,0.4,3,1,1
12485,0.4,2,0,0
12486,1.2000000000000002,1,0,0
12487,0.4,3,0,0
12488,0.4,3,1,1
12489,0.4,3,0,0
12490,0.4,2,1,1
12491,1.2000000000000002,2,0,0
12492,0.4,2,1,1
12493,0.4,0,0,0
12494,1.2000000000000002,2,1,1
12495,0.4,2,0,0
12496,1.2000000000000002,2,0,0
12497,0.4,3,0,0
12498,1.2000000000000002,0,0,0
12499,0.4,0,1,1
12500,1.2000000000000002,1,0,1
12501,0.4,3,0,0
12502,0.4,2,0,0
12503,0.4,2,0,0
12504,2.0,1,0,1
12505,0.4,2,1,1
12506,0.4,2,1,1
12507,0.4,3,0,0
12508,0.4,0,1,0
12509,0.4,0,1,1
12510,0.4,2,0,0
12511,0.4,1,1,0
12512,0.4,1,1,1
12513,0.4,2,0,0
12514,0.4,0,0,0
12515,0.4,1,1,1
12516,0.4,1,0,0
12517,1.2000000000000002,1,0,1
12518,0.4,1,1,1
12519,0.4,1,1,1
12520,0.4,3,1,1
12521,0.4,2,0,0
12522,0.4,1,0,0
12523,0.4,2,1,1
12524,0.4,1,0,0
12525,0.4,1,0,0
12526,0.4,0,0,0
12527,0.4,1,1,1
12528,0.4,2,1,0
12529,0.4,3,1,1
12530,0.4,1,1,1
12531,0.4,3,0,0
12532,1.2000000000000002,1,1,1
12533,0.4,2,1,1
12534,0.4,2,0,0
12535,0.4,1,0,0
12536,1.2000000000000002,1,1,1
12537,1.2000000000000002,1,0,1
12538,0.4,2,1,1
12539,0.4,2,1,1
12540,0.4,3,1,1
12541,1.2000000000000002,0,1,1
12542,0.4,2,1,0
12543,0.4,2,1,1
12544,1.2000000000000002,3,0,1
12545,0.4,0,0,0
12546,0.4,2,1,1
12547,0.4,2,0,0
12548,0.4,1,0,0
12549,0.4,1,1,1
12550,1.2000000000000002,2,1,1
12551,0.4,2,1,1
12552,0.4,1,0,0
12553,0.4,1,1,1
12554,1.2000000000000002,1,1,1
12555,0.4,1,0,0
12556,0.4,1,1,1
12557,0.4,0,0,0
12558,1.2000000000000002,2,0,0
12559,1.2000000000000002,0,0,0
12560,1.2000000000000002,1,0,1
12561,0.4,2,0,0
12562,0.4,1,1,1
12563,1.2000000000000002,1,1,1
12564,1.2000000000000002,1,1,1
12565,0.4,3,1,1
12566,1.2000000000000002,2,1,1
12567,0.4,1,0,0
12568,1.2000000000000002,2,1,1
12569,0.4,2,1,0
12570,0.4,2,1,1
12571,0.4,2,0,0
12572,0.4,0,1,1
12573,1.2000000000000002,2,1,1
12574,0.4,1,1,1
12575,0.4,0,1,1
12576,0.4,1,1,1
12577,0.4,2,0,0
12578,0.4,0,1,1
12579,0.4,1,0,0
12580,1.2000000000000002,1,0,0
12581,0.4,1,1,1
12582,0.4,3,1,0
12583,0.4,2,0,0
12584,0.4,2,0,0
12585,1.2000000000000002,1,0,0
12586,0.4,1,1,1
12587,0.4,1,0,0
12588,0.4,1,1,1
12589,0.4,2,1,1
12590,0.4,0,1,1
12591,0.4,1,0,0
12592,0.4,0,1,1
12593,0.4,1,0,0
12594,0.4,0,0,0
12595,0.4,1,0,0
12596,0.4,3,1,1
12597,0.4,3,1,1
12598,0.4,2,1,1
12599,0.4,1,1,1
12600,0.4,1,1,1
12601,1.2000000000000002,1,0,0
12602,0.4,0,1,1
12603,1.2000000000000002,1,1,1
12604,0.4,2,0,0
12605,1.2000000000000002,2,1,0
12606,0.4,2,0,0
12607,0.4,2,0,0
12608,0.4,1,1,0
12609,0.4,2,1,1
12610,0.4,2,1,0
12611,1.2000000000000002,0,1,1
12612,0.4,2,1,1
12613,0.4,2,1,0
12614,0.4,1,0,0
12615,0.4,1,0,0
12616,0.4,1,0,0
12617,0.4,0,1,1
12618,0.4,2,0,0
12619,0.4,0,0,1
12620,0.4,2,0,0
12621,1.2000000000000002,1,1,1
12622,0.4,1,0,0
12623,1.2000000000000002,1,0,0
12624,0.4,1,1,1
12625,2.0,0,1,1
12626,0.4,0,0,0
12627,0.4,1,0,0
12628,1.2000000000000002,1,1,0
12629,0.4,1,1,1
12630,0.4,1,1,1
12631,0.4,1,1,1
12632,1.2000000000000002,0,1,1
12633,0.4,1,0,1
12634,1.2000000000000002,1,1,1
12635,0.4,2,0,0
12636,0.4,2,0,0
12637,0.4,2,0,0
12638,0.4,2,1,1
12639,0.4,2,1,1
12640,0.4,0,1,1
12641,0.4,1,1,1
12642,0.4,2,0,0
12643,0.4,1,1,0
12644,0.4,1,1,1
12645,0.4,3,1,0
12646,1.2000000000000002,1,1,1
12647,0.4,2,1,1
12648,0.4,2,0,0
12649,0.4,1,0,0
12650,0.4,0,0,1
12651,0.4,1,1,1
12652,0.4,1,0,0
12653,0.4,1,1,1
12654,1.2000000000000002,2,0,0
12655,0.4,1,1,1
12656,0.4,2,0,0
12657,1.2000000000000002,2,1,1
12658,0.4,2,0,0
12659,0.4,1,0,0
12660,0.4,2,0,0
12661,0.4,1,0,0
12662,1.2000000000000002,2,1,1
12663,1.2000000000000002,1,1,1
12664,0.4,1,0,0
12665,0.4,2,1,1
12666,0.4,1,1,1
12667,0.4,1,1,0
12668,0.4,0,0,0
12669,0.4,0,0,0
12670,0.4,2,1,1
12671,0.4,3,0,0
12672,0.4,1,1,1
12673,1.2000000000000002,2,0,0
12674,0.4,0,0,0
12675,1.2000000000000002,2,1,1
12676,1.2000000000000002,3,1,1
12677,0.4,1,1,1
12678,2.0,3,1,1
12679,0.4,2,1,1
12680,1.2000000000000002,1,1,1
12681,0.4,3,0,0
12682,1.2000000000000002,1,0,0
12683,0.4,2,0,0
12684,0.4,2,1,1
12685,0.4,1,1,0
12686,0.4,3,1,1
12687,0.4,3,1,1
12688,0.4,1,1,1
12689,0.4,0,1,1
12690,0.4,3,1,1
12691,0.4,1,1,1
12692,0.4,1,1,1
12693,0.4,1,0,0
12694,0.4,0,1,1
12695,1.2000000000000002,1,1,1
12696,0.4,2,1,1
12697,0.4,2,1,1
12698,1.2000000000000002,3,1,1
12699,0.4,3,1,1
12700,1.2000000000000002,2,0,0
12701,0.4,2,0,0
12702,0.4,1,1,1
12703,1.2000000000000002,2,1,1
12704,0.4,2,0,0
12705,2.0,2,1,1
12706,0.4,2,0,0
12707,0.4,1,1,0
12708,1.2000000000000002,1,1,1
12709,0.4,3,1,1
12710,0.4,2,1,0
12711,0.4,1,0,0
12712,1.2000000000000002,0,0,1
12713,0.4,2,1,1
12714,0.4,2,0,0
12715,0.4,3,1,1
12716,0.4,3,1,1
12717,2.0,1,1,1
12718,1.2000000000000002,3,1,1
12719,0.4,2,1,1
12720,1.2000000000000002,1,0,0
12721,0.4,0,0,0
12722,0.4,3,0,0
12723,0.4,1,0,0
12724,1.2000000000000002,1,1,1
12725,0.4,1,0,0
12726,0.4,1,1,1
12727,0.4,0,0,0
12728,0.4,0,1,1
12729,0.4,1,0,0
12730,1.2000000000000002,1,1,1
12731,1.2000000000000002,1,0,0
12732,0.4,2,0,0
12733,1.2000000000000002,1,1,1
12734,0.4,1,1,1
12735,0.4,1,0,0
12736,0.4,2,1,1
12737,0.4,2,1,1
12738,0.4,1,1,1
12739,1.2000000000000002,1,1,1
12740,0.4,3,1,1
12741,0.4,1,0,0
12742,0.4,1,0,0
12743,0.4,3,1,0
12744,1.2000000000000002,1,1,1
12745,1.2000000000000002,1,1,1
12746,0.4,2,0,0
12747,0.4,1,1,1
12748,0.4,0,1,1
12749,1.2000000000000002,2,0,0
12750,0.4,2,0,0
12751,0.4,1,0,0
12752,0.4,0,1,1
12753,1.2000000000000002,1,1,1
12754,0.4,1,0,0
12755,0.4,2,0,0
12756,0.4,2,0,0
12757,0.4,1,0,0
12758,0.4,1,1,1
12759,0.4,2,0,0
12760,0.4,2,1,1
12761,0.4,2,1,1
12762,0.4,2,1,1
12763,0.4,2,0,0
12764,0.4,1,0,0
12765,0.4,0,1,1
12766,1.2000000000000002,1,1,1
12767,0.4,1,1,1
12768,1.2000000000000002,2,0,0
12769,0.4,2,1,1
12770,0.4,2,1,0
12771,1.2000000000000002,0,0,1
12772,0.4,2,0,0
12773,0.4,1,0,0
12774,1.2000000000000002,1,1,1
12775,0.4,2,0,0
12776,0.4,1,0,0
12777,0.4,2,0,1
12778,0.4,3,0,0
12779,2.0,3,1,1
12780,0.4,1,1,0
12781,0.4,1,0,0
12782,0.4,2,0,0
12783,0.4,1,0,0
12784,0.4,0,1,1
12785,0.4,1,0,0
12786,0.4,1,0,0
12787,0.4,1,0,0
12788,1.2000000000000002,3,0,0
12789,1.2000000000000002,1,1,1
12790,0.4,1,1,0
12791,0.4,3,1,1
12792,0.4,2,0,0
12793,1.2000000000000002,1,1,1
12794,0.4,2,1,1
12795,0.4,1,1,1
12796,0.4,1,0,0
12797,0.4,2,0,0
12798,0.4,3,0,0
12799,0.4,3,1,1
12800,0.4,3,0,0
12801,0.4,2,0,0
12802,2.0,2,0,1
12803,0.4,2,1,1
12804,0.4,1,1,1
12805,0.4,1,0,0
12806,0.4,2,0,0
12807,0.4,2,0,0
12808,0.4,3,1,1
12809,0.4,1,0,0
12810,0.4,2,1,1
12811,0.4,2,1,1
12812,0.4,2,0,0
12813,0.4,3,1,0
12814,0.4,2,0,0
12815,1.2000000000000002,1,1,1
12816,0.4,1,0,0
12817,1.2000000000000002,1,0,1
12818,0.4,2,0,0
12819,0.4,2,0,0
12820,0.4,2,0,0
12821,0.4,3,1,0
12822,1.2000000000000002,2,0,1
12823,0.4,2,0,0
12824,0.4,1,1,1
12825,0.4,0,0,0
12826,2.0,0,0,1
12827,0.4,1,1,1
12828,0.4,1,0,0
12829,0.4,1,0,0
12830,1.2000000000000002,0,0,1
12831,1.2000000000000002,2,0,1
12832,0.4,2,0,0
12833,0.4,1,0,0
12834,0.4,0,1,1
12835,0.4,2,1,0
12836,1.2000000000000002,3,1,1
12837,0.4,3,0,0
12838,0.4,2,0,0
12839,0.4,1,0,0
12840,0.4,1,0,0
12841,1.2000000000000002,0,1,1
12842,0.4,2,0,0
12843,0.4,2,0,0
12844,0.4,1,0,0
12845,1.2000000000000002,1,1,1
12846,0.4,1,1,0
12847,0.4,2,0,0
12848,0.4,0,0,0
12849,0.4,1,0,0
12850,0.4,1,1,1
12851,0.4,1,0,0
12852,1.2000000000000002,2,0,1
12853,0.4,2,1,1
12854,0.4,1,0,0
12855,0.4,1,1,1
12856,0.4,0,1,1
12857,0.4,2,1,1
12858,0.4,2,1,1
12859,0.4,2,1,1
12860,0.4,1,0,0
12861,1.2000000000000002,2,1,1
12862,0.4,1,0,0
12863,0.4,1,0,0
12864,0.4,1,1,0
12865,0.4,0,0,0
12866,0.4,1,0,0
12867,0.4,3,0,0
12868,0.4,1,0,1
12869,0.4,2,0,0
12870,1.2000000000000002,2,1,1
12871,0.4,0,0,1
12872,0.4,1,0,0
12873,0.4,2,1,1
12874,0.4,1,1,1
12875,0.4,2,0,0
12876,1.2000000000000002,0,0,0
12877,0.4,1,1,1
12878,0.4,1,0,0
12879,0.4,2,0,0
12880,0.4,1,0,0
12881,0.4,0,0,0
12882,1.2000000000000002,1,0,1
12883,1.2000000000000002,1,1,1
12884,0.4,1,0,0
12885,1.2000000000000002,1,0,1
12886,0.4,0,0,0
12887,0.4,1,1,1
12888,0.4,3,1,0
12889,0.4,1,0,0
12890,0.4,3,0,0
12891,0.4,0,1,1
12892,0.4,2,0,0
12893,2.0,3,1,1
12894,0.4,2,1,1
12895,1.2000000000000002,2,1,1
12896,0.4,2,0,0
12897,1.2000000000000002,2,0,1
12898,1.2000000000000002,2,0,1
12899,1.2000000000000002,1,1,1
12900,0.4,0,1,0
12901,0.4,3,0,0
12902,0.4,1,1,1
12903,1.2000000000000002,3,1,0
12904,0.4,2,1,1
12905,0.4,2,0,0
12906,0.4,2,0,0
12907,1.2000000000000002,1,0,0
12908,0.4,2,0,0
12909,0.4,0,1,1
12910,1.2000000000000002,1,0,1
12911,0.4,0,1,1
12912,0.4,1,0,0
12913,1.2000000000000002,2,1,1
12914,0.4,2,1,1
12915,0.4,2,0,0
12916,0.4,1,0,0
12917,1.2000000000000002,1,0,0
12918,2.0,1,1,1
12919,0.4,1,1,0
12920,0.4,3,0,0
12921,0.4,3,0,1
12922,0.4,1,0,0
12923,0.4,2,0,0
12924,1.2000000000000002,2,0,1
12925,0.4,1,0,0
12926,0.4,1,0,0
12927,0.4,1,1,1
12928,0.4,1,0,0
12929,0.4,2,0,0
12930,0.4,0,0,0
12931,0.4,3,1,1
12932,0.4,2,1,0
12933,0.4,3,0,0
12934,0.4,0,1,1
12935,0.4,2,0,0
12936,0.4,2,1,0
12937,1.2000000000000002,2,1,1
12938,0.4,2,1,1
12939,0.4,1,0,0
12940,1.2000000000000002,1,1,1
12941,0.4,2,0,0
12942,0.4,1,0,0
12943,1.2000000000000002,2,1,1
12944,1.2000000000000002,2,0,0
12945,0.4,0,0,0
12946,0.4,1,1,1
12947,0.4,3,0,0
12948,0.4,1,0,0
12949,0.4,1,1,1
12950,0.4,0,0,0
12951,0.4,1,1,1
12952,2.0,0,0,1
12953,0.4,3,1,1
12954,0.4,2,0,0
12955,1.2000000000000002,2,0,0
12956,0.4,1,1,1
12957,0.4,1,0,0
12958,0.4,2,1,1
12959,0.4,1,1,1
12960,0.4,2,1,1
12961,0.4,2,0,0
12962,0.4,2,0,0
12963,2.0,1,1,1
12964,0.4,1,0,0
12965,0.4,3,0,0
12966,0.4,2,0,0
12967,0.4,2,1,0
12968,0.4,1,0,0
12969,0.4,1,0,0
12970,0.4,1,0,0
12971,0.4,2,0,0
12972,0.4,1,1,1
12973,0.4,2,1,1
12974,0.4,1,0,0
12975,0.4,1,0,0
12976,1.2000000000000002,2,1,1
12977,0.4,1,1,0
12978,0.4,1,0,0
12979,0.4,2,0,0
12980,2.0,2,1,1
12981,1.2000000000000002,2,1,1
12982,0.4,1,0,0
12983,0.4,1,0,0
12984,0.4,1,0,0
12985,1.2000000000000002,2,1,1
12986,0.4,1,0,0
12987,1.2000000000000002,3,1,1
12988,0.4,2,1,1
12989,0.4,2,1,0
12990,1.2000000000000002,2,0,0
12991,1.2000000000000002,3,1,1
12992,0.4,2,1,1
12993,0.4,1,1,1
12994,0.4,1,1,0
12995,0.4,2,1,1
12996,0.4,2,1,1
12997,0.4,2,1,1
12998,0.4,1,0,0
12999,0.4,2,1,1
13000,1.2000000000000002,1,1,1
13001,0.4,1,1,0
13002,0.4,1,1,0
13003,0.4,1,1,1
13004,1.2000000000000002,1,1,1
13005,0.4,2,0,0
13006,0.4,2,1,1
13007,0.4,2,1,1
13008,0.4,2,1,1
13009,0.4,0,0,0
13010,0.4,1,1,0
13011,0.4,2,0,0
13012,0.4,2,1,1
13013,1.2000000000000002,0,0,1
13014,0.4,0,0,0
13015,1.2000000000000002,3,0,0
13016,0.4,2,0,0
13017,0.4,2,1,0
13018,1.2000000000000002,2,0,0
13019,0.4,3,1,0
13020,0.4,2,0,0
13021,0.4,1,1,1
13022,0.4,1,1,0
13023,1.2000000000000002,2,0,0
13024,0.4,1,1,1
13025,1.2000000000000002,1,0,0
13026,1.2000000000000002,2,0,0
13027,0.4,3,1,1
13028,1.2000000000000002,2,1,1
13029,0.4,2,0,0
13030,0.4,2,0,0
13031,0.4,2,1,0
13032,0.4,3,0,0
13033,0.4,1,1,1
13034,0.4,1,0,0
13035,0.4,2,1,1
13036,0.4,1,1,1
13037,1.2000000000000002,1,0,1
13038,1.2000000000000002,2,1,1
13039,0.4,1,0,0
13040,0.4,2,0,0
13041,0.4,2,1,1
13042,0.4,3,0,0
13043,1.2000000000000002,3,0,0
13044,1.2000000000000002,1,0,0
13045,1.2000000000000002,0,0,0
13046,0.4,0,1,1
13047,0.4,1,1,1
13048,0.4,0,1,1
13049,1.2000000000000002,1,0,1
13050,0.4,1,0,0
13051,0.4,1,1,1
13052,0.4,0,0,0
13053,0.4,1,1,0
13054,0.4,0,1,1
13055,0.4,2,1,1
13056,0.4,1,0,0
13057,0.4,3,1,1
13058,0.4,2,0,0
13059,0.4,2,1,1
13060,1.2000000000000002,1,1,1
13061,0.4,3,0,0
13062,1.2000000000000002,2,0,0
13063,1.2000000000000002,2,1,1
13064,0.4,2,0,0
13065,0.4,3,1,0
13066,0.4,2,1,1
13067,1.2000000000000002,2,1,1
13068,0.4,3,1,1
13069,0.4,0,0,0
13070,0.4,3,0,0
13071,1.2000000000000002,1,0,1
13072,0.4,3,1,1
13073,0.4,1,0,1
13074,0.4,3,1,0
13075,0.4,1,0,0
13076,0.4,0,1,1
13077,0.4,2,1,1
13078,0.4,0,1,0
13079,0.4,2,0,0
13080,0.4,1,0,0
13081,0.4,2,0,0
13082,2.0,2,1,1
13083,0.4,3,0,0
13084,0.4,1,0,0
13085,0.4,0,1,1
13086,2.0,0,0,1
13087,0.4,2,0,0
13088,0.4,2,1,1
13089,0.4,0,0,1
13090,0.4,2,1,1
13091,0.4,0,0,1
13092,2.0,0,0,1
13093,0.4,3,1,1
13094,0.4,1,1,1
13095,0.4,2,1,1
13096,0.4,1,1,1
13097,1.2000000000000002,1,0,0
13098,0.4,2,0,0
13099,0.4,1,0,0
13100,1.2000000000000002,2,1,1
13101,0.4,1,1,1
13102,0.4,2,0,0
13103,0.4,0,0,0
13104,0.4,2,1,0
13105,0.4,1,1,1
13106,0.4,2,1,1
13107,0.4,1,1,1
13108,1.2000000000000002,2,0,0
13109,0.4,1,0,0
13110,0.4,2,0,0
13111,0.4,2,0,0
13112,0.4,2,1,0
13113,0.4,1,1,1
13114,0.4,2,0,0
13115,0.4,1,0,0
13116,0.4,0,1,1
13117,1.2000000000000002,1,0,0
13118,0.4,2,1,1
13119,1.2000000000000002,1,1,1
13120,0.4,2,1,1
13121,0.4,2,1,0
13122,0.4,0,1,1
13123,0.4,0,0,0
13124,0.4,2,1,1
13125,0.4,2,1,1
13126,1.2000000000000002,3,1,1
13127,0.4,1,0,0
13128,0.4,0,1,1
13129,0.4,0,0,0
13130,0.4,0,1,1
13131,0.4,1,1,0
13132,0.4,1,0,1
13133,0.4,0,1,1
13134,0.4,2,0,0
13135,0.4,2,1,1
13136,0.4,1,0,0
13137,0.4,2,1,1
13138,0.4,3,1,1
13139,0.4,2,1,1
13140,0.4,1,0,0
13141,0.4,1,0,0
13142,1.2000000000000002,0,1,1
13143,0.4,2,1,1
13144,0.4,3,0,0
13145,0.4,0,0,0
13146,0.4,2,1,1
13147,0.4,0,0,0
13148,1.2000000000000002,1,0,0
13149,0.4,2,1,1
13150,0.4,0,0,0
13151,0.4,2,0,0
13152,0.4,2,0,0
13153,0.4,2,0,0
13154,2.0,1,0,1
13155,0.4,2,1,0
13156,0.4,1,0,0
13157,0.4,1,1,0
13158,0.4,1,1,1
13159,0.4,1,0,0
13160,2.0,0,0,1
13161,0.4,1,1,1
13162,0.4,1,0,0
13163,1.2000000000000002,1,1,1
13164,0.4,2,0,0
13165,0.4,2,0,0
13166,1.2000000000000002,0,0,0
13167,0.4,1,0,0
13168,0.4,2,1,1
13169,0.4,2,0,0
13170,0.4,1,1,1
13171,0.4,2,1,0
13172,0.4,3,1,1
13173,0.4,1,0,0
13174,0.4,1,0,0
13175,0.4,2,1,1
13176,0.4,1,1,1
13177,0.4,1,0,0
13178,0.4,1,1,0
13179,0.4,0,0,0
13180,1.2000000000000002,3,1,1
13181,0.4,2,1,1
13182,0.4,1,0,0
13183,0.4,1,1,1
13184,0.4,2,0,0
13185,1.2000000000000002,2,0,0
13186,0.4,2,1,1
13187,0.4,3,0,0
13188,0.4,1,0,0
13189,0.4,2,0,0
13190,1.2000000000000002,2,0,0
13191,0.4,1,0,0
13192,1.2000000000000002,2,0,0
13193,1.2000000000000002,1,1,1
13194,1.2000000000000002,2,1,1
13195,0.4,1,0,0
13196,0.4,2,0,0
13197,1.2000000000000002,1,0,0
13198,0.4,1,1,1
13199,0.4,2,0,0
13200,2.0,3,1,1
13201,0.4,1,0,0
13202,0.4,1,0,0
13203,0.4,2,0,0
13204,0.4,3,1,1
13205,0.4,2,1,0
13206,0.4,1,1,1
13207,0.4,2,0,0
13208,0.4,1,0,0
13209,1.2000000000000002,3,0,0
13210,1.2000000000000002,1,1,1
13211,0.4,2,0,0
13212,0.4,3,1,0
13213,1.2000000000000002,1,1,1
13214,0.4,0,0,0
13215,0.4,1,1,0
13216,0.4,2,0,0
13217,0.4,0,1,1
13218,0.4,3,0,0
13219,1.2000000000000002,1,0,0
13220,0.4,2,0,0
13221,0.4,1,1,1
13222,0.4,2,1,1
13223,0.4,0,1,0
13224,1.2000000000000002,2,1,1
13225,1.2000000000000002,2,0,0
13226,0.4,2,1,1
13227,0.4,0,0,0
13228,0.4,0,1,1
13229,1.2000000000000002,0,1,1
13230,0.4,1,0,0
13231,0.4,1,0,0
13232,0.4,3,1,1
13233,0.4,1,1,1
13234,0.4,1,0,0
13235,0.4,3,1,1
13236,0.4,1,1,1
13237,0.4,1,1,1
13238,0.4,2,0,0
13239,0.4,1,1,1
13240,1.2000000000000002,1,1,1
13241,0.4,3,0,0
13242,0.4,1,1,1
13243,0.4,0,1,1
13244,0.4,1,1,1
13245,0.4,0,1,1
13246,0.4,2,1,0
13247,0.4,1,1,1
13248,1.2000000000000002,1,0,0
13249,0.4,1,0,0
13250,0.4,2,1,0
13251,0.4,3,0,0
13252,2.0,1,1,1
13253,0.4,2,0,0
13254,0.4,2,1,1
13255,0.4,0,1,0
13256,0.4,2,1,1
13257,1.2000000000000002,1,0,0
13258,0.4,2,0,0
13259,0.4,3,1,1
13260,0.4,2,0,0
13261,0.4,2,0,0
13262,0.4,1,0,0
13263,0.4,2,0,0
13264,0.4,0,1,1
13265,0.4,2,1,1
13266,1.2000000000000002,0,0,1
13267,0.4,2,1,1
13268,1.2000000000000002,3,1,1
13269,2.0,2,1,1
13270,0.4,1,1,1
13271,1.2000000000000002,1,1,1
13272,1.2000000000000002,1,0,1
13273,0.4,1,1,1
13274,0.4,2,1,0
13275,0.4,1,0,0
13276,0.4,2,0,0
13277,0.4,2,0,0
13278,1.2000000000000002,1,1,1
13279,0.4,1,0,0
13280,0.4,2,0,0
13281,1.2000000000000002,2,0,1
13282,0.4,1,1,1
13283,1.2000000000000002,3,0,0
13284,1.2000000000000002,2,0,1
13285,0.4,3,1,1
13286,0.4,3,0,0
13287,0.4,1,1,0
13288,0.4,1,1,1
13289,0.4,1,0,1
13290,0.4,1,0,0
13291,0.4,0,0,0
13292,0.4,2,0,0
13293,1.2000000000000002,3,1,1
13294,0.4,1,0,0
13295,0.4,1,1,0
13296,0.4,2,0,0
13297,0.4,1,1,1
13298,0.4,1,1,1
13299,1.2000000000000002,2,0,0
13300,1.2000000000000002,1,0,0
13301,0.4,3,0,0
13302,0.4,2,1,1
13303,0.4,1,0,0
13304,0.4,1,1,1
13305,0.4,1,1,0
13306,1.2000000000000002,1,1,1
13307,0.4,1,1,0
13308,1.2000000000000002,1,0,1
13309,0.4,2,1,0
13310,0.4,1,0,0
13311,0.4,2,0,0
13312,0.4,2,0,0
13313,1.2000000000000002,2,1,1
13314,0.4,2,1,1
13315,0.4,2,0,0
13316,0.4,3,1,1
13317,0.4,0,0,0
13318,0.4,2,1,1
13319,0.4,2,1,1
13320,0.4,2,1,1
13321,0.4,1,0,0
13322,0.4,1,0,0
13323,1.2000000000000002,2,1,1
13324,0.4,1,0,0
13325,0.4,0,1,1
13326,1.2000000000000002,1,1,1
13327,1.2000000000000002,1,1,1
13328,0.4,0,0,0
13329,0.4,2,1,1
13330,1.2000000000000002,3,0,0
13331,1.2000000000000002,2,1,1
13332,0.4,2,1,0
13333,0.4,3,1,1
13334,0.4,1,0,0
13335,0.4,2,1,0
13336,1.2000000000000002,2,0,0
13337,0.4,1,0,0
13338,1.2000000000000002,2,1,1
13339,0.4,1,0,0
13340,0.4,2,1,1
13341,1.2000000000000002,3,1,1
13342,0.4,0,0,0
13343,0.4,1,1,0
13344,0.4,1,1,1
13345,0.4,3,0,0
13346,0.4,1,1,1
13347,0.4,1,0,0
13348,0.4,0,1,1
13349,0.4,0,1,1
13350,0.4,1,0,0
13351,1.2000000000000002,1,0,0
13352,1.2000000000000002,1,0,1
13353,0.4,2,1,1
13354,0.4,2,0,0
13355,0.4,2,1,0
13356,1.2000000000000002,1,1,1
13357,1.2000000000000002,2,0,0
13358,0.4,2,0,0
13359,0.4,1,1,0
13360,0.4,1,0,0
13361,0.4,2,1,1
13362,0.4,3,0,0
13363,0.4,2,0,0
13364,0.4,2,0,0
13365,0.4,2,1,1
13366,0.4,1,1,1
13367,0.4,3,0,0
13368,0.4,2,1,1
13369,0.4,2,0,0
13370,0.4,3,0,0
13371,0.4,1,1,1
13372,1.2000000000000002,1,1,1
13373,1.2000000000000002,0,0,0
13374,0.4,1,0,0
13375,0.4,1,1,1
13376,0.4,3,1,0
13377,1.2000000000000002,0,1,1
13378,0.4,1,1,1
13379,0.4,2,0,0
13380,1.2000000000000002,2,1,1
13381,0.4,1,0,0
13382,0.4,3,0,0
13383,0.4,1,1,1
13384,0.4,2,1,0
13385,0.4,1,1,1
13386,0.4,0,1,1
13387,0.4,1,1,1
13388,0.4,1,0,0
13389,0.4,2,1,1
13390,1.2000000000000002,1,1,1
13391,1.2000000000000002,2,0,1
13392,0.4,1,0,0
13393,1.2000000000000002,3,1,1
13394,1.2000000000000002,1,1,1
13395,1.2000000000000002,2,1,1
13396,0.4,0,1,1
13397,0.4,2,1,1
13398,0.4,3,1,1
13399,0.4,2,1,1
13400,0.4,0,1,0
13401,0.4,2,0,0
13402,0.4,2,1,1
13403,0.4,1,1,1
13404,0.4,0,0,0
13405,2.8,0,0,1
13406,0.4,2,1,1
13407,0.4,1,1,1
13408,2.0,1,0,1
13409,0.4,1,1,1
13410,0.4,1,0,1
13411,1.2000000000000002,2,0,0
13412,0.4,2,1,1
13413,0.4,2,0,0
13414,2.0,1,1,1
13415,0.4,1,0,0
13416,0.4,3,1,1
13417,1.2000000000000002,1,1,1
13418,0.4,2,0,0
13419,0.4,0,1,0
13420,1.2000000000000002,2,1,1
13421,0.4,2,1,0
13422,0.4,1,0,0
13423,0.4,1,1,1
13424,0.4,2,0,0
13425,0.4,2,1,1
13426,0.4,0,0,0
13427,0.4,2,0,0
13428,0.4,1,0,0
13429,1.2000000000000002,1,0,0
13430,2.0,1,1,1
13431,0.4,2,0,0
13432,0.4,0,1,1
13433,0.4,2,0,0
13434,1.2000000000000002,2,0,0
13435,1.2000000000000002,3,0,0
13436,0.4,1,1,1
13437,1.2000000000000002,1,0,1
13438,1.2000000000000002,2,1,1
13439,1.2000000000000002,2,0,0
13440,0.4,3,0,0
13441,0.4,3,0,0
13442,0.4,3,1,0
13443,0.4,2,1,1
13444,0.4,1,0,0
13445,0.4,2,0,0
13446,0.4,1,1,0
13447,1.2000000000000002,1,1,1
13448,0.4,1,1,1
13449,0.4,1,1,0
13450,0.4,1,0,0
13451,1.2000000000000002,1,0,1
13452,0.4,0,0,0
13453,1.2000000000000002,0,0,0
13454,0.4,2,1,1
13455,1.2000000000000002,2,1,1
13456,0.4,2,0,0
13457,1.2000000000000002,3,1,1
13458,0.4,1,1,1
13459,0.4,2,0,0
13460,1.2000000000000002,2,1,1
13461,0.4,1,1,1
13462,1.2000000000000002,2,1,1
13463,0.4,1,1,0
13464,0.4,3,0,0
13465,0.4,2,0,0
13466,0.4,2,1,1
13467,0.4,1,1,1
13468,0.4,2,0,0
13469,1.2000000000000002,1,1,1
13470,0.4,1,0,0
13471,0.4,2,1,1
13472,1.2000000000000002,2,1,1
13473,0.4,0,0,0
13474,0.4,1,0,0
13475,0.4,1,0,0
13476,0.4,1,1,1
13477,0.4,2,0,0
13478,0.4,1,0,0
13479,1.2000000000000002,0,0,1
13480,0.4,2,1,1
13481,0.4,1,0,1
13482,0.4,3,0,0
13483,0.4,0,0,0
13484,1.2000000000000002,1,1,1
13485,1.2000000000000002,0,1,1
13486,0.4,2,1,1
13487,1.2000000000000002,1,0,0
13488,2.8,2,0,1
13489,1.2000000000000002,2,0,1
13490,0.4,2,0,0
13491,0.4,1,0,1
13492,0.4,1,0,0
13493,0.4,2,0,1
13494,2.0,1,1,1
13495,1.2000000000000002,1,0,0
13496,0.4,1,1,1
13497,0.4,2,0,0
13498,0.4,1,0,0
13499,0.4,1,1,1
13500,0.4,2,1,0
13501,0.4,3,0,0
13502,0.4,2,0,0
13503,0.4,1,0,0
13504,0.4,0,1,1
13505,1.2000000000000002,1,1,1
13506,0.4,1,1,0
13507,0.4,1,0,0
13508,0.4,2,0,0
13509,0.4,1,1,0
13510,0.4,0,1,1
13511,0.4,1,1,1
13512,0.4,1,1,1
13513,0.4,2,1,1
13514,1.2000000000000002,1,1,1
13515,1.2000000000000002,1,0,0
13516,0.4,2,1,1
13517,0.4,1,0,0
13518,0.4,2,0,0
13519,2.0,2,1,1
13520,0.4,0,0,0
13521,0.4,3,1,0
13522,1.2000000000000002,1,1,1
13523,1.2000000000000002,2,1,1
13524,0.4,0,0,0
13525,0.4,2,0,0
13526,1.2000000000000002,2,0,0
13527,1.2000000000000002,2,1,1
13528,0.4,1,0,0
13529,1.2000000000000002,2,1,1
13530,0.4,1,0,0
13531,0.4,0,1,1
13532,0.4,2,0,0
13533,0.4,2,0,1
13534,1.2000000000000002,0,1,1
13535,0.4,1,0,0
13536,0.4,1,0,0
13537,0.4,1,1,1
13538,0.4,0,1,1
13539,0.4,1,1,1
13540,0.4,1,1,1
13541,2.0,2,0,1
13542,0.4,2,0,0
13543,0.4,2,1,1
13544,1.2000000000000002,3,0,0
13545,0.4,1,0,0
13546,0.4,1,1,1
13547,0.4,2,0,0
13548,0.4,1,0,0
13549,0.4,2,0,0
13550,2.0,2,1,1
13551,0.4,1,1,1
13552,0.4,2,1,1
13553,0.4,1,1,1
13554,0.4,2,0,0
13555,0.4,1,1,1
13556,0.4,0,0,1
13557,1.2000000000000002,2,0,0
13558,0.4,0,0,0
13559,0.4,0,0,0
13560,1.2000000000000002,2,1,1
13561,1.2000000000000002,1,0,1
13562,0.4,2,0,0
13563,1.2000000000000002,1,0,1
13564,1.2000000000000002,2,0,1
13565,0.4,0,1,1
13566,1.2000000000000002,3,1,1
13567,2.0,2,0,1
13568,0.4,2,0,0
13569,0.4,2,0,0
13570,0.4,1,0,0
13571,0.4,1,0,0
13572,0.4,2,1,1
13573,1.2000000000000002,3,1,0
13574,0.4,0,1,1
13575,1.2000000000000002,0,1,1
13576,0.4,1,0,0
13577,0.4,2,1,0
13578,2.0,1,1,1
13579,1.2000000000000002,1,1,1
13580,0.4,2,1,1
13581,1.2000000000000002,2,0,0
13582,0.4,3,0,0
13583,0.4,0,1,1
13584,0.4,2,0,0
13585,0.4,2,0,0
13586,1.2000000000000002,3,1,1
13587,0.4,2,0,0
13588,0.4,2,0,0
13589,0.4,2,1,1
13590,0.4,3,0,0
13591,0.4,1,1,1
13592,1.2000000000000002,1,1,0
13593,2.8,1,1,1
13594,0.4,1,0,0
13595,0.4,2,1,0
13596,2.0,1,0,1
13597,0.4,2,1,1
13598,0.4,2,0,0
13599,0.4,2,0,0
13600,0.4,2,0,0
13601,1.2000000000000002,1,0,1
13602,0.4,1,0,0
13603,0.4,1,0,0
13604,0.4,2,1,0
13605,0.4,3,1,0
13606,0.4,2,0,0
13607,1.2000000000000002,1,1,1
13608,0.4,1,0,0
13609,0.4,2,0,0
13610,0.4,2,0,0
13611,0.4,2,0,0
13612,0.4,1,1,1
13613,0.4,2,0,0
13614,1.2000000000000002,2,0,1
13615,0.4,1,0,0
13616,0.4,2,1,1
13617,1.2000000000000002,1,0,1
13618,0.4,3,1,1
13619,0.4,2,0,0
13620,0.4,1,0,0
13621,0.4,1,0,0
13622,0.4,1,0,0
13623,0.4,0,1,1
13624,0.4,1,0,1
13625,0.4,2,1,1
13626,0.4,1,1,1
13627,1.2000000000000002,2,1,1
13628,0.4,2,1,0
13629,0.4,2,0,0
13630,0.4,2,1,1
13631,0.4,1,0,0
13632,0.4,2,1,1
13633,1.2000000000000002,0,0,1
13634,0.4,2,1,1
13635,0.4,2,0,0
13636,0.4,2,0,0
13637,1.2000000000000002,2,0,0
13638,2.0,2,1,1
13639,0.4,3,0,0
13640,0.4,2,1,1
13641,0.4,2,0,0
13642,0.4,2,0,0
13643,0.4,2,1,0
13644,0.4,2,0,0
13645,0.4,2,0,0
13646,0.4,1,1,1
13647,1.2000000000000002,1,1,1
13648,0.4,1,0,0
13649,0.4,3,0,0
13650,1.2000000000000002,1,0,0
13651,0.4,1,1,1
13652,0.4,2,0,0
13653,0.4,1,0,0
13654,1.2000000000000002,2,1,1
13655,0.4,1,1,1
13656,0.4,1,1,1
13657,0.4,1,0,0
13658,0.4,1,1,1
13659,1.2000000000000002,1,1,1
13660,0.4,3,1,0
13661,1.2000000000000002,0,0,1
13662,0.4,1,0,0
13663,0.4,2,1,1
13664,0.4,3,1,1
13665,0.4,2,1,1
13666,0.4,1,0,0
13667,0.4,2,0,0
13668,0.4,2,1,1
13669,0.4,1,0,0
13670,2.0,1,1,1
13671,0.4,1,1,0
13672,0.4,0,1,0
13673,1.2000000000000002,2,0,0
13674,1.2000000000000002,2,0,0
13675,0.4,2,1,0
13676,0.4,2,1,1
13677,0.4,0,1,1
13678,0.4,1,0,0
13679,0.4,2,1,0
13680,1.2000000000000002,3,1,1
13681,0.4,1,0,0
13682,1.2000000000000002,0,0,1
13683,0.4,3,0,0
13684,1.2000000000000002,1,0,1
13685,0.4,2,0,0
13686,0.4,3,0,0
13687,0.4,3,0,0
13688,2.0,1,0,1
13689,0.4,3,1,1
13690,0.4,0,1,1
13691,0.4,2,0,0
13692,0.4,2,0,0
13693,0.4,2,1,1
13694,1.2000000000000002,2,1,1
13695,1.2000000000000002,1,1,1
13696,0.4,2,1,1
13697,0.4,1,1,1
13698,0.4,1,0,0
13699,0.4,1,1,1
13700,0.4,2,0,0
13701,0.4,2,0,0
13702,0.4,1,0,0
13703,0.4,1,0,0
13704,1.2000000000000002,2,1,1
13705,1.2000000000000002,2,1,1
13706,0.4,1,0,0
13707,0.4,1,1,1
13708,1.2000000000000002,2,0,0
13709,0.4,2,1,1
13710,0.4,1,0,0
13711,1.2000000000000002,0,1,1
13712,0.4,3,0,0
13713,0.4,3,1,1
13714,0.4,3,1,1
13715,0.4,2,1,1
13716,0.4,2,1,1
13717,0.4,2,0,0
13718,0.4,1,1,0
13719,0.4,3,0,0
13720,1.2000000000000002,1,0,0
13721,1.2000000000000002,1,1,1
13722,0.4,2,0,0
13723,1.2000000000000002,2,0,1
13724,0.4,0,1,1
13725,0.4,3,0,0
13726,1.2000000000000002,2,0,1
13727,0.4,1,0,0
13728,0.4,3,1,1
13729,1.2000000000000002,3,0,0
13730,0.4,2,1,1
13731,0.4,3,0,0
13732,1.2000000000000002,2,1,1
13733,0.4,1,0,0
13734,0.4,1,1,1
13735,0.4,1,1,1
13736,0.4,2,0,0
13737,0.4,2,1,1
13738,0.4,2,0,0
13739,0.4,2,1,1
13740,0.4,1,0,0
13741,0.4,2,0,0
13742,0.4,1,1,1
13743,0.4,1,1,1
13744,0.4,3,0,0
13745,0.4,3,0,0
13746,0.4,2,0,0
13747,0.4,2,1,0
13748,0.4,2,1,1
13749,0.4,2,1,1
13750,1.2000000000000002,3,1,1
13751,0.4,3,1,0
13752,0.4,1,1,1
13753,0.4,1,0,0
13754,0.4,1,1,1
13755,1.2000000000000002,1,0,1
13756,1.2000000000000002,1,1,1
13757,1.2000000000000002,1,0,1
13758,1.2000000000000002,2,0,0
13759,1.2000000000000002,1,0,1
13760,0.4,3,0,0
13761,0.4,2,0,0
13762,1.2000000000000002,2,1,1
13763,0.4,2,0,0
13764,0.4,0,1,1
13765,0.4,1,0,0
13766,0.4,3,0,0
13767,0.4,1,1,1
13768,0.4,2,1,0
13769,0.4,1,0,0
13770,0.4,2,1,0
13771,0.4,0,0,0
13772,0.4,3,0,0
13773,1.2000000000000002,1,0,1
13774,0.4,3,1,1
13775,0.4,1,1,1
13776,1.2000000000000002,1,0,0
13777,1.2000000000000002,2,1,1
13778,1.2000000000000002,3,0,0
13779,0.4,0,1,1
13780,1.2000000000000002,1,0,1
13781,1.2000000000000002,2,0,0
13782,0.4,2,0,1
13783,0.4,3,0,0
13784,0.4,1,0,0
13785,0.4,1,0,0
13786,0.4,2,0,0
13787,1.2000000000000002,1,0,0
13788,0.4,2,1,1
13789,0.4,1,1,1
13790,0.4,1,1,1
13791,0.4,1,1,1
13792,0.4,2,1,1
13793,0.4,3,1,1
13794,0.4,2,0,0
13795,0.4,0,1,1
13796,0.4,0,0,0
13797,0.4,1,1,1
13798,0.4,2,0,0
13799,0.4,1,0,0
13800,1.2000000000000002,3,0,0
13801,0.4,2,0,0
13802,0.4,1,1,1
13803,0.4,1,0,0
13804,0.4,1,0,0
13805,0.4,0,0,0
13806,0.4,2,1,1
13807,1.2000000000000002,2,1,1
13808,1.2000000000000002,2,0,0
13809,1.2000000000000002,1,0,0
13810,0.4,2,1,1
13811,0.4,3,1,0
13812,0.4,0,1,1
13813,0.4,1,1,0
13814,1.2000000000000002,2,0,0
13815,0.4,2,0,0
13816,0.4,1,0,0
13817,0.4,1,1,0
13818,0.4,3,1,0
13819,1.2000000000000002,2,1,1
13820,0.4,0,1,0
13821,0.4,3,1,1
13822,1.2000000000000002,2,0,0
13823,1.2000000000000002,3,1,0
13824,0.4,1,0,0
13825,1.2000000000000002,3,0,1
13826,1.2000000000000002,1,1,1
13827,0.4,3,0,0
13828,0.4,1,1,1
13829,0.4,2,1,0
13830,0.4,0,0,0
13831,0.4,2,1,1
13832,0.4,2,0,0
13833,1.2000000000000002,3,1,1
13834,0.4,3,1,0
13835,0.4,2,1,1
13836,0.4,1,1,1
13837,0.4,0,0,0
13838,0.4,1,1,1
13839,0.4,2,1,0
13840,0.4,1,0,0
13841,0.4,1,1,1
13842,0.4,1,1,1
13843,0.4,0,0,0
13844,0.4,1,0,0
13845,0.4,0,1,1
13846,0.4,2,0,0
13847,0.4,1,0,0
13848,0.4,1,0,0
13849,0.4,1,1,0
13850,0.4,1,1,1
13851,1.2000000000000002,1,0,1
13852,0.4,1,0,0
13853,0.4,2,1,1
13854,1.2000000000000002,1,1,1
13855,0.4,3,0,0
13856,0.4,1,1,1
13857,0.4,1,1,1
13858,0.4,2,0,0
13859,1.2000000000000002,2,1,1
13860,1.2000000000000002,2,1,1
13861,0.4,2,0,1
13862,0.4,1,1,1
13863,1.2000000000000002,1,1,1
13864,0.4,1,0,0
13865,0.4,2,1,1
13866,0.4,2,1,1
13867,0.4,1,1,1
13868,0.4,1,0,0
13869,0.4,1,0,1
13870,0.4,1,1,1
13871,0.4,0,1,1
13872,0.4,1,1,1
13873,0.4,2,0,0
13874,0.4,3,1,1
13875,0.4,2,0,0
13876,0.4,1,1,1
13877,0.4,2,0,0
13878,1.2000000000000002,1,0,1
13879,0.4,1,1,1
13880,0.4,1,0,1
13881,0.4,1,1,1
13882,1.2000000000000002,2,0,0
13883,0.4,3,1,1
13884,0.4,2,0,0
13885,0.4,2,0,0
13886,1.2000000000000002,2,0,0
13887,0.4,2,0,0
13888,1.2000000000000002,2,0,1
13889,0.4,2,0,0
13890,0.4,3,0,0
13891,0.4,2,0,0
13892,0.4,1,0,0
13893,0.4,1,1,1
13894,1.2000000000000002,0,0,0
13895,0.4,2,0,0
13896,2.8,1,0,1
13897,0.4,3,0,0
13898,1.2000000000000002,2,0,0
13899,0.4,1,0,0
13900,1.2000000000000002,2,1,1
13901,2.0,3,0,0
13902,0.4,1,1,0
13903,1.2000000000000002,3,0,0
13904,1.2000000000000002,1,0,0
13905,0.4,2,1,1
13906,1.2000000000000002,2,0,0
13907,0.4,0,0,0
13908,1.2000000000000002,1,0,1
13909,0.4,2,0,0
13910,0.4,1,0,0
13911,1.2000000000000002,1,1,1
13912,0.4,1,1,1
13913,0.4,1,0,0
13914,1.2000000000000002,1,1,1
13915,0.4,2,0,0
13916,0.4,1,1,1
13917,0.4,1,1,1
13918,0.4,1,1,1
13919,0.4,0,0,0
13920,1.2000000000000002,2,1,1
13921,0.4,2,1,1
13922,2.0,2,0,1
13923,0.4,2,1,1
13924,0.4,0,1,1
13925,0.4,2,1,1
13926,1.2000000000000002,1,1,1
13927,1.2000000000000002,3,1,1
13928,1.2000000000000002,0,1,1
13929,0.4,2,1,1
13930,0.4,0,1,1
13931,0.4,1,0,0
13932,0.4,1,1,1
13933,0.4,2,0,0
13934,1.2000000000000002,0,1,1
13935,0.4,1,0,0
13936,0.4,1,0,0
13937,0.4,1,0,0
13938,1.2000000000000002,1,1,1
13939,0.4,2,1,1
13940,0.4,3,0,0
13941,1.2000000000000002,2,1,1
13942,0.4,1,0,0
13943,0.4,2,0,0
13944,0.4,2,1,1
13945,1.2000000000000002,2,0,0
13946,1.2000000000000002,1,1,1
13947,0.4,1,0,0
13948,0.4,1,0,0
13949,1.2000000000000002,1,0,1
13950,0.4,1,1,1
13951,0.4,2,1,1
13952,0.4,0,0,0
13953,0.4,2,0,0
13954,1.2000000000000002,1,1,1
13955,0.4,3,1,0
13956,0.4,1,0,0
13957,0.4,1,1,1
13958,1.2000000000000002,1,1,1
13959,1.2000000000000002,2,1,1
13960,1.2000000000000002,1,1,1
13961,0.4,3,1,1
13962,1.2000000000000002,2,1,1
13963,0.4,2,1,1
13964,0.4,2,1,0
13965,0.4,2,0,0
13966,1.2000000000000002,3,0,0
13967,0.4,2,0,0
13968,1.2000000000000002,1,0,1
13969,1.2000000000000002,1,1,1
13970,0.4,3,1,1
13971,0.4,1,0,0
13972,0.4,0,0,0
13973,1.2000000000000002,2,0,0
13974,0.4,3,0,0
13975,0.4,3,0,0
13976,0.4,1,1,1
13977,0.4,2,0,0
13978,1.2000000000000002,2,1,1
13979,0.4,1,1,1
13980,0.4,2,1,0
13981,0.4,2,1,1
13982,0.4,1,0,0
13983,0.4,1,1,1
13984,0.4,1,0,0
13985,0.4,0,0,0
13986,0.4,3,0,0
13987,0.4,1,0,0
13988,0.4,1,1,1
13989,0.4,0,1,1
13990,0.4,3,0,0
13991,0.4,1,0,0
13992,2.0,2,1,1
13993,0.4,1,1,1
13994,1.2000000000000002,0,1,1
13995,1.2000000000000002,1,1,1
13996,0.4,1,1,1
13997,0.4,1,0,0
13998,0.4,1,1,1
13999,1.2000000000000002,2,0,0
14000,0.4,1,1,1
14001,0.4,2,0,1
14002,0.4,2,0,0
14003,1.2000000000000002,1,1,1
14004,0.4,2,0,0
14005,1.2000000000000002,1,1,1
14006,0.4,0,0,0
14007,1.2000000000000002,2,0,0
14008,0.4,1,1,1
14009,1.2000000000000002,3,1,1
14010,0.4,3,1,1
14011,0.4,2,0,0
14012,0.4,1,0,0
14013,0.4,1,0,0
14014,0.4,3,0,0
14015,1.2000000000000002,2,0,0
14016,0.4,2,1,1
14017,0.4,1,0,0
14018,0.4,3,0,0
14019,0.4,2,0,0
14020,0.4,1,0,0
14021,0.4,2,1,1
14022,0.4,1,1,1
14023,0.4,2,0,0
14024,1.2000000000000002,2,0,1
14025,0.4,1,0,0
14026,0.4,0,1,0
14027,0.4,0,1,1
14028,0.4,3,0,0
14029,0.4,0,0,0
14030,0.4,2,1,1
14031,0.4,2,1,1
14032,0.4,3,0,0
14033,0.4,2,0,0
14034,0.4,1,1,1
14035,0.4,2,0,0
14036,0.4,1,1,1
14037,0.4,3,0,0
14038,0.4,3,1,1
14039,0.4,3,1,1
14040,0.4,2,1,1
14041,0.4,1,1,1
14042,2.0,2,0,1
14043,0.4,1,0,0
14044,0.4,2,1,1
14045,0.4,3,1,1
14046,0.4,2,0,0
14047,0.4,2,0,0
14048,0.4,1,1,1
14049,0.4,0,1,0
14050,1.2000000000000002,1,0,0
14051,0.4,0,1,1
14052,0.4,1,1,1
14053,0.4,0,0,0
14054,1.2000000000000002,2,0,1
14055,2.0,2,0,0
14056,0.4,1,0,0
14057,0.4,2,0,0
14058,0.4,1,0,0
14059,0.4,0,1,1
14060,0.4,1,1,1
14061,1.2000000000000002,2,1,1
14062,0.4,3,0,0
14063,1.2000000000000002,2,0,1
14064,0.4,2,0,0
14065,0.4,1,1,1
14066,0.4,1,0,0
14067,0.4,3,1,1
14068,0.4,3,0,0
14069,0.4,1,0,0
14070,0.4,0,0,0
14071,0.4,3,0,0
14072,0.4,1,0,0
14073,0.4,2,1,1
14074,0.4,1,0,0
14075,1.2000000000000002,1,1,1
14076,0.4,1,0,0
14077,1.2000000000000002,3,1,1
14078,0.4,1,0,0
14079,2.0,3,1,1
14080,0.4,1,0,0
14081,0.4,2,0,0
14082,0.4,2,1,0
14083,1.2000000000000002,2,0,1
14084,0.4,2,1,1
14085,0.4,2,1,1
14086,0.4,1,0,0
14087,1.2000000000000002,1,0,0
14088,0.4,1,0,0
14089,1.2000000000000002,1,0,0
14090,0.4,1,0,0
14091,1.2000000000000002,1,0,0
14092,0.4,1,0,0
14093,1.2000000000000002,3,0,0
14094,0.4,1,1,1
14095,1.2000000000000002,3,1,1
14096,0.4,3,0,0
14097,2.0,3,1,1
14098,0.4,3,0,0
14099,1.2000000000000002,2,0,0
14100,0.4,1,0,0
14101,1.2000000000000002,1,1,1
14102,1.2000000000000002,2,0,0
14103,0.4,2,0,0
14104,0.4,2,1,0
14105,0.4,1,0,0
14106,0.4,2,0,0
14107,0.4,3,0,0
14108,1.2000000000000002,2,0,0
14109,1.2000000000000002,2,1,1
14110,0.4,2,0,1
14111,0.4,1,1,0
14112,0.4,3,0,0
14113,0.4,3,0,0
14114,0.4,2,1,1
14115,0.4,1,0,0
14116,1.2000000000000002,1,1,1
14117,1.2000000000000002,1,1,1
14118,0.4,1,0,0
14119,0.4,0,1,1
14120,0.4,1,1,1
14121,1.2000000000000002,1,0,1
14122,0.4,1,1,1
14123,1.2000000000000002,0,0,1
14124,1.2000000000000002,0,1,1
14125,0.4,1,1,1
14126,0.4,3,1,1
14127,0.4,2,1,1
14128,0.4,1,0,0
14129,0.4,1,0,1
14130,0.4,2,1,1
14131,0.4,2,1,1
14132,0.4,0,1,0
14133,0.4,0,1,1
14134,1.2000000000000002,1,0,1
14135,0.4,2,0,0
14136,1.2000000000000002,3,0,0
14137,1.2000000000000002,2,0,0
14138,1.2000000000000002,2,0,0
14139,0.4,1,0,0
14140,0.4,2,0,0
14141,0.4,2,0,0
14142,0.4,0,1,1
14143,0.4,0,0,0
14144,0.4,2,1,1
14145,0.4,2,1,0
14146,0.4,3,1,0
14147,0.4,1,0,0
14148,1.2000000000000002,1,1,1
14149,0.4,3,1,1
14150,0.4,0,1,1
14151,0.4,2,0,0
14152,0.4,0,0,0
14153,0.4,2,0,0
14154,0.4,0,1,1
14155,0.4,2,0,0
14156,0.4,1,1,1
14157,0.4,1,1,1
14158,0.4,3,0,0
14159,1.2000000000000002,1,0,0
14160,0.4,2,0,0
14161,1.2000000000000002,0,1,1
14162,0.4,2,1,0
14163,0.4,2,1,1
14164,0.4,2,1,1
14165,0.4,2,0,0
14166,0.4,2,1,1
14167,0.4,1,1,1
14168,0.4,2,0,0
14169,0.4,3,1,1
14170,0.4,2,1,1
14171,0.4,2,0,0
14172,0.4,0,0,1
14173,1.2000000000000002,3,0,1
14174,0.4,2,1,1
14175,1.2000000000000002,2,0,0
14176,0.4,1,0,0
14177,0.4,3,1,1
14178,1.2000000000000002,2,0,0
14179,0.4,2,0,0
14180,0.4,2,1,0
14181,0.4,2,0,0
14182,0.4,1,0,0
14183,0.4,1,0,0
14184,0.4,0,1,1
14185,0.4,2,0,0
14186,0.4,1,0,0
14187,0.4,1,1,1
14188,0.4,2,1,1
14189,0.4,2,0,0
14190,0.4,1,0,0
14191,0.4,1,1,1
14192,0.4,1,0,0
14193,0.4,1,0,0
14194,0.4,3,1,0
14195,0.4,1,0,0
14196,0.4,2,1,0
14197,0.4,2,0,0
14198,0.4,2,1,1
14199,1.2000000000000002,2,1,1
14200,0.4,1,1,1
14201,0.4,2,1,1
14202,2.8,2,1,1
14203,0.4,1,1,1
14204,1.2000000000000002,1,1,1
14205,1.2000000000000002,3,1,1
14206,0.4,2,1,1
14207,0.4,2,1,1
14208,0.4,2,0,0
14209,0.4,3,0,0
14210,0.4,1,1,1
14211,0.4,3,1,1
14212,0.4,1,0,0
14213,0.4,2,1,1
14214,0.4,2,0,1
14215,0.4,0,1,1
14216,0.4,2,0,0
14217,0.4,2,1,1
14218,0.4,2,0,0
14219,1.2000000000000002,2,0,0
14220,0.4,0,1,1
14221,0.4,2,1,1
14222,0.4,3,1,1
14223,0.4,2,0,0
14224,0.4,3,1,0
14225,1.2000000000000002,3,0,0
14226,0.4,2,0,0
14227,1.2000000000000002,0,0,1
14228,0.4,3,0,1
14229,0.4,1,0,0
14230,0.4,1,1,1
14231,0.4,2,0,0
14232,0.4,1,0,0
14233,1.2000000000000002,2,1,1
14234,0.4,2,1,0
14235,0.4,1,0,0
14236,1.2000000000000002,2,0,0
14237,0.4,2,1,1
14238,0.4,0,0,0
14239,0.4,1,1,1
14240,0.4,2,0,0
14241,0.4,0,0,0
14242,1.2000000000000002,0,0,1
14243,1.2000000000000002,1,1,1
14244,2.0,2,0,1
14245,0.4,1,1,1
14246,0.4,0,1,1
14247,0.4,1,0,0
14248,0.4,1,1,1
14249,0.4,0,1,1
14250,0.4,1,0,0
14251,1.2000000000000002,3,1,1
14252,1.2000000000000002,1,0,1
14253,0.4,2,0,0
14254,0.4,2,1,1
14255,0.4,3,0,0
14256,0.4,1,0,0
14257,0.4,1,0,0
14258,0.4,3,0,0
14259,0.4,1,0,0
14260,0.4,1,0,0
14261,1.2000000000000002,0,1,1
14262,0.4,1,1,1
14263,1.2000000000000002,2,1,1
14264,0.4,1,0,0
14265,0.4,2,0,0
14266,0.4,1,0,0
14267,0.4,0,1,1
14268,0.4,2,1,1
14269,0.4,1,0,0
14270,1.2000000000000002,0,0,1
14271,0.4,2,0,0
14272,0.4,2,0,0
14273,0.4,2,0,0
14274,0.4,0,1,1
14275,0.4,2,0,0
14276,1.2000000000000002,0,1,1
14277,0.4,1,0,1
14278,0.4,2,1,1
14279,0.4,2,1,1
14280,0.4,0,0,0
14281,0.4,0,0,0
14282,1.2000000000000002,2,1,1
14283,0.4,3,0,0
14284,2.0,0,0,0
14285,0.4,1,0,0
14286,0.4,2,0,0
14287,0.4,1,0,0
14288,1.2000000000000002,0,0,0
14289,1.2000000000000002,1,0,0
14290,1.2000000000000002,2,0,1
14291,0.4,2,1,1
14292,0.4,1,0,0
14293,0.4,1,0,0
14294,0.4,1,1,1
14295,0.4,2,0,0
14296,0.4,3,0,0
14297,0.4,3,0,0
14298,1.2000000000000002,0,0,0
14299,1.2000000000000002,1,0,0
14300,1.2000000000000002,3,0,1
14301,0.4,1,1,1
14302,0.4,0,0,0
14303,0.4,2,1,0
14304,1.2000000000000002,1,1,1
14305,0.4,2,0,0
14306,0.4,0,0,0
14307,0.4,3,0,0
14308,0.4,1,1,1
14309,0.4,2,1,1
14310,1.2000000000000002,1,0,0
14311,0.4,0,0,0
14312,1.2000000000000002,0,1,1
14313,1.2000000000000002,2,1,1
14314,0.4,2,0,0
14315,1.2000000000000002,3,0,0
14316,0.4,1,1,1
14317,1.2000000000000002,2,0,0
14318,0.4,3,0,0
14319,0.4,2,0,0
14320,0.4,2,1,1
14321,0.4,0,1,1
14322,0.4,2,1,1
14323,0.4,0,1,1
14324,1.2000000000000002,2,0,0
14325,0.4,1,0,0
14326,0.4,0,1,1
14327,0.4,1,0,0
14328,0.4,3,1,1
14329,0.4,1,1,1
14330,1.2000000000000002,1,1,1
14331,2.8,2,0,1
14332,1.2000000000000002,2,0,1
14333,0.4,0,0,0
14334,0.4,1,1,1
14335,1.2000000000000002,2,1,1
14336,0.4,1,1,1
14337,1.2000000000000002,1,0,1
14338,0.4,0,1,1
14339,0.4,1,0,0
14340,1.2000000000000002,2,0,0
14341,1.2000000000000002,3,0,0
14342,1.2000000000000002,1,0,0
14343,0.4,2,1,1
14344,0.4,2,0,0
14345,0.4,2,0,0
14346,1.2000000000000002,3,0,0
14347,0.4,1,0,0
14348,1.2000000000000002,3,1,1
14349,0.4,3,1,0
14350,0.4,2,1,1
14351,0.4,1,0,0
14352,0.4,3,0,0
14353,0.4,1,1,0
14354,1.2000000000000002,1,0,0
14355,2.8,3,0,0
14356,0.4,1,0,0
14357,0.4,2,0,0
14358,0.4,2,1,0
14359,0.4,2,0,0
14360,1.2000000000000002,2,0,0
14361,0.4,1,1,0
14362,0.4,2,0,0
14363,0.4,1,1,1
14364,0.4,1,0,0
14365,0.4,1,1,1
14366,0.4,1,0,0
14367,0.4,1,0,0
14368,1.2000000000000002,1,0,0
14369,1.2000000000000002,1,0,1
14370,0.4,2,0,0
14371,0.4,0,0,0
14372,1.2000000000000002,1,1,1
14373,1.2000000000000002,2,0,0
14374,0.4,0,0,1
14375,1.2000000000000002,2,1,1
14376,0.4,3,0,0
14377,0.4,0,0,0
14378,0.4,0,0,1
14379,0.4,0,1,1
14380,0.4,2,1,1
14381,0.4,2,1,1
14382,0.4,1,1,1
14383,1.2000000000000002,3,1,1
14384,0.4,2,0,1
14385,1.2000000000000002,1,0,1
14386,0.4,1,0,0
14387,1.2000000000000002,2,1,1
14388,0.4,1,1,1
14389,1.2000000000000002,0,0,1
14390,0.4,1,1,1
14391,1.2000000000000002,2,1,1
14392,0.4,1,1,1
14393,0.4,3,1,1
14394,0.4,2,0,0
14395,0.4,3,0,0
14396,1.2000000000000002,1,1,1
14397,1.2000000000000002,2,1,1
14398,0.4,2,1,1
14399,0.4,1,1,1
14400,0.4,1,0,0
14401,0.4,0,1,1
14402,0.4,1,1,1
14403,0.4,2,1,1
14404,0.4,3,0,0
14405,0.4,1,0,0
14406,0.4,2,0,0
14407,0.4,1,1,1
14408,0.4,3,1,1
14409,0.4,2,1,0
14410,0.4,0,1,1
14411,0.4,2,1,1
14412,1.2000000000000002,2,0,1
14413,2.0,1,0,1
14414,0.4,0,1,1
14415,2.0,1,1,1
14416,0.4,2,1,1
14417,0.4,2,1,1
14418,0.4,2,0,0
14419,0.4,0,0,0
14420,0.4,1,1,1
14421,0.4,2,0,0
14422,0.4,1,1,1
14423,0.4,3,0,0
14424,0.4,3,1,0
14425,1.2000000000000002,1,1,1
14426,0.4,2,1,1
14427,0.4,2,1,1
14428,0.4,2,0,0
14429,0.4,3,1,0
14430,1.2000000000000002,2,0,0
14431,0.4,2,1,1
14432,1.2000000000000002,1,0,0
14433,0.4,3,0,0
14434,0.4,2,1,1
14435,2.0,2,1,1
14436,0.4,1,1,1
14437,0.4,2,0,0
14438,0.4,2,0,0
14439,0.4,2,0,0
14440,0.4,1,1,0
14441,0.4,1,0,0
14442,1.2000000000000002,1,1,1
14443,1.2000000000000002,2,0,0
14444,0.4,1,0,0
14445,0.4,1,1,1
14446,0.4,1,1,1
14447,1.2000000000000002,2,1,1
14448,0.4,1,1,1
14449,1.2000000000000002,2,1,1
14450,0.4,2,1,1
14451,0.4,1,1,0
14452,0.4,2,0,0
14453,0.4,3,1,1
14454,0.4,2,0,0
14455,0.4,1,0,0
14456,0.4,3,1,1
14457,1.2000000000000002,0,1,1
14458,1.2000000000000002,1,0,1
14459,0.4,2,0,0
14460,0.4,1,1,1
14461,0.4,1,0,0
14462,0.4,1,1,1
14463,0.4,1,0,0
14464,1.2000000000000002,0,0,0
14465,0.4,3,1,1
14466,1.2000000000000002,3,1,1
14467,1.2000000000000002,1,1,1
14468,0.4,1,0,0
14469,0.4,2,0,0
14470,0.4,1,0,0
14471,1.2000000000000002,1,0,0
14472,0.4,2,1,1
14473,1.2000000000000002,1,1,1
14474,0.4,1,1,1
14475,1.2000000000000002,1,1,1
14476,0.4,3,0,0
14477,0.4,2,0,0
14478,0.4,2,1,1
14479,1.2000000000000002,2,0,0
14480,0.4,2,1,1
14481,2.0,2,1,1
14482,0.4,2,0,0
14483,0.4,1,0,0
14484,1.2000000000000002,1,1,1
14485,1.2000000000000002,2,1,1
14486,0.4,2,1,1
14487,0.4,1,0,0
14488,0.4,1,0,0
14489,0.4,1,1,1
14490,0.4,1,1,1
14491,0.4,2,0,0
14492,0.4,1,1,1
14493,0.4,2,0,0
14494,0.4,2,1,1
14495,0.4,1,1,1
14496,0.4,2,1,1
14497,1.2000000000000002,1,1,1
14498,0.4,1,1,1
14499,0.4,1,1,1
14500,0.4,1,0,0
14501,0.4,1,1,1
14502,0.4,1,0,0
14503,0.4,0,1,1
14504,0.4,2,1,0
14505,0.4,3,0,0
14506,0.4,2,0,0
14507,0.4,2,1,1
14508,0.4,1,0,1
14509,0.4,1,1,1
14510,0.4,2,0,0
14511,0.4,2,1,0
14512,0.4,1,1,1
14513,0.4,2,0,0
14514,0.4,1,0,0
14515,0.4,3,1,1
14516,1.2000000000000002,0,0,1
14517,0.4,2,1,1
14518,0.4,0,0,0
14519,0.4,2,0,0
14520,0.4,1,1,1
14521,1.2000000000000002,3,0,1
14522,0.4,0,1,1
14523,0.4,0,1,1
14524,0.4,1,1,1
14525,0.4,1,0,0
14526,0.4,1,1,1
14527,0.4,3,1,1
14528,0.4,1,0,0
14529,1.2000000000000002,0,1,1
14530,0.4,1,0,0
14531,0.4,3,0,0
14532,0.4,1,0,0
14533,1.2000000000000002,1,0,0
14534,0.4,1,1,1
14535,0.4,2,1,1
14536,0.4,1,1,1
14537,0.4,0,0,0
14538,1.2000000000000002,3,0,1
14539,1.2000000000000002,1,1,1
14540,0.4,3,0,0
14541,0.4,3,1,1
14542,1.2000000000000002,2,0,1
14543,0.4,2,0,0
14544,0.4,2,1,1
14545,1.2000000000000002,1,0,0
14546,0.4,0,1,1
14547,0.4,1,0,0
14548,0.4,2,1,1
14549,0.4,2,0,0
14550,0.4,0,0,0
14551,0.4,1,1,1
14552,0.4,2,0,0
14553,1.2000000000000002,2,0,1
14554,0.4,2,1,1
14555,0.4,1,0,0
14556,0.4,0,0,0
14557,1.2000000000000002,1,1,1
14558,0.4,1,0,0
14559,0.4,0,0,0
14560,1.2000000000000002,2,1,1
14561,0.4,1,0,0
14562,0.4,1,0,0
14563,0.4,0,1,1
14564,0.4,2,1,1
14565,0.4,3,1,0
14566,1.2000000000000002,3,0,0
14567,0.4,1,1,1
14568,1.2000000000000002,2,0,0
14569,0.4,2,0,0
14570,1.2000000000000002,0,0,1
14571,2.0,2,0,0
14572,0.4,2,0,0
14573,0.4,2,1,1
14574,0.4,1,1,1
14575,2.0,1,0,1
14576,1.2000000000000002,0,0,0
14577,0.4,1,0,0
14578,0.4,3,0,0
14579,0.4,1,0,0
14580,1.2000000000000002,2,0,0
14581,0.4,1,0,0
14582,0.4,3,1,1
14583,1.2000000000000002,3,0,1
14584,0.4,1,1,1
14585,0.4,0,0,0
14586,0.4,3,0,0
14587,1.2000000000000002,1,0,0
14588,2.0,1,1,1
14589,0.4,0,0,0
14590,0.4,2,0,0
14591,0.4,3,1,1
14592,0.4,1,0,0
14593,0.4,2,1,1
14594,0.4,0,1,1
14595,0.4,0,1,1
14596,0.4,0,1,1
14597,0.4,1,1,0
14598,0.4,0,0,0
14599,0.4,2,0,0
14600,0.4,0,0,0
14601,0.4,1,1,1
14602,0.4,2,1,1
14603,2.0,2,1,1
14604,0.4,1,1,1
14605,0.4,1,1,1
14606,0.4,2,0,0
14607,0.4,1,1,0
14608,0.4,3,0,0
14609,0.4,0,0,0
14610,0.4,3,1,1
14611,0.4,3,0,0
14612,0.4,1,1,1
14613,1.2000000000000002,2,0,0
14614,0.4,1,1,0
14615,1.2000000000000002,3,1,1
14616,1.2000000000000002,0,0,0
14617,1.2000000000000002,1,0,1
14618,1.2000000000000002,1,0,0
14619,1.2000000000000002,2,0,0
14620,0.4,2,1,1
14621,0.4,1,0,0
14622,0.4,1,0,0
14623,1.2000000000000002,3,0,0
14624,1.2000000000000002,2,1,1
14625,2.0,1,1,1
14626,0.4,2,0,0
14627,1.2000000000000002,1,0,0
14628,0.4,2,1,1
14629,2.0,2,1,1
14630,0.4,1,0,0
14631,0.4,1,1,1
14632,1.2000000000000002,1,1,1
14633,0.4,1,1,1
14634,0.4,2,0,0
14635,0.4,2,1,1
14636,0.4,2,1,1
14637,1.2000000000000002,2,1,1
14638,0.4,0,1,1
14639,2.0,2,0,1
14640,0.4,3,1,1
14641,0.4,2,1,1
14642,0.4,1,0,0
14643,0.4,2,0,0
14644,1.2000000000000002,3,0,0
14645,0.4,1,1,1
14646,0.4,1,1,1
14647,0.4,2,1,0
14648,0.4,3,0,0
14649,0.4,2,0,0
14650,0.4,3,0,0
14651,0.4,3,0,0
14652,1.2000000000000002,0,0,1
14653,0.4,2,1,1
14654,0.4,1,0,0
14655,0.4,2,0,0
14656,0.4,3,0,0
14657,0.4,2,0,0
14658,0.4,3,0,0
14659,0.4,3,0,0
14660,0.4,2,0,0
14661,0.4,2,0,0
14662,0.4,0,0,0
14663,1.2000000000000002,2,1,1
14664,0.4,2,0,0
14665,0.4,1,1,1
14666,0.4,0,0,0
14667,0.4,1,0,0
14668,1.2000000000000002,0,0,1
14669,2.0,2,1,1
14670,1.2000000000000002,1,0,0
14671,0.4,2,0,0
14672,0.4,2,1,1
14673,0.4,1,1,1
14674,1.2000000000000002,2,0,1
14675,1.2000000000000002,3,1,1
14676,0.4,2,1,1
14677,0.4,2,0,0
14678,0.4,1,1,1
14679,0.4,2,1,0
14680,0.4,2,1,1
14681,1.2000000000000002,0,0,1
14682,0.4,1,0,0
14683,0.4,3,0,0
14684,1.2000000000000002,2,0,0
14685,0.4,2,0,0
14686,1.2000000000000002,2,0,1
14687,0.4,2,1,1
14688,0.4,2,1,1
14689,1.2000000000000002,1,1,1
14690,2.0,1,1,1
14691,0.4,3,1,0
14692,0.4,1,0,0
14693,0.4,0,0,0
14694,0.4,2,0,0
14695,0.4,0,0,0
14696,0.4,2,0,0
14697,0.4,1,0,0
14698,0.4,2,0,0
14699,0.4,1,1,1
14700,0.4,2,1,0
14701,1.2000000000000002,2,1,1
14702,1.2000000000000002,2,0,0
14703,0.4,2,1,1
14704,0.4,2,1,1
14705,0.4,2,1,0
14706,1.2000000000000002,2,1,1
14707,0.4,2,1,1
14708,1.2000000000000002,2,0,0
14709,0.4,1,0,0
14710,0.4,1,1,1
14711,0.4,2,1,1
14712,0.4,0,1,1
14713,1.2000000000000002,2,0,0
14714,1.2000000000000002,1,1,1
14715,0.4,2,0,0
14716,0.4,2,0,0
14717,0.4,2,0,0
14718,0.4,1,0,0
14719,0.4,1,0,1
14720,1.2000000000000002,1,1,1
14721,1.2000000000000002,2,1,1
14722,0.4,1,0,0
14723,0.4,2,1,1
14724,2.0,3,0,1
14725,0.4,3,1,0
14726,0.4,0,1,1
14727,0.4,2,1,1
14728,1.2000000000000002,2,0,1
14729,0.4,1,0,0
14730,0.4,1,0,0
14731,0.4,1,1,1
14732,0.4,1,1,1
14733,0.4,3,1,0
14734,0.4,2,0,0
14735,0.4,2,1,1
14736,0.4,1,1,1
14737,0.4,2,1,1
14738,0.4,1,1,1
14739,2.0,1,0,1
14740,0.4,2,1,1
14741,1.2000000000000002,1,1,1
14742,0.4,0,0,0
14743,0.4,3,0,0
14744,0.4,1,1,0
14745,0.4,1,0,0
14746,0.4,1,0,0
14747,0.4,3,0,0
14748,0.4,2,0,0
14749,0.4,0,1,1
14750,0.4,1,1,1
14751,1.2000000000000002,2,0,1
14752,0.4,1,1,1
14753,1.2000000000000002,3,1,1
14754,1.2000000000000002,0,0,0
14755,1.2000000000000002,2,0,0
14756,0.4,3,1,1
14757,0.4,1,0,0
14758,0.4,2,1,1
14759,0.4,3,1,1
14760,0.4,2,0,0
14761,1.2000000000000002,1,0,0
14762,0.4,0,0,0
14763,1.2000000000000002,2,0,0
14764,0.4,2,0,0
14765,0.4,1,0,0
14766,0.4,1,1,1
14767,0.4,2,1,1
14768,0.4,1,1,1
14769,0.4,3,0,0
14770,0.4,3,1,1
14771,1.2000000000000002,2,1,1
14772,0.4,1,0,0
14773,0.4,1,0,0
14774,0.4,0,1,1
14775,2.0,1,1,1
14776,0.4,1,0,0
14777,0.4,2,1,0
14778,0.4,0,0,0
14779,0.4,0,1,1
14780,0.4,2,1,1
14781,0.4,1,0,1
14782,1.2000000000000002,2,1,1
14783,2.0,2,1,1
14784,0.4,1,1,0
14785,0.4,2,0,0
14786,0.4,2,0,0
14787,2.0,2,0,1
14788,1.2000000000000002,1,1,1
14789,0.4,1,1,1
14790,1.2000000000000002,0,1,1
14791,0.4,1,0,0
14792,0.4,3,1,0
14793,1.2000000000000002,2,0,0
14794,1.2000000000000002,2,1,0
14795,1.2000000000000002,1,0,1
14796,1.2000000000000002,1,1,1
14797,0.4,0,0,0
14798,0.4,0,1,1
14799,0.4,2,0,0
14800,0.4,2,1,1
14801,0.4,1,0,0
14802,0.4,1,1,1
14803,0.4,0,1,1
14804,0.4,2,1,1
14805,0.4,1,1,1
14806,0.4,1,0,0
14807,0.4,2,1,1
14808,0.4,1,1,0
14809,0.4,2,1,0
14810,1.2000000000000002,2,1,1
14811,1.2000000000000002,0,1,1
14812,0.4,2,0,0
14813,0.4,1,0,0
14814,0.4,2,1,1
14815,0.4,2,0,0
14816,1.2000000000000002,2,0,0
14817,1.2000000000000002,0,0,1
14818,0.4,1,1,1
14819,0.4,3,0,0
14820,0.4,2,1,1
14821,1.2000000000000002,1,1,1
14822,0.4,0,0,0
14823,0.4,2,1,1
14824,0.4,3,1,1
14825,0.4,2,1,1
14826,0.4,2,1,0
14827,1.2000000000000002,0,0,0
14828,0.4,1,0,0
14829,0.4,0,1,1
14830,0.4,0,0,0
14831,0.4,1,1,1
14832,0.4,1,1,1
14833,0.4,1,1,1
14834,0.4,3,1,1
14835,1.2000000000000002,0,0,0
14836,1.2000000000000002,1,1,1
14837,0.4,1,1,1
14838,0.4,1,1,1
14839,0.4,2,1,1
14840,2.0,0,1,1
14841,2.0,1,0,1
14842,0.4,2,0,0
14843,0.4,1,1,1
14844,0.4,2,1,1
14845,1.2000000000000002,2,1,1
14846,0.4,1,1,1
14847,1.2000000000000002,1,1,1
14848,0.4,1,1,1
14849,0.4,3,1,1
14850,0.4,2,1,0
14851,0.4,2,1,1
14852,2.0,0,0,1
14853,2.0,0,1,1
14854,0.4,1,1,1
14855,0.4,2,1,1
14856,0.4,2,1,1
14857,0.4,2,0,0
14858,1.2000000000000002,1,0,0
14859,0.4,3,1,0
14860,0.4,1,0,0
14861,0.4,2,1,0
14862,0.4,2,0,0
14863,0.4,1,1,1
14864,0.4,1,0,0
14865,0.4,0,1,1
14866,0.4,1,1,1
14867,0.4,1,0,0
14868,0.4,1,1,1
14869,1.2000000000000002,2,0,0
14870,0.4,1,0,0
14871,0.4,1,0,0
14872,0.4,0,0,0
14873,0.4,1,0,0
14874,0.4,3,0,0
14875,0.4,2,0,0
14876,0.4,3,0,0
14877,1.2000000000000002,0,0,0
14878,0.4,1,1,1
14879,0.4,1,0,0
14880,0.4,2,1,1
14881,0.4,3,0,0
14882,0.4,2,0,0
14883,1.2000000000000002,1,0,1
14884,1.2000000000000002,2,0,0
14885,0.4,1,1,1
14886,0.4,2,0,0
14887,0.4,3,1,0
14888,0.4,0,0,1
14889,0.4,2,1,1
14890,0.4,2,0,1
14891,0.4,3,0,0
14892,0.4,1,0,0
14893,1.2000000000000002,2,0,0
14894,0.4,1,1,1
14895,0.4,1,0,0
14896,0.4,2,0,0
14897,0.4,0,1,1
14898,0.4,1,0,0
14899,0.4,1,1,1
14900,0.4,1,1,1
14901,0.4,1,1,1
14902,0.4,0,0,0
14903,1.2000000000000002,1,1,1
14904,0.4,3,0,0
14905,0.4,2,1,1
14906,0.4,2,0,0
14907,0.4,1,0,0
14908,0.4,0,0,0
14909,0.4,1,1,1
14910,0.4,2,0,0
14911,0.4,1,1,1
14912,1.2000000000000002,2,0,1
14913,0.4,2,0,0
14914,0.4,0,1,1
14915,1.2000000000000002,2,0,0
14916,0.4,2,0,0
14917,0.4,1,0,0
14918,0.4,1,1,1
14919,0.4,2,0,0
14920,0.4,2,0,0
14921,0.4,2,1,1
14922,1.2000000000000002,2,0,0
14923,1.2000000000000002,2,0,0
14924,1.2000000000000002,1,1,1
14925,1.2000000000000002,0,0,1
14926,0.4,0,1,1
14927,0.4,0,1,1
14928,0.4,2,0,1
14929,0.4,1,1,1
14930,0.4,1,0,1
14931,1.2000000000000002,2,1,1
14932,1.2000000000000002,1,1,1
14933,0.4,1,1,1
14934,0.4,0,0,0
14935,0.4,2,1,1
14936,0.4,2,1,1
14937,0.4,1,0,0
14938,0.4,1,1,1
14939,0.4,1,1,0
14940,0.4,2,0,0
14941,0.4,2,0,0
14942,0.4,2,0,0
14943,1.2000000000000002,1,1,1
14944,1.2000000000000002,2,1,1
14945,0.4,1,1,1
14946,0.4,0,1,1
14947,1.2000000000000002,1,0,0
14948,0.4,1,1,1
14949,0.4,1,1,1
14950,0.4,1,0,0
14951,0.4,3,1,1
14952,0.4,3,0,0
14953,0.4,0,0,1
14954,0.4,1,1,1
14955,0.4,2,1,1
14956,0.4,2,0,0
14957,0.4,0,1,1
14958,0.4,0,1,0
14959,0.4,1,0,0
14960,1.2000000000000002,0,0,1
14961,0.4,2,0,0
14962,0.4,3,0,0
14963,0.4,0,0,0
14964,1.2000000000000002,3,0,0
14965,0.4,2,1,1
14966,0.4,2,1,1
14967,0.4,1,1,1
14968,0.4,1,1,0
14969,0.4,1,1,1
14970,0.4,0,0,0
14971,0.4,2,1,1
14972,0.4,0,0,0
14973,0.4,2,0,0
14974,0.4,1,1,1
14975,0.4,2,1,1
14976,0.4,2,0,0
14977,1.2000000000000002,0,0,0
14978,1.2000000000000002,2,1,1
14979,0.4,1,1,1
14980,0.4,0,1,1
14981,0.4,0,0,0
14982,0.4,1,1,0
14983,0.4,3,1,0
14984,0.4,1,0,1
14985,0.4,2,0,0
14986,0.4,3,0,0
14987,0.4,2,1,1
14988,1.2000000000000002,0,0,0
14989,0.4,1,1,1
14990,0.4,0,1,1
14991,0.4,1,1,1
14992,0.4,0,1,1
14993,0.4,0,1,1
14994,1.2000000000000002,1,1,1
14995,1.2000000000000002,1,1,1
14996,0.4,1,0,0
14997,0.4,2,1,1
14998,1.2000000000000002,1,0,0
14999,0.4,2,0,0
15000,1.2000000000000002,0,1,1
15001,1.2000000000000002,1,1,1
15002,0.4,2,1,0
15003,0.4,2,0,0
15004,0.4,1,0,0
15005,0.4,1,0,0
15006,0.4,1,1,1
15007,1.2000000000000002,2,1,0
15008,0.4,3,1,0
15009,0.4,1,1,1
15010,0.4,2,0,0
15011,0.4,2,0,0
15012,0.4,1,0,0
15013,1.2000000000000002,1,1,1
15014,0.4,2,0,0
15015,0.4,1,1,1
15016,0.4,1,0,0
15017,0.4,2,1,1
15018,0.4,3,1,1
15019,0.4,2,1,1
15020,0.4,3,0,0
15021,0.4,3,1,1
15022,0.4,2,1,0
15023,0.4,1,0,0
15024,0.4,1,1,1
15025,0.4,1,1,1
15026,0.4,2,1,0
15027,1.2000000000000002,2,1,1
15028,0.4,3,1,0
15029,0.4,3,1,1
15030,0.4,0,0,0
15031,0.4,2,0,0
15032,0.4,1,1,1
15033,0.4,0,0,0
15034,0.4,1,0,0
15035,0.4,1,0,0
15036,0.4,2,0,0
15037,0.4,2,0,0
15038,0.4,1,1,1
15039,0.4,2,0,0
15040,0.4,3,1,0
15041,0.4,0,0,0
15042,0.4,2,0,0
15043,1.2000000000000002,3,1,1
15044,1.2000000000000002,3,0,1
15045,0.4,2,1,1
15046,0.4,0,1,1
15047,0.4,2,1,1
15048,0.4,0,1,1
15049,0.4,0,1,1
15050,0.4,1,0,0
15051,0.4,1,0,0
15052,0.4,1,1,1
15053,1.2000000000000002,0,0,1
15054,0.4,3,0,0
15055,0.4,1,1,1
15056,2.0,1,0,1
15057,0.4,2,1,1
15058,0.4,2,0,0
15059,0.4,2,1,1
15060,0.4,2,0,0
15061,0.4,2,0,0
15062,0.4,3,0,0
15063,0.4,1,1,1
15064,0.4,0,0,1
15065,0.4,1,0,0
15066,0.4,0,1,1
15067,1.2000000000000002,2,0,0
15068,0.4,1,0,0
15069,0.4,0,0,1
15070,0.4,1,0,0
15071,0.4,2,0,0
15072,0.4,2,1,1
15073,0.4,0,1,1
15074,0.4,2,0,0
15075,0.4,2,0,0
15076,0.4,1,0,0
15077,0.4,0,1,1
15078,0.4,2,0,0
15079,0.4,2,0,0
15080,0.4,1,1,1
15081,0.4,1,0,0
15082,0.4,1,0,0
15083,1.2000000000000002,2,1,1
15084,2.0,1,0,1
15085,0.4,2,1,1
15086,1.2000000000000002,0,1,1
15087,0.4,2,0,0
15088,0.4,2,0,0
15089,0.4,3,0,0
15090,0.4,2,1,1
15091,0.4,3,1,0
15092,1.2000000000000002,1,0,1
15093,1.2000000000000002,2,0,1
15094,0.4,0,1,1
15095,0.4,1,1,1
15096,0.4,1,1,1
15097,0.4,1,0,0
15098,0.4,2,1,1
15099,1.2000000000000002,2,0,1
15100,1.2000000000000002,2,0,0
15101,0.4,1,0,0
15102,1.2000000000000002,2,1,1
15103,1.2000000000000002,1,1,1
15104,0.4,2,0,0
15105,1.2000000000000002,3,1,1
15106,1.2000000000000002,1,0,1
15107,0.4,2,0,0
15108,1.2000000000000002,1,1,1
15109,0.4,2,1,1
15110,0.4,2,1,0
15111,0.4,1,0,0
15112,1.2000000000000002,2,1,1
15113,0.4,1,1,1
15114,1.2000000000000002,1,0,0
15115,0.4,2,1,1
15116,0.4,1,0,0
15117,0.4,1,0,0
15118,0.4,0,1,1
15119,0.4,2,0,0
15120,0.4,3,0,0
15121,1.2000000000000002,2,0,0
15122,0.4,2,0,0
15123,0.4,1,1,1
15124,0.4,1,0,0
15125,1.2000000000000002,0,1,1
15126,0.4,2,1,0
15127,1.2000000000000002,2,1,1
15128,1.2000000000000002,1,0,0
15129,1.2000000000000002,1,1,1
15130,1.2000000000000002,2,1,1
15131,2.0,2,0,0
15132,0.4,3,0,0
15133,0.4,2,1,1
15134,0.4,1,1,1
15135,0.4,1,0,1
15136,0.4,2,0,0
15137,0.4,1,1,1
15138,1.2000000000000002,1,1,1
15139,0.4,1,1,1
15140,0.4,1,1,1
15141,0.4,2,1,1
15142,1.2000000000000002,1,1,1
15143,0.4,1,0,0
15144,0.4,2,1,1
15145,0.4,1,1,1
15146,0.4,2,0,0
15147,0.4,2,1,1
15148,0.4,2,0,0
15149,0.4,2,1,1
15150,0.4,3,1,0
15151,0.4,2,0,0
15152,0.4,1,0,0
15153,1.2000000000000002,0,1,1
15154,0.4,2,0,0
15155,0.4,1,1,1
15156,0.4,1,0,0
15157,0.4,1,1,1
15158,1.2000000000000002,3,1,1
15159,0.4,2,1,1
15160,0.4,0,0,0
15161,0.4,1,1,1
15162,0.4,2,1,1
15163,1.2000000000000002,0,1,1
15164,0.4,3,1,1
15165,0.4,1,1,1
15166,1.2000000000000002,1,1,1
15167,0.4,1,0,0
15168,1.2000000000000002,1,1,1
15169,0.4,0,0,0
15170,0.4,3,1,1
15171,0.4,1,0,0
15172,0.4,2,0,0
15173,0.4,0,0,1
15174,0.4,2,0,0
15175,0.4,3,0,0
15176,0.4,2,1,1
15177,1.2000000000000002,2,0,1
15178,1.2000000000000002,2,1,1
15179,0.4,1,1,1
15180,0.4,2,1,1
15181,0.4,2,0,0
15182,0.4,1,1,1
15183,0.4,1,1,1
15184,0.4,0,0,0
15185,0.4,2,0,0
15186,0.4,1,1,1
15187,0.4,1,1,1
15188,0.4,1,1,1
15189,0.4,0,1,1
15190,0.4,0,1,1
15191,0.4,1,1,1
15192,0.4,1,1,1
15193,0.4,1,0,0
15194,0.4,2,1,1
15195,0.4,3,1,1
15196,0.4,2,0,0
15197,0.4,2,0,0
15198,0.4,1,1,0
15199,0.4,1,1,1
15200,0.4,1,1,1
15201,0.4,1,1,1
15202,0.4,1,0,0
15203,2.0,2,1,1
15204,1.2000000000000002,1,0,0
15205,0.4,2,1,1
15206,0.4,2,1,1
15207,0.4,1,0,0
15208,0.4,2,0,0
15209,1.2000000000000002,1,0,0
15210,0.4,2,0,0
15211,0.4,3,0,0
15212,0.4,1,0,0
15213,0.4,1,0,0
15214,1.2000000000000002,1,0,0
15215,0.4,1,1,1
15216,0.4,2,1,1
15217,1.2000000000000002,1,0,1
15218,0.4,2,0,0
15219,0.4,2,1,1
15220,0.4,2,1,1
15221,0.4,1,0,0
15222,0.4,0,1,1
15223,0.4,1,0,0
15224,0.4,3,0,0
15225,0.4,3,0,0
15226,0.4,3,0,0
15227,1.2000000000000002,3,0,0
15228,0.4,2,0,0
15229,0.4,1,1,0
15230,0.4,0,0,0
15231,0.4,0,0,0
15232,1.2000000000000002,2,0,0
15233,0.4,2,1,1
15234,1.2000000000000002,1,0,0
15235,0.4,1,0,0
15236,1.2000000000000002,1,1,1
15237,0.4,0,1,1
15238,1.2000000000000002,3,0,0
15239,0.4,1,1,1
15240,0.4,2,1,1
15241,1.2000000000000002,3,1,0
15242,0.4,2,0,0
15243,0.4,0,1,1
15244,0.4,2,0,0
15245,0.4,2,0,0
15246,1.2000000000000002,3,0,1
15247,0.4,2,0,0
15248,0.4,1,1,1
15249,0.4,1,0,0
15250,0.4,1,1,1
15251,0.4,2,1,1
15252,1.2000000000000002,2,0,0
15253,0.4,1,0,1
15254,2.0,1,1,1
15255,0.4,2,1,1
15256,0.4,2,1,1
15257,0.4,0,0,0
15258,0.4,3,0,0
15259,2.0,1,1,1
15260,0.4,1,1,1
15261,0.4,2,1,1
15262,0.4,0,0,0
15263,0.4,0,1,1
15264,1.2000000000000002,1,1,1
15265,0.4,1,0,0
15266,0.4,1,1,1
15267,0.4,1,1,1
15268,0.4,1,0,0
15269,0.4,1,1,0
15270,0.4,2,0,0
15271,0.4,2,1,0
15272,0.4,2,0,0
15273,0.4,3,0,0
15274,1.2000000000000002,0,0,0
15275,0.4,1,1,1
15276,0.4,1,1,1
15277,0.4,1,1,1
15278,0.4,1,1,1
15279,0.4,1,1,0
15280,0.4,3,0,0
15281,0.4,0,0,0
15282,2.0,2,1,1
15283,0.4,1,0,1
15284,0.4,3,0,0
15285,1.2000000000000002,2,0,1
15286,0.4,2,0,0
15287,1.2000000000000002,3,0,0
15288,0.4,2,1,0
15289,1.2000000000000002,1,0,0
15290,0.4,1,0,0
15291,0.4,1,0,1
15292,0.4,1,1,1
15293,0.4,1,1,1
15294,0.4,1,0,0
15295,0.4,0,1,1
15296,0.4,1,1,1
15297,0.4,1,0,0
15298,0.4,0,1,1
15299,0.4,2,0,0
15300,0.4,1,1,1
15301,1.2000000000000002,1,1,1
15302,0.4,1,1,1
15303,0.4,2,0,0
15304,0.4,2,0,0
15305,0.4,3,0,0
15306,0.4,2,1,1
15307,0.4,0,0,0
15308,0.4,0,0,0
15309,0.4,1,0,0
15310,0.4,2,1,1
15311,0.4,2,1,1
15312,1.2000000000000002,0,1,1
15313,1.2000000000000002,1,1,1
15314,0.4,1,0,0
15315,0.4,2,0,0
15316,0.4,1,1,1
15317,1.2000000000000002,1,1,1
15318,0.4,1,1,1
15319,0.4,0,1,1
15320,0.4,2,0,0
15321,1.2000000000000002,1,1,1
15322,0.4,2,0,0
15323,0.4,2,0,0
15324,1.2000000000000002,2,1,1
15325,0.4,1,1,1
15326,0.4,1,0,0
15327,0.4,3,0,0
15328,0.4,3,0,0
15329,0.4,1,1,1
15330,0.4,3,0,0
15331,1.2000000000000002,1,1,1
15332,0.4,0,1,1
15333,0.4,3,1,1
15334,2.0,1,1,1
15335,0.4,1,0,0
15336,0.4,0,0,0
15337,0.4,3,0,0
15338,1.2000000000000002,1,0,0
15339,0.4,0,1,1
15340,1.2000000000000002,1,1,1
15341,0.4,1,0,0
15342,0.4,1,1,1
15343,0.4,2,0,0
15344,1.2000000000000002,1,0,0
15345,0.4,1,1,1
15346,0.4,2,1,1
15347,0.4,2,0,0
15348,0.4,1,0,0
15349,0.4,2,1,1
15350,0.4,1,1,1
15351,0.4,1,1,1
15352,0.4,1,0,0
15353,0.4,3,0,0
15354,1.2000000000000002,1,1,1
15355,0.4,1,1,0
15356,0.4,1,0,0
15357,0.4,2,1,1
15358,0.4,2,0,0
15359,0.4,1,1,1
15360,1.2000000000000002,3,1,1
15361,1.2000000000000002,2,1,1
15362,0.4,3,1,0
15363,1.2000000000000002,1,0,1
15364,0.4,3,1,1
15365,0.4,3,1,0
15366,0.4,1,0,0
15367,0.4,2,1,1
15368,1.2000000000000002,2,1,1
15369,0.4,1,0,1
15370,0.4,1,1,1
15371,1.2000000000000002,1,1,1
15372,0.4,3,1,1
15373,0.4,1,0,0
15374,1.2000000000000002,1,1,1
15375,0.4,1,1,1
15376,0.4,0,0,0
15377,0.4,2,1,1
15378,0.4,2,1,1
15379,0.4,3,0,0
15380,0.4,3,0,0
15381,0.4,2,1,0
15382,0.4,3,1,1
15383,1.2000000000000002,1,0,0
15384,0.4,2,1,1
15385,0.4,2,0,0
15386,0.4,1,1,1
15387,0.4,1,0,1
15388,0.4,1,1,1
15389,0.4,2,1,1
15390,1.2000000000000002,0,1,1
15391,0.4,1,0,0
15392,0.4,1,1,1
15393,0.4,2,0,1
15394,0.4,1,0,0
15395,0.4,3,1,0
15396,0.4,2,1,1
15397,0.4,1,1,1
15398,0.4,2,1,1
15399,1.2000000000000002,3,1,1
15400,0.4,2,1,1
15401,1.2000000000000002,0,0,1
15402,0.4,3,0,0
15403,0.4,1,1,1
15404,0.4,1,1,1
15405,1.2000000000000002,1,1,1
15406,0.4,2,0,0
15407,0.4,1,0,0
15408,0.4,3,0,0
15409,0.4,1,1,1
15410,0.4,2,1,0
15411,0.4,3,1,1
15412,0.4,1,0,0
15413,0.4,2,1,1
15414,0.4,2,1,1
15415,0.4,3,0,0
15416,0.4,2,1,0
15417,0.4,0,0,1
15418,0.4,1,1,1
15419,0.4,1,1,1
15420,0.4,1,0,0
15421,0.4,0,1,1
15422,1.2000000000000002,3,1,1
15423,0.4,0,1,1
15424,0.4,1,1,1
15425,0.4,1,0,0
15426,0.4,2,1,1
15427,0.4,3,1,0
15428,0.4,1,0,0
15429,0.4,1,0,0
15430,0.4,1,0,0
15431,0.4,1,0,1
15432,0.4,0,0,0
15433,0.4,3,1,0
15434,0.4,1,0,0
15435,0.4,1,1,1
15436,0.4,2,1,1
15437,0.4,2,1,1
15438,1.2000000000000002,1,0,1
15439,0.4,2,1,1
15440,0.4,0,1,1
15441,0.4,2,0,0
15442,0.4,0,1,1
15443,1.2000000000000002,1,1,1
15444,0.4,3,0,0
15445,0.4,2,0,0
15446,0.4,1,0,0
15447,0.4,1,0,0
15448,0.4,0,0,0
15449,0.4,1,1,1
15450,0.4,0,1,1
15451,0.4,0,0,0
15452,0.4,2,1,1
15453,0.4,2,0,0
15454,0.4,3,1,1
15455,0.4,0,1,1
15456,0.4,3,1,1
15457,0.4,1,1,1
15458,0.4,2,1,1
15459,0.4,2,0,0
15460,0.4,2,1,1
15461,0.4,0,1,1
15462,0.4,1,0,0
15463,1.2000000000000002,2,0,0
15464,0.4,2,0,0
15465,1.2000000000000002,2,1,1
15466,1.2000000000000002,3,0,0
15467,1.2000000000000002,1,1,1
15468,0.4,2,1,1
15469,0.4,2,1,1
15470,0.4,0,1,1
15471,0.4,2,1,1
15472,0.4,3,1,1
15473,1.2000000000000002,0,1,1
15474,0.4,1,0,0
15475,0.4,1,0,1
15476,0.4,1,1,1
15477,0.4,0,0,0
15478,0.4,1,0,0
15479,2.0,2,1,1
15480,1.2000000000000002,1,1,1
15481,0.4,2,0,0
15482,0.4,2,1,1
15483,0.4,2,0,0
15484,0.4,1,1,1
15485,0.4,0,1,1
15486,0.4,2,1,1
15487,0.4,1,1,1
15488,1.2000000000000002,1,1,1
15489,0.4,2,0,0
15490,0.4,2,0,0
15491,0.4,2,1,1
15492,0.4,1,0,0
15493,1.2000000000000002,1,1,1
15494,0.4,1,1,1
15495,0.4,3,1,0
15496,0.4,2,0,0
15497,0.4,2,0,0
15498,1.2000000000000002,2,0,0
15499,1.2000000000000002,1,1,1
15500,0.4,2,1,1
15501,0.4,2,1,1
15502,1.2000000000000002,2,0,1
15503,0.4,2,0,0
15504,1.2000000000000002,2,0,1
15505,0.4,0,1,1
15506,1.2000000000000002,1,0,1
15507,0.4,1,0,0
15508,2.0,3,1,1
15509,0.4,1,0,0
15510,2.0,2,0,1
15511,0.4,3,0,0
15512,0.4,2,1,1
15513,0.4,0,0,0
15514,0.4,2,1,0
15515,0.4,1,0,0
15516,1.2000000000000002,1,1,1
15517,0.4,0,1,1
15518,0.4,1,1,1
15519,0.4,2,1,1
15520,0.4,2,0,0
15521,0.4,2,0,0
15522,0.4,1,1,0
15523,0.4,1,1,1
15524,1.2000000000000002,3,1,1
15525,1.2000000000000002,3,0,1
15526,1.2000000000000002,2,0,0
15527,1.2000000000000002,2,0,0
15528,0.4,2,1,1
15529,1.2000000000000002,0,0,1
15530,0.4,2,0,0
15531,0.4,3,0,0
15532,0.4,2,1,0
15533,0.4,1,0,1
15534,0.4,3,1,1
15535,0.4,2,0,0
15536,2.0,3,1,1
15537,0.4,1,1,1
15538,2.8,3,0,1
15539,0.4,1,0,0
15540,0.4,2,0,0
15541,0.4,1,0,0
15542,0.4,1,1,1
15543,0.4,1,0,0
15544,1.2000000000000002,0,1,1
15545,0.4,1,1,0
15546,0.4,2,1,1
15547,0.4,3,0,0
15548,0.4,3,0,0
15549,1.2000000000000002,1,1,1
15550,0.4,3,1,1
15551,1.2000000000000002,1,0,0
15552,1.2000000000000002,2,0,0
15553,0.4,2,0,0
15554,1.2000000000000002,2,1,1
15555,0.4,1,0,0
15556,0.4,2,1,1
15557,0.4,2,1,1
15558,1.2000000000000002,0,0,0
15559,0.4,0,0,0
15560,0.4,2,0,0
15561,0.4,1,1,1
15562,1.2000000000000002,1,0,0
15563,1.2000000000000002,1,1,1
15564,0.4,1,1,1
15565,2.0,1,0,1
15566,0.4,1,1,1
15567,0.4,2,0,0
15568,0.4,1,0,0
15569,1.2000000000000002,1,0,0
15570,0.4,2,0,0
15571,0.4,3,0,0
15572,1.2000000000000002,2,1,1
15573,0.4,2,1,0
15574,0.4,0,0,0
15575,1.2000000000000002,1,0,0
15576,0.4,1,1,1
15577,0.4,1,0,0
15578,0.4,1,0,0
15579,0.4,1,1,1
15580,0.4,2,1,1
15581,0.4,2,0,0
15582,1.2000000000000002,1,1,1
15583,2.0,2,1,1
15584,0.4,1,0,0
15585,0.4,1,0,0
15586,0.4,1,0,0
15587,0.4,1,0,0
15588,0.4,1,1,1
15589,0.4,2,1,1
15590,0.4,1,0,0
15591,0.4,2,0,0
15592,0.4,2,0,0
15593,0.4,1,0,0
15594,0.4,3,1,1
15595,1.2000000000000002,2,1,1
15596,1.2000000000000002,0,1,1
15597,0.4,2,0,0
15598,0.4,1,1,1
15599,0.4,0,1,1
15600,1.2000000000000002,1,0,0
15601,1.2000000000000002,3,0,0
15602,1.2000000000000002,3,0,0
15603,0.4,1,1,1
15604,0.4,1,0,0
15605,1.2000000000000002,2,0,0
15606,0.4,3,0,0
15607,0.4,0,1,1
15608,0.4,2,0,0
15609,0.4,1,1,1
15610,0.4,1,1,1
15611,0.4,3,1,1
15612,0.4,2,1,1
15613,1.2000000000000002,0,1,1
15614,1.2000000000000002,0,1,1
15615,1.2000000000000002,2,1,1
15616,0.4,2,1,1
15617,0.4,3,1,1
15618,0.4,1,1,1
15619,0.4,0,1,1
15620,0.4,2,0,0
15621,0.4,2,1,1
15622,0.4,2,1,1
15623,0.4,0,1,1
15624,0.4,1,1,1
15625,1.2000000000000002,2,1,1
15626,0.4,2,0,0
15627,2.0,1,0,1
15628,0.4,1,1,1
15629,0.4,1,0,0
15630,0.4,2,1,1
15631,0.4,1,0,0
15632,0.4,2,1,0
15633,0.4,1,1,1
15634,1.2000000000000002,2,1,1
15635,0.4,1,1,1
15636,0.4,2,1,1
15637,0.4,1,0,0
15638,0.4,0,0,1
15639,0.4,1,0,0
15640,0.4,2,0,0
15641,0.4,2,0,0
15642,1.2000000000000002,2,0,0
15643,0.4,1,0,0
15644,1.2000000000000002,2,1,1
15645,0.4,1,1,1
15646,0.4,3,1,1
15647,1.2000000000000002,1,1,1
15648,0.4,1,0,0
15649,0.4,2,0,0
15650,1.2000000000000002,1,0,1
15651,1.2000000000000002,2,0,0
15652,0.4,2,0,0
15653,0.4,0,1,1
15654,0.4,2,1,1
15655,0.4,1,0,0
15656,0.4,3,0,0
15657,0.4,1,1,1
15658,0.4,2,0,0
15659,0.4,3,1,1
15660,1.2000000000000002,2,1,1
15661,0.4,2,1,1
15662,0.4,2,0,1
15663,0.4,0,0,0
15664,0.4,3,1,1
15665,0.4,1,1,1
15666,0.4,2,0,0
15667,1.2000000000000002,1,0,1
15668,0.4,1,1,0
15669,0.4,2,0,0
15670,0.4,2,1,1
15671,0.4,2,0,0
15672,1.2000000000000002,1,1,1
15673,1.2000000000000002,1,0,0
15674,0.4,2,1,1
15675,0.4,3,0,0
15676,1.2000000000000002,3,0,0
15677,1.2000000000000002,2,0,1
15678,0.4,1,0,0
15679,0.4,1,1,0
15680,0.4,1,1,0
15681,1.2000000000000002,3,1,1
15682,0.4,1,1,1
15683,1.2000000000000002,1,1,1
15684,1.2000000000000002,2,1,0
15685,0.4,3,0,0
15686,1.2000000000000002,2,1,1
15687,1.2000000000000002,2,0,0
15688,0.4,1,1,1
15689,0.4,2,0,0
15690,0.4,1,1,1
15691,0.4,3,1,0
15692,0.4,0,0,0
15693,0.4,2,0,0
15694,1.2000000000000002,1,1,1
15695,0.4,2,1,1
15696,1.2000000000000002,2,1,1
15697,0.4,1,0,0
15698,0.4,1,1,1
15699,1.2000000000000002,2,0,1
15700,0.4,1,1,1
15701,1.2000000000000002,2,0,0
15702,1.2000000000000002,2,1,1
15703,0.4,2,1,1
15704,0.4,2,0,0
15705,1.2000000000000002,1,0,0
15706,0.4,1,1,1
15707,0.4,1,0,0
15708,0.4,1,0,0
15709,0.4,0,0,0
15710,1.2000000000000002,2,1,1
15711,1.2000000000000002,1,0,0
15712,0.4,1,1,1
15713,0.4,1,1,1
15714,0.4,2,1,0
15715,0.4,0,1,1
15716,0.4,1,0,0
15717,0.4,1,1,1
15718,0.4,0,0,0
15719,1.2000000000000002,2,1,1
15720,0.4,2,1,1
15721,0.4,1,0,1
15722,0.4,1,1,1
15723,0.4,1,1,0
15724,0.4,1,0,0
15725,0.4,0,0,0
15726,0.4,2,1,0
15727,0.4,0,0,0
15728,0.4,3,0,0
15729,1.2000000000000002,2,1,1
15730,0.4,2,0,0
15731,0.4,1,1,1
15732,0.4,1,1,1
15733,1.2000000000000002,2,1,1
15734,0.4,2,1,1
15735,0.4,2,1,1
15736,0.4,1,1,1
15737,0.4,0,0,0
15738,0.4,0,1,0
15739,0.4,2,0,0
15740,0.4,2,0,0
15741,0.4,1,0,0
15742,0.4,1,0,0
15743,0.4,1,0,0
15744,0.4,0,1,1
15745,1.2000000000000002,2,1,1
15746,0.4,2,1,1
15747,0.4,0,0,0
15748,0.4,3,1,1
15749,0.4,3,1,1
15750,0.4,1,0,0
15751,0.4,1,1,1
15752,0.4,1,0,1
15753,0.4,2,1,1
15754,0.4,2,0,0
15755,0.4,2,1,1
15756,0.4,2,1,1
15757,0.4,1,0,0
15758,0.4,2,0,0
15759,1.2000000000000002,2,0,1
15760,0.4,3,0,0
15761,1.2000000000000002,3,0,0
15762,0.4,3,1,0
15763,0.4,2,1,1
15764,2.0,1,1,1
15765,0.4,2,1,1
15766,1.2000000000000002,3,0,0
15767,0.4,2,1,1
15768,0.4,0,0,0
15769,0.4,3,1,1
15770,1.2000000000000002,0,1,1
15771,0.4,0,1,0
15772,1.2000000000000002,2,0,0
15773,0.4,2,0,0
15774,1.2000000000000002,2,0,0
15775,0.4,3,1,1
15776,0.4,1,1,1
15777,2.0,2,1,1
15778,0.4,2,1,1
15779,1.2000000000000002,2,0,0
15780,0.4,2,1,1
15781,0.4,0,1,1
15782,0.4,2,1,1
15783,0.4,2,1,1
15784,0.4,0,0,0
15785,0.4,0,0,0
15786,1.2000000000000002,1,0,0
15787,0.4,2,1,1
15788,0.4,1,0,0
15789,0.4,2,0,0
15790,0.4,0,0,0
15791,0.4,3,0,0
15792,0.4,1,0,0
15793,0.4,3,0,0
15794,1.2000000000000002,3,0,0
15795,0.4,1,0,0
15796,1.2000000000000002,1,0,0
15797,0.4,1,0,0
15798,0.4,0,1,1
15799,0.4,1,0,0
15800,0.4,1,0,0
15801,1.2000000000000002,3,0,0
15802,0.4,0,0,0
15803,0.4,2,1,1
15804,0.4,2,0,0
15805,0.4,1,1,1
15806,0.4,3,1,1
15807,0.4,1,1,1
15808,1.2000000000000002,1,1,1
15809,0.4,1,1,1
15810,0.4,1,0,0
15811,1.2000000000000002,3,1,1
15812,0.4,1,1,1
15813,0.4,2,1,1
15814,1.2000000000000002,1,0,0
15815,0.4,1,1,1
15816,0.4,1,1,1
15817,0.4,0,0,0
15818,0.4,1,1,1
15819,0.4,1,0,0
15820,1.2000000000000002,2,0,1
15821,0.4,3,1,1
15822,1.2000000000000002,2,0,0
15823,0.4,2,0,0
15824,1.2000000000000002,1,0,0
15825,0.4,2,1,0
15826,0.4,2,1,1
15827,0.4,0,1,1
15828,1.2000000000000002,2,1,1
15829,0.4,1,0,0
15830,0.4,3,0,0
15831,0.4,2,0,0
15832,0.4,1,1,1
15833,0.4,2,1,1
15834,0.4,1,1,0
15835,1.2000000000000002,1,0,0
15836,1.2000000000000002,0,0,1
15837,1.2000000000000002,3,1,1
15838,0.4,1,0,0
15839,0.4,2,1,1
15840,0.4,1,1,1
15841,0.4,1,1,1
15842,0.4,1,1,1
15843,0.4,3,1,1
15844,0.4,0,1,1
15845,1.2000000000000002,2,0,1
15846,0.4,2,1,0
15847,0.4,2,0,0
15848,1.2000000000000002,0,0,1
15849,0.4,2,1,1
15850,0.4,1,0,0
15851,0.4,1,1,1
15852,0.4,2,0,0
15853,0.4,2,0,0
15854,0.4,2,0,0
15855,0.4,3,0,0
15856,1.2000000000000002,3,1,1
15857,1.2000000000000002,2,0,1
15858,0.4,3,0,0
15859,0.4,1,0,0
15860,0.4,2,0,0
15861,0.4,0,0,0
15862,0.4,0,0,1
15863,1.2000000000000002,1,0,0
15864,0.4,2,0,0
15865,0.4,2,1,1
15866,0.4,3,0,0
15867,0.4,2,0,0
15868,1.2000000000000002,2,1,1
15869,0.4,1,1,0
15870,0.4,3,1,1
15871,0.4,2,0,0
15872,0.4,0,0,1
15873,2.0,2,1,1
15874,0.4,3,0,0
15875,1.2000000000000002,0,1,1
15876,0.4,2,0,0
15877,0.4,2,0,0
15878,0.4,1,0,0
15879,0.4,1,0,0
15880,2.0,3,0,1
15881,0.4,1,0,0
15882,1.2000000000000002,0,0,0
15883,0.4,1,0,0
15884,0.4,2,0,0
15885,0.4,3,1,0
15886,1.2000000000000002,1,0,1
15887,0.4,1,1,1
15888,0.4,3,0,1
15889,0.4,1,0,0
15890,0.4,2,0,0
15891,0.4,2,0,0
15892,0.4,1,1,1
15893,1.2000000000000002,2,0,0
15894,1.2000000000000002,1,0,1
15895,0.4,1,1,0
15896,1.2000000000000002,0,1,1
15897,0.4,2,0,0
15898,0.4,0,0,0
15899,0.4,3,1,1
15900,1.2000000000000002,2,1,1
15901,0.4,0,0,0
15902,0.4,3,0,0
15903,1.2000000000000002,1,0,1
15904,0.4,1,0,0
15905,1.2000000000000002,2,0,0
15906,0.4,1,0,0
15907,1.2000000000000002,2,1,1
15908,0.4,2,1,0
15909,0.4,2,1,1
15910,0.4,0,1,1
15911,0.4,1,1,0
15912,0.4,2,1,1
15913,0.4,2,0,0
15914,0.4,3,1,0
15915,0.4,1,0,0
15916,0.4,2,0,0
15917,1.2000000000000002,1,1,1
15918,0.4,1,1,1
15919,0.4,3,1,1
15920,0.4,3,0,0
15921,0.4,2,1,1
15922,0.4,2,1,0
15923,0.4,2,0,0
15924,0.4,3,0,0
15925,0.4,0,0,0
15926,1.2000000000000002,2,1,1
15927,1.2000000000000002,2,0,0
15928,1.2000000000000002,2,0,0
15929,0.4,3,1,0
15930,0.4,3,1,1
15931,0.4,2,1,1
15932,1.2000000000000002,2,0,0
15933,0.4,2,1,1
15934,0.4,0,1,1
15935,1.2000000000000002,2,0,0
15936,1.2000000000000002,2,0,1
15937,0.4,0,0,0
15938,0.4,1,0,0
15939,0.4,1,1,1
15940,1.2000000000000002,2,1,1
15941,0.4,1,0,0
15942,1.2000000000000002,2,0,0
15943,0.4,2,1,1
15944,0.4,2,1,1
15945,1.2000000000000002,0,1,1
15946,0.4,1,0,0
15947,0.4,2,1,1
15948,1.2000000000000002,2,1,1
15949,0.4,2,1,1
15950,0.4,1,1,1
15951,0.4,1,1,1
15952,0.4,2,1,1
15953,1.2000000000000002,2,1,1
15954,0.4,1,0,0
15955,1.2000000000000002,1,1,1
15956,0.4,1,1,0
15957,0.4,2,1,0
15958,0.4,1,0,0
15959,0.4,1,0,0
15960,0.4,1,1,1
15961,0.4,1,1,1
15962,0.4,2,1,1
15963,0.4,2,0,0
15964,1.2000000000000002,3,0,0
15965,0.4,1,1,1
15966,0.4,1,0,0
15967,0.4,2,0,0
15968,0.4,2,0,0
15969,0.4,0,1,1
15970,0.4,0,0,0
15971,2.0,3,0,1
15972,0.4,1,0,0
15973,0.4,3,1,1
15974,0.4,1,0,0
15975,0.4,2,1,1
15976,0.4,2,0,0
15977,0.4,1,1,1
15978,0.4,2,1,1
15979,0.4,2,0,1
15980,0.4,2,0,0
15981,0.4,2,0,0
15982,0.4,1,0,0
15983,0.4,2,1,0
15984,1.2000000000000002,1,0,0
15985,1.2000000000000002,3,0,1
15986,0.4,2,1,0
15987,0.4,2,1,1
15988,1.2000000000000002,2,1,1
15989,1.2000000000000002,3,0,0
15990,0.4,1,0,0
15991,0.4,1,1,1
15992,0.4,1,1,1
15993,0.4,1,0,1
15994,1.2000000000000002,2,0,0
15995,1.2000000000000002,1,1,1
15996,0.4,2,1,1
15997,1.2000000000000002,2,0,1
15998,0.4,0,1,1
15999,0.4,0,0,0
16000,0.4,3,0,0
16001,1.2000000000000002,3,1,1
16002,0.4,0,1,0
16003,0.4,2,0,0
16004,0.4,0,1,1
16005,0.4,3,0,0
16006,0.4,2,0,0
16007,0.4,2,1,0
16008,0.4,3,1,1
16009,0.4,1,0,0
16010,1.2000000000000002,1,0,0
16011,0.4,3,0,0
16012,0.4,0,0,0
16013,2.0,1,0,1
16014,1.2000000000000002,2,0,0
16015,0.4,2,0,0
16016,0.4,3,1,1
16017,0.4,2,0,0
16018,0.4,2,0,0
16019,0.4,1,1,1
16020,0.4,1,0,0
16021,0.4,3,1,1
16022,1.2000000000000002,3,1,1
16023,0.4,1,0,0
16024,0.4,0,1,1
16025,0.4,2,0,0
16026,0.4,1,1,1
16027,1.2000000000000002,2,1,1
16028,2.0,1,1,1
16029,0.4,1,1,1
16030,1.2000000000000002,2,1,1
16031,0.4,2,1,0
16032,0.4,3,0,0
16033,0.4,2,1,1
16034,0.4,3,1,1
16035,1.2000000000000002,2,1,1
16036,0.4,1,1,1
16037,1.2000000000000002,2,1,1
16038,1.2000000000000002,0,0,0
16039,0.4,1,0,0
16040,0.4,0,1,1
16041,0.4,2,0,0
16042,0.4,2,0,0
16043,1.2000000000000002,2,0,0
16044,0.4,1,1,1
16045,1.2000000000000002,1,0,0
16046,0.4,1,0,0
16047,0.4,2,0,0
16048,0.4,2,0,0
16049,0.4,2,1,0
16050,1.2000000000000002,3,1,1
16051,0.4,1,0,0
16052,0.4,0,1,1
16053,0.4,2,0,0
16054,1.2000000000000002,2,0,0
16055,0.4,1,1,1
16056,0.4,1,1,0
16057,0.4,2,0,0
16058,0.4,1,1,1
16059,0.4,1,0,0
16060,0.4,1,0,0
16061,0.4,3,0,0
16062,0.4,2,0,0
16063,0.4,2,1,1
16064,0.4,2,0,0
16065,0.4,2,0,0
16066,0.4,1,0,0
16067,0.4,2,1,1
16068,0.4,2,1,1
16069,0.4,0,1,1
16070,1.2000000000000002,2,1,1
16071,1.2000000000000002,2,1,1
16072,0.4,0,1,1
16073,1.2000000000000002,3,1,1
16074,0.4,2,1,1
16075,1.2000000000000002,2,0,1
16076,0.4,3,0,0
16077,1.2000000000000002,0,0,1
16078,0.4,2,0,0
16079,0.4,1,1,1
16080,0.4,2,0,0
16081,1.2000000000000002,1,0,1
16082,0.4,2,1,1
16083,0.4,1,1,1
16084,0.4,1,0,0
16085,0.4,0,0,0
16086,1.2000000000000002,2,1,1
16087,0.4,1,1,1
16088,0.4,1,1,1
16089,0.4,1,1,1
16090,0.4,2,1,0
16091,0.4,1,1,1
16092,0.4,2,0,0
16093,0.4,1,0,0
16094,0.4,0,1,1
16095,0.4,1,0,0
16096,0.4,1,1,1
16097,0.4,3,0,0
16098,0.4,1,0,0
16099,1.2000000000000002,3,1,1
16100,1.2000000000000002,1,0,0
16101,1.2000000000000002,0,0,1
16102,0.4,2,0,0
16103,0.4,3,0,0
16104,0.4,2,0,0
16105,0.4,2,1,1
16106,0.4,0,1,1
16107,0.4,2,0,0
16108,0.4,2,0,0
16109,0.4,1,1,1
16110,1.2000000000000002,1,0,0
16111,0.4,2,1,1
16112,0.4,2,0,0
16113,0.4,1,0,1
16114,1.2000000000000002,2,1,1
16115,0.4,1,0,0
16116,0.4,3,0,0
16117,1.2000000000000002,0,1,1
16118,0.4,1,0,0
16119,0.4,0,1,1
16120,1.2000000000000002,2,0,0
16121,0.4,2,1,1
16122,0.4,1,0,0
16123,0.4,3,1,1
16124,1.2000000000000002,1,0,1
16125,0.4,1,0,0
16126,1.2000000000000002,0,1,1
16127,0.4,2,0,0
16128,1.2000000000000002,1,1,1
16129,0.4,2,0,0
16130,0.4,0,0,0
16131,0.4,3,0,0
16132,1.2000000000000002,1,1,1
16133,0.4,2,0,0
16134,0.4,2,0,0
16135,0.4,0,0,0
16136,1.2000000000000002,1,0,0
16137,0.4,1,1,0
16138,0.4,2,0,0
16139,1.2000000000000002,0,0,1
16140,0.4,1,1,1
16141,0.4,0,0,0
16142,1.2000000000000002,2,0,0
16143,0.4,2,0,0
16144,0.4,0,0,0
16145,0.4,1,0,0
16146,0.4,2,0,0
16147,0.4,3,0,1
16148,0.4,1,1,1
16149,0.4,1,1,1
16150,0.4,2,0,0
16151,1.2000000000000002,2,1,1
16152,0.4,1,0,0
16153,0.4,2,1,1
16154,0.4,1,0,0
16155,0.4,1,0,0
16156,0.4,2,1,0
16157,0.4,2,0,0
16158,0.4,2,1,1
16159,0.4,1,1,1
16160,0.4,2,1,1
16161,0.4,1,0,0
16162,0.4,2,0,0
16163,0.4,2,1,1
16164,0.4,1,1,1
16165,2.0,1,0,1
16166,2.0,1,1,1
16167,2.0,2,1,1
16168,0.4,3,0,0
16169,0.4,2,1,1
16170,0.4,3,0,0
16171,1.2000000000000002,0,0,0
16172,0.4,2,0,0
16173,0.4,1,0,0
16174,0.4,3,0,0
16175,1.2000000000000002,1,1,1
16176,0.4,0,0,0
16177,0.4,1,0,0
16178,0.4,1,0,0
16179,0.4,0,1,1
16180,0.4,1,0,0
16181,0.4,1,1,1
16182,1.2000000000000002,1,0,0
16183,1.2000000000000002,3,1,1
16184,1.2000000000000002,1,1,1
16185,0.4,1,0,0
16186,1.2000000000000002,2,0,0
16187,0.4,1,1,1
16188,0.4,1,0,0
16189,1.2000000000000002,2,1,1
16190,0.4,2,1,1
16191,2.0,1,0,1
16192,0.4,1,0,0
16193,1.2000000000000002,0,1,1
16194,1.2000000000000002,0,0,0
16195,0.4,0,1,1
16196,0.4,0,0,1
16197,0.4,2,0,0
16198,0.4,2,1,1
16199,0.4,1,0,0
16200,0.4,2,0,0
16201,0.4,2,0,0
16202,0.4,2,1,1
16203,0.4,3,1,0
16204,0.4,2,1,1
16205,0.4,2,0,0
16206,0.4,2,1,1
16207,0.4,2,0,0
16208,0.4,2,0,0
16209,1.2000000000000002,2,1,1
16210,0.4,2,0,0
16211,0.4,0,1,1
16212,0.4,2,0,0
16213,0.4,1,0,0
16214,0.4,1,0,0
16215,0.4,1,1,0
16216,0.4,2,0,0
16217,1.2000000000000002,1,1,1
16218,0.4,2,1,1
16219,0.4,1,1,1
16220,0.4,2,0,0
16221,0.4,0,0,0
16222,1.2000000000000002,1,0,1
16223,0.4,0,0,1
16224,0.4,1,0,0
16225,0.4,1,1,1
16226,0.4,0,0,0
16227,0.4,2,1,1
16228,0.4,2,1,1
16229,0.4,2,0,0
16230,0.4,0,1,1
16231,0.4,2,1,1
16232,0.4,1,1,0
16233,1.2000000000000002,2,0,0
16234,1.2000000000000002,2,0,1
16235,0.4,2,0,1
16236,0.4,2,0,0
16237,1.2000000000000002,1,0,0
16238,0.4,1,1,1
16239,1.2000000000000002,3,1,1
16240,0.4,2,0,0
16241,0.4,1,0,0
16242,2.0,0,1,1
16243,0.4,3,1,1
16244,0.4,1,1,1
16245,0.4,0,1,1
16246,0.4,2,1,1
16247,0.4,2,0,0
16248,0.4,2,1,1
16249,0.4,1,0,0
16250,0.4,0,0,0
16251,1.2000000000000002,1,0,1
16252,0.4,2,1,1
16253,0.4,1,0,0
16254,0.4,3,1,0
16255,0.4,1,0,0
16256,0.4,1,1,1
16257,1.2000000000000002,1,1,0
16258,1.2000000000000002,3,1,1
16259,0.4,3,0,0
16260,1.2000000000000002,0,1,1
16261,0.4,2,0,0
16262,0.4,1,0,0
16263,0.4,1,0,0
16264,0.4,2,0,0
16265,0.4,2,0,0
16266,0.4,1,0,0
16267,0.4,1,1,1
16268,1.2000000000000002,2,1,1
16269,0.4,3,0,0
16270,0.4,0,0,0
16271,0.4,0,0,1
16272,0.4,3,1,1
16273,0.4,2,1,1
16274,1.2000000000000002,0,0,0
16275,0.4,2,1,0
16276,0.4,3,1,1
16277,0.4,2,1,1
16278,1.2000000000000002,3,1,1
16279,1.2000000000000002,2,1,1
16280,1.2000000000000002,2,1,1
16281,0.4,2,1,1
16282,0.4,1,0,0
16283,0.4,2,0,0
16284,0.4,2,1,1
16285,0.4,0,1,1
16286,0.4,1,0,0
16287,0.4,2,1,1
16288,1.2000000000000002,3,1,1
16289,0.4,1,0,0
16290,0.4,1,0,1
16291,1.2000000000000002,3,1,1
16292,1.2000000000000002,3,1,1
16293,0.4,1,1,1
16294,0.4,0,1,1
16295,0.4,1,1,1
16296,0.4,1,1,1
16297,0.4,2,0,0
16298,1.2000000000000002,1,1,1
16299,0.4,1,1,1
16300,0.4,1,1,1
16301,0.4,2,1,1
16302,0.4,1,1,1
16303,0.4,1,1,1
16304,1.2000000000000002,1,0,0
16305,0.4,2,0,0
16306,0.4,2,0,0
16307,0.4,1,0,0
16308,0.4,1,1,1
16309,0.4,2,1,1
16310,0.4,0,1,1
16311,0.4,2,0,0
16312,1.2000000000000002,1,0,0
16313,1.2000000000000002,0,1,1
16314,0.4,3,1,1
16315,0.4,0,0,1
16316,0.4,1,1,1
16317,1.2000000000000002,3,1,1
16318,1.2000000000000002,2,1,1
16319,0.4,0,1,1
16320,0.4,2,0,0
16321,0.4,2,0,0
16322,0.4,3,0,0
16323,0.4,2,0,0
16324,1.2000000000000002,1,0,1
16325,0.4,3,1,1
16326,0.4,1,1,1
16327,1.2000000000000002,1,0,0
16328,0.4,2,1,0
16329,0.4,3,1,1
16330,1.2000000000000002,2,0,1
16331,0.4,2,0,0
16332,0.4,1,1,0
16333,0.4,2,0,1
16334,0.4,1,0,0
16335,0.4,1,1,0
16336,0.4,0,1,1
16337,1.2000000000000002,0,0,0
16338,0.4,2,1,1
16339,0.4,1,0,0
16340,0.4,0,0,0
16341,1.2000000000000002,1,1,1
16342,1.2000000000000002,3,0,0
16343,0.4,2,1,1
16344,0.4,2,1,1
16345,0.4,2,1,1
16346,0.4,1,1,1
16347,0.4,2,1,1
16348,0.4,0,1,1
16349,0.4,1,0,0
16350,0.4,2,0,0
16351,0.4,3,0,0
16352,0.4,2,1,1
16353,0.4,2,0,0
16354,0.4,1,1,1
16355,0.4,0,1,1
16356,0.4,2,0,0
16357,0.4,2,1,1
16358,0.4,0,1,1
16359,0.4,2,0,0
16360,0.4,2,0,0
16361,0.4,2,1,1
16362,1.2000000000000002,3,1,1
16363,0.4,2,1,1
16364,0.4,3,0,0
16365,0.4,2,0,0
16366,0.4,2,1,1
16367,0.4,3,1,1
16368,0.4,0,0,0
16369,0.4,3,1,1
16370,0.4,0,0,0
16371,0.4,1,1,0
16372,0.4,3,0,0
16373,0.4,1,1,1
16374,0.4,2,1,1
16375,0.4,1,1,0
16376,0.4,0,1,1
16377,1.2000000000000002,2,0,0
16378,1.2000000000000002,2,1,1
16379,0.4,2,1,1
16380,1.2000000000000002,2,1,1
16381,0.4,0,1,1
16382,0.4,2,1,1
16383,0.4,1,0,0
16384,0.4,1,0,0
16385,0.4,1,1,1
16386,0.4,3,1,1
16387,0.4,3,1,1
16388,0.4,3,1,1
16389,0.4,1,1,1
16390,0.4,1,0,0
16391,1.2000000000000002,0,0,0
16392,0.4,1,1,1
16393,0.4,1,0,0
16394,0.4,1,0,0
16395,0.4,0,1,1
16396,1.2000000000000002,2,0,1
16397,1.2000000000000002,1,1,1
16398,0.4,2,1,1
16399,0.4,1,0,0
16400,0.4,1,0,0
16401,0.4,1,1,1
16402,0.4,2,0,0
16403,0.4,0,0,0
16404,0.4,3,0,1
16405,0.4,2,0,0
16406,0.4,0,0,0
16407,1.2000000000000002,0,1,1
16408,0.4,1,0,0
16409,1.2000000000000002,1,1,1
16410,0.4,1,0,0
16411,0.4,1,1,1
16412,2.0,2,1,1
16413,0.4,1,0,1
16414,0.4,1,1,1
16415,0.4,1,0,0
16416,0.4,0,1,1
16417,0.4,2,0,0
16418,0.4,1,0,0
16419,0.4,2,1,1
16420,0.4,1,1,1
16421,0.4,2,1,0
16422,2.0,2,0,1
16423,1.2000000000000002,2,0,0
16424,0.4,3,0,0
16425,0.4,2,1,1
16426,0.4,1,1,1
16427,0.4,1,1,1
16428,0.4,2,1,1
16429,0.4,2,1,1
16430,0.4,1,1,0
16431,0.4,1,1,1
16432,0.4,1,1,1
16433,0.4,3,1,0
16434,0.4,0,0,0
16435,0.4,1,0,0
16436,0.4,1,0,0
16437,0.4,2,1,1
16438,0.4,2,0,0
16439,0.4,2,0,0
16440,0.4,1,0,0
16441,0.4,2,0,0
16442,0.4,1,1,1
16443,1.2000000000000002,2,1,1
16444,0.4,3,1,1
16445,0.4,3,0,0
16446,0.4,1,0,0
16447,1.2000000000000002,1,1,1
16448,2.0,2,1,1
16449,0.4,3,0,0
16450,0.4,1,1,1
16451,0.4,2,0,0
16452,1.2000000000000002,0,0,0
16453,0.4,1,1,1
16454,0.4,2,0,0
16455,0.4,1,1,1
16456,0.4,2,1,1
16457,0.4,1,1,1
16458,0.4,2,1,1
16459,0.4,1,1,1
16460,1.2000000000000002,3,0,0
16461,0.4,3,1,1
16462,0.4,0,1,1
16463,1.2000000000000002,3,0,0
16464,0.4,3,0,0
16465,0.4,1,0,0
16466,0.4,2,1,0
16467,0.4,2,1,1
16468,0.4,0,1,1
16469,0.4,2,1,1
16470,0.4,2,1,1
16471,1.2000000000000002,2,1,1
16472,0.4,2,0,0
16473,1.2000000000000002,2,1,1
16474,0.4,2,1,0
16475,1.2000000000000002,2,1,1
16476,0.4,2,0,0
16477,0.4,1,0,0
16478,0.4,2,1,1
16479,0.4,2,0,0
16480,0.4,1,0,0
16481,0.4,1,1,1
16482,0.4,2,1,1
16483,0.4,1,0,0
16484,1.2000000000000002,3,1,1
16485,0.4,0,0,0
16486,1.2000000000000002,2,0,0
16487,0.4,1,1,1
16488,0.4,2,1,1
16489,0.4,3,0,0
16490,0.4,1,0,0
16491,1.2000000000000002,0,1,1
16492,0.4,2,1,1
16493,0.4,1,0,0
16494,1.2000000000000002,3,1,1
16495,0.4,1,0,0
16496,0.4,1,0,0
16497,1.2000000000000002,1,1,1
16498,0.4,1,0,0
16499,0.4,1,0,0
16500,2.0,2,1,1
16501,0.4,2,0,0
16502,0.4,2,0,0
16503,0.4,1,1,1
16504,1.2000000000000002,1,0,1
16505,0.4,2,0,0
16506,0.4,1,0,0
16507,0.4,2,1,1
16508,0.4,1,0,0
16509,1.2000000000000002,2,0,0
16510,0.4,3,0,0
16511,2.8,0,0,1
16512,0.4,2,1,1
16513,2.8,2,1,1
16514,0.4,0,1,1
16515,1.2000000000000002,2,0,1
16516,0.4,2,0,0
16517,0.4,0,0,1
16518,0.4,2,1,1
16519,0.4,1,0,0
16520,0.4,2,0,0
16521,0.4,2,0,0
16522,0.4,2,1,1
16523,0.4,2,0,0
16524,1.2000000000000002,1,0,0
16525,1.2000000000000002,2,1,1
16526,1.2000000000000002,2,1,1
16527,0.4,1,0,0
16528,0.4,2,0,0
16529,0.4,2,0,0
16530,0.4,1,1,1
16531,0.4,0,1,1
16532,1.2000000000000002,1,0,1
16533,0.4,2,1,1
16534,0.4,1,1,1
16535,1.2000000000000002,1,0,0
16536,1.2000000000000002,1,1,1
16537,1.2000000000000002,2,1,1
16538,0.4,1,1,1
16539,0.4,2,1,1
16540,0.4,0,1,1
16541,0.4,2,1,1
16542,0.4,2,0,0
16543,0.4,2,1,0
16544,0.4,2,1,1
16545,0.4,1,1,1
16546,0.4,1,1,1
16547,0.4,1,0,0
16548,0.4,1,0,0
16549,0.4,2,0,0
16550,0.4,3,0,0
16551,1.2000000000000002,2,0,0
16552,0.4,2,1,1
16553,1.2000000000000002,2,1,1
16554,0.4,0,0,0
16555,0.4,2,1,1
16556,0.4,3,1,1
16557,0.4,2,1,1
16558,1.2000000000000002,1,1,1
16559,1.2000000000000002,1,0,1
16560,1.2000000000000002,3,1,1
16561,0.4,2,1,1
16562,0.4,2,0,0
16563,2.0,2,1,1
16564,0.4,2,0,0
16565,1.2000000000000002,2,1,1
16566,0.4,1,0,0
16567,0.4,1,1,1
16568,0.4,2,1,1
16569,1.2000000000000002,2,0,0
16570,0.4,3,0,0
16571,1.2000000000000002,2,0,0
16572,0.4,3,1,1
16573,0.4,2,0,0
16574,0.4,1,1,1
16575,0.4,3,0,0
16576,0.4,1,0,0
16577,0.4,2,0,0
16578,1.2000000000000002,1,0,1
16579,0.4,2,0,0
16580,0.4,1,0,1
16581,0.4,2,0,0
16582,0.4,1,1,1
16583,0.4,0,1,1
16584,0.4,2,1,1
16585,0.4,2,0,0
16586,0.4,2,0,0
16587,0.4,0,1,1
16588,0.4,3,0,0
16589,0.4,0,0,1
16590,0.4,2,1,1
16591,0.4,3,0,0
16592,0.4,2,1,1
16593,0.4,2,0,0
16594,0.4,1,1,1
16595,1.2000000000000002,2,1,1
16596,0.4,0,1,1
16597,0.4,2,1,1
16598,1.2000000000000002,1,0,0
16599,0.4,0,1,1
16600,0.4,0,0,0
16601,0.4,3,1,1
16602,0.4,0,0,0
16603,0.4,2,1,1
16604,0.4,3,1,0
16605,0.4,2,0,0
16606,0.4,2,1,1
16607,0.4,2,0,0
16608,0.4,2,0,0
16609,0.4,2,0,0
16610,1.2000000000000002,2,0,0
16611,0.4,3,1,1
16612,0.4,2,0,0
16613,0.4,3,0,0
16614,0.4,2,0,0
16615,0.4,2,1,1
16616,0.4,2,0,0
16617,0.4,3,0,0
16618,0.4,1,1,1
16619,0.4,1,0,0
16620,0.4,1,0,0
16621,0.4,2,1,1
16622,1.2000000000000002,3,1,1
16623,0.4,2,0,0
16624,0.4,1,0,0
16625,1.2000000000000002,2,1,1
16626,0.4,2,0,0
16627,0.4,2,0,0
16628,0.4,3,1,1
16629,0.4,1,0,0
16630,0.4,0,0,0
16631,0.4,2,1,1
16632,0.4,0,1,1
16633,0.4,1,0,0
16634,0.4,2,1,1
16635,1.2000000000000002,1,1,1
16636,0.4,1,0,0
16637,0.4,2,0,0
16638,0.4,1,0,0
16639,0.4,2,1,0
16640,0.4,1,1,1
16641,0.4,1,0,0
16642,0.4,2,1,1
16643,1.2000000000000002,1,1,1
16644,2.0,1,0,1
16645,0.4,0,0,1
16646,0.4,1,1,1
16647,1.2000000000000002,0,0,1
16648,0.4,1,0,0
16649,0.4,2,1,1
16650,0.4,3,1,1
16651,0.4,2,1,1
16652,0.4,2,0,0
16653,0.4,1,1,1
16654,0.4,2,0,0
16655,0.4,2,0,0
16656,0.4,2,1,0
16657,0.4,2,0,0
16658,0.4,2,1,1
16659,0.4,2,0,0
16660,0.4,2,0,0
16661,1.2000000000000002,1,0,0
16662,0.4,2,1,1
16663,0.4,1,1,1
16664,0.4,0,1,1
16665,0.4,1,0,0
16666,0.4,2,1,1
16667,1.2000000000000002,2,0,0
16668,1.2000000000000002,1,1,1
16669,0.4,3,0,0
16670,0.4,1,1,0
16671,1.2000000000000002,1,1,1
16672,2.0,1,1,1
16673,0.4,3,0,0
16674,0.4,1,0,0
16675,0.4,1,0,0
16676,0.4,0,0,0
16677,0.4,2,0,0
16678,0.4,2,0,0
16679,1.2000000000000002,1,1,1
16680,0.4,2,1,1
16681,0.4,0,0,0
16682,0.4,1,1,1
16683,0.4,0,0,0
16684,0.4,3,0,0
16685,0.4,2,1,0
16686,0.4,1,1,1
16687,0.4,1,0,0
16688,0.4,0,1,1
16689,0.4,2,0,0
16690,0.4,1,0,0
16691,0.4,1,0,0
16692,0.4,3,1,1
16693,0.4,1,0,0
16694,0.4,1,0,0
16695,2.0,2,1,1
16696,2.0,0,1,1
16697,1.2000000000000002,3,0,0
16698,0.4,1,1,1
16699,0.4,3,0,0
16700,0.4,2,1,1
16701,0.4,0,1,0
16702,0.4,1,1,1
16703,0.4,3,0,0
16704,2.0,0,0,1
16705,0.4,0,0,0
16706,0.4,3,1,1
16707,0.4,3,1,1
16708,1.2000000000000002,1,1,1
16709,1.2000000000000002,3,0,0
16710,1.2000000000000002,3,1,1
16711,0.4,3,0,0
16712,0.4,2,1,1
16713,0.4,2,1,1
16714,0.4,1,0,0
16715,0.4,1,0,0
16716,1.2000000000000002,3,1,1
16717,0.4,0,0,0
16718,1.2000000000000002,1,0,0
16719,1.2000000000000002,2,1,1
16720,0.4,0,0,0
16721,0.4,2,0,0
16722,1.2000000000000002,2,0,0
16723,0.4,2,1,1
16724,1.2000000000000002,1,1,1
16725,0.4,3,0,0
16726,0.4,1,0,0
16727,0.4,1,1,1
16728,1.2000000000000002,2,0,0
16729,0.4,1,1,1
16730,0.4,1,1,1
16731,0.4,1,0,0
16732,1.2000000000000002,0,1,1
16733,1.2000000000000002,2,1,1
16734,1.2000000000000002,2,1,1
16735,0.4,3,1,0
16736,1.2000000000000002,2,1,1
16737,2.0,0,1,1
16738,1.2000000000000002,1,1,1
16739,0.4,3,0,0
16740,1.2000000000000002,1,1,1
16741,2.0,1,0,0
16742,1.2000000000000002,2,0,0
16743,1.2000000000000002,2,1,1
16744,0.4,2,1,1
16745,0.4,1,0,0
16746,1.2000000000000002,2,1,1
16747,0.4,2,0,0
16748,0.4,2,0,0
16749,0.4,0,0,0
16750,1.2000000000000002,1,0,0
16751,1.2000000000000002,0,0,0
16752,0.4,0,1,1
16753,0.4,2,0,0
16754,0.4,1,0,0
16755,0.4,2,1,1
16756,0.4,2,1,1
16757,1.2000000000000002,2,0,0
16758,0.4,1,0,0
16759,0.4,2,0,0
16760,0.4,0,0,0
16761,0.4,1,0,0
16762,0.4,3,0,0
16763,0.4,3,1,0
16764,0.4,2,0,0
16765,1.2000000000000002,1,0,1
16766,1.2000000000000002,2,0,1
16767,0.4,0,0,0
16768,0.4,3,0,0
16769,1.2000000000000002,2,0,1
16770,0.4,2,1,0
16771,0.4,1,1,1
16772,0.4,3,1,1
16773,0.4,1,0,0
16774,0.4,0,1,1
16775,1.2000000000000002,2,1,1
16776,0.4,1,0,0
16777,0.4,1,0,0
16778,1.2000000000000002,1,0,1
16779,1.2000000000000002,1,1,1
16780,0.4,1,1,1
16781,0.4,1,1,1
16782,0.4,1,1,1
16783,0.4,2,1,1
16784,0.4,1,1,1
16785,0.4,0,1,1
16786,0.4,0,1,1
16787,0.4,2,1,0
16788,0.4,2,0,1
16789,0.4,1,1,1
16790,0.4,2,1,1
16791,1.2000000000000002,2,1,1
16792,0.4,1,0,0
16793,0.4,1,1,1
16794,0.4,0,0,0
16795,0.4,2,0,0
16796,1.2000000000000002,3,0,0
16797,0.4,1,1,1
16798,0.4,2,1,1
16799,0.4,2,1,1
16800,0.4,0,0,0
16801,0.4,2,1,1
16802,0.4,1,0,0
16803,1.2000000000000002,2,0,0
16804,0.4,2,0,0
16805,0.4,3,1,1
16806,0.4,1,0,0
16807,0.4,2,1,1
16808,0.4,1,0,0
16809,0.4,1,1,0
16810,2.0,2,0,1
16811,0.4,1,1,1
16812,0.4,2,0,0
16813,0.4,2,0,0
16814,0.4,1,1,1
16815,2.0,1,1,1
16816,0.4,2,0,0
16817,0.4,1,0,0
16818,0.4,3,0,0
16819,0.4,0,0,0
16820,1.2000000000000002,2,1,1
16821,0.4,1,0,0
16822,0.4,1,0,0
16823,0.4,1,1,1
16824,0.4,0,0,0
16825,0.4,2,0,0
16826,0.4,1,1,1
16827,0.4,2,0,0
16828,0.4,3,1,1
16829,0.4,3,0,0
16830,0.4,2,1,0
16831,0.4,0,0,0
16832,2.0,2,0,1
16833,1.2000000000000002,2,0,0
16834,0.4,3,0,0
16835,0.4,1,0,1
16836,0.4,1,1,1
16837,2.0,3,1,1
16838,0.4,1,0,0
16839,0.4,2,0,0
16840,0.4,2,1,1
16841,0.4,2,0,0
16842,1.2000000000000002,0,1,1
16843,0.4,0,0,0
16844,0.4,1,0,0
16845,0.4,2,1,1
16846,0.4,2,0,0
16847,1.2000000000000002,3,1,1
16848,0.4,2,0,0
16849,0.4,1,1,1
16850,0.4,3,0,0
16851,0.4,2,0,0
16852,0.4,1,1,1
16853,0.4,1,1,1
16854,0.4,1,1,1
16855,0.4,1,0,0
16856,1.2000000000000002,2,0,1
16857,0.4,0,0,0
16858,0.4,3,0,0
16859,0.4,3,1,1
16860,0.4,1,1,1
16861,0.4,0,1,1
16862,2.0,3,0,1
16863,1.2000000000000002,1,0,0
16864,0.4,2,0,0
16865,0.4,1,1,1
16866,1.2000000000000002,2,1,1
16867,0.4,1,1,1
16868,0.4,2,1,1
16869,1.2000000000000002,2,1,1
16870,0.4,3,0,0
16871,0.4,3,0,0
16872,1.2000000000000002,1,0,0
16873,2.0,1,0,1
16874,0.4,2,1,1
16875,0.4,0,1,1
16876,0.4,1,1,1
16877,0.4,2,0,0
16878,1.2000000000000002,2,0,0
16879,0.4,1,1,1
16880,0.4,2,1,1
16881,0.4,1,0,0
16882,0.4,1,1,1
16883,0.4,2,1,1
16884,0.4,2,0,0
16885,0.4,2,1,1
16886,2.0,2,1,1
16887,0.4,1,1,1
16888,0.4,1,1,1
16889,0.4,2,1,0
16890,1.2000000000000002,1,1,1
16891,1.2000000000000002,1,1,1
16892,1.2000000000000002,1,1,1
16893,0.4,1,1,1
16894,0.4,1,1,1
16895,0.4,1,1,1
16896,0.4,2,1,1
16897,1.2000000000000002,2,1,1
16898,0.4,2,1,1
16899,1.2000000000000002,2,0,0
16900,1.2000000000000002,0,1,1
16901,0.4,1,0,0
16902,0.4,1,1,0
16903,1.2000000000000002,2,1,1
16904,0.4,2,1,1
16905,0.4,2,0,0
16906,2.0,2,0,1
16907,0.4,2,1,1
16908,2.0,1,1,1
16909,1.2000000000000002,2,1,1
16910,0.4,2,1,0
16911,1.2000000000000002,1,1,1
16912,0.4,1,0,0
16913,0.4,3,1,1
16914,0.4,0,1,1
16915,0.4,1,1,1
16916,0.4,2,1,0
16917,0.4,2,0,0
16918,0.4,1,0,0
16919,0.4,3,1,0
16920,0.4,1,0,0
16921,1.2000000000000002,3,1,1
16922,0.4,1,0,0
16923,0.4,2,0,0
16924,0.4,1,1,1
16925,0.4,1,0,0
16926,0.4,2,1,1
16927,0.4,2,0,0
16928,0.4,1,0,0
16929,0.4,3,0,0
16930,1.2000000000000002,1,1,1
16931,0.4,3,0,0
16932,1.2000000000000002,2,1,1
16933,0.4,3,1,1
16934,0.4,1,0,0
16935,0.4,3,0,0
16936,0.4,2,1,1
16937,1.2000000000000002,2,0,0
16938,1.2000000000000002,2,0,1
16939,1.2000000000000002,2,1,1
16940,0.4,1,1,1
16941,0.4,2,1,1
16942,0.4,2,0,0
16943,0.4,1,0,1
16944,0.4,0,0,0
16945,0.4,1,0,0
16946,0.4,0,1,0
16947,1.2000000000000002,0,1,1
16948,1.2000000000000002,1,0,1
16949,0.4,1,0,0
16950,1.2000000000000002,1,0,1
16951,0.4,1,0,0
16952,0.4,2,1,0
16953,0.4,3,1,0
16954,0.4,2,1,1
16955,0.4,1,0,0
16956,0.4,2,1,1
16957,0.4,3,0,0
16958,0.4,1,1,1
16959,0.4,1,1,1
16960,0.4,2,1,1
16961,1.2000000000000002,2,0,0
16962,0.4,1,1,1
16963,0.4,2,1,1
16964,0.4,1,0,1
16965,1.2000000000000002,0,0,0
16966,0.4,2,1,1
16967,0.4,1,1,1
16968,0.4,1,1,1
16969,0.4,1,0,0
16970,0.4,1,0,0
16971,1.2000000000000002,1,1,1
16972,0.4,2,0,0
16973,0.4,0,1,1
16974,0.4,1,1,1
16975,0.4,2,1,0
16976,1.2000000000000002,0,1,1
16977,0.4,2,0,0
16978,0.4,1,1,1
16979,0.4,0,1,1
16980,0.4,1,0,0
16981,1.2000000000000002,0,0,1
16982,0.4,1,1,1
16983,0.4,0,0,0
16984,1.2000000000000002,2,0,1
16985,0.4,1,0,0
16986,0.4,3,1,1
16987,0.4,1,0,0
16988,0.4,1,0,0
16989,0.4,3,0,0
16990,1.2000000000000002,1,0,1
16991,0.4,1,0,0
16992,0.4,1,0,0
16993,1.2000000000000002,1,1,1
16994,1.2000000000000002,1,1,1
16995,0.4,2,0,0
16996,0.4,2,1,0
16997,0.4,1,0,0
16998,0.4,0,0,0
16999,0.4,2,0,1
17000,0.4,2,1,1
17001,0.4,0,0,1
17002,0.4,2,0,0
17003,0.4,2,1,1
17004,0.4,0,0,0
17005,1.2000000000000002,2,0,0
17006,0.4,2,1,1
17007,1.2000000000000002,1,1,1
17008,0.4,0,0,1
17009,0.4,2,0,0
17010,0.4,1,0,0
17011,0.4,0,0,0
17012,0.4,3,0,0
17013,0.4,1,1,1
17014,0.4,3,0,0
17015,0.4,0,1,1
17016,1.2000000000000002,1,1,1
17017,0.4,0,1,1
17018,0.4,1,0,0
17019,0.4,1,0,0
17020,0.4,2,1,1
17021,0.4,2,1,0
17022,0.4,2,0,0
17023,0.4,1,0,0
17024,0.4,1,0,0
17025,0.4,2,0,0
17026,0.4,1,1,1
17027,0.4,3,0,0
17028,0.4,1,1,1
17029,0.4,1,0,0
17030,0.4,2,0,0
17031,0.4,0,1,1
17032,0.4,2,1,1
17033,1.2000000000000002,0,1,1
17034,0.4,1,1,1
17035,0.4,3,1,1
17036,0.4,2,0,0
17037,0.4,3,1,1
17038,0.4,0,0,0
17039,0.4,2,0,0
17040,1.2000000000000002,2,0,0
17041,0.4,1,0,0
17042,0.4,1,1,1
17043,0.4,3,1,1
17044,0.4,2,0,1
17045,0.4,2,0,0
17046,0.4,2,1,0
17047,0.4,2,0,0
17048,1.2000000000000002,2,0,0
17049,0.4,2,0,0
17050,0.4,1,0,0
17051,1.2000000000000002,2,1,1
17052,1.2000000000000002,2,0,1
17053,0.4,2,0,0
17054,0.4,3,0,0
17055,0.4,1,0,0
17056,0.4,0,0,0
17057,0.4,2,0,0
17058,0.4,1,1,1
17059,1.2000000000000002,1,0,0
17060,2.0,0,0,0
17061,0.4,0,0,0
17062,0.4,1,0,0
17063,0.4,1,1,1
17064,0.4,1,0,0
17065,0.4,1,0,0
17066,0.4,3,1,1
17067,1.2000000000000002,2,1,1
17068,0.4,2,0,0
17069,0.4,1,0,0
17070,1.2000000000000002,2,0,0
17071,1.2000000000000002,0,0,0
17072,0.4,0,0,0
17073,0.4,3,0,0
17074,0.4,1,0,0
17075,0.4,2,1,1
17076,0.4,0,1,1
17077,0.4,2,0,0
17078,0.4,2,1,1
17079,1.2000000000000002,0,1,1
17080,0.4,2,0,0
17081,0.4,2,1,1
17082,0.4,1,1,0
17083,0.4,1,1,1
17084,2.0,1,0,1
17085,0.4,2,1,1
17086,0.4,3,0,0
17087,0.4,0,0,0
17088,0.4,2,1,1
17089,0.4,3,0,0
17090,0.4,1,0,0
17091,0.4,1,0,0
17092,0.4,3,1,1
17093,0.4,1,0,0
17094,0.4,2,0,0
17095,0.4,0,0,0
17096,0.4,0,0,0
17097,0.4,1,1,1
17098,0.4,2,0,0
17099,2.0,1,1,1
17100,1.2000000000000002,1,0,1
17101,0.4,1,0,0
17102,0.4,3,1,1
17103,0.4,2,1,1
17104,1.2000000000000002,1,0,0
17105,0.4,2,0,0
17106,0.4,2,1,1
17107,2.0,1,0,1
17108,0.4,2,1,1
17109,1.2000000000000002,3,0,0
17110,0.4,2,0,0
17111,0.4,0,0,0
17112,0.4,0,0,0
17113,0.4,2,1,1
17114,1.2000000000000002,3,1,1
17115,0.4,2,1,1
17116,0.4,2,0,0
17117,0.4,1,0,0
17118,0.4,1,1,1
17119,0.4,2,1,1
17120,0.4,2,0,0
17121,1.2000000000000002,1,0,0
17122,1.2000000000000002,2,0,1
17123,1.2000000000000002,1,0,0
17124,0.4,1,0,0
17125,1.2000000000000002,0,1,1
17126,0.4,2,1,1
17127,0.4,0,0,0
17128,1.2000000000000002,2,1,1
17129,0.4,1,1,1
17130,0.4,3,1,1
17131,2.0,3,0,1
17132,0.4,1,1,1
17133,1.2000000000000002,2,1,1
17134,0.4,1,1,1
17135,0.4,2,0,0
17136,1.2000000000000002,1,1,1
17137,0.4,2,0,0
17138,0.4,2,0,1
17139,1.2000000000000002,2,0,0
17140,1.2000000000000002,2,0,1
17141,0.4,1,0,0
17142,1.2000000000000002,2,1,1
17143,0.4,2,1,0
17144,0.4,1,0,0
17145,0.4,1,1,1
17146,0.4,2,1,1
17147,1.2000000000000002,1,0,1
17148,0.4,2,1,0
17149,1.2000000000000002,1,1,1
17150,1.2000000000000002,3,1,1
17151,0.4,2,1,1
17152,0.4,1,0,0
17153,0.4,2,0,0
17154,0.4,2,1,1
17155,0.4,2,0,0
17156,1.2000000000000002,1,1,1
17157,0.4,0,0,0
17158,0.4,2,1,1
17159,1.2000000000000002,3,1,1
17160,1.2000000000000002,1,1,1
17161,0.4,1,0,0
17162,0.4,1,0,0
17163,0.4,2,0,0
17164,0.4,1,0,0
17165,0.4,2,1,1
17166,2.0,3,1,1
17167,1.2000000000000002,2,0,0
17168,1.2000000000000002,3,0,0
17169,0.4,2,0,0
17170,1.2000000000000002,0,1,1
17171,0.4,1,0,0
17172,0.4,1,1,1
17173,0.4,1,1,1
17174,0.4,2,0,0
17175,0.4,2,0,0
17176,0.4,2,1,1
17177,0.4,2,1,1
17178,0.4,1,1,1
17179,0.4,3,0,0
17180,0.4,1,1,1
17181,0.4,1,1,1
17182,0.4,2,0,0
17183,0.4,1,1,1
17184,0.4,1,0,1
17185,0.4,2,1,1
17186,0.4,2,0,0
17187,0.4,0,1,1
17188,0.4,2,1,0
17189,0.4,2,1,0
17190,0.4,2,0,0
17191,0.4,1,1,1
17192,0.4,1,0,0
17193,0.4,2,1,1
17194,0.4,1,1,1
17195,0.4,2,0,0
17196,1.2000000000000002,1,1,1
17197,1.2000000000000002,3,1,1
17198,1.2000000000000002,2,0,0
17199,1.2000000000000002,2,0,0
17200,0.4,1,1,1
17201,0.4,2,0,0
17202,0.4,2,0,0
17203,0.4,2,0,0
17204,0.4,0,1,1
17205,0.4,1,1,1
17206,1.2000000000000002,0,1,1
17207,0.4,2,1,1
17208,1.2000000000000002,1,1,1
17209,0.4,0,1,1
17210,0.4,1,1,1
17211,0.4,2,1,1
17212,1.2000000000000002,1,1,1
17213,0.4,2,1,1
17214,1.2000000000000002,1,0,0
17215,1.2000000000000002,2,1,1
17216,0.4,2,1,1
17217,0.4,1,0,0
17218,0.4,2,1,1
17219,1.2000000000000002,1,0,0
17220,1.2000000000000002,2,1,1
17221,0.4,2,0,1
17222,0.4,1,1,1
17223,0.4,1,1,1
17224,1.2000000000000002,1,0,0
17225,1.2000000000000002,1,0,0
17226,0.4,2,1,0
17227,0.4,2,1,1
17228,0.4,1,1,0
17229,0.4,2,0,0
17230,0.4,2,1,1
17231,1.2000000000000002,2,0,0
17232,1.2000000000000002,0,1,1
17233,0.4,1,0,0
17234,0.4,3,0,0
17235,2.0,0,0,1
17236,0.4,2,1,0
17237,0.4,2,1,0
17238,0.4,2,1,1
17239,0.4,0,0,0
17240,1.2000000000000002,1,0,1
17241,0.4,2,1,1
17242,0.4,2,1,1
17243,0.4,0,1,1
17244,0.4,2,0,0
17245,0.4,0,0,0
17246,0.4,1,1,1
17247,0.4,3,1,1
17248,1.2000000000000002,2,1,1
17249,0.4,2,1,1
17250,0.4,3,1,1
17251,0.4,0,0,0
17252,2.0,1,1,1
17253,0.4,1,0,0
17254,0.4,1,1,1
17255,2.0,2,0,1
17256,1.2000000000000002,3,0,0
17257,0.4,1,0,0
17258,0.4,2,0,0
17259,0.4,2,1,0
17260,0.4,2,0,0
17261,0.4,1,0,0
17262,0.4,2,0,0
17263,0.4,1,1,1
17264,0.4,2,0,0
17265,1.2000000000000002,3,0,0
17266,1.2000000000000002,2,0,0
17267,2.0,1,1,1
17268,0.4,0,0,0
17269,0.4,0,0,1
17270,1.2000000000000002,1,1,1
17271,0.4,1,1,1
17272,0.4,2,1,0
17273,0.4,1,0,0
17274,0.4,2,1,1
17275,1.2000000000000002,1,0,0
17276,0.4,1,1,1
17277,0.4,2,1,1
17278,0.4,1,1,1
17279,1.2000000000000002,1,1,1
17280,0.4,2,1,1
17281,2.0,0,0,1
17282,0.4,2,0,0
17283,0.4,3,1,1
17284,0.4,2,0,0
17285,0.4,2,1,1
17286,1.2000000000000002,0,0,0
17287,0.4,2,0,0
17288,1.2000000000000002,0,1,1
17289,1.2000000000000002,2,0,1
17290,0.4,0,1,1
17291,0.4,1,0,0
17292,1.2000000000000002,3,1,1
17293,0.4,2,0,0
17294,0.4,1,0,0
17295,1.2000000000000002,2,1,1
17296,0.4,3,0,0
17297,0.4,1,0,0
17298,0.4,0,0,0
17299,0.4,1,0,0
17300,0.4,1,0,0
17301,0.4,2,0,0
17302,0.4,0,1,1
17303,0.4,2,0,0
17304,1.2000000000000002,2,1,1
17305,1.2000000000000002,1,1,1
17306,0.4,3,1,1
17307,0.4,2,1,1
17308,0.4,3,0,0
17309,0.4,2,0,0
17310,0.4,1,1,1
17311,0.4,2,1,1
17312,1.2000000000000002,2,1,1
17313,0.4,2,0,0
17314,0.4,1,1,1
17315,0.4,1,0,0
17316,1.2000000000000002,1,0,0
17317,0.4,2,0,0
17318,0.4,1,0,0
17319,1.2000000000000002,1,0,1
17320,0.4,3,1,1
17321,0.4,2,1,1
17322,1.2000000000000002,1,0,1
17323,1.2000000000000002,2,1,1
17324,0.4,2,0,0
17325,0.4,1,0,0
17326,0.4,2,1,1
17327,1.2000000000000002,3,1,1
17328,0.4,2,1,1
17329,2.0,0,0,1
17330,1.2000000000000002,0,1,1
17331,1.2000000000000002,1,0,1
17332,0.4,0,1,1
17333,0.4,0,0,0
17334,0.4,2,0,0
17335,0.4,1,1,1
17336,1.2000000000000002,1,0,1
17337,0.4,2,1,1
17338,0.4,1,0,0
17339,1.2000000000000002,2,1,1
17340,0.4,2,1,0
17341,0.4,3,1,1
17342,0.4,2,0,0
17343,0.4,1,0,0
17344,0.4,2,1,1
17345,0.4,0,0,0
17346,1.2000000000000002,2,0,0
17347,0.4,2,0,0
17348,2.0,1,0,1
17349,1.2000000000000002,0,0,0
17350,0.4,0,1,0
17351,0.4,2,1,1
17352,0.4,1,0,0
17353,0.4,2,0,0
17354,2.0,2,0,1
17355,0.4,1,1,1
17356,0.4,3,0,0
17357,1.2000000000000002,2,0,0
17358,0.4,0,0,0
17359,0.4,1,0,0
17360,0.4,1,0,0
17361,1.2000000000000002,2,1,1
17362,1.2000000000000002,2,0,0
17363,0.4,0,1,1
17364,0.4,1,1,1
17365,0.4,1,1,1
17366,1.2000000000000002,2,0,0
17367,0.4,2,1,1
17368,0.4,2,1,1
17369,0.4,3,0,0
17370,1.2000000000000002,1,0,0
17371,1.2000000000000002,2,0,1
17372,0.4,1,1,1
17373,1.2000000000000002,0,0,1
17374,0.4,1,1,1
17375,0.4,1,1,1
17376,0.4,2,1,1
17377,0.4,0,1,1
17378,0.4,1,1,1
17379,0.4,2,1,1
17380,0.4,1,1,0
17381,1.2000000000000002,2,1,1
17382,0.4,1,1,1
17383,0.4,1,1,1
17384,0.4,2,0,0
17385,0.4,2,1,1
17386,0.4,2,1,1
17387,0.4,0,1,1
17388,0.4,1,0,0
17389,0.4,0,1,1
17390,0.4,2,0,0
17391,1.2000000000000002,1,1,1
17392,1.2000000000000002,1,1,1
17393,0.4,1,0,0
17394,0.4,2,0,0
17395,0.4,1,1,1
17396,0.4,3,0,0
17397,0.4,1,0,0
17398,1.2000000000000002,3,1,0
17399,1.2000000000000002,2,1,1
17400,0.4,3,0,0
17401,0.4,1,0,0
17402,0.4,1,1,1
17403,0.4,3,0,0
17404,0.4,1,1,0
17405,0.4,0,1,1
17406,0.4,3,1,1
17407,0.4,1,0,0
17408,0.4,2,1,1
17409,1.2000000000000002,1,0,1
17410,0.4,1,1,0
17411,0.4,1,1,1
17412,0.4,2,1,1
17413,0.4,1,1,1
17414,0.4,0,1,1
17415,0.4,0,0,0
17416,0.4,3,1,0
17417,0.4,1,0,0
17418,0.4,2,0,0
17419,0.4,3,0,0
17420,0.4,1,0,0
17421,0.4,3,0,0
17422,0.4,1,0,0
17423,0.4,1,1,1
17424,0.4,1,0,0
17425,0.4,3,0,0
17426,0.4,1,1,1
17427,0.4,2,0,0
17428,1.2000000000000002,2,0,0
17429,0.4,2,1,1
17430,0.4,0,1,1
17431,2.0,3,1,1
17432,1.2000000000000002,1,1,1
17433,0.4,2,1,0
17434,1.2000000000000002,2,1,1
17435,1.2000000000000002,2,0,0
17436,0.4,1,0,0
17437,0.4,2,0,0
17438,0.4,1,1,1
17439,0.4,2,0,0
17440,0.4,2,1,0
17441,0.4,1,1,1
17442,1.2000000000000002,1,0,1
17443,0.4,2,0,0
17444,0.4,2,1,1
17445,0.4,2,0,0
17446,0.4,1,0,0
17447,0.4,0,1,1
17448,1.2000000000000002,1,1,1
17449,0.4,2,0,0
17450,1.2000000000000002,1,1,1
17451,1.2000000000000002,2,1,1
17452,1.2000000000000002,1,0,1
17453,0.4,3,1,1
17454,0.4,2,0,0
17455,0.4,1,1,0
17456,0.4,3,0,0
17457,0.4,1,0,0
17458,1.2000000000000002,3,1,1
17459,1.2000000000000002,1,0,0
17460,0.4,2,0,0
17461,0.4,1,1,1
17462,0.4,1,0,0
17463,1.2000000000000002,2,1,1
17464,2.0,1,1,1
17465,1.2000000000000002,1,0,0
17466,0.4,1,1,1
17467,0.4,2,0,0
17468,1.2000000000000002,1,1,1
17469,0.4,2,1,1
17470,1.2000000000000002,3,0,0
17471,0.4,1,1,1
17472,0.4,0,1,1
17473,0.4,1,1,1
17474,0.4,1,1,1
17475,0.4,2,0,0
17476,0.4,0,0,0
17477,0.4,1,0,0
17478,0.4,2,0,0
17479,0.4,1,1,1
17480,0.4,1,1,1
17481,0.4,1,1,1
17482,0.4,1,0,0
17483,0.4,1,0,0
17484,0.4,2,0,0
17485,0.4,1,0,0
17486,1.2000000000000002,2,1,1
17487,1.2000000000000002,2,0,0
17488,0.4,0,1,1
17489,1.2000000000000002,1,0,1
17490,0.4,1,1,1
17491,0.4,2,1,1
17492,0.4,3,0,0
17493,0.4,1,0,0
17494,0.4,2,0,0
17495,1.2000000000000002,1,1,1
17496,0.4,1,1,1
17497,0.4,2,0,0
17498,0.4,1,0,0
17499,1.2000000000000002,2,0,0
17500,0.4,1,1,1
17501,0.4,2,0,0
17502,2.0,1,1,1
17503,0.4,0,1,1
17504,0.4,2,0,0
17505,0.4,2,1,1
17506,0.4,0,1,1
17507,1.2000000000000002,0,1,1
17508,1.2000000000000002,1,1,1
17509,0.4,2,0,0
17510,0.4,1,1,1
17511,0.4,2,0,0
17512,0.4,2,0,0
17513,0.4,2,1,1
17514,0.4,2,1,1
17515,1.2000000000000002,2,0,0
17516,1.2000000000000002,1,0,1
17517,0.4,2,0,0
17518,1.2000000000000002,3,0,0
17519,1.2000000000000002,1,1,1
17520,0.4,1,1,1
17521,1.2000000000000002,2,0,0
17522,1.2000000000000002,0,1,1
17523,1.2000000000000002,1,1,1
17524,0.4,2,0,0
17525,0.4,2,1,0
17526,0.4,2,1,1
17527,2.0,0,1,1
17528,1.2000000000000002,2,0,0
17529,0.4,0,1,1
17530,1.2000000000000002,1,0,0
17531,1.2000000000000002,2,1,1
17532,0.4,0,1,1
17533,0.4,3,1,0
17534,0.4,1,0,0
17535,0.4,3,0,0
17536,1.2000000000000002,1,1,1
17537,0.4,2,1,1
17538,1.2000000000000002,1,0,0
17539,0.4,2,1,0
17540,0.4,2,1,1
17541,0.4,2,0,0
17542,0.4,3,0,0
17543,1.2000000000000002,2,0,0
17544,0.4,3,1,0
17545,0.4,1,0,0
17546,0.4,2,0,0
17547,0.4,1,1,1
17548,0.4,3,0,0
17549,0.4,0,1,1
17550,0.4,2,1,1
17551,0.4,2,1,1
17552,0.4,2,1,1
17553,0.4,2,1,1
17554,0.4,2,0,0
17555,0.4,1,0,0
17556,0.4,2,1,1
17557,1.2000000000000002,3,0,0
17558,0.4,1,0,0
17559,1.2000000000000002,0,0,0
17560,0.4,3,0,0
17561,0.4,2,0,0
17562,1.2000000000000002,1,0,0
17563,0.4,1,0,0
17564,0.4,1,0,0
17565,0.4,1,1,1
17566,0.4,1,0,0
17567,0.4,0,0,1
17568,1.2000000000000002,1,0,1
17569,0.4,2,0,0
17570,0.4,1,0,0
17571,0.4,2,1,0
17572,2.0,1,1,1
17573,0.4,3,0,0
17574,0.4,2,1,1
17575,1.2000000000000002,1,0,1
17576,0.4,1,0,0
17577,0.4,2,0,0
17578,0.4,3,1,0
17579,2.0,1,0,0
17580,0.4,1,1,0
17581,0.4,1,0,0
17582,0.4,1,1,1
17583,0.4,1,0,0
17584,0.4,3,0,0
17585,0.4,2,0,0
17586,0.4,2,0,0
17587,2.0,1,0,0
17588,0.4,1,0,0
17589,0.4,0,1,1
17590,0.4,2,0,0
17591,0.4,0,0,1
17592,0.4,2,0,0
17593,0.4,1,1,1
17594,1.2000000000000002,2,1,1
17595,0.4,1,0,0
17596,1.2000000000000002,1,1,1
17597,0.4,1,0,0
17598,1.2000000000000002,1,1,1
17599,0.4,3,1,1
17600,0.4,2,0,0
17601,0.4,1,1,1
17602,1.2000000000000002,0,0,1
17603,1.2000000000000002,1,1,1
17604,0.4,1,1,1
17605,0.4,1,0,0
17606,0.4,1,1,1
17607,0.4,3,0,0
17608,0.4,0,0,0
17609,0.4,2,1,1
17610,0.4,1,1,1
17611,0.4,1,0,0
17612,1.2000000000000002,3,0,0
17613,1.2000000000000002,2,1,1
17614,1.2000000000000002,3,0,1
17615,0.4,1,1,1
17616,0.4,0,1,1
17617,0.4,0,0,0
17618,2.0,1,0,1
17619,0.4,1,0,0
17620,0.4,2,1,1
17621,1.2000000000000002,2,1,1
17622,0.4,2,1,1
17623,1.2000000000000002,2,1,1
17624,0.4,1,1,1
17625,0.4,0,1,1
17626,0.4,2,0,1
17627,1.2000000000000002,1,1,1
17628,0.4,3,0,0
17629,0.4,1,0,0
17630,0.4,2,1,0
17631,0.4,2,1,1
17632,0.4,1,1,0
17633,0.4,1,0,0
17634,0.4,2,1,1
17635,0.4,2,0,0
17636,0.4,1,1,1
17637,1.2000000000000002,2,1,1
17638,0.4,1,0,0
17639,1.2000000000000002,2,1,1
17640,1.2000000000000002,1,0,1
17641,0.4,1,1,1
17642,0.4,2,1,1
17643,1.2000000000000002,2,1,1
17644,0.4,0,0,0
17645,0.4,2,1,1
17646,0.4,2,1,1
17647,0.4,2,0,0
17648,0.4,1,1,1
17649,1.2000000000000002,0,0,0
17650,0.4,1,1,1
17651,1.2000000000000002,3,0,0
17652,0.4,0,0,0
17653,0.4,2,1,0
17654,0.4,2,0,0
17655,1.2000000000000002,1,0,1
17656,0.4,2,1,1
17657,0.4,2,0,0
17658,0.4,1,1,1
17659,0.4,2,1,1
17660,1.2000000000000002,2,0,0
17661,0.4,2,1,1
17662,0.4,1,0,0
17663,1.2000000000000002,1,0,1
17664,0.4,1,0,0
17665,0.4,3,1,1
17666,0.4,3,1,1
17667,0.4,0,1,1
17668,0.4,1,0,0
17669,0.4,2,0,0
17670,0.4,1,1,1
17671,2.0,1,1,1
17672,1.2000000000000002,2,1,1
17673,0.4,2,1,1
17674,0.4,0,1,0
17675,0.4,3,0,0
17676,1.2000000000000002,1,0,0
17677,0.4,1,1,1
17678,0.4,2,0,0
17679,0.4,2,1,0
17680,0.4,1,1,1
17681,0.4,1,1,1
17682,0.4,0,1,0
17683,0.4,2,0,0
17684,0.4,1,0,0
17685,0.4,1,1,0
17686,0.4,1,0,0
17687,0.4,3,1,1
17688,0.4,0,1,1
17689,0.4,3,0,0
17690,0.4,1,0,0
17691,0.4,0,1,1
17692,0.4,2,0,0
17693,1.2000000000000002,2,1,1
17694,1.2000000000000002,0,0,0
17695,0.4,3,1,1
17696,0.4,2,1,1
17697,0.4,1,0,0
17698,0.4,1,1,1
17699,0.4,2,0,0
17700,2.0,1,0,1
17701,0.4,1,0,0
17702,0.4,1,1,1
17703,0.4,1,1,1
17704,1.2000000000000002,1,0,1
17705,0.4,2,1,1
17706,0.4,3,1,1
17707,0.4,2,0,0
17708,1.2000000000000002,1,0,1
17709,1.2000000000000002,0,1,1
17710,0.4,3,0,0
17711,0.4,3,1,1
17712,0.4,2,0,0
17713,1.2000000000000002,1,1,1
17714,0.4,1,0,0
17715,0.4,0,0,0
17716,0.4,2,0,0
17717,1.2000000000000002,1,1,1
17718,0.4,2,0,0
17719,0.4,3,1,0
17720,0.4,1,1,1
17721,0.4,3,1,1
17722,0.4,1,0,0
17723,0.4,2,1,1
17724,0.4,3,1,1
17725,0.4,1,0,0
17726,0.4,0,0,0
17727,1.2000000000000002,0,0,0
17728,1.2000000000000002,1,1,1
17729,0.4,3,0,0
17730,1.2000000000000002,2,0,0
17731,0.4,2,1,1
17732,0.4,2,0,0
17733,1.2000000000000002,2,0,0
17734,0.4,3,1,1
17735,0.4,3,0,0
17736,0.4,0,1,1
17737,0.4,2,1,1
17738,0.4,1,0,0
17739,0.4,2,0,0
17740,0.4,2,0,0
17741,0.4,1,1,1
17742,0.4,1,1,1
17743,0.4,1,1,1
17744,0.4,2,0,0
17745,0.4,1,1,1
17746,0.4,2,0,0
17747,0.4,1,0,0
17748,0.4,0,0,0
17749,0.4,2,1,1
17750,1.2000000000000002,2,1,1
17751,0.4,1,0,0
17752,0.4,1,1,1
17753,0.4,2,1,1
17754,0.4,2,0,0
17755,1.2000000000000002,2,1,1
17756,0.4,0,0,0
17757,0.4,1,1,1
17758,0.4,1,1,1
17759,0.4,0,0,0
17760,0.4,0,0,0
17761,0.4,2,1,1
17762,0.4,1,0,0
17763,0.4,1,0,0
17764,0.4,1,0,0
17765,0.4,1,0,0
17766,0.4,1,0,0
17767,0.4,1,0,0
17768,0.4,0,1,1
17769,0.4,3,1,0
17770,0.4,1,1,1
17771,1.2000000000000002,2,1,1
17772,0.4,3,0,0
17773,0.4,2,1,0
17774,1.2000000000000002,2,0,0
17775,0.4,2,1,1
17776,1.2000000000000002,2,0,0
17777,0.4,1,1,0
17778,2.0,2,0,0
17779,0.4,1,0,0
17780,0.4,2,0,0
17781,0.4,0,0,0
17782,0.4,2,0,0
17783,1.2000000000000002,1,0,0
17784,2.8,1,0,1
17785,0.4,1,0,0
17786,1.2000000000000002,2,1,1
17787,0.4,1,1,1
17788,0.4,1,1,1
17789,0.4,3,1,1
17790,1.2000000000000002,3,1,1
17791,0.4,1,1,1
17792,1.2000000000000002,2,1,1
17793,2.0,3,1,1
17794,0.4,1,1,1
17795,0.4,2,0,0
17796,0.4,2,0,0
17797,0.4,2,1,0
17798,0.4,2,1,1
17799,0.4,1,0,0
17800,1.2000000000000002,2,1,1
17801,0.4,3,1,1
17802,1.2000000000000002,1,0,0
17803,0.4,0,1,1
17804,1.2000000000000002,2,1,1
17805,0.4,1,1,0
17806,1.2000000000000002,2,1,1
17807,0.4,2,0,0
17808,0.4,2,0,0
17809,0.4,2,1,0
17810,0.4,2,0,0
17811,0.4,1,1,1
17812,0.4,2,0,0
17813,0.4,2,0,0
17814,0.4,0,0,0
17815,0.4,2,1,1
17816,0.4,1,1,1
17817,0.4,2,1,0
17818,0.4,2,1,1
17819,0.4,1,0,0
17820,1.2000000000000002,1,1,1
17821,1.2000000000000002,2,1,1
17822,1.2000000000000002,2,0,0
17823,0.4,3,0,0
17824,1.2000000000000002,1,0,1
17825,0.4,1,0,0
17826,0.4,2,0,0
17827,1.2000000000000002,1,0,1
17828,0.4,1,0,0
17829,1.2000000000000002,3,1,1
17830,0.4,2,0,0
17831,0.4,1,1,1
17832,1.2000000000000002,2,1,1
17833,0.4,3,1,1
17834,0.4,2,0,0
17835,1.2000000000000002,2,0,0
17836,0.4,2,1,1
17837,1.2000000000000002,2,0,0
17838,0.4,0,1,1
17839,0.4,1,0,0
17840,1.2000000000000002,2,0,1
17841,0.4,2,1,0
17842,0.4,3,1,1
17843,2.8,0,0,1
17844,0.4,0,0,0
17845,0.4,1,0,1
17846,0.4,1,1,0
17847,0.4,0,0,1
17848,0.4,1,0,0
17849,0.4,1,1,1
17850,0.4,2,1,1
17851,1.2000000000000002,0,0,1
17852,0.4,0,0,0
17853,1.2000000000000002,1,0,0
17854,0.4,1,0,0
17855,0.4,2,0,0
17856,0.4,1,0,0
17857,0.4,1,0,0
17858,0.4,3,1,1
17859,0.4,1,1,1
17860,0.4,2,1,1
17861,0.4,3,1,0
17862,0.4,1,1,1
17863,0.4,3,1,1
17864,1.2000000000000002,3,0,0
17865,0.4,1,0,0
17866,0.4,1,1,1
17867,1.2000000000000002,1,0,0
17868,0.4,1,1,1
17869,0.4,1,0,0
17870,0.4,0,1,0
17871,0.4,3,1,0
17872,0.4,0,1,1
17873,0.4,1,0,0
17874,0.4,2,1,1
17875,0.4,2,0,0
17876,0.4,2,0,0
17877,0.4,1,0,0
17878,1.2000000000000002,2,0,0
17879,2.0,2,0,1
17880,0.4,2,0,1
17881,1.2000000000000002,2,0,0
17882,0.4,1,0,0
17883,0.4,1,0,0
17884,0.4,1,1,1
17885,0.4,1,1,1
17886,0.4,0,1,1
17887,1.2000000000000002,2,0,0
17888,0.4,0,1,1
17889,0.4,1,1,1
17890,1.2000000000000002,2,1,1
17891,0.4,2,0,0
17892,0.4,0,1,0
17893,0.4,2,0,0
17894,0.4,2,0,0
17895,0.4,3,1,0
17896,0.4,0,1,1
17897,2.0,2,1,1
17898,0.4,2,0,0
17899,0.4,0,0,0
17900,1.2000000000000002,2,1,1
17901,1.2000000000000002,2,0,0
17902,1.2000000000000002,1,0,1
17903,0.4,2,1,0
17904,0.4,0,1,1
17905,0.4,1,0,1
17906,1.2000000000000002,1,0,1
17907,0.4,1,1,0
17908,0.4,2,0,1
17909,0.4,2,1,1
17910,0.4,0,0,1
17911,1.2000000000000002,3,0,0
17912,0.4,0,0,0
17913,0.4,1,0,0
17914,0.4,2,0,1
17915,0.4,1,0,0
17916,0.4,2,0,0
17917,0.4,2,0,1
17918,0.4,2,0,0
17919,1.2000000000000002,1,0,0
17920,0.4,3,1,1
17921,0.4,2,1,0
17922,0.4,3,1,1
17923,1.2000000000000002,1,0,0
17924,0.4,2,0,1
17925,0.4,2,0,0
17926,0.4,2,1,1
17927,1.2000000000000002,2,0,0
17928,0.4,2,1,0
17929,0.4,2,1,1
17930,0.4,2,1,0
17931,2.8,1,1,1
17932,0.4,1,0,0
17933,0.4,1,0,0
17934,0.4,0,1,1
17935,1.2000000000000002,0,0,0
17936,0.4,1,1,0
17937,0.4,1,0,0
17938,1.2000000000000002,2,1,1
17939,1.2000000000000002,1,0,0
17940,2.0,2,1,1
17941,0.4,2,1,1
17942,1.2000000000000002,2,1,1
17943,0.4,2,0,0
17944,1.2000000000000002,2,1,1
17945,1.2000000000000002,2,1,1
17946,0.4,3,0,0
17947,0.4,1,1,1
17948,1.2000000000000002,3,0,0
17949,0.4,2,1,0
17950,1.2000000000000002,2,1,1
17951,0.4,1,0,0
17952,1.2000000000000002,2,1,1
17953,0.4,1,0,0
17954,0.4,2,1,1
17955,0.4,2,0,0
17956,0.4,3,0,0
17957,0.4,1,1,1
17958,1.2000000000000002,1,0,1
17959,0.4,1,1,0
17960,0.4,1,1,1
17961,0.4,1,0,1
17962,0.4,2,0,0
17963,1.2000000000000002,1,1,1
17964,0.4,0,1,1
17965,0.4,1,0,0
17966,1.2000000000000002,2,0,0
17967,0.4,0,0,0
17968,0.4,1,1,1
17969,0.4,2,0,0
17970,0.4,0,1,1
17971,0.4,2,1,1
17972,0.4,2,0,0
17973,0.4,1,0,0
17974,0.4,1,0,0
17975,0.4,2,0,0
17976,0.4,3,1,1
17977,0.4,3,0,0
17978,2.8,0,0,1
17979,0.4,1,0,0
17980,0.4,3,0,0
17981,0.4,2,0,0
17982,0.4,2,0,0
17983,1.2000000000000002,2,0,1
17984,1.2000000000000002,2,1,1
17985,0.4,2,1,1
17986,1.2000000000000002,0,1,1
17987,0.4,2,1,1
17988,0.4,3,1,0
17989,0.4,1,1,1
17990,0.4,1,1,1
17991,0.4,2,1,1
17992,1.2000000000000002,2,1,1
17993,0.4,1,0,0
17994,0.4,2,1,1
17995,1.2000000000000002,0,0,1
17996,0.4,2,1,1
17997,0.4,1,1,1
17998,1.2000000000000002,1,1,1
17999,0.4,2,1,1
