Seed,Epsilon,Fair-Method,DP-Method,DI,ACC,ACC_PRIV,ACC_UNPRIV,PREC,REC,MAD,EOD,TPR,FPR,TNR,FNR,SPD,EODD
178753,,,,1.463241218018413,0.6325203252032521,0.6741344195519349,0.6048714479025711,0.6028880866425993,0.5901060070671378,-0.06926297164936379,0.07867423094134796,0.5901060070671378,0.3313253012048193,0.6686746987951807,0.4098939929328622,0.1632194108292982,0.1594551282051282
178753,,reweigh,aim,1.463241218018413,0.6325203252032521,0.6741344195519349,0.6048714479025711,0.6028880866425993,0.5901060070671378,-0.06926297164936379,0.07867423094134796,0.5901060070671378,0.3313253012048193,0.6686746987951807,0.4098939929328622,0.1632194108292982,0.1594551282051282
178753,,reweigh,aim,1.3288227334235454,0.6317073170731707,0.6741344195519349,0.6035182679296346,0.599647266313933,0.6007067137809188,-0.07061615162230028,0.02881353485484961,0.6007067137809188,0.34186746987951805,0.6581325301204819,0.3992932862190813,0.1265733128656824,0.13097319347319347
178753,,dir,aim,1.463241218018413,0.6325203252032521,0.6741344195519349,0.6048714479025711,0.6028880866425993,0.5901060070671378,-0.06926297164936379,0.07867423094134796,0.5901060070671378,0.3313253012048193,0.6686746987951807,0.4098939929328622,0.1632194108292982,0.1594551282051282
178753,,dir,aim,1.4414348294763881,0.6203252032520326,0.6415478615071283,0.6062246278755075,0.5882352941176471,0.5830388692579506,-0.03532323363162082,0.11736174267030441,0.5830388692579506,0.34789156626506024,0.6521084337349398,0.4169611307420495,0.1591323112369057,0.13024475524475526
178753,,lfr,aim,inf,inf,inf,inf,inf,inf,inf,inf,inf,inf,inf,inf,inf,inf
178753,,lfr,aim,inf,inf,inf,inf,inf,inf,inf,inf,inf,inf,inf,inf,inf,inf
178753,,egr,aim,1.4594006898871306,0.6333333333333333,0.6741344195519349,0.6062246278755075,0.6039783001808319,0.5901060070671378,-0.06790979167642741,0.07867423094134796,0.5901060070671378,0.32981927710843373,0.6701807228915663,0.4098939929328622,0.1618662308563617,0.15661421911421908
178753,,egr,aim,1.3182204243802724,0.6365853658536585,0.6761710794297352,0.6102841677943166,0.6060606060606061,0.6007067137809188,-0.0658869116354186,0.02881353485484961,0.6007067137809188,0.3328313253012048,0.6671686746987951,0.3992932862190813,0.12184407287880084,0.11997377622377625
178753,,gsr,aim,1.4594006898871306,0.6333333333333333,0.6741344195519349,0.6062246278755075,0.6039783001808319,0.5901060070671378,-0.06790979167642741,0.07867423094134796,0.5901060070671378,0.32981927710843373,0.6701807228915663,0.4098939929328622,0.1618662308563617,0.15661421911421908
178753,,gsr,aim,1.4594006898871306,0.6333333333333333,0.6741344195519349,0.6062246278755075,0.6039783001808319,0.5901060070671378,-0.06790979167642741,0.07867423094134796,0.5901060070671378,0.32981927710843373,0.6701807228915663,0.4098939929328622,0.1618662308563617,0.15661421911421908
178753,,roc,aim,1.463241218018413,0.6325203252032521,0.6741344195519349,0.6048714479025711,0.6028880866425993,0.5901060070671378,-0.06926297164936379,0.07867423094134796,0.5901060070671378,0.3313253012048193,0.6686746987951807,0.4098939929328622,0.1632194108292982,0.1594551282051282
178753,,roc,aim,1.073749863904313,0.5040650406504065,0.43380855397148677,0.550744248985115,0.4806678383128295,0.9664310954063604,0.11693569501362822,0.04078067934115748,0.9664310954063604,0.8900602409638554,0.10993975903614457,0.03356890459363958,0.06533847413111238,0.06468531468531469
178753,,eqodds,aim,1.463241218018413,0.6325203252032521,0.6741344195519349,0.6048714479025711,0.6028880866425993,0.5901060070671378,-0.06926297164936379,0.07867423094134796,0.5901060070671378,0.3313253012048193,0.6686746987951807,0.4098939929328622,0.1632194108292982,0.1594551282051282
178753,,eqodds,aim,1.1828826644348325,0.6170731707317073,0.6741344195519349,0.5791610284167794,0.5987525987525988,0.508833922261484,-0.09497339113515546,-0.04018881815425923,0.508833922261484,0.29066265060240964,0.7093373493975904,0.4911660777385159,0.06443727280494094,0.08275058275058272
178753,,ceop,aim,1.463241218018413,0.6325203252032521,0.6741344195519349,0.6048714479025711,0.6028880866425993,0.5901060070671378,-0.06926297164936379,0.07867423094134796,0.5901060070671378,0.3313253012048193,0.6686746987951807,0.4098939929328622,0.1632194108292982,0.1594551282051282
178753,,ceop,aim,2.8381502890173413,0.583739837398374,0.6741344195519349,0.523680649526387,0.5296052631578947,0.8533568904593639,-0.15045377002554783,0.46368715083798884,0.8533568904593639,0.6460843373493976,0.3539156626506024,0.14664310954063603,0.6476578411405296,0.7532051282051282
178753,0.05,,,0.7305768140191691,0.5333333333333333,0.5315682281059063,0.5345060893098782,0.49209486166007904,0.43992932862190814,0.002937861203971881,-0.13279344044577257,0.43992932862190814,0.3870481927710843,0.6129518072289156,0.5600706713780919,-0.13224233772175203,0.15260780885780884
178753,0.05,reweigh,aim,0.7305768140191691,0.5333333333333333,0.5315682281059063,0.5345060893098782,0.49209486166007904,0.43992932862190814,0.002937861203971881,-0.13279344044577257,0.43992932862190814,0.3870481927710843,0.6129518072289156,0.5600706713780919,-0.13224233772175203,0.15260780885780884
178753,0.05,reweigh,aim,0.8050129422399901,0.5357723577235772,0.5315682281059063,0.5385656292286874,0.49530956848030017,0.4664310954063604,0.006997401122781133,-0.09403375052329194,0.4664310954063604,0.40512048192771083,0.5948795180722891,0.5335689045936396,-0.09570647845246921,0.11851689976689977
178753,0.05,dir,aim,0.7305768140191691,0.5333333333333333,0.5315682281059063,0.5345060893098782,0.49209486166007904,0.43992932862190814,0.002937861203971881,-0.13279344044577257,0.43992932862190814,0.3870481927710843,0.6129518072289156,0.5600706713780919,-0.13224233772175203,0.15260780885780884
178753,0.05,dir,aim,0.7323625292163858,0.540650406504065,0.5498981670061099,0.5345060893098782,0.5009009009009009,0.4911660777385159,-0.015392077696231743,-0.18858718403995778,0.4911660777385159,0.4171686746987952,0.5828313253012049,0.508833922261484,-0.14390283561481498,0.18858718403995778
178753,0.05,lfr,aim,inf,inf,inf,inf,inf,inf,inf,inf,inf,inf,inf,inf,inf,inf
178753,0.05,lfr,aim,inf,inf,inf,inf,inf,inf,inf,inf,inf,inf,inf,inf,inf,inf
178753,0.05,egr,aim,0.7305768140191691,0.5333333333333333,0.5315682281059063,0.5345060893098782,0.49209486166007904,0.43992932862190814,0.002937861203971881,-0.13279344044577257,0.43992932862190814,0.3870481927710843,0.6129518072289156,0.5600706713780919,-0.13224233772175203,0.15260780885780884
178753,0.05,egr,aim,0.7775026631733509,0.5349593495934959,0.5356415478615071,0.5345060893098782,0.49411764705882355,0.4452296819787986,-0.0011354585516288873,-0.1087003594474037,0.4452296819787986,0.3885542168674699,0.6114457831325302,0.5547703180212014,-0.1064905787255856,0.1255827505827506
178753,0.05,gsr,aim,0.7305768140191691,0.5333333333333333,0.5315682281059063,0.5345060893098782,0.49209486166007904,0.43992932862190814,0.002937861203971881,-0.13279344044577257,0.43992932862190814,0.3870481927710843,0.6129518072289156,0.5600706713780919,-0.13224233772175203,0.15260780885780884
178753,0.05,gsr,aim,0.7305768140191691,0.5333333333333333,0.5315682281059063,0.5345060893098782,0.49209486166007904,0.43992932862190814,0.002937861203971881,-0.13279344044577257,0.43992932862190814,0.3870481927710843,0.6129518072289156,0.5600706713780919,-0.13224233772175203,0.15260780885780884
178753,0.05,roc,aim,0.7305768140191691,0.5333333333333333,0.5315682281059063,0.5345060893098782,0.49209486166007904,0.43992932862190814,0.002937861203971881,-0.13279344044577257,0.43992932862190814,0.3870481927710843,0.6129518072289156,0.5600706713780919,-0.13224233772175203,0.15260780885780884
178753,0.05,roc,aim,1.0789420736398174,0.5138211382113821,0.4786150712830957,0.5372124492557511,0.4822222222222222,0.7667844522968198,0.05859737797265535,0.03476101800124143,0.7667844522968198,0.7018072289156626,0.29819277108433734,0.2332155477031802,0.055146906840035426,0.054195804195804165
178753,0.05,eqodds,aim,0.7305768140191691,0.5333333333333333,0.5315682281059063,0.5345060893098782,0.49209486166007904,0.43992932862190814,0.002937861203971881,-0.13279344044577257,0.43992932862190814,0.3870481927710843,0.6129518072289156,0.5600706713780919,-0.13224233772175203,0.15260780885780884
178753,0.05,eqodds,aim,0.9170261050969779,0.5373983739837398,0.5417515274949084,0.5345060893098782,0.49671772428884026,0.4010600706713781,-0.007245438185030206,-0.00988841251281164,0.4010600706713781,0.3463855421686747,0.6536144578313253,0.598939929328622,-0.032446003709532045,0.06606934731934727
178753,0.05,ceop,aim,0.7305768140191691,0.5333333333333333,0.5315682281059063,0.5345060893098782,0.49209486166007904,0.43992932862190814,0.002937861203971881,-0.13279344044577257,0.43992932862190814,0.3870481927710843,0.6129518072289156,0.5600706713780919,-0.13224233772175203,0.15260780885780884
178753,0.05,ceop,aim,5.679645554149024,0.5707317073170731,0.6252545824847251,0.5345060893098782,0.5641891891891891,0.2950530035335689,-0.0907484931748469,0.3253071182134454,0.2950530035335689,0.19427710843373494,0.8057228915662651,0.7049469964664311,0.2954562366163335,0.3253071182134454
178753,0.1,,,1.7101712693468702,0.6048780487804878,0.6415478615071283,0.5805142083897158,0.5662251655629139,0.6042402826855123,-0.06103365311741249,0.18105178063603428,0.6042402826855123,0.39457831325301207,0.6054216867469879,0.3957597173144876,0.24443776887906532,0.24249708624708627
178753,0.1,reweigh,aim,1.7101712693468702,0.6048780487804878,0.6415478615071283,0.5805142083897158,0.5662251655629139,0.6042402826855123,-0.06103365311741249,0.18105178063603428,0.6042402826855123,0.39457831325301207,0.6054216867469879,0.3957597173144876,0.24443776887906532,0.24249708624708627
178753,0.1,reweigh,aim,1.6328753927662207,0.5967479674796748,0.6374745417515275,0.5696887686062246,0.5571895424836601,0.6024734982332155,-0.06778577314530287,0.15395608678705996,0.6024734982332155,0.40813253012048195,0.5918674698795181,0.39752650176678445,0.22814448985666208,0.2378350815850816
178753,0.1,dir,aim,1.7101712693468702,0.6048780487804878,0.6415478615071283,0.5805142083897158,0.5662251655629139,0.6042402826855123,-0.06103365311741249,0.18105178063603428,0.6042402826855123,0.39457831325301207,0.6054216867469879,0.3957597173144876,0.24443776887906532,0.24249708624708627
178753,0.1,dir,aim,1.4589651660784286,0.5951219512195122,0.615071283095723,0.5818673883626523,0.5548387096774193,0.607773851590106,-0.03320389473307073,0.13719631025074708,0.607773851590106,0.41566265060240964,0.5843373493975904,0.392226148409894,0.18134265217762763,0.1673951048951049
178753,0.1,lfr,aim,inf,inf,inf,inf,inf,inf,inf,inf,inf,inf,inf,inf,inf,inf
178753,0.1,lfr,aim,inf,inf,inf,inf,inf,inf,inf,inf,inf,inf,inf,inf,inf,inf
178753,0.1,egr,aim,1.7203508602358397,0.6040650406504066,0.639511201629328,0.5805142083897158,0.5655058043117744,0.6024734982332155,-0.05899699323961216,0.18663837281480522,0.6024734982332155,0.39457831325301207,0.6054216867469879,0.39752650176678445,0.24647442875686576,0.24249708624708627
178753,0.1,egr,aim,1.615143653884972,0.6008130081300813,0.6334012219959266,0.5791610284167794,0.5603864734299517,0.6148409893992933,-0.05424019357914722,0.16387337057728113,0.6148409893992933,0.411144578313253,0.588855421686747,0.38515901060070673,0.22676375021014245,0.2253787878787879
178753,0.1,gsr,aim,1.7203508602358397,0.6040650406504066,0.639511201629328,0.5805142083897158,0.5655058043117744,0.6024734982332155,-0.05899699323961216,0.18663837281480522,0.6024734982332155,0.39457831325301207,0.6054216867469879,0.39752650176678445,0.24647442875686576,0.24249708624708627
178753,0.1,gsr,aim,1.7203508602358397,0.6040650406504066,0.639511201629328,0.5805142083897158,0.5655058043117744,0.6024734982332155,-0.05899699323961216,0.18663837281480522,0.6024734982332155,0.39457831325301207,0.6054216867469879,0.39752650176678445,0.24647442875686576,0.24249708624708627
178753,0.1,roc,aim,1.7101712693468702,0.6048780487804878,0.6415478615071283,0.5805142083897158,0.5662251655629139,0.6042402826855123,-0.06103365311741249,0.18105178063603428,0.6042402826855123,0.39457831325301207,0.6054216867469879,0.3957597173144876,0.24443776887906532,0.24249708624708627
178753,0.1,roc,aim,1.2383294289968523,0.5666666666666667,0.5560081466395111,0.5737483085250338,0.5206508135168961,0.734982332155477,0.017740161885522632,0.09446681968443693,0.734982332155477,0.5768072289156626,0.42319277108433734,0.26501766784452296,0.1354254800206146,0.12674825174825177
178753,0.1,eqodds,aim,1.7101712693468702,0.6048780487804878,0.6415478615071283,0.5805142083897158,0.5662251655629139,0.6042402826855123,-0.06103365311741249,0.18105178063603428,0.6042402826855123,0.39457831325301207,0.6054216867469879,0.3957597173144876,0.24443776887906532,0.24249708624708627
178753,0.1,eqodds,aim,1.2934398795749893,0.5853658536585366,0.6415478615071283,0.5480378890392422,0.5562248995983936,0.48939929328621906,-0.09350997246788606,0.01309312430528492,0.48939929328621906,0.3328313253012048,0.6671686746987951,0.5106007067137809,0.1010006917478069,0.1260198135198135
178753,0.1,ceop,aim,1.7101712693468702,0.6048780487804878,0.6415478615071283,0.5805142083897158,0.5662251655629139,0.6042402826855123,-0.06103365311741249,0.18105178063603428,0.6042402826855123,0.39457831325301207,0.6054216867469879,0.3957597173144876,0.24443776887906532,0.24249708624708627
178753,0.1,ceop,aim,2.905325443786982,0.5707317073170731,0.6415478615071283,0.523680649526387,0.5209251101321586,0.8356890459363958,-0.11786721198074124,0.5195530726256983,0.8356890459363958,0.6551204819277109,0.34487951807228917,0.16431095406360424,0.6558044806517311,0.733974358974359
178753,0.25,,,1.3422451852763084,0.5723577235772358,0.5743380855397149,0.571041948579161,0.5334448160535117,0.5636042402826855,-0.0032961369605538637,0.1379613991021033,0.5636042402826855,0.42018072289156627,0.5798192771084337,0.4363957597173145,0.13801333337007954,0.1379613991021033
178753,0.25,reweigh,aim,1.3422451852763084,0.5723577235772358,0.5743380855397149,0.571041948579161,0.5334448160535117,0.5636042402826855,-0.0032961369605538637,0.1379613991021033,0.5636042402826855,0.42018072289156627,0.5798192771084337,0.4363957597173145,0.13801333337007954,0.1379613991021033
178753,0.25,reweigh,aim,1.3559415647179034,0.5739837398373984,0.5784114052953157,0.571041948579161,0.535234899328859,0.5636042402826855,-0.007369456716154632,0.1379613991021033,0.5636042402826855,0.4171686746987952,0.5828313253012049,0.4363957597173145,0.14208665312568036,0.1379613991021033
178753,0.25,dir,aim,1.3422451852763084,0.5723577235772358,0.5743380855397149,0.571041948579161,0.5334448160535117,0.5636042402826855,-0.0032961369605538637,0.1379613991021033,0.5636042402826855,0.42018072289156627,0.5798192771084337,0.4363957597173145,0.13801333337007954,0.1379613991021033
178753,0.25,dir,aim,1.3064627355053606,0.5764227642276423,0.594704684317719,0.564276048714479,0.5364667747163695,0.5848056537102474,-0.03042863560323994,0.0872634359707245,0.5848056537102474,0.4307228915662651,0.5692771084337349,0.41519434628975266,0.12982535434850312,0.12325174825174828
178753,0.25,lfr,aim,inf,inf,inf,inf,inf,inf,inf,inf,inf,inf,inf,inf,inf,inf
178753,0.25,lfr,aim,inf,inf,inf,inf,inf,inf,inf,inf,inf,inf,inf,inf,inf,inf
178753,0.25,egr,aim,1.3422451852763084,0.5723577235772358,0.5743380855397149,0.571041948579161,0.5334448160535117,0.5636042402826855,-0.0032961369605538637,0.1379613991021033,0.5636042402826855,0.42018072289156627,0.5798192771084337,0.4363957597173145,0.13801333337007954,0.1379613991021033
178753,0.25,egr,aim,1.3288227334235452,0.5658536585365853,0.5661914460285132,0.5656292286874154,0.5266666666666666,0.558303886925795,-0.0005622173410978482,0.13838003262454346,0.558303886925795,0.42771084337349397,0.572289156626506,0.4416961130742049,0.13394001361447871,0.13838003262454346
178753,0.25,gsr,aim,1.3422451852763084,0.5723577235772358,0.5743380855397149,0.571041948579161,0.5334448160535117,0.5636042402826855,-0.0032961369605538637,0.1379613991021033,0.5636042402826855,0.42018072289156627,0.5798192771084337,0.4363957597173145,0.13801333337007954,0.1379613991021033
178753,0.25,gsr,aim,1.3422451852763084,0.5723577235772358,0.5743380855397149,0.571041948579161,0.5334448160535117,0.5636042402826855,-0.0032961369605538637,0.1379613991021033,0.5636042402826855,0.42018072289156627,0.5798192771084337,0.4363957597173145,0.13801333337007954,0.1379613991021033
178753,0.25,roc,aim,1.3422451852763084,0.5723577235772358,0.5743380855397149,0.571041948579161,0.5334448160535117,0.5636042402826855,-0.0032961369605538637,0.1379613991021033,0.5636042402826855,0.42018072289156627,0.5798192771084337,0.4363957597173145,0.13801333337007954,0.1379613991021033
178753,0.25,roc,aim,1.0978686563297806,0.5130081300813009,0.45010183299389,0.5548037889039242,0.4843304843304843,0.901060070671378,0.10470195591003423,0.06773201680308338,0.901060070671378,0.8177710843373494,0.1822289156626506,0.0989399293286219,0.0791320907595171,0.06773201680308338
178753,0.25,eqodds,aim,1.3422451852763084,0.5723577235772358,0.5743380855397149,0.571041948579161,0.5334448160535117,0.5636042402826855,-0.0032961369605538637,0.1379613991021033,0.5636042402826855,0.42018072289156627,0.5798192771084337,0.4363957597173145,0.13801333337007954,0.1379613991021033
178753,0.25,eqodds,aim,1.0603736963682835,0.5658536585365853,0.5743380855397149,0.5602165087956699,0.5311284046692607,0.4823321554770318,-0.014121576744045017,0.019098350006496012,0.4823321554770318,0.3629518072289157,0.6370481927710844,0.5176678445229682,0.024346215643421876,0.019098350006496012
178753,0.25,ceop,aim,1.3422451852763084,0.5723577235772358,0.5743380855397149,0.571041948579161,0.5334448160535117,0.5636042402826855,-0.0032961369605538637,0.1379613991021033,0.5636042402826855,0.42018072289156627,0.5798192771084337,0.4363957597173145,0.13801333337007954,0.1379613991021033
178753,0.25,ceop,aim,2.4797979797979797,0.5439024390243903,0.5743380855397149,0.523680649526387,0.5026680896478122,0.8321554770318021,-0.05065743601332784,0.5307262569832403,0.8321554770318021,0.7018072289156626,0.29819277108433734,0.16784452296819788,0.5967413441955194,0.6346153846153846
178753,0.5,,,1.3066756878664862,0.6,0.6517311608961304,0.5656292286874154,0.5692883895131086,0.5371024734982333,-0.08610193220871498,0.017495994110259372,0.5371024734982333,0.3463855421686747,0.6536144578313253,0.4628975265017668,0.11242693241541246,0.13344988344988346
178753,0.5,reweigh,aim,1.3066756878664862,0.6,0.6517311608961304,0.5656292286874154,0.5692883895131086,0.5371024734982333,-0.08610193220871498,0.017495994110259372,0.5371024734982333,0.3463855421686747,0.6536144578313253,0.4628975265017668,0.11242693241541246,0.13344988344988346
178753,0.5,reweigh,aim,1.24981165197674,0.5991869918699188,0.6496945010183299,0.5656292286874154,0.5684803001876173,0.5353356890459364,-0.08406527233091454,-0.0014291282317786536,0.5353356890459364,0.3463855421686747,0.6536144578313253,0.46466431095406363,0.09412455318879204,0.11531177156177158
178753,0.5,dir,aim,1.3066756878664862,0.6,0.6517311608961304,0.5656292286874154,0.5692883895131086,0.5371024734982333,-0.08610193220871498,0.017495994110259372,0.5371024734982333,0.3463855421686747,0.6536144578313253,0.4628975265017668,0.11242693241541246,0.13344988344988346
178753,0.5,dir,aim,1.3991721722518506,0.6146341463414634,0.6435845213849287,0.5953991880920162,0.5871212121212122,0.5477031802120141,-0.048185333292912524,0.09019387062780593,0.5477031802120141,0.32831325301204817,0.6716867469879518,0.45229681978798586,0.13820625108516216,0.11749708624708627
178753,0.5,lfr,aim,inf,inf,inf,inf,inf,inf,inf,inf,inf,inf,inf,inf,inf,inf
178753,0.5,lfr,aim,inf,inf,inf,inf,inf,inf,inf,inf,inf,inf,inf,inf,inf,inf
178753,0.5,egr,aim,1.313975552044511,0.5991869918699188,0.6496945010183299,0.5656292286874154,0.5684803001876173,0.5353356890459364,-0.08406527233091454,0.02308258628903037,0.5353356890459364,0.3463855421686747,0.6536144578313253,0.46466431095406363,0.11446359229321285,0.13344988344988346
178753,0.5,egr,aim,1.310366862125996,0.5975609756097561,0.6558044806517311,0.5588633288227334,0.5663551401869159,0.5353356890459364,-0.09694115182899776,0.006741443275157688,0.5353356890459364,0.3493975903614458,0.6506024096385542,0.46466431095406363,0.1137801123883489,0.14517773892773894
178753,0.5,gsr,aim,1.313975552044511,0.5991869918699188,0.6496945010183299,0.5656292286874154,0.5684803001876173,0.5353356890459364,-0.08406527233091454,0.02308258628903037,0.5353356890459364,0.3463855421686747,0.6536144578313253,0.46466431095406363,0.11446359229321285,0.13344988344988346
178753,0.5,gsr,aim,1.313975552044511,0.5991869918699188,0.6496945010183299,0.5656292286874154,0.5684803001876173,0.5353356890459364,-0.08406527233091454,0.02308258628903037,0.5353356890459364,0.3463855421686747,0.6536144578313253,0.46466431095406363,0.11446359229321285,0.13344988344988346
178753,0.5,roc,aim,1.3066756878664862,0.6,0.6517311608961304,0.5656292286874154,0.5692883895131086,0.5371024734982333,-0.08610193220871498,0.017495994110259372,0.5371024734982333,0.3463855421686747,0.6536144578313253,0.4628975265017668,0.11242693241541246,0.13344988344988346
178753,0.5,roc,aim,1.0276643101943774,0.5089430894308943,0.4317718940936864,0.5602165087956699,0.48256880733944957,0.9293286219081273,0.12844461470198348,0.01919939947742988,0.9293286219081273,0.8493975903614458,0.15060240963855423,0.0706713780918728,0.024114714385322866,0.01919939947742988
178753,0.5,eqodds,aim,1.3066756878664862,0.6,0.6517311608961304,0.5656292286874154,0.5692883895131086,0.5371024734982333,-0.08610193220871498,0.017495994110259372,0.5371024734982333,0.3463855421686747,0.6536144578313253,0.4628975265017668,0.11242693241541246,0.13344988344988346
178753,0.5,eqodds,aim,1.015072921365208,0.5764227642276423,0.6517311608961304,0.5263870094722598,0.5494505494505495,0.4416961130742049,-0.12534415142387056,-0.12203888961067083,0.4416961130742049,0.30873493975903615,0.6912650602409639,0.558303886925795,0.005525714553436811,0.12203888961067083
178753,0.5,ceop,aim,1.3066756878664862,0.6,0.6517311608961304,0.5656292286874154,0.5692883895131086,0.5371024734982333,-0.08610193220871498,0.017495994110259372,0.5371024734982333,0.3463855421686747,0.6536144578313253,0.4628975265017668,0.11242693241541246,0.13344988344988346
178753,0.5,ceop,aim,2.727777777777778,0.5747967479674797,0.6517311608961304,0.523680649526387,0.5233949945593036,0.8498233215547704,-0.12805051136974333,0.4748603351955307,0.8498233215547704,0.6596385542168675,0.34036144578313254,0.1501766784452297,0.6334012219959266,0.7243589743589743
178753,0.75,,,1.5673293778841817,0.6065040650406504,0.6354378818737271,0.5872801082543978,0.5782442748091603,0.5353356890459364,-0.04815777361932927,0.14564115889307527,0.5353356890459364,0.3328313253012048,0.6671686746987951,0.46466431095406363,0.18025128910373184,0.15625
178753,0.75,reweigh,aim,1.5673293778841817,0.6065040650406504,0.6354378818737271,0.5872801082543978,0.5782442748091603,0.5353356890459364,-0.04815777361932927,0.14564115889307527,0.5353356890459364,0.3328313253012048,0.6671686746987951,0.46466431095406363,0.18025128910373184,0.15625
178753,0.75,reweigh,aim,1.5573463882161294,0.6056910569105691,0.6334012219959266,0.5872801082543978,0.5771428571428572,0.5353356890459364,-0.04612111374152883,0.14564115889307527,0.5353356890459364,0.33433734939759036,0.6656626506024096,0.46466431095406363,0.1782146292259314,0.1530448717948718
178753,0.75,dir,aim,1.5673293778841817,0.6065040650406504,0.6354378818737271,0.5872801082543978,0.5782442748091603,0.5353356890459364,-0.04815777361932927,0.14564115889307527,0.5353356890459364,0.3328313253012048,0.6671686746987951,0.46466431095406363,0.18025128910373184,0.15625
178753,0.75,dir,aim,1.4650064297060827,0.6048780487804878,0.6374745417515275,0.5832205683355887,0.5775193798449613,0.5265017667844523,-0.05425397341593885,0.10820954773143932,0.5265017667844523,0.32831325301204817,0.6716867469879518,0.4734982332155477,0.15247665006655664,0.13563519813519814
178753,0.75,lfr,aim,inf,inf,inf,inf,inf,inf,inf,inf,inf,inf,inf,inf,inf,inf
178753,0.75,lfr,aim,inf,inf,inf,inf,inf,inf,inf,inf,inf,inf,inf,inf,inf,inf
178753,0.75,egr,aim,1.5673293778841817,0.6065040650406504,0.6354378818737271,0.5872801082543978,0.5782442748091603,0.5353356890459364,-0.04815777361932927,0.14564115889307527,0.5353356890459364,0.3328313253012048,0.6671686746987951,0.46466431095406363,0.18025128910373184,0.15625
178753,0.75,egr,aim,1.5289979528815794,0.6040650406504066,0.6313645621181263,0.5859269282814614,0.5766990291262136,0.5247349823321554,-0.04543763383666488,0.13830785443101928,0.5247349823321554,0.32831325301204817,0.6716867469879518,0.4752650176678445,0.16807266934730425,0.14168123543123545
178753,0.75,gsr,aim,1.5673293778841817,0.6065040650406504,0.6354378818737271,0.5872801082543978,0.5782442748091603,0.5353356890459364,-0.04815777361932927,0.14564115889307527,0.5353356890459364,0.3328313253012048,0.6671686746987951,0.46466431095406363,0.18025128910373184,0.15625
178753,0.75,gsr,aim,1.5673293778841817,0.6065040650406504,0.6354378818737271,0.5872801082543978,0.5782442748091603,0.5353356890459364,-0.04815777361932927,0.14564115889307527,0.5353356890459364,0.3328313253012048,0.6671686746987951,0.46466431095406363,0.18025128910373184,0.15625
178753,0.75,roc,aim,1.5673293778841817,0.6065040650406504,0.6354378818737271,0.5872801082543978,0.5782442748091603,0.5353356890459364,-0.04815777361932927,0.14564115889307527,0.5353356890459364,0.3328313253012048,0.6671686746987951,0.46466431095406363,0.18025128910373184,0.15625
178753,0.75,roc,aim,1.0656573510095915,0.508130081300813,0.4256619144602851,0.5629228687415426,0.48169014084507045,0.9063604240282686,0.1372609542812575,0.07548395478757952,0.9063604240282686,0.8313253012048193,0.1686746987951807,0.09363957597173145,0.05469217222591216,0.07548395478757952
178753,0.75,eqodds,aim,1.5673293778841817,0.6065040650406504,0.6354378818737271,0.5872801082543978,0.5782442748091603,0.5353356890459364,-0.04815777361932927,0.14564115889307527,0.5353356890459364,0.3328313253012048,0.6671686746987951,0.46466431095406363,0.18025128910373184,0.15625
178753,0.75,eqodds,aim,1.097860686899929,0.5894308943089431,0.6109979633401222,0.5751014884979703,0.5547576301615799,0.5459363957597173,-0.03589647484215197,-0.010436966783595403,0.5459363957597173,0.37349397590361444,0.6265060240963856,0.4540636042402827,0.04185487627084544,0.03343531468531469
178753,0.75,ceop,aim,1.5673293778841817,0.6065040650406504,0.6354378818737271,0.5872801082543978,0.5782442748091603,0.5353356890459364,-0.04815777361932927,0.14564115889307527,0.5353356890459364,0.3328313253012048,0.6671686746987951,0.46466431095406363,0.18025128910373184,0.15625
178753,0.75,ceop,aim,3.1474358974358974,0.5682926829268292,0.6354378818737271,0.523680649526387,0.5195530726256983,0.8215547703180212,-0.11175723234734003,0.5642458100558659,0.8215547703180212,0.6475903614457831,0.35240963855421686,0.1784452296819788,0.6822810590631365,0.75
178753,1,,,1.6846043039853333,0.5951219512195122,0.6334012219959266,0.5696887686062246,0.5620437956204379,0.5441696113074205,-0.063712453389702,0.16673162704083838,0.5441696113074205,0.3614457831325301,0.6385542168674698,0.4558303886925795,0.21611744830494228,0.2102272727272727
178753,1,reweigh,aim,1.6846043039853333,0.5951219512195122,0.6334012219959266,0.5696887686062246,0.5620437956204379,0.5441696113074205,-0.063712453389702,0.16673162704083838,0.5441696113074205,0.3614457831325301,0.6385542168674698,0.4558303886925795,0.21611744830494228,0.2102272727272727
178753,1,reweigh,aim,1.5384287003028545,0.5975609756097561,0.639511201629328,0.5696887686062246,0.5637342908438061,0.5547703180212014,-0.06982243302310331,0.11687093095434009,0.5547703180212014,0.36596385542168675,0.6340361445783133,0.4452296819787986,0.18422815000179138,0.1885198135198135
178753,1,dir,aim,1.6846043039853333,0.5951219512195122,0.6334012219959266,0.5696887686062246,0.5620437956204379,0.5441696113074205,-0.063712453389702,0.16673162704083838,0.5441696113074205,0.3614457831325301,0.6385542168674698,0.4558303886925795,0.21611744830494228,0.2102272727272727
178753,1,dir,aim,1.6213308822903636,0.6040650406504066,0.6578411405295316,0.5683355886332883,0.5722120658135283,0.5530035335689046,-0.08950555189624332,0.11428695162617475,0.5530035335689046,0.35240963855421686,0.6475903614457831,0.4469964664310954,0.20120490892905868,0.21736596736596736
178753,1,lfr,aim,inf,inf,inf,inf,inf,inf,inf,inf,inf,inf,inf,inf,inf,inf
178753,1,lfr,aim,inf,inf,inf,inf,inf,inf,inf,inf,inf,inf,inf,inf,inf,inf
178753,1,egr,aim,1.6846043039853333,0.5951219512195122,0.6334012219959266,0.5696887686062246,0.5620437956204379,0.5441696113074205,-0.063712453389702,0.16673162704083838,0.5441696113074205,0.3614457831325301,0.6385542168674698,0.4558303886925795,0.21611744830494228,0.2102272727272727
178753,1,egr,aim,1.5153241696935167,0.5991869918699188,0.6334012219959266,0.5764546684709067,0.5650623885918004,0.5600706713780919,-0.05694655352501998,0.12462286893883623,0.5600706713780919,0.3674698795180723,0.6325301204819277,0.43992932862190814,0.17947135034132655,0.1732226107226107
178753,1,gsr,aim,1.6846043039853333,0.5951219512195122,0.6334012219959266,0.5696887686062246,0.5620437956204379,0.5441696113074205,-0.063712453389702,0.16673162704083838,0.5441696113074205,0.3614457831325301,0.6385542168674698,0.4558303886925795,0.21611744830494228,0.2102272727272727
178753,1,gsr,aim,1.6846043039853333,0.5951219512195122,0.6334012219959266,0.5696887686062246,0.5620437956204379,0.5441696113074205,-0.063712453389702,0.16673162704083838,0.5441696113074205,0.3614457831325301,0.6385542168674698,0.4558303886925795,0.21611744830494228,0.2102272727272727
178753,1,roc,aim,1.6846043039853333,0.5951219512195122,0.6334012219959266,0.5696887686062246,0.5620437956204379,0.5441696113074205,-0.063712453389702,0.16673162704083838,0.5441696113074205,0.3614457831325301,0.6385542168674698,0.4558303886925795,0.21611744830494228,0.2102272727272727
178753,1,roc,aim,1.0870730554151653,0.4943089430894309,0.42973523421588594,0.5372124492557511,0.4744058500914077,0.9169611307420494,0.10747721503986513,0.05830554472882654,0.9169611307420494,0.8659638554216867,0.13403614457831325,0.08303886925795052,0.07359535233664694,0.0736451048951049
178753,1,eqodds,aim,1.6846043039853333,0.5951219512195122,0.6334012219959266,0.5696887686062246,0.5620437956204379,0.5441696113074205,-0.063712453389702,0.16673162704083838,0.5441696113074205,0.3614457831325301,0.6385542168674698,0.4558303886925795,0.21611744830494228,0.2102272727272727
178753,1,eqodds,aim,1.0918104914971236,0.5658536585365853,0.6293279022403259,0.523680649526387,0.5353982300884956,0.4275618374558304,-0.10564725271393882,-0.0610050091666306,0.4275618374558304,0.31626506024096385,0.6837349397590361,0.5724381625441696,0.03197473329125894,0.07058566433566432
178753,1,ceop,aim,1.6846043039853333,0.5951219512195122,0.6334012219959266,0.5696887686062246,0.5620437956204379,0.5441696113074205,-0.063712453389702,0.16673162704083838,0.5441696113074205,0.3614457831325301,0.6385542168674698,0.4558303886925795,0.21611744830494228,0.2102272727272727
178753,1,ceop,aim,3.1677419354838707,0.567479674796748,0.6334012219959266,0.523680649526387,0.5190156599552572,0.8197879858657244,-0.10972057246953959,0.5698324022346368,0.8197879858657244,0.6475903614457831,0.35240963855421686,0.18021201413427562,0.6843177189409368,0.75
178753,2,,,1.2693232080463717,0.5829268292682926,0.5845213849287169,0.5818673883626523,0.5452991452991452,0.5636042402826855,-0.002653996566064576,0.10527911307435794,0.5636042402826855,0.4006024096385542,0.5993975903614458,0.4363957597173145,0.11025247416969591,0.10527911307435794
178753,2,reweigh,aim,1.2693232080463717,0.5829268292682926,0.5845213849287169,0.5818673883626523,0.5452991452991452,0.5636042402826855,-0.002653996566064576,0.10527911307435794,0.5636042402826855,0.4006024096385542,0.5993975903614458,0.4363957597173145,0.11025247416969591,0.10527911307435794
178753,2,reweigh,aim,1.2334369431530434,0.5715447154471545,0.5621181262729125,0.577807848443843,0.5337954939341422,0.5441696113074205,0.015689722170930565,0.1177081979992205,0.5441696113074205,0.40512048192771083,0.5948795180722891,0.4558303886925795,0.096037194535468,0.1177081979992205
178753,2,dir,aim,1.2693232080463717,0.5829268292682926,0.5845213849287169,0.5818673883626523,0.5452991452991452,0.5636042402826855,-0.002653996566064576,0.10527911307435794,0.5636042402826855,0.4006024096385542,0.5993975903614458,0.4363957597173145,0.11025247416969591,0.10527911307435794
178753,2,dir,aim,1.3578680390721474,0.5845528455284553,0.6252545824847251,0.557510148849797,0.5493716337522442,0.5406360424028268,-0.0677444336349281,0.06351681030127176,0.5406360424028268,0.37801204819277107,0.6219879518072289,0.45936395759717313,0.13338055224073925,0.14474067599067603
178753,2,lfr,aim,inf,inf,inf,inf,inf,inf,inf,inf,inf,inf,inf,inf,inf,inf
178753,2,lfr,aim,inf,inf,inf,inf,inf,inf,inf,inf,inf,inf,inf,inf,inf,inf
178753,2,egr,aim,1.2723477672530445,0.5829268292682926,0.5824847250509165,0.5832205683355887,0.5454545454545454,0.5618374558303887,0.000735843284672133,0.11086570525312889,0.5618374558303887,0.3990963855421687,0.6009036144578314,0.4381625441696113,0.11093595407455992,0.11086570525312889
178753,2,egr,aim,1.1914684604975538,0.5764227642276423,0.5621181262729125,0.5859269282814614,0.5387263339070568,0.5530035335689046,0.023808802008548957,0.10611638011923835,0.5530035335689046,0.4036144578313253,0.5963855421686747,0.4469964664310954,0.08111087532279265,0.10611638011923835
178753,2,gsr,aim,1.2723477672530445,0.5829268292682926,0.5824847250509165,0.5832205683355887,0.5454545454545454,0.5618374558303887,0.000735843284672133,0.11086570525312889,0.5618374558303887,0.3990963855421687,0.6009036144578314,0.4381625441696113,0.11093595407455992,0.11086570525312889
178753,2,gsr,aim,1.2723477672530445,0.5829268292682926,0.5824847250509165,0.5832205683355887,0.5454545454545454,0.5618374558303887,0.000735843284672133,0.11086570525312889,0.5618374558303887,0.3990963855421687,0.6009036144578314,0.4381625441696113,0.11093595407455992,0.11086570525312889
178753,2,roc,aim,1.2693232080463717,0.5829268292682926,0.5845213849287169,0.5818673883626523,0.5452991452991452,0.5636042402826855,-0.002653996566064576,0.10527911307435794,0.5636042402826855,0.4006024096385542,0.5993975903614458,0.4363957597173145,0.11025247416969591,0.10527911307435794
178753,2,roc,aim,6.644113667117727,0.5520325203252032,0.6334012219959266,0.4979702300405954,0.7272727272727273,0.04240282685512368,-0.13543099195533126,0.053844932369032664,0.04240282685512368,0.01355421686746988,0.9864457831325302,0.9575971731448764,0.0344854195546908,0.053844932369032664
178753,2,eqodds,aim,1.2693232080463717,0.5829268292682926,0.5845213849287169,0.5818673883626523,0.5452991452991452,0.5636042402826855,-0.002653996566064576,0.10527911307435794,0.5636042402826855,0.4006024096385542,0.5993975903614458,0.4363957597173145,0.11025247416969591,0.10527911307435794
178753,2,eqodds,aim,1.014797460599573,0.5333333333333333,0.5845213849287169,0.4993234100135318,0.4921259842519685,0.4416961130742049,-0.08519797491518505,-0.07301546056905284,0.4416961130742049,0.3885542168674699,0.6114457831325302,0.558303886925795,0.006057616253593079,0.07301546056905284
178753,2,ceop,aim,1.2693232080463717,0.5829268292682926,0.5845213849287169,0.5818673883626523,0.5452991452991452,0.5636042402826855,-0.002653996566064576,0.10527911307435794,0.5636042402826855,0.4006024096385542,0.5993975903614458,0.4363957597173145,0.11025247416969591,0.10527911307435794
178753,2,ceop,aim,2.442786069651741,0.5479674796747968,0.5845213849287169,0.523680649526387,0.5053191489361702,0.8392226148409894,-0.060840735402329815,0.5083798882681565,0.8392226148409894,0.7003012048192772,0.2996987951807229,0.1607773851590106,0.5906313645621182,0.6378205128205128
178753,3,,,1.2734551195308976,0.5869918699186992,0.6232179226069247,0.5629228687415426,0.5517857142857143,0.5459363957597173,-0.06029505386538203,0.03858646225802265,0.5459363957597173,0.37801204819277107,0.6219879518072289,0.4540636042402827,0.10693153350291718,0.11451048951048953
178753,3,reweigh,aim,1.2734551195308976,0.5869918699186992,0.6232179226069247,0.5629228687415426,0.5517857142857143,0.5459363957597173,-0.06029505386538203,0.03858646225802265,0.5459363957597173,0.37801204819277107,0.6219879518072289,0.4540636042402827,0.10693153350291718,0.11451048951048953
178753,3,reweigh,aim,1.2596132160577358,0.5886178861788618,0.6272912423625254,0.5629228687415426,0.5539568345323741,0.5441696113074205,-0.0643683736209828,0.027831911422920852,0.5441696113074205,0.37349397590361444,0.6265060240963856,0.4558303886925795,0.1015188136111716,0.11203379953379955
178753,3,dir,aim,1.2734551195308976,0.5869918699186992,0.6232179226069247,0.5629228687415426,0.5517857142857143,0.5459363957597173,-0.06029505386538203,0.03858646225802265,0.5459363957597173,0.37801204819277107,0.6219879518072289,0.4540636042402827,0.10693153350291718,0.11451048951048953
178753,3,dir,aim,1.2752411715919507,0.5813008130081301,0.6476578411405295,0.5372124492557511,0.5469613259668509,0.5247349823321554,-0.11044539188477842,-0.016933004200770818,0.5247349823321554,0.3704819277108434,0.6295180722891566,0.4752650176678445,0.10426651306741919,0.15472027972027974
178753,3,lfr,aim,inf,inf,inf,inf,inf,inf,inf,inf,inf,inf,inf,inf,inf,inf
178753,3,lfr,aim,inf,inf,inf,inf,inf,inf,inf,inf,inf,inf,inf,inf,inf,inf
178753,3,egr,aim,1.2833630083327399,0.5861788617886179,0.6232179226069247,0.5615696887686062,0.5511669658886894,0.5424028268551236,-0.06164823383831841,0.04158907510862819,0.5424028268551236,0.37650602409638556,0.6234939759036144,0.4575971731448763,0.10965167328558162,0.11771561771561773
178753,3,egr,aim,1.1825886527118634,0.5813008130081301,0.604887983706721,0.5656292286874154,0.5438898450946644,0.558303886925795,-0.03925875501930565,0.0239920315274349,0.558303886925795,0.3990963855421687,0.6009036144578314,0.4416961130742049,0.07772103547205589,0.07568473193473191
178753,3,gsr,aim,1.2833630083327399,0.5861788617886179,0.6232179226069247,0.5615696887686062,0.5511669658886894,0.5424028268551236,-0.06164823383831841,0.04158907510862819,0.5424028268551236,0.37650602409638556,0.6234939759036144,0.4575971731448763,0.10965167328558162,0.11771561771561773
178753,3,gsr,aim,1.2833630083327399,0.5861788617886179,0.6232179226069247,0.5615696887686062,0.5511669658886894,0.5424028268551236,-0.06164823383831841,0.04158907510862819,0.5424028268551236,0.37650602409638556,0.6234939759036144,0.4575971731448763,0.10965167328558162,0.11771561771561773
178753,3,roc,aim,1.2734551195308976,0.5869918699186992,0.6232179226069247,0.5629228687415426,0.5517857142857143,0.5459363957597173,-0.06029505386538203,0.03858646225802265,0.5459363957597173,0.37801204819277107,0.6219879518072289,0.4540636042402827,0.10693153350291718,0.11451048951048953
178753,3,roc,aim,1.2578661796970452,0.6,0.6741344195519349,0.550744248985115,0.6241610738255033,0.3286219081272085,-0.12339017056681989,-0.017784706884356072,0.3286219081272085,0.1686746987951807,0.8313253012048193,0.6713780918727915,0.05409412730915614,0.06424825174825174
178753,3,eqodds,aim,1.2734551195308976,0.5869918699186992,0.6232179226069247,0.5629228687415426,0.5517857142857143,0.5459363957597173,-0.06029505386538203,0.03858646225802265,0.5459363957597173,0.37801204819277107,0.6219879518072289,0.4540636042402827,0.10693153350291718,0.11451048951048953
178753,3,eqodds,aim,0.940397626730509,0.5463414634146342,0.5213849287169042,0.5629228687415426,0.5063694267515924,0.5618374558303887,0.0415379400246384,-0.011692867350915903,0.5618374558303887,0.46686746987951805,0.5331325301204819,0.4381625441696113,-0.0315613381875105,0.07459207459207456
178753,3,ceop,aim,1.2734551195308976,0.5869918699186992,0.6232179226069247,0.5629228687415426,0.5517857142857143,0.5459363957597173,-0.06029505386538203,0.03858646225802265,0.5459363957597173,0.37801204819277107,0.6219879518072289,0.4540636042402827,0.10693153350291718,0.11451048951048953
178753,3,ceop,aim,2.5572916666666665,0.5634146341463414,0.6232179226069247,0.523680649526387,0.5155746509129968,0.8480565371024735,-0.09953727308053761,0.4804469273743017,0.8480565371024735,0.6792168674698795,0.3207831325301205,0.1519434628975265,0.6089613034623218,0.6826923076923077
178753,5,,,1.4316046023071343,0.6105691056910569,0.6211812627291242,0.6035182679296346,0.5761821366024519,0.5812720848056537,-0.01766299479948963,0.1392894778629481,0.5812720848056537,0.3644578313253012,0.6355421686746988,0.41872791519434627,0.15910475156332243,0.1392894778629481
178753,5,reweigh,aim,1.4316046023071343,0.6105691056910569,0.6211812627291242,0.6035182679296346,0.5761821366024519,0.5812720848056537,-0.01766299479948963,0.1392894778629481,0.5812720848056537,0.3644578313253012,0.6355421686746988,0.41872791519434627,0.15910475156332243,0.1392894778629481
178753,5,reweigh,aim,1.2782330354505678,0.6048780487804878,0.6008146639511202,0.6075778078484438,0.5694444444444444,0.5795053003533569,0.006763143897323687,0.11219378401397362,0.5795053003533569,0.37349397590361444,0.6265060240963856,0.4204946996466431,0.11163321381621555,0.11219378401397362
178753,5,dir,aim,1.4316046023071343,0.6105691056910569,0.6211812627291242,0.6035182679296346,0.5761821366024519,0.5812720848056537,-0.01766299479948963,0.1392894778629481,0.5812720848056537,0.3644578313253012,0.6355421686746988,0.41872791519434627,0.15910475156332243,0.1392894778629481
178753,5,dir,aim,1.3777793604444128,0.6146341463414634,0.6232179226069247,0.6089309878213802,0.5787671232876712,0.5971731448763251,-0.014286934785544436,0.1216924342817548,0.5971731448763251,0.3704819277108434,0.6295180722891566,0.4028268551236749,0.14618753255486444,0.1216924342817548
178753,5,lfr,aim,inf,inf,inf,inf,inf,inf,inf,inf,inf,inf,inf,inf,inf,inf
178753,5,lfr,aim,inf,inf,inf,inf,inf,inf,inf,inf,inf,inf,inf,inf,inf,inf
178753,5,egr,aim,1.432175612689821,0.6130081300813008,0.6232179226069247,0.6062246278755075,0.579225352112676,0.5812720848056537,-0.016993294731417197,0.1392894778629481,0.5812720848056537,0.35993975903614456,0.6400602409638554,0.41872791519434627,0.1584350514952501,0.1392894778629481
178753,5,egr,aim,1.2818441519388746,0.6065040650406504,0.6028513238289206,0.6089309878213802,0.5706896551724138,0.5848056537102474,0.006079663992459627,0.11177515049153353,0.5848056537102474,0.375,0.625,0.41519434628975266,0.11365609385722436,0.11177515049153353
178753,5,gsr,aim,1.432175612689821,0.6130081300813008,0.6232179226069247,0.6062246278755075,0.579225352112676,0.5812720848056537,-0.016993294731417197,0.1392894778629481,0.5812720848056537,0.35993975903614456,0.6400602409638554,0.41872791519434627,0.1584350514952501,0.1392894778629481
178753,5,gsr,aim,1.432175612689821,0.6130081300813008,0.6232179226069247,0.6062246278755075,0.579225352112676,0.5812720848056537,-0.016993294731417197,0.1392894778629481,0.5812720848056537,0.35993975903614456,0.6400602409638554,0.41872791519434627,0.1584350514952501,0.1392894778629481
178753,5,roc,aim,1.4316046023071343,0.6105691056910569,0.6211812627291242,0.6035182679296346,0.5761821366024519,0.5812720848056537,-0.01766299479948963,0.1392894778629481,0.5812720848056537,0.3644578313253012,0.6355421686746988,0.41872791519434627,0.15910475156332243,0.1392894778629481
178753,5,roc,aim,1.1191865770055813,0.5390243902439025,0.48268839103869654,0.5764546684709067,0.4995260663507109,0.931095406360424,0.09376627743221011,0.06263623634027682,0.931095406360424,0.7951807228915663,0.20481927710843373,0.06890459363957598,0.09539781010833703,0.08522727272727271
178753,5,eqodds,aim,1.4316046023071343,0.6105691056910569,0.6211812627291242,0.6035182679296346,0.5761821366024519,0.5812720848056537,-0.01766299479948963,0.1392894778629481,0.5812720848056537,0.3644578313253012,0.6355421686746988,0.41872791519434627,0.15910475156332243,0.1392894778629481
178753,5,eqodds,aim,0.97555034819631,0.5804878048780487,0.6008146639511202,0.5669824086603519,0.549407114624506,0.4911660777385159,-0.033832255290768276,-0.04968746842204036,0.4911660777385159,0.3433734939759036,0.6566265060240963,0.508833922261484,-0.010208103095226961,0.04968746842204036
178753,5,ceop,aim,1.4316046023071343,0.6105691056910569,0.6211812627291242,0.6035182679296346,0.5761821366024519,0.5812720848056537,-0.01766299479948963,0.1392894778629481,0.5812720848056537,0.3644578313253012,0.6355421686746988,0.41872791519434627,0.15910475156332243,0.1392894778629481
178753,5,ceop,aim,2.712707182320442,0.5626016260162602,0.6211812627291242,0.523680649526387,0.5152173913043478,0.8374558303886925,-0.09750061320273717,0.5139664804469274,0.8374558303886925,0.6716867469879518,0.32831325301204817,0.1625441696113074,0.6313645621181263,0.6987179487179487
178753,10,,,1.4002648158656714,0.6065040650406504,0.6558044806517311,0.5737483085250338,0.5709342560553633,0.5830388692579506,-0.08205617212669736,0.0519971706148139,0.5830388692579506,0.37349397590361444,0.6265060240963856,0.4169611307420495,0.15162781212019327,0.17249417249417248
178753,10,reweigh,aim,1.4002648158656714,0.6065040650406504,0.6558044806517311,0.5737483085250338,0.5709342560553633,0.5830388692579506,-0.08205617212669736,0.0519971706148139,0.5830388692579506,0.37349397590361444,0.6265060240963856,0.4169611307420495,0.15162781212019327,0.17249417249417248
178753,10,reweigh,aim,1.2881444864820082,0.6032520325203252,0.6558044806517311,0.5683355886332883,0.5677083333333334,0.5777385159010601,-0.08746889201844288,0.0033923750956360577,0.5777385159010601,0.375,0.625,0.42226148409893993,0.11502305366695231,0.1451048951048951
178753,10,dir,aim,1.4002648158656714,0.6065040650406504,0.6558044806517311,0.5737483085250338,0.5709342560553633,0.5830388692579506,-0.08205617212669736,0.0519971706148139,0.5830388692579506,0.37349397590361444,0.6265060240963856,0.4169611307420495,0.15162781212019327,0.17249417249417248
178753,10,dir,aim,1.3714587569558518,0.6154471544715447,0.6578411405295316,0.5872801082543978,0.581151832460733,0.588339222614841,-0.07056103227513377,0.05157853709237359,0.588339222614841,0.3614457831325301,0.6385542168674698,0.411660777385159,0.1414720724047745,0.14976689976689977
178753,10,lfr,aim,inf,inf,inf,inf,inf,inf,inf,inf,inf,inf,inf,inf,inf,inf
178753,10,lfr,aim,inf,inf,inf,inf,inf,inf,inf,inf,inf,inf,inf,inf,inf,inf
178753,10,egr,aim,1.4006509892842776,0.6040650406504066,0.6537678207739308,0.571041948579161,0.568695652173913,0.5777385159010601,-0.08272587219476979,0.052415804137253996,0.5777385159010601,0.37349397590361444,0.6265060240963856,0.42226148409893993,0.15095811205212084,0.17249417249417248
178753,10,egr,aim,1.274860388919036,0.6040650406504066,0.6456211812627292,0.5764546684709067,0.568695652173913,0.5777385159010601,-0.06916651279182251,0.01973351810950874,0.5777385159010601,0.37349397590361444,0.6265060240963856,0.42226148409893993,0.11028003384327917,0.12412587412587411
178753,10,gsr,aim,1.4006509892842776,0.6040650406504066,0.6537678207739308,0.571041948579161,0.568695652173913,0.5777385159010601,-0.08272587219476979,0.052415804137253996,0.5777385159010601,0.37349397590361444,0.6265060240963856,0.42226148409893993,0.15095811205212084,0.17249417249417248
178753,10,gsr,aim,1.4006509892842776,0.6040650406504066,0.6537678207739308,0.571041948579161,0.568695652173913,0.5777385159010601,-0.08272587219476979,0.052415804137253996,0.5777385159010601,0.37349397590361444,0.6265060240963856,0.42226148409893993,0.15095811205212084,0.17249417249417248
178753,10,roc,aim,1.4002648158656714,0.6065040650406504,0.6558044806517311,0.5737483085250338,0.5709342560553633,0.5830388692579506,-0.08205617212669736,0.0519971706148139,0.5830388692579506,0.37349397590361444,0.6265060240963856,0.4169611307420495,0.15162781212019327,0.17249417249417248
178753,10,roc,aim,7.751465944970681,0.5560975609756098,0.6374745417515275,0.5020297699594046,0.7631578947368421,0.05123674911660778,-0.1354447717921229,0.058594257502923214,0.05123674911660778,0.01355421686746988,0.9864457831325302,0.9487632508833922,0.041251319419372795,0.058594257502923214
178753,10,eqodds,aim,1.4002648158656714,0.6065040650406504,0.6558044806517311,0.5737483085250338,0.5709342560553633,0.5830388692579506,-0.08205617212669736,0.0519971706148139,0.5830388692579506,0.37349397590361444,0.6265060240963856,0.4169611307420495,0.15162781212019327,0.17249417249417248
178753,10,eqodds,aim,0.9832096458066591,0.5780487804878048,0.6211812627291242,0.5493910690121786,0.5424954792043399,0.5300353356890459,-0.07179019371694562,-0.10722792429951067,0.5300353356890459,0.3810240963855422,0.6189759036144579,0.46996466431095407,-0.007625761680478627,0.10722792429951067
178753,10,ceop,aim,1.4002648158656714,0.6065040650406504,0.6558044806517311,0.5737483085250338,0.5709342560553633,0.5830388692579506,-0.08205617212669736,0.0519971706148139,0.5830388692579506,0.37349397590361444,0.6265060240963856,0.4169611307420495,0.15162781212019327,0.17249417249417248
178753,10,ceop,aim,2.639784946236559,0.5764227642276423,0.6558044806517311,0.523680649526387,0.5243243243243243,0.8568904593639576,-0.1321238311253441,0.45251396648044695,0.8568904593639576,0.6626506024096386,0.3373493975903614,0.1431095406360424,0.6211812627291242,0.717948717948718
178753,15,,,1.3933655519041175,0.6,0.6252545824847251,0.5832205683355887,0.5682656826568265,0.5441696113074205,-0.042034014149136434,0.10136705498534782,0.5441696113074205,0.35240963855421686,0.6475903614457831,0.4558303886925795,0.14020157145258771,0.12062937062937068
178753,15,reweigh,aim,1.3933655519041175,0.6,0.6252545824847251,0.5832205683355887,0.5682656826568265,0.5441696113074205,-0.042034014149136434,0.10136705498534782,0.5441696113074205,0.35240963855421686,0.6475903614457831,0.4558303886925795,0.14020157145258771,0.12062937062937068
178753,15,reweigh,aim,1.214152751351463,0.6040650406504066,0.6293279022403259,0.5872801082543978,0.5709156193895871,0.5618374558303887,-0.04204779398592806,0.029159990183765694,0.5618374558303887,0.35993975903614456,0.6400602409638554,0.4381625441696113,0.08592279433042399,0.0743735431235431
178753,15,dir,aim,1.3933655519041175,0.6,0.6252545824847251,0.5832205683355887,0.5682656826568265,0.5441696113074205,-0.042034014149136434,0.10136705498534782,0.5441696113074205,0.35240963855421686,0.6475903614457831,0.4558303886925795,0.14020157145258771,0.12062937062937068
178753,15,dir,aim,1.3113382237732358,0.5910569105691057,0.6354378818737271,0.5615696887686062,0.5557522123893806,0.5547703180212014,-0.07386819310512083,0.035165215884976786,0.5547703180212014,0.37801204819277107,0.6219879518072289,0.4452296819787986,0.12047711306907288,0.13869463869463872
178753,15,lfr,aim,inf,inf,inf,inf,inf,inf,inf,inf,inf,inf,inf,inf,inf,inf
178753,15,lfr,aim,inf,inf,inf,inf,inf,inf,inf,inf,inf,inf,inf,inf,inf,inf
178753,15,egr,aim,1.405633296049184,0.6008130081300813,0.6252545824847251,0.584573748308525,0.5695732838589982,0.5424028268551236,-0.040680834176200054,0.10695364716411876,0.5424028268551236,0.3493975903614458,0.6506024096385542,0.4575971731448763,0.14292171123525216,0.12099358974358976
178753,15,egr,aim,1.272872302542554,0.6048780487804878,0.6354378818737271,0.584573748308525,0.572202166064982,0.5600706713780919,-0.05086413356520203,0.042917153869472924,0.5600706713780919,0.3569277108433735,0.6430722891566265,0.43992932862190814,0.10559213336677242,0.09892191142191142
178753,15,gsr,aim,1.405633296049184,0.6008130081300813,0.6252545824847251,0.584573748308525,0.5695732838589982,0.5424028268551236,-0.040680834176200054,0.10695364716411876,0.5424028268551236,0.3493975903614458,0.6506024096385542,0.4575971731448763,0.14292171123525216,0.12099358974358976
178753,15,gsr,aim,1.405633296049184,0.6008130081300813,0.6252545824847251,0.584573748308525,0.5695732838589982,0.5424028268551236,-0.040680834176200054,0.10695364716411876,0.5424028268551236,0.3493975903614458,0.6506024096385542,0.4575971731448763,0.14292171123525216,0.12099358974358976
178753,15,roc,aim,1.3933655519041175,0.6,0.6252545824847251,0.5832205683355887,0.5682656826568265,0.5441696113074205,-0.042034014149136434,0.10136705498534782,0.5441696113074205,0.35240963855421686,0.6475903614457831,0.4558303886925795,0.14020157145258771,0.12062937062937068
178753,15,roc,aim,1.0364817320703654,0.4959349593495935,0.42362525458248473,0.543978349120433,0.4765625,0.9699646643109541,0.12035309453794824,0.005095780462806565,0.9699646643109541,0.9081325301204819,0.09186746987951808,0.030035335689045935,0.03343539599116985,0.03831585081585087
178753,15,eqodds,aim,1.3933655519041175,0.6,0.6252545824847251,0.5832205683355887,0.5682656826568265,0.5441696113074205,-0.042034014149136434,0.10136705498534782,0.5441696113074205,0.35240963855421686,0.6475903614457831,0.4558303886925795,0.14020157145258771,0.12062937062937068
178753,15,eqodds,aim,1.0730399537504685,0.5910569105691057,0.604887983706721,0.5818673883626523,0.5565529622980251,0.5477031802120141,-0.02302059534406875,-0.00785298745542995,0.5477031802120141,0.37198795180722893,0.6280120481927711,0.45229681978798586,0.03168535671863504,0.012456293706293753
178753,15,ceop,aim,1.3933655519041175,0.6,0.6252545824847251,0.5832205683355887,0.5682656826568265,0.5441696113074205,-0.042034014149136434,0.10136705498534782,0.5441696113074205,0.35240963855421686,0.6475903614457831,0.4558303886925795,0.14020157145258771,0.12062937062937068
178753,15,ceop,aim,2.8057142857142856,0.5642276422764227,0.6252545824847251,0.523680649526387,0.5164113785557987,0.833922261484099,-0.10157393295833805,0.5251396648044693,0.833922261484099,0.6656626506024096,0.33433734939759036,0.16607773851590105,0.6435845213849287,0.7115384615384616
178753,20,,,1.4524341504862008,0.6211382113821138,0.6435845213849287,0.6062246278755075,0.5912408759124088,0.5724381625441696,-0.03735989350942126,0.11819900971518488,0.5724381625441696,0.3373493975903614,0.6626506024096386,0.4275618374558304,0.15849017084241657,0.1284965034965035
178753,20,reweigh,aim,1.4524341504862008,0.6211382113821138,0.6435845213849287,0.6062246278755075,0.5912408759124088,0.5724381625441696,-0.03735989350942126,0.11819900971518488,0.5724381625441696,0.3373493975903614,0.6626506024096386,0.4275618374558304,0.15849017084241657,0.1284965034965035
178753,20,reweigh,aim,1.2113762797118683,0.6186991869918699,0.639511201629328,0.6048714479025711,0.5867620751341681,0.5795053003533569,-0.03463975372675687,0.030488068944610536,0.5795053003533569,0.34789156626506024,0.6521084337349398,0.4204946996466431,0.08523931442555993,0.06373834498834502
178753,20,dir,aim,1.4524341504862008,0.6211382113821138,0.6435845213849287,0.6062246278755075,0.5912408759124088,0.5724381625441696,-0.03735989350942126,0.11819900971518488,0.5724381625441696,0.3373493975903614,0.6626506024096386,0.4275618374558304,0.15849017084241657,0.1284965034965035
178753,20,dir,aim,1.3882114589396812,0.6203252032520326,0.6456211812627292,0.6035182679296346,0.5895117540687161,0.5759717314487632,-0.04210291333309457,0.09068468234377025,0.5759717314487632,0.34186746987951805,0.6581325301204819,0.42402826855123676,0.14152719175194084,0.11888111888111885
178753,20,lfr,aim,inf,inf,inf,inf,inf,inf,inf,inf,inf,inf,inf,inf,inf,inf
178753,20,lfr,aim,inf,inf,inf,inf,inf,inf,inf,inf,inf,inf,inf,inf,inf,inf
178753,20,egr,aim,1.4408455801365767,0.6219512195121951,0.6435845213849287,0.6075778078484438,0.5926605504587156,0.5706713780918727,-0.03600671353648488,0.11561503038701954,0.5706713780918727,0.33433734939759036,0.6656626506024096,0.4293286219081272,0.15443063092360731,0.12281468531468531
178753,20,egr,aim,1.2324314470612157,0.6170731707317073,0.6334012219959266,0.6062246278755075,0.5862068965517241,0.5706713780918727,-0.027176594120419173,0.05025045833152886,0.5706713780918727,0.3433734939759036,0.6566265060240963,0.4293286219081272,0.09136307389575277,0.06126165501165498
178753,20,gsr,aim,1.4408455801365767,0.6219512195121951,0.6435845213849287,0.6075778078484438,0.5926605504587156,0.5706713780918727,-0.03600671353648488,0.11561503038701954,0.5706713780918727,0.33433734939759036,0.6656626506024096,0.4293286219081272,0.15443063092360731,0.12281468531468531
178753,20,gsr,aim,1.4408455801365767,0.6219512195121951,0.6435845213849287,0.6075778078484438,0.5926605504587156,0.5706713780918727,-0.03600671353648488,0.11561503038701954,0.5706713780918727,0.33433734939759036,0.6656626506024096,0.4293286219081272,0.15443063092360731,0.12281468531468531
178753,20,roc,aim,1.4524341504862008,0.6211382113821138,0.6435845213849287,0.6062246278755075,0.5912408759124088,0.5724381625441696,-0.03735989350942126,0.11819900971518488,0.5724381625441696,0.3373493975903614,0.6626506024096386,0.4275618374558304,0.15849017084241657,0.1284965034965035
178753,20,roc,aim,1.8983181906050646,0.5626016260162602,0.6476578411405295,0.5060893098782138,0.7592592592592593,0.07243816254416961,-0.14156853126231572,0.024237437385417115,0.07243816254416961,0.01957831325301205,0.9804216867469879,0.9275618374558304,0.025613960628250318,0.024237437385417115
178753,20,eqodds,aim,1.4524341504862008,0.6211382113821138,0.6435845213849287,0.6062246278755075,0.5912408759124088,0.5724381625441696,-0.03735989350942126,0.11819900971518488,0.5724381625441696,0.3373493975903614,0.6626506024096386,0.4275618374558304,0.15849017084241657,0.1284965034965035
178753,20,eqodds,aim,1.1048211869321476,0.6,0.6415478615071283,0.5723951285520974,0.5793991416309013,0.47703180212014135,-0.06915273295503088,-0.029506445512681667,0.47703180212014135,0.29518072289156627,0.7048192771084337,0.5229681978798587,0.03735989350942126,0.03685897435897434
178753,20,ceop,aim,1.4524341504862008,0.6211382113821138,0.6435845213849287,0.6062246278755075,0.5912408759124088,0.5724381625441696,-0.03735989350942126,0.11819900971518488,0.5724381625441696,0.3373493975903614,0.6626506024096386,0.4275618374558304,0.15849017084241657,0.1284965034965035
178753,20,ceop,aim,2.8546511627906974,0.5715447154471545,0.6435845213849287,0.523680649526387,0.5214050493962679,0.8392226148409894,-0.11990387185854168,0.5083798882681565,0.8392226148409894,0.6566265060240963,0.3433734939759036,0.1607773851590106,0.6496945010183299,0.7307692307692308
